V-CREDAL
6
2 2 3 4 3 3
6
1 0
2 0 1
2 1 2
2 2 3
2 3 4
2 4 5

4
0.892 0.108
0.467 0.533

4
0.312 0.688
0.48 0.52
4
0.666 0.334
0.281 0.719

12
0.052 0.721 0.227
0.158 0.169 0.673
0.981 0.006 0.013
0.09 0.905 0.005
12
0.317 0.661 0.022
0.122 0.491 0.387
0.707 0.082 0.211
0.131 0.543 0.326

16
0.058 0.048 0.22 0.674
0.013 0.003 0.065 0.919
0.454 0.006 0.538 0.002
0.984 0.015 0.0 0.001
16
0.475 0.03 0.481 0.014
0.017 0.89 0.091 0.002
0.182 0.014 0.667 0.137
0.065 0.269 0.146 0.52
16
0.025 0.01 0.003 0.962
0.054 0.009 0.904 0.033
0.002 0.856 0.127 0.015
0.001 0.98 0.003 0.016

12
0.047 0.659 0.294
0.391 0.049 0.56
0.024 0.846 0.13
0.323 0.504 0.173
12
0.149 0.443 0.408
0.419 0.022 0.559
0.756 0.084 0.16
0.221 0.488 0.291
12
0.159 0.723 0.118
0.598 0.373 0.029
0.009 0.715 0.276
0.012 0.824 0.164
12
0.565 0.434 0.001
0.426 0.534 0.04
0.08 0.638 0.282
0.28 0.533 0.187

12
0.95 0.021 0.029
0.312 0.011 0.677
0.021 0.974 0.005
0.108 0.025 0.867
12
0.678 0.005 0.317
0.32 0.654 0.026
0.094 0.152 0.754
0.065 0.487 0.448
12
0.72 0.037 0.243
0.14 0.508 0.352
0.351 0.614 0.035
0.843 0.107 0.05
