V-CREDAL
8
3 4 4 4 2 4 3 2
8
1 0
2 0 1
2 1 2
2 2 3
2 3 4
2 4 5
2 5 6
2 6 7

18
0.001 0.0 0.999
0.016 0.854 0.13
0.917 0.012 0.071
0.651 0.348 0.001
0.921 0.077 0.002
0.931 0.016 0.053

24
0.022 0.332 0.003 0.643
0.309 0.096 0.007 0.588
0.952 0.011 0.02 0.017
0.019 0.831 0.083 0.067
0.843 0.021 0.104 0.032
0.155 0.302 0.226 0.317
24
0.337 0.132 0.389 0.142
0.03 0.598 0.129 0.243
0.676 0.291 0.029 0.004
0.773 0.15 0.046 0.031
0.001 0.023 0.008 0.968
0.013 0.602 0.143 0.242
24
0.728 0.154 0.022 0.096
0.142 0.847 0.004 0.007
0.037 0.938 0.018 0.007
0.059 0.025 0.797 0.119
0.048 0.4 0.06 0.492
0.63 0.01 0.331 0.029

24
0.023 0.037 0.926 0.014
0.284 0.143 0.036 0.537
0.003 0.008 0.9 0.089
0.676 0.215 0.077 0.032
0.907 0.09 0.002 0.001
0.029 0.021 0.027 0.923
24
0.106 0.172 0.085 0.637
0.817 0.04 0.061 0.082
0.061 0.012 0.906 0.021
0.354 0.126 0.472 0.048
0.356 0.001 0.345 0.298
0.055 0.509 0.035 0.401
24
0.689 0.071 0.199 0.041
0.076 0.143 0.763 0.018
0.031 0.023 0.03 0.916
0.28 0.61 0.069 0.041
0.055 0.323 0.602 0.02
0.002 0.306 0.054 0.638
24
0.011 0.023 0.341 0.625
0.412 0.011 0.431 0.146
0.318 0.06 0.174 0.448
0.078 0.32 0.586 0.016
0.089 0.004 0.903 0.004
0.407 0.062 0.223 0.308

24
0.002 0.64 0.004 0.354
0.025 0.06 0.851 0.064
0.671 0.071 0.196 0.062
0.166 0.571 0.018 0.245
0.804 0.053 0.135 0.008
0.04 0.038 0.8 0.122
24
0.193 0.581 0.081 0.145
0.049 0.366 0.486 0.099
0.091 0.701 0.026 0.182
0.233 0.028 0.561 0.178
0.177 0.089 0.686 0.048
0.534 0.244 0.002 0.22
24
0.065 0.172 0.119 0.644
0.123 0.41 0.062 0.405
0.246 0.522 0.138 0.094
0.461 0.004 0.358 0.177
0.639 0.002 0.002 0.357
0.478 0.384 0.105 0.033
24
0.508 0.103 0.128 0.261
0.006 0.011 0.008 0.975
0.015 0.007 0.938 0.04
0.038 0.227 0.375 0.36
0.097 0.148 0.013 0.742
0.323 0.202 0.128 0.347

4
0.279 0.721
0.297 0.703
4
0.731 0.269
0.067 0.933
4
0.039 0.961
0.012 0.988
4
0.82 0.18
0.579 0.421

24
0.005 0.003 0.984 0.008
0.038 0.034 0.014 0.914
0.026 0.483 0.264 0.227
0.143 0.278 0.025 0.554
0.015 0.092 0.656 0.237
0.386 0.293 0.116 0.205
24
0.319 0.197 0.35 0.134
0.034 0.174 0.155 0.637
0.018 0.005 0.335 0.642
0.424 0.33 0.093 0.153
0.045 0.663 0.046 0.246
0.211 0.065 0.123 0.601

18
0.007 0.008 0.985
0.109 0.629 0.262
0.615 0.059 0.326
0.49 0.025 0.485
0.487 0.451 0.062
0.005 0.055 0.94
18
0.054 0.033 0.913
0.002 0.97 0.028
0.618 0.004 0.378
0.94 0.058 0.002
0.974 0.002 0.024
0.157 0.824 0.019
18
0.002 0.973 0.025
0.086 0.902 0.012
0.627 0.075 0.298
0.823 0.085 0.092
0.139 0.25 0.611
0.067 0.601 0.332
18
0.962 0.02 0.018
0.029 0.968 0.003
0.014 0.944 0.042
0.102 0.019 0.879
0.03 0.079 0.891
0.031 0.048 0.921

4
0.959 0.041
0.589 0.411
4
0.833 0.167
0.687 0.313
4
0.341 0.659
0.738 0.262
