V-CREDAL 
8 
4 3 4 3 2 3 3 2 
8 
1 0 
2 0 1 
2 1 2 
2 2 3 
2 3 4 
2 4 5 
2 5 6 
2 6 7 

24 
0.147 0.432 0.199 0.222 
0.114 0.555 0.264 0.067 
0.42 0.296 0.059 0.225 
0.186 0.002 0.358 0.454 
0.082 0.044 0.074 0.8 
0.25 0.259 0.294 0.197 

18 
0.267 0.681 0.052 
0.087 0.553 0.36 
0.415 0.578 0.007 
0.673 0.079 0.248 
0.031 0.102 0.867 
0.041 0.023 0.936 
18 
0.624 0.03 0.346 
0.452 0.363 0.185 
0.256 0.673 0.071 
0.225 0.191 0.584 
0.107 0.269 0.624 
0.15 0.526 0.324 
18 
0.019 0.962 0.019 
0.723 0.236 0.041 
0.007 0.029 0.964 
0.642 0.042 0.316 
0.022 0.96 0.018 
0.734 0.187 0.079 
18 
0.379 0.016 0.605 
0.746 0.138 0.116 
0.568 0.287 0.145 
0.039 0.116 0.845 
0.225 0.564 0.211 
0.877 0.005 0.118 

24 
0.002 0.029 0.143 0.826 
0.13 0.658 0.193 0.019 
0.45 0.38 0.015 0.155 
0.24 0.07 0.542 0.148 
0.308 0.001 0.026 0.665 
0.023 0.734 0.067 0.176 
24 
0.008 0.036 0.108 0.848 
0.131 0.029 0.365 0.475 
0.133 0.284 0.202 0.381 
0.099 0.197 0.551 0.153 
0.417 0.571 0.007 0.005 
0.26 0.052 0.541 0.147 
24 
0.081 0.351 0.021 0.547 
0.523 0.245 0.155 0.077 
0.286 0.65 0.003 0.061 
0.145 0.14 0.165 0.55 
0.61 0.099 0.136 0.155 
0.064 0.03 0.343 0.563 

18 
0.756 0.018 0.226 
0.035 0.888 0.077 
0.14 0.027 0.833 
0.358 0.603 0.039 
0.839 0.153 0.008 
0.025 0.605 0.37 
18 
0.578 0.38 0.042 
0.576 0.018 0.406 
0.034 0.853 0.113 
0.266 0.233 0.501 
0.093 0.41 0.497 
0.717 0.178 0.105 
18 
0.551 0.427 0.022 
0.021 0.943 0.036 
0.941 0.044 0.015 
0.197 0.338 0.465 
0.806 0.177 0.017 
0.275 0.235 0.49 
18 
0.147 0.033 0.82 
0.038 0.023 0.939 
0.765 0.201 0.034 
0.071 0.818 0.111 
0.124 0.843 0.033 
0.04 0.263 0.697 

4 
0.421 0.579 
0.156 0.844 
4 
0.915 0.085 
0.987 0.013 
4 
0.957 0.043 
0.614 0.386 

18 
0.918 0.079 0.003 
0.004 0.019 0.977 
0.042 0.948 0.01 
0.068 0.008 0.924 
0.692 0.025 0.283 
0.857 0.141 0.002 
18 
0.016 0.974 0.01 
0.006 0.079 0.915 
0.994 0.003 0.003 
0.743 0.009 0.248 
0.486 0.032 0.482 
0.813 0.186 0.001 

18 
0.071 0.881 0.048 
0.629 0.311 0.06 
0.431 0.205 0.364 
0.674 0.087 0.239 
0.413 0.536 0.051 
0.797 0.103 0.1 
18 
0.038 0.201 0.761 
0.767 0.033 0.2 
0.848 0.023 0.129 
0.485 0.495 0.02 
0.27 0.403 0.327 
0.001 0.15 0.849 
18 
0.12 0.146 0.734 
0.85 0.128 0.022 
0.002 0.994 0.004 
0.047 0.346 0.607 
0.765 0.217 0.018 
0.645 0.001 0.354 

4 
0.805 0.195 
0.388 0.612 
4 
0.474 0.526 
0.903 0.097 
4 
0.891 0.109 
0.799 0.201 
