V-CREDAL
10
3 4 4 3 3 3 2 2 3 3
10
1 0
2 0 1
2 1 2
2 2 3
2 3 4
2 4 5
2 5 6
2 6 7
2 7 8
2 8 9

12
0.368 0.387 0.245
0.024 0.235 0.741
0.312 0.212 0.476
0.587 0.214 0.199

16
0.729 0.032 0.222 0.017
0.234 0.036 0.634 0.096
0.235 0.062 0.074 0.629
0.017 0.009 0.933 0.041
16
0.055 0.107 0.005 0.833
0.513 0.028 0.032 0.427
0.513 0.451 0.001 0.035
0.635 0.357 0.004 0.004
16
0.019 0.011 0.011 0.959
0.629 0.031 0.117 0.223
0.283 0.446 0.07 0.201
0.9 0.061 0.022 0.017

16
0.41 0.485 0.006 0.099
0.077 0.361 0.346 0.216
0.307 0.025 0.214 0.454
0.299 0.145 0.332 0.224
16
0.383 0.137 0.337 0.143
0.014 0.715 0.017 0.254
0.102 0.165 0.65 0.083
0.292 0.311 0.032 0.365
16
0.081 0.141 0.088 0.69
0.155 0.404 0.103 0.338
0.293 0.044 0.208 0.455
0.078 0.145 0.48 0.297
16
0.053 0.524 0.029 0.394
0.036 0.793 0.028 0.143
0.044 0.837 0.027 0.092
0.094 0.183 0.32 0.403

12
0.399 0.589 0.012
0.101 0.638 0.261
0.541 0.095 0.364
0.143 0.397 0.46
12
0.131 0.515 0.354
0.276 0.41 0.314
0.953 0.044 0.003
0.003 0.993 0.004
12
0.014 0.132 0.854
0.003 0.709 0.288
0.007 0.172 0.821
0.075 0.906 0.019
12
0.659 0.046 0.295
0.11 0.102 0.788
0.984 0.015 0.001
0.008 0.958 0.034

12
0.148 0.453 0.399
0.595 0.03 0.375
0.188 0.222 0.59
0.481 0.247 0.272
12
0.263 0.644 0.093
0.001 0.002 0.997
0.133 0.057 0.81
0.3 0.665 0.035
12
0.294 0.267 0.439
0.041 0.4 0.559
0.018 0.979 0.003
0.09 0.13 0.78

12
0.035 0.48 0.485
0.14 0.079 0.781
0.232 0.522 0.246
0.02 0.405 0.575
12
0.396 0.568 0.036
0.183 0.465 0.352
0.573 0.19 0.237
0.791 0.193 0.016
12
0.318 0.211 0.471
0.221 0.405 0.374
0.355 0.088 0.557
0.041 0.512 0.447

4
0.225 0.775
0.862 0.138
4
0.834 0.166
0.479 0.521
4
0.124 0.876
0.181 0.819

4
0.312 0.688
0.786 0.214
4
0.758 0.242
0.543 0.457

12
0.045 0.895 0.06
0.007 0.983 0.01
0.347 0.413 0.24
0.319 0.521 0.16
12
0.352 0.116 0.532
0.558 0.309 0.133
0.138 0.569 0.293
0.014 0.116 0.87

12
0.153 0.005 0.842
0.198 0.317 0.485
0.002 0.011 0.987
0.613 0.215 0.172
12
0.218 0.673 0.109
0.05 0.833 0.117
0.176 0.806 0.018
0.069 0.367 0.564
12
0.236 0.051 0.713
0.257 0.445 0.298
0.682 0.058 0.26
0.319 0.626 0.055
