V-CREDAL
10
4 2 4 4 3 4 4 4 4 2
10
1 0
2 0 1
2 1 2
2 2 3
2 3 4
2 4 5
2 5 6
2 6 7
2 7 8
2 8 9

16
0.023 0.031 0.831 0.115
0.072 0.908 0.014 0.006
0.398 0.456 0.044 0.102
0.11 0.233 0.114 0.543

4
0.218 0.782
0.964 0.036
4
0.1 0.9
0.545 0.455
4
0.498 0.502
0.248 0.752
4
0.841 0.159
0.371 0.629

16
0.147 0.438 0.124 0.291
0.005 0.121 0.015 0.859
0.013 0.352 0.612 0.023
0.297 0.365 0.091 0.247
16
0.287 0.5 0.092 0.121
0.069 0.741 0.174 0.016
0.077 0.086 0.273 0.564
0.001 0.021 0.971 0.007

16
0.004 0.157 0.837 0.002
0.808 0.105 0.038 0.049
0.476 0.088 0.415 0.021
0.213 0.497 0.132 0.158
16
0.02 0.106 0.846 0.028
0.559 0.304 0.013 0.124
0.225 0.477 0.167 0.131
0.061 0.85 0.079 0.01
16
0.023 0.23 0.545 0.202
0.886 0.076 0.026 0.012
0.139 0.158 0.56 0.143
0.623 0.007 0.368 0.002
16
0.006 0.038 0.648 0.308
0.284 0.092 0.268 0.356
0.302 0.085 0.475 0.138
0.087 0.189 0.205 0.519

12
0.442 0.07 0.488
0.787 0.141 0.072
0.012 0.773 0.215
0.403 0.565 0.032
12
0.957 0.037 0.006
0.024 0.653 0.323
0.396 0.435 0.169
0.245 0.435 0.32
12
0.847 0.031 0.122
0.02 0.728 0.252
0.366 0.565 0.069
0.051 0.272 0.677
12
0.086 0.318 0.596
0.494 0.18 0.326
0.258 0.662 0.08
0.038 0.453 0.509

16
0.686 0.097 0.019 0.198
0.415 0.011 0.571 0.003
0.294 0.343 0.011 0.352
0.317 0.097 0.131 0.455
16
0.124 0.509 0.156 0.211
0.572 0.144 0.178 0.106
0.397 0.588 0.008 0.007
0.077 0.011 0.448 0.464
16
0.115 0.077 0.553 0.255
0.648 0.146 0.144 0.062
0.059 0.655 0.089 0.197
0.776 0.046 0.009 0.169

16
0.834 0.056 0.056 0.054
0.45 0.015 0.251 0.284
0.333 0.079 0.35 0.238
0.331 0.195 0.076 0.398
16
0.125 0.342 0.079 0.454
0.127 0.192 0.323 0.358
0.267 0.008 0.193 0.532
0.004 0.008 0.031 0.957
16
0.036 0.058 0.005 0.901
0.041 0.734 0.009 0.216
0.55 0.085 0.078 0.287
0.751 0.053 0.167 0.029
16
0.023 0.842 0.028 0.107
0.303 0.05 0.618 0.029
0.091 0.862 0.033 0.014
0.003 0.253 0.002 0.742

16
0.041 0.283 0.295 0.381
0.548 0.225 0.147 0.08
0.138 0.33 0.242 0.29
0.082 0.677 0.23 0.011
16
0.148 0.54 0.101 0.211
0.086 0.332 0.231 0.351
0.4 0.496 0.085 0.019
0.331 0.121 0.333 0.215
16
0.222 0.601 0.12 0.057
0.061 0.914 0.007 0.018
0.463 0.158 0.342 0.037
0.334 0.097 0.52 0.049
16
0.122 0.494 0.072 0.312
0.003 0.944 0.014 0.039
0.198 0.116 0.34 0.346
0.367 0.151 0.153 0.329

16
0.062 0.296 0.52 0.122
0.037 0.45 0.122 0.391
0.077 0.035 0.331 0.557
0.009 0.034 0.337 0.62
16
0.07 0.356 0.561 0.013
0.025 0.018 0.774 0.183
0.706 0.06 0.095 0.139
0.492 0.477 0.008 0.023
16
0.038 0.103 0.74 0.119
0.326 0.502 0.141 0.031
0.143 0.19 0.466 0.201
0.513 0.107 0.171 0.209
16
0.022 0.714 0.16 0.104
0.686 0.099 0.098 0.117
0.157 0.009 0.245 0.589
0.065 0.211 0.322 0.402

4
0.382 0.618
0.13 0.87
4
0.618 0.382
0.283 0.717
4
0.183 0.817
0.953 0.047
4
0.078 0.922
0.881 0.119
