V-CREDAL
10
2 3 4 3 4 4 2 2 4 4
10
1 0
2 0 1
2 1 2
2 2 3
2 3 4
2 4 5
2 5 6
2 6 7
2 7 8
2 8 9

4
0.783 0.217
0.002 0.998

12
0.082 0.737 0.181
0.016 0.219 0.765
0.033 0.496 0.471
0.13 0.555 0.315
12
0.103 0.603 0.294
0.058 0.749 0.193
0.857 0.022 0.121
0.327 0.61 0.063

16
0.276 0.021 0.593 0.11
0.121 0.195 0.135 0.549
0.113 0.082 0.309 0.496
0.07 0.474 0.323 0.133
16
0.088 0.073 0.042 0.797
0.368 0.018 0.019 0.595
0.265 0.161 0.405 0.169
0.782 0.008 0.151 0.059
16
0.023 0.536 0.414 0.027
0.072 0.015 0.023 0.89
0.048 0.069 0.255 0.628
0.009 0.697 0.293 0.001

12
0.726 0.078 0.196
0.885 0.021 0.094
0.142 0.182 0.676
0.096 0.289 0.615
12
0.013 0.97 0.017
0.749 0.043 0.208
0.054 0.396 0.55
0.294 0.679 0.027
12
0.068 0.923 0.009
0.155 0.31 0.535
0.312 0.626 0.062
0.058 0.144 0.798
12
0.101 0.812 0.087
0.233 0.706 0.061
0.625 0.016 0.359
0.844 0.126 0.03

16
0.592 0.317 0.002 0.089
0.732 0.17 0.081 0.017
0.697 0.047 0.239 0.017
0.403 0.417 0.025 0.155
16
0.005 0.613 0.032 0.35
0.085 0.831 0.055 0.029
0.094 0.019 0.774 0.113
0.443 0.164 0.103 0.29
16
0.04 0.461 0.118 0.381
0.228 0.613 0.078 0.081
0.002 0.104 0.215 0.679
0.05 0.014 0.213 0.723

16
0.193 0.03 0.024 0.753
0.205 0.125 0.048 0.622
0.096 0.854 0.015 0.035
0.104 0.074 0.752 0.07
16
0.054 0.013 0.006 0.927
0.126 0.553 0.138 0.183
0.091 0.168 0.48 0.261
0.003 0.867 0.007 0.123
16
0.497 0.013 0.455 0.035
0.291 0.412 0.227 0.07
0.702 0.001 0.11 0.187
0.87 0.109 0.017 0.004
16
0.622 0.236 0.135 0.007
0.041 0.604 0.062 0.293
0.13 0.001 0.23 0.639
0.006 0.631 0.362 0.001

4
0.609 0.391
0.901 0.099
4
0.777 0.223
0.833 0.167
4
0.611 0.389
0.902 0.098
4
0.444 0.556
0.837 0.163

4
0.398 0.602
0.29 0.71
4
0.923 0.077
0.834 0.166

16
0.915 0.078 0.004 0.003
0.379 0.131 0.034 0.456
0.018 0.009 0.086 0.887
0.076 0.2 0.21 0.514
16
0.026 0.892 0.022 0.06
0.572 0.215 0.17 0.043
0.084 0.041 0.124 0.751
0.033 0.898 0.035 0.034

16
0.98 0.005 0.006 0.009
0.538 0.059 0.359 0.044
0.032 0.684 0.044 0.24
0.494 0.082 0.212 0.212
16
0.592 0.175 0.2 0.033
0.119 0.42 0.217 0.244
0.003 0.643 0.302 0.052
0.3 0.206 0.156 0.338
16
0.3 0.469 0.183 0.048
0.109 0.415 0.008 0.468
0.01 0.223 0.684 0.083
0.241 0.369 0.186 0.204
16
0.853 0.013 0.003 0.131
0.044 0.012 0.932 0.012
0.323 0.193 0.341 0.143
0.16 0.045 0.505 0.29
