V-CREDAL 
10 
3 2 2 5 3 3 4 3 3 4 
10 
1 0 
2 0 1 
2 1 2 
2 2 3 
2 3 4 
2 4 5 
2 5 6 
2 6 7 
2 7 8 
2 8 9 

18 
0.00569 0.97942 0.01489 
0.96668 0.01261 0.02071 
0.05997 0.92539 0.01464 
0.00759 0.12489 0.86752 
0.39813 0.0251 0.57677 
0.01632 0.08852 0.89516 

4 
0.90098 0.09902 
0.77818 0.22182 
4 
0.80966 0.19034 
0.81946 0.18054 
4 
0.29619 0.70381 
0.68663 0.31337 

4 
0.24905 0.75095 
0.15947 0.84053 
4 
0.56508 0.43492 
0.92875 0.07125 

30 
0.0065 0.98631 0.00652 7.0E-5 6.0E-4 
0.49823 0.01373 0.26882 0.13395 0.08527 
0.49826 0.00106 0.00953 0.39035 0.1008 
0.34004 0.06312 0.10649 0.18758 0.30277 
0.01478 0.1691 0.33339 0.14786 0.33487 
0.28272 0.02034 0.00614 0.64909 0.04171 
30 
0.4405 0.00615 4.9E-4 0.55002 0.00284 
0.10481 0.75555 0.03813 0.09301 0.0085 
0.34293 0.01306 0.02965 0.54148 0.07288 
0.05565 0.13771 0.52274 0.06279 0.22111 
0.39044 0.23419 0.07318 0.03421 0.26798 
0.00148 6.3E-4 3.8E-4 0.99748 3.0E-5 

18 
0.08004 0.76966 0.1503 
0.00106 0.02526 0.97368 
0.67699 0.249 0.07401 
0.3652 0.02783 0.60697 
0.59059 0.17004 0.23937 
0.66709 0.22621 0.1067 
18 
0.00378 0.09387 0.90235 
0.39792 0.56434 0.03774 
0.14723 0.61001 0.24276 
0.02645 0.28903 0.68452 
0.80697 0.01898 0.17405 
0.67204 0.01382 0.31414 
18 
0.03656 0.02726 0.93618 
0.65327 0.01584 0.33089 
0.84951 0.11868 0.03181 
0.02954 0.13031 0.84015 
0.03798 0.86803 0.09399 
0.00312 0.85844 0.13844 
18 
0.04242 0.65246 0.30512 
0.25629 0.73743 0.00628 
0.661 0.18253 0.15647 
0.1736 0.26712 0.55928 
0.01996 0.94666 0.03338 
0.68419 0.18267 0.13314 
18 
0.01243 0.95587 0.0317 
0.174 0.22267 0.60333 
0.94476 0.04754 0.0077 
0.02818 0.38086 0.59096 
0.60549 0.00549 0.38902 
0.46616 0.52794 0.0059 

18 
0.79009 0.11499 0.09492 
0.72605 0.00725 0.2667 
0.1149 0.53518 0.34992 
0.11234 0.08221 0.80545 
0.75562 0.1638 0.08058 
0.10623 0.23107 0.6627 
18 
0.06615 0.74835 0.1855 
0.01558 0.04318 0.94124 
0.57626 0.29209 0.13165 
0.78368 0.06406 0.15226 
0.04207 0.73037 0.22756 
0.00545 0.05428 0.94027 
18 
0.1047 0.63221 0.26309 
0.26941 0.0098 0.72079 
0.82188 0.07142 0.1067 
0.0713 0.92718 0.00152 
0.13692 0.85533 0.00775 
0.86667 0.00902 0.12431 

24 
0.99831 1.2E-4 2.1E-4 0.00136 
0.16291 0.18327 0.17935 0.47447 
0.15426 0.11748 0.19162 0.53664 
0.00751 0.34291 0.63697 0.01261 
0.79547 0.00161 0.20241 5.1E-4 
0.0588 0.73807 0.1332 0.06993 
24 
0.79718 0.09649 0.07527 0.03106 
0.39908 0.0129 0.24946 0.33856 
0.24648 0.64984 0.07917 0.02451 
0.00341 0.09184 0.12477 0.77998 
0.01642 0.85283 0.05826 0.07249 
0.3386 0.03772 0.38017 0.24351 
24 
0.09989 0.306 0.07369 0.52042 
0.42218 0.21365 0.00591 0.35826 
0.18768 1.1E-4 2.8E-4 0.81193 
0.12141 0.11248 0.1502 0.61591 
0.72688 0.14114 0.04202 0.08996 
0.02919 0.26758 0.00233 0.7009 

18 
0.01111 0.07805 0.91084 
0.05103 0.92713 0.02184 
0.83857 0.00151 0.15992 
0.89823 0.07131 0.03046 
0.00275 0.60671 0.39054 
0.10879 0.04063 0.85058 
18 
0.22549 0.00841 0.7661 
0.69106 0.01138 0.29756 
0.58904 0.40278 0.00818 
0.80996 0.15451 0.03553 
0.36819 0.27986 0.35195 
0.01542 0.00992 0.97466 
18 
0.1174 0.0416 0.841 
0.06403 0.1573 0.77867 
0.01522 0.9809 0.00388 
0.78803 0.2074 0.00457 
0.76211 0.05238 0.18551 
0.29334 0.00466 0.702 
18 
0.32822 0.52868 0.1431 
0.57533 0.29305 0.13162 
0.08481 0.41184 0.50335 
0.09261 0.02296 0.88443 
0.47012 0.48918 0.0407 
0.47642 0.21181 0.31177 

18 
0.03132 0.06717 0.90151 
0.13274 0.83699 0.03027 
0.00626 0.2964 0.69734 
0.05975 0.01068 0.92957 
0.8922 0.07605 0.03175 
0.83722 0.03172 0.13106 
18 
0.50565 0.04141 0.45294 
0.64092 0.34432 0.01476 
0.10663 0.71231 0.18106 
0.12644 0.21687 0.65669 
0.99386 0.00325 0.00289 
0.04386 0.43083 0.52531 
18 
0.01385 0.77144 0.21471 
0.91704 0.06431 0.01865 
0.0939 0.90231 0.00379 
0.02035 0.00918 0.97047 
0.66975 0.32889 0.00136 
0.01877 0.03825 0.94298 

24 
0.05534 0.51259 0.34414 0.08793 
0.02797 0.02304 0.63826 0.31073 
0.30721 0.03823 0.07948 0.57508 
0.01684 0.02911 0.39291 0.56114 
0.6062 0.15488 0.01628 0.22264 
0.14737 0.55072 0.202 0.09991 
24 
0.08422 0.68712 0.0618 0.16686 
0.01184 0.87134 0.00904 0.10778 
0.0249 0.06291 0.71092 0.20127 
0.44612 0.02462 0.50795 0.02131 
0.10887 0.17243 0.68198 0.03672 
0.02158 0.45537 0.51633 0.00672 
24 
0.04386 0.77079 0.12792 0.05743 
0.11619 0.62539 0.16066 0.09776 
0.31869 0.18477 0.16781 0.32873 
0.00631 0.21233 0.05904 0.72232 
0.22014 0.2189 0.06108 0.49988 
0.94877 0.00201 0.03988 0.00934 
