V-CREDAL 
6 
3 3 3 2 3 4 
6 
2 5 0 
2 0 1 
1 2 
1 3 
2 5 4 
3 2 3 5 

12 
0.61527 0.17151 0.21322 
0.90358 0.01112 0.0853 
0.6828 0.15457 0.16263 
0.31096 0.10732 0.58172 
12 
0.93356 0.0305 0.03594 
0.67596 0.26415 0.05989 
0.31564 0.15393 0.53043 
0.33968 0.50174 0.15858 
12 
0.95798 0.02274 0.01928 
0.42423 0.11792 0.45785 
0.05996 0.83798 0.10206 
0.73441 0.02858 0.23701 
12 
0.73757 0.21095 0.05148 
0.08441 0.88736 0.02823 
0.4747 0.05323 0.47207 
0.03506 0.90414 0.0608 

12 
0.00151 0.01201 0.98648 
0.13181 0.64188 0.22631 
0.17418 0.03287 0.79295 
0.01969 0.93959 0.04072 
12 
0.30126 0.13832 0.56042 
0.98033 0.01061 0.00906 
0.00292 0.47194 0.52514 
0.01555 0.74934 0.23511 
12 
0.05002 0.79453 0.15545 
0.36862 0.28461 0.34677 
0.05186 0.01183 0.93631 
0.13285 0.8501 0.01705 

12 
0.20359 0.03089 0.76552 
0.23224 0.05617 0.71159 
0.47314 0.27345 0.25341 
0.01816 0.80249 0.17935 

4 
0.13244 0.86756 
0.61542 0.38458 

12 
0.00577 0.97635 0.01788 
0.01359 0.30792 0.67849 
0.08677 0.21744 0.69579 
0.4594 0.25236 0.28824 
12 
0.02865 0.0907 0.88065 
0.62954 0.11719 0.25327 
0.14952 0.83577 0.01471 
0.11061 0.86855 0.02084 
12 
0.52595 0.15335 0.3207 
0.09236 0.84052 0.06712 
0.06847 0.75208 0.17945 
0.25089 0.07658 0.67253 
12 
0.10984 0.09849 0.79167 
0.14545 0.66479 0.18976 
0.52959 0.01971 0.4507 
0.46241 0.3806 0.15699 

16 
0.36059 0.00856 0.38169 0.24916 
0.04294 0.29253 0.09666 0.56787 
0.22933 0.00754 0.75456 0.00857 
0.18931 0.04938 0.42761 0.3337 
16 
0.14361 0.20184 0.07147 0.58308 
0.53431 0.39085 0.04736 0.02748 
0.01796 0.76796 0.0615 0.15258 
0.01832 0.2542 0.00136 0.72612 
16 
0.4657 0.03749 0.063 0.43381 
0.12655 0.50694 0.20755 0.15896 
0.01737 0.06891 0.86449 0.04923 
0.08918 0.43277 0.07344 0.40461 
16 
0.02297 0.14568 0.06907 0.76228 
0.51938 0.10296 0.29846 0.0792 
0.08393 0.22931 0.0215 0.66526 
0.07175 0.28753 0.55133 0.08939 
16 
0.25017 0.62892 0.09981 0.0211 
0.00492 0.87024 0.09175 0.03309 
0.01994 0.12795 0.05403 0.79808 
0.14785 0.39066 0.32106 0.14043 
16 
0.02265 0.06933 0.90264 0.00538 
0.01592 0.00623 0.92256 0.05529 
0.22576 0.02458 0.68132 0.06834 
0.04545 0.79146 0.03949 0.1236 
