V-CREDAL 
6 
3 3 3 2 3 4 
6 
2 5 0 
2 0 1 
1 2 
1 3 
2 5 4 
3 2 3 5 

18 
0.025 0.755 0.22 
0.027 0.073 0.9 
0.165 0.71 0.125 
0.174 0.006 0.82 
0.923 0.019 0.058 
0.37 0.565 0.065 
18 
0.192 0.016 0.792 
0.693 0.022 0.285 
0.005 0.993 0.002 
0.014 0.039 0.947 
0.794 0.048 0.158 
0.152 0.021 0.827 
18 
0.018 0.966 0.016 
0.987 0.009 0.004 
0.606 0.061 0.333 
0.119 0.168 0.713 
0.076 0.364 0.56 
0.592 0.405 0.003 
18 
0.287 0.059 0.654 
0.161 0.717 0.122 
0.952 0.014 0.034 
0.004 0.155 0.841 
0.018 0.123 0.859 
0.079 0.529 0.392 

18 
0.863 0.1 0.037 
0.072 0.923 0.005 
0.024 0.313 0.663 
0.004 0.028 0.968 
0.652 0.046 0.302 
0.236 0.025 0.739 
18 
0.028 0.635 0.337 
0.352 0.026 0.622 
0.693 0.099 0.208 
0.154 0.198 0.648 
0.057 0.825 0.118 
0.343 0.617 0.04 
18 
0.16 0.825 0.015 
0.925 0.052 0.023 
0.102 0.604 0.294 
0.081 0.829 0.09 
0.24 0.223 0.537 
0.038 0.812 0.15 

18 
0.01 0.514 0.476 
0.065 0.837 0.098 
0.512 0.023 0.465 
0.319 0.066 0.615 
0.159 0.776 0.065 
0.038 0.185 0.777 

4 
0.559 0.441 
0.883 0.117 

18 
0.812 0.025 0.163 
0.41 0.056 0.534 
0.928 0.023 0.049 
0.056 0.898 0.046 
0.115 0.117 0.768 
0.938 0.041 0.021 
18 
0.788 0.176 0.036 
0.012 0.096 0.892 
0.141 0.655 0.204 
0.131 0.003 0.866 
0.934 0.025 0.041 
0.026 0.189 0.785 
18 
0.013 0.131 0.856 
0.937 0.028 0.035 
0.015 0.763 0.222 
0.108 0.762 0.13 
0.948 0.018 0.034 
0.009 0.171 0.82 
18 
0.116 0.524 0.36 
0.314 0.513 0.173 
0.3 0.348 0.352 
0.97 0.024 0.006 
0.752 0.083 0.165 
0.938 0.014 0.048 

24 
0.079 0.009 0.134 0.778 
0.063 0.051 0.288 0.598 
0.446 0.118 0.338 0.098 
0.087 0.004 0.376 0.533 
0.093 0.077 0.052 0.778 
0.368 0.094 0.157 0.381 
24 
0.173 0.01 0.724 0.093 
0.063 0.911 0.016 0.01 
0.154 0.006 0.016 0.824 
0.014 0.554 0.055 0.377 
0.079 0.013 0.893 0.015 
0.146 0.245 0.571 0.038 
24 
0.69 0.047 0.069 0.194 
0.174 0.731 0.088 0.007 
0.254 0.13 0.6 0.016 
0.363 0.082 0.21 0.345 
0.857 0.017 0.071 0.055 
0.936 0.008 0.008 0.048 
24 
0.011 0.793 0.177 0.019 
0.061 0.012 0.042 0.885 
0.797 0.04 0.08 0.083 
0.004 0.025 0.006 0.965 
0.127 0.562 0.226 0.085 
0.153 0.487 0.016 0.344 
24 
0.36 0.14 0.093 0.407 
0.378 0.085 0.14 0.397 
0.017 0.544 0.438 0.001 
0.1 0.697 0.142 0.061 
0.008 0.796 0.105 0.091 
0.489 0.357 0.037 0.117 
24 
0.05 0.092 0.466 0.392 
0.336 0.167 0.488 0.009 
0.017 0.019 0.696 0.268 
0.084 0.673 0.239 0.004 
0.789 0.094 0.115 0.002 
0.077 0.038 0.75 0.135 
