V-CREDAL 
4 
2 3 3 2 
4 
3 1 3 0 
2 2 1 
1 2 
1 3 

4 
0.22114 0.77886 
0.13856 0.86144 
4 
0.51122 0.48878 
0.21176 0.78824 
4 
0.85635 0.14365 
0.14884 0.85116 
4 
0.06403 0.93597 
0.45764 0.54236 
4 
0.27083 0.72917 
0.97849 0.02151 
4 
0.02212 0.97788 
0.44111 0.55889 

18 
0.47127 0.45052 0.07821 
0.06345 0.45122 0.48533 
0.04995 0.90351 0.04654 
0.04062 0.57852 0.38086 
0.55074 0.03771 0.41155 
0.16064 0.24927 0.59009 
18 
0.12598 0.17971 0.69431 
0.11071 0.2418 0.64749 
0.0136 0.72773 0.25867 
0.76452 0.21891 0.01657 
0.55929 0.00874 0.43197 
0.64444 0.35075 0.00481 
18 
0.05994 0.1646 0.77546 
0.00529 0.61144 0.38327 
0.99152 0.00281 0.00567 
0.08487 0.79982 0.11531 
0.20249 0.03993 0.75758 
0.37668 0.61443 0.00889 

18 
0.00436 0.01725 0.97839 
0.03339 0.7896 0.17701 
0.88831 0.10149 0.0102 
0.3169 0.62518 0.05792 
0.95061 0.03436 0.01503 
0.49796 0.00976 0.49228 

4 
0.17913 0.82087 
0.84819 0.15181 
