V-CREDAL
10
4 4 4 4 2 2 3 2 2 2
10
1 0
1 1
2 0 2
2 0 3
3 3 5 4
1 5
2 0 6
3 1 3 7
2 9 8
2 5 9

24
0.063 0.1 0.002 0.835
0.901 0.006 0.001 0.092
0.004 0.903 0.006 0.087
0.061 0.008 0.888 0.043
0.175 0.002 0.127 0.696
0.002 0.11 0.109 0.779

24
0.262 0.119 0.399 0.22
0.025 0.964 0.005 0.006
0.432 0.01 0.479 0.079
0.125 0.206 0.297 0.372
0.642 0.009 0.217 0.132
0.164 0.145 0.349 0.342

24
0.027 0.553 0.191 0.229
0.026 0.02 0.929 0.025
0.862 0.01 0.037 0.091
0.025 0.633 0.242 0.1
0.023 0.01 0.015 0.952
0.007 0.061 0.915 0.017
24
0.552 0.013 0.057 0.378
0.544 0.163 0.266 0.027
0.007 0.019 0.0 0.974
0.075 0.462 0.451 0.012
0.243 0.682 0.023 0.052
0.013 0.494 0.047 0.446
24
0.023 0.106 0.8 0.071
0.222 0.522 0.001 0.255
0.724 0.163 0.049 0.064
0.007 0.977 0.008 0.008
0.07 0.287 0.309 0.334
0.521 0.339 0.102 0.038
24
0.268 0.472 0.045 0.215
0.073 0.182 0.403 0.342
0.361 0.198 0.012 0.429
0.016 0.001 0.001 0.982
0.15 0.018 0.32 0.512
0.083 0.875 0.008 0.034

24
0.039 0.02 0.103 0.838
0.993 0.001 0.0 0.006
0.364 0.04 0.48 0.116
0.059 0.289 0.221 0.431
0.061 0.916 0.015 0.008
0.003 0.049 0.1 0.848
24
0.1 0.12 0.041 0.739
0.264 0.656 0.065 0.015
0.112 0.014 0.71 0.164
0.506 0.235 0.044 0.215
0.031 0.19 0.737 0.042
0.069 0.795 0.101 0.035
24
0.168 0.034 0.182 0.616
0.276 0.018 0.591 0.115
0.954 0.021 0.016 0.009
0.003 0.98 0.014 0.003
0.005 0.651 0.273 0.071
0.423 0.087 0.46 0.03
24
0.017 0.892 0.076 0.015
0.336 0.487 0.145 0.032
0.392 0.14 0.304 0.164
0.935 0.027 0.024 0.014
0.012 0.976 0.011 0.001
0.016 0.009 0.705 0.27

4
0.174 0.826
0.053 0.947
4
0.639 0.361
0.744 0.256
4
0.678 0.322
0.504 0.496
4
0.729 0.271
0.189 0.811
4
0.335 0.665
0.777 0.223
4
0.782 0.218
0.225 0.775
4
0.706 0.294
0.192 0.808
4
0.375 0.625
0.013 0.987

4
0.408 0.592
0.618 0.382

18
0.569 0.37 0.061
0.185 0.044 0.771
0.004 0.02 0.976
0.764 0.128 0.108
0.146 0.705 0.149
0.026 0.784 0.19
18
0.955 0.012 0.033
0.037 0.754 0.209
0.549 0.001 0.45
0.18 0.16 0.66
0.499 0.486 0.015
0.135 0.861 0.004
18
0.045 0.234 0.721
0.022 0.642 0.336
0.923 0.052 0.025
0.142 0.745 0.113
0.214 0.747 0.039
0.241 0.162 0.597
18
0.211 0.048 0.741
0.968 0.001 0.031
0.875 0.125 0.0
0.11 0.858 0.032
0.108 0.735 0.157
0.116 0.382 0.502

4
0.857 0.143
0.899 0.101
4
0.373 0.627
0.089 0.911
4
0.148 0.852
0.9 0.1
4
0.672 0.328
0.24 0.76
4
0.668 0.332
0.405 0.595
4
0.298 0.702
0.922 0.078
4
0.297 0.703
0.118 0.882
4
0.429 0.571
0.196 0.804
4
0.249 0.751
0.972 0.028
4
0.34 0.66
0.893 0.107
4
0.773 0.227
0.438 0.562
4
0.395 0.605
0.47 0.53
4
0.148 0.852
0.724 0.276
4
0.313 0.687
0.877 0.123
4
0.386 0.614
0.537 0.463
4
0.416 0.584
0.43 0.57

4
0.225 0.775
0.917 0.083
4
0.423 0.577
0.04 0.96

4
0.33 0.67
0.903 0.097
4
0.038 0.962
0.687 0.313
