V-CREDAL
8
2 4 2 3 3 3 4 2
8
1 0
2 0 1
2 1 2
2 2 3
2 3 4
2 4 5
2 5 6
2 6 7

4
0.949 0.051
0.669 0.331

16
0.575 0.06 0.205 0.16
0.702 0.283 0.012 0.003
0.707 0.174 0.111 0.008
0.06 0.627 0.007 0.306
16
0.307 0.242 0.178 0.273
0.117 0.071 0.627 0.185
0.554 0.262 0.103 0.081
0.286 0.301 0.047 0.366

4
0.193 0.807
0.733 0.267
4
0.668 0.332
0.607 0.393
4
0.127 0.873
0.491 0.509
4
0.242 0.758
0.342 0.658

12
0.455 0.273 0.272
0.493 0.112 0.395
0.105 0.123 0.772
0.754 0.176 0.07
12
0.161 0.517 0.322
0.164 0.579 0.257
0.217 0.58 0.203
0.483 0.197 0.32

12
0.448 0.461 0.091
0.908 0.034 0.058
0.123 0.816 0.061
0.295 0.697 0.008
12
0.665 0.007 0.328
0.029 0.061 0.91
0.078 0.811 0.111
0.423 0.562 0.015
12
0.876 0.066 0.058
0.29 0.456 0.254
0.179 0.076 0.745
0.171 0.519 0.31

12
0.672 0.022 0.306
0.618 0.308 0.074
0.19 0.401 0.409
0.313 0.07 0.617
12
0.768 0.133 0.099
0.042 0.814 0.144
0.252 0.222 0.526
0.011 0.785 0.204
12
0.091 0.009 0.9
0.018 0.583 0.399
0.061 0.857 0.082
0.03 0.179 0.791

16
0.305 0.116 0.061 0.518
0.518 0.045 0.087 0.35
0.56 0.202 0.055 0.183
0.093 0.262 0.207 0.438
16
0.849 0.116 0.011 0.024
0.011 0.196 0.521 0.272
0.062 0.912 0.005 0.021
0.064 0.659 0.058 0.219
16
0.001 0.002 0.007 0.99
0.028 0.744 0.216 0.012
0.014 0.013 0.043 0.93
0.211 0.236 0.347 0.206

4
0.16 0.84
0.422 0.578
4
0.107 0.893
0.642 0.358
4
0.473 0.527
0.192 0.808
4
0.368 0.632
0.861 0.139
