V-CREDAL
7
2 3 4 2 4 3 2
7
1 0
2 0 1
2 1 2
2 2 3
2 3 4
2 4 5
2 5 6

4
0.173 0.827
0.546 0.454

12
0.03 0.3 0.67
0.622 0.014 0.364
0.007 0.981 0.012
0.93 0.064 0.006
12
0.192 0.042 0.766
0.002 0.002 0.996
0.193 0.703 0.104
0.315 0.364 0.321

16
0.134 0.445 0.197 0.224
0.316 0.183 0.423 0.078
0.453 0.196 0.22 0.131
0.036 0.311 0.047 0.606
16
0.317 0.111 0.398 0.174
0.074 0.011 0.097 0.818
0.143 0.038 0.578 0.241
0.051 0.203 0.591 0.155
16
0.031 0.064 0.034 0.871
0.01 0.294 0.01 0.686
0.004 0.01 0.844 0.142
0.015 0.092 0.771 0.122

4
0.706 0.294
0.069 0.931
4
0.77 0.23
0.049 0.951
4
0.248 0.752
0.475 0.525
4
0.278 0.722
0.984 0.016

16
0.449 0.046 0.262 0.243
0.015 0.132 0.441 0.412
0.239 0.636 0.093 0.032
0.12 0.194 0.229 0.457
16
0.067 0.311 0.136 0.486
0.004 0.32 0.463 0.213
0.007 0.171 0.03 0.792
0.51 0.119 0.057 0.314

12
0.911 0.002 0.087
0.755 0.195 0.05
0.999 0.0 0.001
0.697 0.075 0.228
12
0.523 0.03 0.447
0.062 0.025 0.913
0.657 0.232 0.111
0.686 0.3 0.014
12
0.305 0.444 0.251
0.025 0.453 0.522
0.023 0.079 0.898
0.49 0.195 0.315
12
0.088 0.515 0.397
0.193 0.702 0.105
0.949 0.015 0.036
0.333 0.364 0.303

4
0.175 0.825
0.577 0.423
4
0.933 0.067
0.77 0.23
4
0.681 0.319
0.974 0.026
