V-CREDAL
6
4 4 4 2 2 4
6
1 0
2 0 1
2 1 2
2 2 3
2 3 4
2 4 5

24
0.27 0.09 0.327 0.313
0.014 0.07 0.035 0.881
0.743 0.159 0.097 0.001
0.709 0.013 0.004 0.274
0.095 0.882 0.007 0.016
0.099 0.567 0.226 0.108

24
0.352 0.06 0.06 0.528
0.264 0.228 0.352 0.156
0.7 0.05 0.231 0.019
0.42 0.09 0.429 0.061
0.154 0.453 0.113 0.28
0.467 0.32 0.162 0.051
24
0.09 0.681 0.112 0.117
0.941 0.001 0.002 0.056
0.036 0.196 0.098 0.67
0.153 0.413 0.35 0.084
0.31 0.594 0.066 0.03
0.085 0.679 0.025 0.211
24
0.183 0.011 0.554 0.252
0.748 0.048 0.115 0.089
0.422 0.28 0.25 0.048
0.217 0.181 0.484 0.118
0.164 0.348 0.322 0.166
0.039 0.296 0.523 0.142
24
0.553 0.007 0.015 0.425
0.01 0.03 0.004 0.956
0.215 0.254 0.482 0.049
0.139 0.009 0.319 0.533
0.063 0.175 0.501 0.261
0.05 0.206 0.727 0.017

24
0.151 0.629 0.181 0.039
0.297 0.227 0.034 0.442
0.069 0.038 0.227 0.666
0.429 0.021 0.009 0.541
0.014 0.557 0.038 0.391
0.0 0.0 0.999 0.001
24
0.002 0.008 0.587 0.403
0.149 0.233 0.403 0.215
0.073 0.206 0.056 0.665
0.232 0.08 0.487 0.201
0.027 0.002 0.001 0.97
0.247 0.192 0.136 0.425
24
0.486 0.182 0.005 0.327
0.093 0.407 0.104 0.396
0.197 0.427 0.268 0.108
0.526 0.038 0.262 0.174
0.388 0.427 0.091 0.094
0.105 0.064 0.659 0.172
24
0.299 0.056 0.628 0.017
0.724 0.083 0.165 0.028
0.509 0.036 0.42 0.035
0.536 0.312 0.053 0.099
0.109 0.863 0.005 0.023
0.33 0.237 0.133 0.3

4
0.181 0.819
0.519 0.481
4
0.153 0.847
0.442 0.558
4
0.423 0.577
0.193 0.807
4
0.414 0.586
0.708 0.292

4
0.619 0.381
0.569 0.431
4
0.248 0.752
0.89 0.11

24
0.605 0.133 0.06 0.202
0.541 0.006 0.023 0.43
0.0 0.0 0.001 0.999
0.155 0.276 0.336 0.233
0.496 0.485 0.016 0.003
0.081 0.286 0.173 0.46
24
0.026 0.026 0.137 0.811
0.9 0.051 0.044 0.005
0.087 0.074 0.007 0.832
0.004 0.134 0.004 0.858
0.573 0.401 0.022 0.004
0.009 0.056 0.868 0.067
