V-CREDAL 
10 
4 2 3 2 5 5 2 3 5 5 
10 
1 0 
2 0 1 
2 1 2 
2 2 3 
2 3 4 
2 4 5 
2 5 6 
2 6 7 
2 7 8 
2 8 9 

24 
0.03859 0.80197 0.04179 0.11765 
6.8E-4 0.87215 0.12654 6.3E-4 
0.16143 0.13251 0.06961 0.63645 
0.40804 0.09585 0.13084 0.36527 
1.3E-4 0.00193 0.05353 0.94441 
0.03392 0.05831 0.05201 0.85576 

4 
0.69525 0.30475 
0.42014 0.57986 
4 
0.73943 0.26057 
0.86893 0.13107 
4 
0.98721 0.01279 
0.2936 0.7064 
4 
0.16846 0.83154 
0.75698 0.24302 

18 
0.07308 0.07536 0.85156 
0.58989 0.2569 0.15321 
0.05267 0.08408 0.86325 
0.33791 0.14491 0.51718 
0.38335 0.31116 0.30549 
0.495 0.3776 0.1274 
18 
0.98553 2.8E-4 0.01419 
0.07428 0.87173 0.05399 
0.00489 5.5E-4 0.99456 
0.91266 0.07305 0.01429 
0.71638 0.26752 0.0161 
0.01298 0.90621 0.08081 

4 
0.2013 0.7987 
0.72631 0.27369 
4 
0.85989 0.14011 
0.24949 0.75051 
4 
0.84779 0.15221 
0.49763 0.50237 

30 
0.00318 0.14369 0.71797 0.01926 0.1159 
0.02217 0.05586 0.04254 0.65019 0.22924 
0.01005 9.6E-4 0.01782 0.3479 0.62327 
0.00592 0.60489 0.05458 0.01457 0.32004 
0.00316 0.93339 0.03799 0.01051 0.01495 
0.12613 0.00135 0.00317 0.56119 0.30816 
30 
0.13107 0.73178 0.0922 0.02329 0.02166 
0.08444 0.02934 0.12462 0.1645 0.5971 
0.01789 0.81248 0.00324 0.15353 0.01286 
0.22538 0.38801 0.11606 0.13186 0.13869 
0.63332 6.0E-5 0.0011 0.35647 0.00905 
0.2412 0.41857 0.05444 0.22501 0.06078 

30 
0.56977 0.29673 0.04338 0.07292 0.0172 
0.04254 0.01467 0.00135 0.66281 0.27863 
0.01116 0.02398 0.52059 0.0136 0.43067 
0.17282 0.19226 0.00584 0.38308 0.246 
0.00373 0.5623 0.22064 0.02319 0.19014 
0.12657 0.082 0.71647 0.02019 0.05477 
30 
0.02688 0.01998 0.20159 0.0125 0.73905 
0.47974 0.07332 0.09388 0.1685 0.18456 
0.0186 0.01309 0.96639 1.4E-4 0.00178 
0.00831 0.07376 0.02937 0.38555 0.50301 
0.01392 2.8E-4 0.98519 2.8E-4 3.3E-4 
5.1E-4 0.16912 1.7E-4 0.82874 0.00146 
30 
0.00329 0.00464 0.09186 0.62421 0.276 
0.00337 0.66823 0.2626 0.06242 0.00338 
0.98925 0.00672 2.2E-4 0.00228 0.00153 
0.69379 0.02961 0.04333 0.02516 0.20811 
0.63399 0.00459 0.02858 0.31248 0.02036 
0.15635 0.58538 0.20469 0.03292 0.02066 
30 
0.00237 0.96459 0.02155 0.00652 0.00497 
0.3967 0.12273 0.02568 0.37593 0.07896 
0.04732 0.24846 0.04297 0.65335 0.0079 
0.00343 0.00122 0.32891 0.65491 0.01153 
0.15195 0.00325 0.01377 0.70312 0.12791 
0.44562 0.01121 0.00979 0.11741 0.41597 
30 
0.18838 0.20485 0.02418 0.05862 0.52397 
0.38213 0.25149 0.07006 0.14339 0.15293 
0.00948 0.00391 0.00208 1.6E-4 0.98437 
9.0E-5 0.00207 0.00119 0.9621 0.03455 
0.12293 0.10118 0.05093 0.21919 0.50577 
0.87415 0.0085 0.0646 0.0198 0.03295 

4 
0.5357 0.4643 
0.09667 0.90333 
4 
0.27197 0.72803 
0.28849 0.71151 
4 
0.19149 0.80851 
0.28404 0.71596 
4 
0.33488 0.66512 
0.88576 0.11424 
4 
0.82793 0.17207 
0.81853 0.18147 

18 
0.83418 0.05397 0.11185 
0.09058 0.13299 0.77643 
0.02104 0.69601 0.28295 
0.16661 0.78674 0.04665 
0.09411 0.79718 0.10871 
0.38441 0.58233 0.03326 
18 
0.00332 0.61629 0.38039 
0.83684 0.08967 0.07349 
0.07019 0.90274 0.02707 
0.87635 0.04495 0.0787 
0.16705 0.09911 0.73384 
0.03325 0.13504 0.83171 

30 
0.19978 0.11831 0.51783 0.02433 0.13975 
0.02534 0.02331 0.58027 0.06605 0.30503 
0.77695 0.16037 0.01037 0.00119 0.05112 
0.03977 0.43334 0.32349 0.17475 0.02865 
0.83312 0.03137 0.02908 0.06262 0.04381 
0.00505 0.00222 0.50304 0.00128 0.48841 
30 
1.6E-4 0.87111 0.11752 0.001 0.01021 
0.10167 0.2882 0.05141 0.02822 0.5305 
0.73295 0.04885 0.04425 0.05217 0.12178 
0.05699 0.80318 0.09688 0.02968 0.01327 
0.25031 9.3E-4 0.00519 0.02441 0.71916 
0.26381 0.31141 0.40404 0.01509 0.00565 
30 
0.22095 0.1806 0.1067 0.27784 0.21391 
0.06714 0.16437 0.00663 0.04664 0.71522 
0.75008 0.03265 0.01212 0.08692 0.11823 
0.17295 0.76771 0.00688 0.05245 1.0E-5 
0.00327 0.03553 0.03251 0.68141 0.24728 
0.20125 0.69093 0.06391 0.00309 0.04082 

30 
0.69377 0.00354 0.13801 0.16401 6.7E-4 
0.77406 0.12319 0.02801 0.00468 0.07006 
0.10653 0.62917 0.07645 0.05839 0.12946 
0.01974 3.7E-4 0.10101 0.07612 0.80276 
0.04191 0.00958 0.42277 0.00817 0.51757 
0.06956 0.05874 0.14638 0.04487 0.68045 
30 
0.16701 0.03268 0.14894 0.18169 0.46968 
0.78199 0.04296 0.0127 0.00159 0.16076 
0.05837 0.04835 0.08506 0.45808 0.35014 
0.18104 0.00951 0.57041 0.02289 0.21615 
0.73986 0.06492 0.00318 0.07937 0.11267 
0.02226 0.02458 0.05482 0.01472 0.88362 
30 
0.3884 0.03122 0.09175 0.25488 0.23375 
0.02112 0.79603 0.02557 0.0197 0.13758 
0.03555 0.18502 0.30136 0.02202 0.45605 
0.28207 0.05251 0.60425 0.01922 0.04195 
4.3E-4 1.2E-4 0.99884 3.4E-4 2.7E-4 
0.11276 0.15818 0.13015 0.5855 0.01341 
30 
0.05983 0.03428 0.0466 0.21073 0.64856 
0.85675 0.09808 0.00572 0.00874 0.03071 
0.22441 0.26901 0.44819 0.04459 0.0138 
0.12554 0.12661 0.05378 0.57952 0.11455 
0.65472 0.07257 0.21694 0.02494 0.03083 
0.16153 0.2378 0.31248 0.24209 0.0461 
30 
0.00351 0.89641 8.0E-5 0.00154 0.09846 
0.20751 0.3639 0.01559 0.19091 0.22209 
0.50301 0.1576 0.06673 0.23397 0.03869 
0.04728 0.87923 0.03133 0.04108 0.00108 
0.16284 0.76781 0.03038 0.01006 0.02891 
0.02769 0.81034 0.05092 0.02416 0.08689 
