V-CREDAL 
8 
4 4 2 2 2 3 4 4 
8 
2 6 0 
1 1 
3 0 1 2 
1 3 
3 3 6 4 
3 0 7 5 
1 6 
1 7 

24 
0.059 0.337 0.541 0.063 
0.074 0.542 0.097 0.287 
0.232 0.649 0.006 0.113 
0.709 0.053 0.124 0.114 
0.399 0.156 0.349 0.096 
0.062 0.23 0.665 0.043 
24 
0.704 0.028 0.09 0.178 
0.705 0.019 0.258 0.018 
0.252 0.003 0.743 0.002 
0.36 0.158 0.067 0.415 
0.189 0.046 0.51 0.255 
0.492 0.069 0.367 0.072 
24 
0.002 0.855 0.001 0.142 
0.005 0.004 0.035 0.956 
0.546 0.262 0.108 0.084 
0.178 0.005 0.339 0.478 
0.043 0.951 0.004 0.002 
0.489 0.032 0.073 0.406 
24 
0.022 0.958 0.017 0.003 
0.168 0.624 0.142 0.066 
0.112 0.823 0.044 0.021 
0.008 0.87 0.007 0.115 
0.009 0.324 0.441 0.226 
0.045 0.914 0.01 0.031 

24 
0.14 0.093 0.677 0.09 
0.246 0.585 0.031 0.138 
0.025 0.564 0.11 0.301 
0.142 0.011 0.809 0.038 
0.011 0.419 0.236 0.334 
0.004 0.206 0.787 0.003 

4 
0.255 0.745 
0.074 0.926 
4 
0.025 0.975 
0.351 0.649 
4 
0.997 0.003 
0.561 0.439 
4 
0.097 0.903 
0.054 0.946 
4 
0.836 0.164 
0.374 0.626 
4 
0.089 0.911 
0.291 0.709 
4 
0.906 0.094 
0.544 0.456 
4 
0.119 0.881 
0.28 0.72 
4 
0.339 0.661 
0.71 0.29 
4 
0.489 0.511 
0.802 0.198 
4 
0.975 0.025 
0.49 0.51 
4 
0.258 0.742 
0.173 0.827 
4 
0.025 0.975 
0.885 0.115 
4 
0.869 0.131 
0.14 0.86 
4 
0.886 0.114 
0.93 0.07 
4 
0.56 0.44 
0.594 0.406 

4 
0.505 0.495 
0.277 0.723 

4 
0.069 0.931 
0.344 0.656 
4 
0.076 0.924 
0.312 0.688 
4 
0.145 0.855 
0.585 0.415 
4 
0.408 0.592 
0.387 0.613 
4 
0.173 0.827 
0.469 0.531 
4 
0.656 0.344 
0.314 0.686 
4 
0.272 0.728 
0.203 0.797 
4 
0.016 0.984 
0.475 0.525 

18 
0.135 0.849 0.016 
0.009 0.843 0.148 
0.776 0.151 0.073 
0.321 0.041 0.638 
0.643 0.075 0.282 
0.553 0.054 0.393 
18 
0.167 0.686 0.147 
0.912 0.045 0.043 
0.806 0.026 0.168 
0.073 0.262 0.665 
0.33 0.639 0.031 
0.607 0.042 0.351 
18 
0.19 0.003 0.807 
0.727 0.202 0.071 
0.044 0.887 0.069 
0.04 0.091 0.869 
0.55 0.007 0.443 
0.684 0.152 0.164 
18 
0.037 0.307 0.656 
0.323 0.619 0.058 
0.15 0.141 0.709 
0.411 0.043 0.546 
0.99 0.007 0.003 
0.606 0.003 0.391 
18 
0.807 0.171 0.022 
0.537 0.422 0.041 
0.068 0.394 0.538 
0.782 0.074 0.144 
0.002 0.018 0.98 
0.082 0.002 0.916 
18 
0.86 0.125 0.015 
0.434 0.148 0.418 
0.271 0.335 0.394 
0.007 0.858 0.135 
0.008 0.853 0.139 
0.679 0.075 0.246 
18 
0.994 0.003 0.003 
0.209 0.785 0.006 
0.015 0.126 0.859 
0.099 0.001 0.9 
0.073 0.917 0.01 
0.455 0.54 0.005 
18 
0.77 0.186 0.044 
0.044 0.117 0.839 
0.987 0.003 0.01 
0.129 0.711 0.16 
0.048 0.359 0.593 
0.099 0.657 0.244 
18 
0.452 0.159 0.389 
0.417 0.464 0.119 
0.508 0.388 0.104 
0.121 0.257 0.622 
0.132 0.649 0.219 
0.549 0.193 0.258 
18 
0.101 0.808 0.091 
0.143 0.28 0.577 
0.228 0.066 0.706 
0.101 0.884 0.015 
0.65 0.323 0.027 
0.598 0.067 0.335 
18 
0.006 0.013 0.981 
0.112 0.005 0.883 
0.099 0.896 0.005 
0.835 0.155 0.01 
0.943 0.021 0.036 
0.007 0.125 0.868 
18 
0.889 0.022 0.089 
0.097 0.206 0.697 
0.671 0.002 0.327 
0.11 0.834 0.056 
0.146 0.009 0.845 
0.046 0.584 0.37 
18 
0.085 0.658 0.257 
0.537 0.131 0.332 
0.018 0.562 0.42 
0.358 0.071 0.571 
0.567 0.031 0.402 
0.013 0.209 0.778 
18 
0.424 0.142 0.434 
0.024 0.022 0.954 
0.102 0.765 0.133 
0.23 0.553 0.217 
0.069 0.618 0.313 
0.372 0.29 0.338 
18 
0.967 0.031 0.002 
0.942 0.024 0.034 
0.208 0.401 0.391 
0.378 0.271 0.351 
0.626 0.344 0.03 
0.152 0.382 0.466 
18 
0.443 0.529 0.028 
0.032 0.629 0.339 
0.066 0.015 0.919 
0.872 0.063 0.065 
0.083 0.811 0.106 
0.182 0.812 0.006 

24 
0.694 0.158 0.079 0.069 
0.052 0.08 0.796 0.072 
0.009 0.233 0.667 0.091 
0.214 0.261 0.082 0.443 
0.206 0.241 0.361 0.192 
0.365 0.14 0.104 0.391 

24 
0.122 0.191 0.237 0.45 
0.281 0.079 0.156 0.484 
0.004 0.244 0.383 0.369 
0.118 0.002 0.035 0.845 
0.273 0.212 0.437 0.078 
0.162 0.078 0.342 0.418 
