V-CREDAL 
10 
3 2 2 5 3 3 4 3 3 4 
10 
1 0 
2 0 1 
2 1 2 
2 2 3 
2 3 4 
2 4 5 
2 5 6 
2 6 7 
2 7 8 
2 8 9 

12 
0.66838 0.13142 0.2002 
0.18259 0.60608 0.21133 
0.01581 0.80323 0.18096 
0.88854 0.0929 0.01856 

4 
0.23874 0.76126 
0.21845 0.78155 
4 
0.61758 0.38242 
0.9197 0.0803 
4 
0.50357 0.49643 
0.6047 0.3953 

4 
0.98951 0.01049 
0.80306 0.19694 
4 
0.16817 0.83183 
0.89231 0.10769 

20 
0.07726 0.63433 0.04904 0.00128 0.23809 
0.0263 0.85604 0.00383 0.09431 0.01952 
0.00577 0.15381 0.15252 0.50036 0.18754 
0.03777 0.00816 0.34845 0.00796 0.59766 
20 
0.00138 0.60711 0.08225 0.00918 0.30008 
0.14198 0.31752 0.39019 0.005 0.14531 
0.21888 0.10092 0.04651 0.17592 0.45777 
0.01783 0.11492 0.71005 0.07556 0.08164 

12 
0.41236 0.32117 0.26647 
0.09176 0.07696 0.83128 
0.76623 0.03576 0.19801 
0.08121 0.06584 0.85295 
12 
0.29252 0.00249 0.70499 
0.69346 0.2567 0.04984 
0.56818 0.16551 0.26631 
0.24036 0.20352 0.55612 
12 
0.52756 0.47005 0.00239 
0.13961 0.03915 0.82124 
0.0261 0.93512 0.03878 
0.09637 0.06239 0.84124 
12 
0.66796 0.18139 0.15065 
0.49925 0.199 0.30175 
0.08422 0.91068 0.0051 
0.01878 0.80906 0.17216 
12 
0.34518 0.28413 0.37069 
0.27814 0.21556 0.5063 
0.23072 0.04844 0.72084 
0.80397 0.10983 0.0862 

12 
0.02734 0.49932 0.47334 
0.20478 0.76737 0.02785 
0.88194 0.01431 0.10375 
0.02814 0.03251 0.93935 
12 
0.07664 0.15513 0.76823 
0.08544 0.13017 0.78439 
0.11487 0.17777 0.70736 
0.08484 0.36186 0.5533 
12 
0.55444 0.02612 0.41944 
0.08263 0.8459 0.07147 
0.01083 0.03583 0.95334 
0.02889 0.01151 0.9596 

16 
0.20807 0.0048 0.0014 0.78573 
0.01163 0.07437 0.00981 0.90419 
0.11552 0.30772 0.11621 0.46055 
3.4E-4 0.35475 0.00122 0.64369 
16 
0.00482 0.05176 0.00731 0.93611 
0.0302 0.18586 0.24753 0.53641 
0.04201 0.90314 0.01956 0.03529 
0.00473 0.68415 0.03099 0.28013 
16 
0.10472 0.65056 0.17417 0.07055 
0.31071 0.15199 0.24159 0.29571 
0.04306 0.90792 0.01607 0.03295 
0.08028 0.45792 0.09635 0.36545 

12 
0.00549 0.9639 0.03061 
0.56289 0.06617 0.37094 
0.79859 0.07887 0.12254 
0.11586 0.06139 0.82275 
12 
0.84629 0.08716 0.06655 
0.365 0.32071 0.31429 
0.48197 0.37509 0.14294 
0.04772 0.63702 0.31526 
12 
0.18029 0.50744 0.31227 
0.22299 0.37101 0.406 
0.73239 0.1906 0.07701 
0.41445 0.37609 0.20946 
12 
0.44629 0.29615 0.25756 
0.0517 0.67628 0.27202 
0.89509 3.2E-4 0.10459 
0.01358 0.96405 0.02237 

12 
0.46927 0.40011 0.13062 
0.60324 0.00479 0.39197 
0.61543 0.03721 0.34736 
1.2E-4 0.05476 0.94512 
12 
0.16012 0.49495 0.34493 
0.66973 0.10224 0.22803 
0.60034 0.05769 0.34197 
0.14678 0.17217 0.68105 
12 
0.97636 0.01624 0.0074 
0.55363 0.00964 0.43673 
0.22608 0.69059 0.08333 
0.20584 0.53472 0.25944 

16 
0.27567 0.67546 0.00112 0.04775 
0.06754 0.60758 0.07764 0.24724 
0.10895 0.63922 0.12378 0.12805 
0.36678 0.54358 0.01193 0.07771 
16 
0.92629 0.01838 0.05419 0.00114 
0.17563 0.03317 0.78325 0.00795 
0.3811 0.25545 0.09596 0.26749 
0.09593 0.50993 0.133 0.26114 
16 
0.07844 0.38911 0.37124 0.16121 
0.33365 0.19067 0.21287 0.26281 
0.90744 0.03434 0.05244 0.00578 
0.00634 0.5289 0.46218 0.00258 
