V-CREDAL
8
3 4 4 3 4 3 3 4
8
1 0
3 0 2 1
1 2
2 5 3
2 6 4
2 2 5
2 2 6
2 5 7

12
0.112 0.004 0.884
0.687 0.153 0.16
0.417 0.185 0.398
0.952 0.018 0.03

16
0.668 0.125 0.169 0.038
0.006 0.13 0.023 0.841
0.133 0.5 0.119 0.248
0.098 0.383 0.111 0.408
16
0.23 0.102 0.333 0.335
0.165 0.449 0.017 0.369
0.583 0.321 0.09 0.006
0.17 0.321 0.007 0.502
16
0.435 0.051 0.468 0.046
0.183 0.32 0.254 0.243
0.732 0.151 0.062 0.055
0.023 0.006 0.017 0.954
16
0.011 0.024 0.035 0.93
0.069 0.034 0.294 0.603
0.006 0.036 0.433 0.525
0.002 0.071 0.373 0.554
16
0.972 0.005 0.012 0.011
0.142 0.32 0.329 0.209
0.08 0.885 0.01 0.025
0.227 0.197 0.508 0.068
16
0.112 0.108 0.431 0.349
0.158 0.79 0.004 0.048
0.116 0.072 0.218 0.594
0.434 0.039 0.004 0.523
16
0.116 0.252 0.063 0.569
0.528 0.1 0.14 0.232
0.566 0.008 0.233 0.193
0.022 0.9 0.076 0.002
16
0.224 0.246 0.196 0.334
0.086 0.594 0.063 0.257
0.934 0.019 0.009 0.038
0.096 0.28 0.091 0.533
16
0.134 0.322 0.306 0.238
0.211 0.167 0.111 0.511
0.088 0.04 0.828 0.044
0.625 0.092 0.088 0.195
16
0.92 0.003 0.041 0.036
0.136 0.372 0.09 0.402
0.01 0.009 0.98 0.001
0.34 0.14 0.219 0.301
16
0.011 0.972 0.005 0.012
0.324 0.263 0.356 0.057
0.08 0.898 0.001 0.021
0.001 0.991 0.007 0.001
16
0.207 0.065 0.116 0.612
0.05 0.579 0.143 0.228
0.599 0.096 0.106 0.199
0.452 0.22 0.166 0.162

16
0.029 0.437 0.271 0.263
0.465 0.002 0.021 0.512
0.006 0.003 0.45 0.541
0.186 0.372 0.014 0.428

12
0.412 0.52 0.068
0.416 0.16 0.424
0.119 0.611 0.27
0.073 0.07 0.857
12
0.021 0.049 0.93
0.23 0.403 0.367
0.205 0.388 0.407
0.191 0.081 0.728
12
0.186 0.002 0.812
0.366 0.491 0.143
0.79 0.115 0.095
0.034 0.045 0.921

16
0.059 0.051 0.332 0.558
0.001 0.631 0.332 0.036
0.076 0.028 0.221 0.675
0.95 0.017 0.002 0.031
16
0.088 0.095 0.122 0.695
0.722 0.048 0.206 0.024
0.353 0.231 0.394 0.022
0.111 0.585 0.16 0.144
16
0.004 0.266 0.391 0.339
0.067 0.658 0.24 0.035
0.008 0.477 0.006 0.509
0.199 0.249 0.481 0.071

12
0.026 0.96 0.014
0.392 0.551 0.057
0.614 0.179 0.207
0.236 0.295 0.469
12
0.034 0.081 0.885
0.498 0.066 0.436
0.016 0.71 0.274
0.398 0.466 0.136
12
0.653 0.027 0.32
0.04 0.724 0.236
0.013 0.49 0.497
0.243 0.729 0.028
12
0.164 0.594 0.242
0.69 0.199 0.111
0.01 0.001 0.989
0.771 0.07 0.159

12
0.232 0.59 0.178
0.426 0.495 0.079
0.123 0.26 0.617
0.082 0.3 0.618
12
0.408 0.019 0.573
0.035 0.205 0.76
0.003 0.899 0.098
0.867 0.001 0.132
12
0.843 0.137 0.02
0.264 0.471 0.265
0.142 0.838 0.02
0.793 0.019 0.188
12
0.114 0.001 0.885
0.188 0.717 0.095
0.336 0.387 0.277
0.049 0.771 0.18

16
0.092 0.696 0.195 0.017
0.09 0.844 0.064 0.002
0.269 0.102 0.531 0.098
0.359 0.102 0.471 0.068
16
0.214 0.047 0.159 0.58
0.22 0.539 0.077 0.164
0.011 0.861 0.109 0.019
0.061 0.25 0.687 0.002
16
0.011 0.013 0.67 0.306
0.553 0.321 0.018 0.108
0.327 0.311 0.15 0.212
0.003 0.0 0.906 0.091
