V-CREDAL 
8 
3 3 3 2 3 2 3 4 
8 
2 5 0 
1 1 
2 1 2 
2 2 3 
3 1 7 4 
1 5 
2 3 6 
2 5 7 

18 
0.20765 0.00117 0.79118 
0.5251 0.22902 0.24588 
0.02194 0.54123 0.43683 
0.00824 0.32846 0.6633 
0.02545 0.0602 0.91435 
0.67003 0.12974 0.20023 
18 
0.66539 0.31743 0.01718 
0.7051 0.0669 0.228 
0.03831 0.61016 0.35153 
0.23848 0.2383 0.52322 
0.6994 0.27761 0.02299 
0.01525 0.5932 0.39155 

18 
0.01903 0.00579 0.97518 
0.00333 0.912 0.08467 
0.97319 0.00761 0.0192 
0.09282 0.8841 0.02308 
0.02454 0.91063 0.06483 
0.01331 0.01886 0.96783 

18 
0.02387 0.87461 0.10152 
0.36191 0.21931 0.41878 
0.15563 0.77494 0.06943 
0.02402 0.00282 0.97316 
0.00317 0.45217 0.54466 
0.03245 0.88891 0.07864 
18 
0.30952 0.45277 0.23771 
0.30581 0.24022 0.45397 
0.15232 0.325 0.52268 
0.79093 0.03723 0.17184 
0.78373 0.2051 0.01117 
0.01538 0.48012 0.5045 
18 
0.24567 0.0204 0.73393 
0.12359 0.85312 0.02329 
0.7923 0.10742 0.10028 
0.76148 0.04505 0.19347 
0.04217 0.70218 0.25565 
0.07363 0.87921 0.04716 

4 
0.7236 0.2764 
0.67318 0.32682 
4 
0.12157 0.87843 
0.33013 0.66987 
4 
0.8518 0.1482 
0.42073 0.57927 

18 
0.12671 0.25638 0.61691 
0.76245 0.21521 0.02234 
0.10816 0.6103 0.28154 
0.44092 0.01789 0.54119 
0.1849 0.14689 0.66821 
0.95123 0.04486 0.00391 
18 
0.10742 0.13009 0.76249 
0.82863 0.03673 0.13464 
0.09332 0.57678 0.3299 
0.03212 0.33786 0.63002 
0.97638 0.01937 0.00425 
0.44497 0.37116 0.18387 
18 
0.56934 0.40155 0.02911 
0.14976 0.00342 0.84682 
0.81564 0.11286 0.0715 
0.18901 0.77393 0.03706 
0.08352 0.03374 0.88274 
0.13293 0.48245 0.38462 
18 
0.76317 0.01779 0.21904 
0.15277 0.10445 0.74278 
0.71916 0.14435 0.13649 
0.0242 0.31333 0.66247 
0.03218 0.92169 0.04613 
0.01904 0.72178 0.25918 
18 
0.23156 0.50254 0.2659 
0.29918 0.2622 0.43862 
0.03951 0.81196 0.14853 
0.05032 0.83692 0.11276 
0.00355 0.21245 0.784 
0.00844 0.06019 0.93137 
18 
0.99338 0.0012 0.00542 
0.34476 0.61794 0.0373 
0.20868 0.08872 0.7026 
0.09924 0.79995 0.10081 
0.05398 0.62199 0.32403 
0.09793 0.13258 0.76949 
18 
0.10191 0.40602 0.49207 
0.23721 0.07116 0.69163 
0.12823 0.46555 0.40622 
0.54954 0.02479 0.42567 
0.20267 0.62604 0.17129 
0.55247 0.38624 0.06129 
18 
0.69304 0.14875 0.15821 
0.42452 0.00166 0.57382 
0.00242 2.0E-4 0.99738 
0.1044 0.82316 0.07244 
0.00367 0.30292 0.69341 
0.2553 0.74039 0.00431 
18 
0.56843 0.37235 0.05922 
0.18797 0.03789 0.77414 
0.04696 0.11323 0.83981 
0.26736 0.06486 0.66778 
0.06472 0.76488 0.1704 
0.03422 0.4072 0.55858 
18 
0.99426 0.00106 0.00468 
0.25375 0.73325 0.013 
0.07648 0.12327 0.80025 
0.00161 0.87442 0.12397 
0.00382 0.66653 0.32965 
0.40314 0.0431 0.55376 
18 
0.03362 0.92365 0.04273 
0.0952 0.05086 0.85394 
0.6685 0.00864 0.32286 
0.75714 0.23475 0.00811 
0.19108 0.78765 0.02127 
0.0826 0.88751 0.02989 
18 
0.16076 0.79599 0.04325 
0.86429 0.0162 0.11951 
0.00262 0.02335 0.97403 
0.1841 0.79842 0.01748 
0.20582 0.79389 2.9E-4 
0.02535 0.42823 0.54642 

4 
0.49662 0.50338 
0.74758 0.25242 

18 
0.41391 0.57391 0.01218 
0.79702 0.17871 0.02427 
0.00449 0.93192 0.06359 
0.00516 1.1E-4 0.99473 
0.00188 0.01053 0.98759 
0.19979 0.77421 0.026 
18 
0.713 0.07694 0.21006 
0.15514 0.83946 0.0054 
0.59686 0.28803 0.11511 
0.09406 0.00864 0.8973 
0.0611 0.15552 0.78338 
0.05254 0.07327 0.87419 

24 
0.2327 0.04169 0.52344 0.20217 
0.00826 0.1255 0.06544 0.8008 
0.05088 0.27336 0.57311 0.10265 
0.02976 0.69318 0.03066 0.2464 
0.17314 0.08855 0.63188 0.10643 
0.2491 0.265 0.23453 0.25137 
24 
0.16472 0.18498 0.61075 0.03955 
0.24181 0.01029 0.30707 0.44083 
0.12375 0.02269 0.20488 0.64868 
0.22868 0.06447 0.52323 0.18362 
0.01004 0.14553 0.08912 0.75531 
0.17789 0.2134 0.4181 0.19061 
