V-CREDAL
5
3 2 4 4 2
5
1 0
2 0 1
2 1 2
2 2 3
2 3 4

12
0.175 0.091 0.734
0.276 0.024 0.7
0.862 0.063 0.075
0.929 0.011 0.06

4
0.342 0.658
0.721 0.279
4
0.004 0.996
0.152 0.848
4
0.016 0.984
0.604 0.396

16
0.012 0.801 0.085 0.102
0.086 0.077 0.801 0.036
0.034 0.051 0.784 0.131
0.478 0.025 0.107 0.39
16
0.255 0.522 0.221 0.002
0.257 0.27 0.177 0.296
0.046 0.842 0.069 0.043
0.004 0.027 0.003 0.966

16
0.731 0.008 0.194 0.067
0.015 0.527 0.285 0.173
0.042 0.262 0.141 0.555
0.265 0.228 0.347 0.16
16
0.115 0.266 0.555 0.064
0.912 0.073 0.004 0.011
0.0 0.003 0.002 0.995
0.11 0.329 0.051 0.51
16
0.054 0.106 0.045 0.795
0.077 0.016 0.83 0.077
0.208 0.786 0.003 0.003
0.433 0.087 0.177 0.303
16
0.92 0.054 0.008 0.018
0.091 0.485 0.267 0.157
0.391 0.335 0.105 0.169
0.024 0.729 0.203 0.044

4
0.925 0.075
0.639 0.361
4
0.963 0.037
0.853 0.147
4
0.312 0.688
0.221 0.779
4
0.178 0.822
0.336 0.664
