V-CREDAL
8
4 3 4 4 4 3 4 4
8
1 0
2 0 1
2 1 2
2 2 3
2 3 4
2 4 5
2 5 6
2 6 7

24
0.377 0.167 0.027 0.429
0.294 0.474 0.181 0.051
0.576 0.054 0.344 0.026
0.139 0.573 0.248 0.04
0.077 0.014 0.405 0.504
0.227 0.338 0.16 0.275

18
0.014 0.924 0.062
0.025 0.061 0.914
0.036 0.939 0.025
0.959 0.027 0.014
0.965 0.03 0.005
0.379 0.036 0.585
18
0.4 0.045 0.555
0.394 0.333 0.273
0.493 0.494 0.013
0.74 0.047 0.213
0.538 0.005 0.457
0.595 0.352 0.053
18
0.008 0.99 0.002
0.133 0.094 0.773
0.08 0.285 0.635
0.258 0.011 0.731
0.897 0.016 0.087
0.882 0.102 0.016
18
0.022 0.865 0.113
0.093 0.156 0.751
0.547 0.013 0.44
0.887 0.061 0.052
0.16 0.825 0.015
0.018 0.641 0.341

24
0.003 0.969 0.021 0.007
0.287 0.147 0.503 0.063
0.015 0.007 0.069 0.909
0.822 0.052 0.084 0.042
0.113 0.216 0.603 0.068
0.181 0.049 0.065 0.705
24
0.818 0.06 0.089 0.033
0.434 0.025 0.496 0.045
0.123 0.361 0.145 0.371
0.561 0.35 0.059 0.03
0.025 0.222 0.535 0.218
0.623 0.211 0.133 0.033
24
0.065 0.569 0.083 0.283
0.149 0.095 0.064 0.692
0.163 0.475 0.119 0.243
0.105 0.118 0.405 0.372
0.116 0.114 0.048 0.722
0.009 0.296 0.258 0.437

24
0.035 0.652 0.291 0.022
0.013 0.232 0.209 0.546
0.642 0.055 0.3 0.003
0.102 0.642 0.134 0.122
0.024 0.073 0.899 0.004
0.028 0.597 0.035 0.34
24
0.056 0.65 0.013 0.281
0.017 0.877 0.007 0.099
0.059 0.351 0.347 0.243
0.08 0.386 0.444 0.09
0.359 0.022 0.045 0.574
0.06 0.026 0.111 0.803
24
0.088 0.61 0.233 0.069
0.014 0.368 0.363 0.255
0.019 0.066 0.384 0.531
0.031 0.003 0.925 0.041
0.131 0.222 0.202 0.445
0.027 0.264 0.23 0.479
24
0.097 0.152 0.449 0.302
0.071 0.847 0.047 0.035
0.19 0.154 0.1 0.556
0.407 0.556 0.026 0.011
0.183 0.316 0.035 0.466
0.028 0.105 0.192 0.675

24
0.718 0.006 0.048 0.228
0.344 0.068 0.115 0.473
0.033 0.232 0.718 0.017
0.192 0.675 0.126 0.007
0.301 0.391 0.283 0.025
0.313 0.436 0.224 0.027
24
0.01 0.224 0.011 0.755
0.62 0.231 0.023 0.126
0.131 0.015 0.351 0.503
0.887 0.034 0.012 0.067
0.014 0.221 0.607 0.158
0.628 0.326 0.032 0.014
24
0.002 0.016 0.976 0.006
0.346 0.373 0.21 0.071
0.355 0.419 0.034 0.192
0.852 0.028 0.081 0.039
0.809 0.009 0.086 0.096
0.698 0.079 0.079 0.144
24
0.811 0.008 0.152 0.029
0.363 0.45 0.062 0.125
0.036 0.002 0.96 0.002
0.038 0.185 0.183 0.594
0.154 0.06 0.415 0.371
0.029 0.135 0.757 0.079

18
0.874 0.085 0.041
0.09 0.818 0.092
0.036 0.057 0.907
0.17 0.815 0.015
0.804 0.158 0.038
0.061 0.608 0.331
18
0.154 0.013 0.833
0.021 0.805 0.174
0.003 0.642 0.355
0.961 0.022 0.017
0.455 0.513 0.032
0.086 0.252 0.662
18
0.43 0.05 0.52
0.837 0.005 0.158
0.003 0.995 0.002
0.003 0.138 0.859
0.68 0.303 0.017
0.117 0.879 0.004
18
0.082 0.312 0.606
0.583 0.414 0.003
0.397 0.149 0.454
0.092 0.642 0.266
0.1 0.808 0.092
0.753 0.145 0.102

24
0.04 0.059 0.824 0.077
0.463 0.408 0.056 0.073
0.077 0.01 0.693 0.22
0.104 0.151 0.512 0.233
0.286 0.044 0.481 0.189
0.067 0.231 0.51 0.192
24
0.053 0.194 0.67 0.083
0.004 0.67 0.04 0.286
0.071 0.315 0.078 0.536
0.199 0.128 0.515 0.158
0.056 0.159 0.775 0.01
0.245 0.224 0.144 0.387
24
0.299 0.044 0.011 0.646
0.016 0.943 0.001 0.04
0.016 0.605 0.05 0.329
0.012 0.947 0.028 0.013
0.074 0.043 0.511 0.372
0.046 0.921 0.023 0.01

24
0.035 0.898 0.052 0.015
0.485 0.373 0.023 0.119
0.001 0.95 0.003 0.046
0.111 0.117 0.029 0.743
0.195 0.087 0.33 0.388
0.331 0.131 0.216 0.322
24
0.068 0.029 0.003 0.9
0.432 0.053 0.125 0.39
0.143 0.577 0.006 0.274
0.156 0.02 0.556 0.268
0.057 0.059 0.285 0.599
0.172 0.444 0.115 0.269
24
0.134 0.128 0.588 0.15
0.017 0.696 0.034 0.253
0.049 0.384 0.208 0.359
0.034 0.52 0.412 0.034
0.048 0.7 0.025 0.227
0.114 0.2 0.487 0.199
24
0.036 0.392 0.097 0.475
0.223 0.123 0.067 0.587
0.101 0.266 0.09 0.543
0.567 0.001 0.43 0.002
0.93 0.005 0.062 0.003
0.619 0.042 0.124 0.215
