V-CREDAL
10
2 4 2 3 4 2 2 4 2 4
10
2 2 0
2 8 1
2 7 2
1 3
2 5 4
2 2 5
2 5 6
2 8 7
1 8
3 3 4 9

4
0.864 0.136
0.723 0.277
4
0.985 0.015
0.392 0.608

16
0.68 0.15 0.101 0.069
0.194 0.224 0.072 0.51
0.03 0.594 0.077 0.299
0.034 0.024 0.458 0.484
16
0.001 0.005 0.161 0.833
0.067 0.756 0.055 0.122
0.155 0.499 0.208 0.138
0.14 0.295 0.315 0.25

4
0.464 0.536
0.423 0.577
4
0.679 0.321
0.052 0.948
4
0.893 0.107
0.219 0.781
4
0.228 0.772
0.178 0.822

12
0.361 0.049 0.59
0.316 0.407 0.277
0.539 0.206 0.255
0.058 0.253 0.689

16
0.061 0.825 0.112 0.002
0.289 0.441 0.124 0.146
0.63 0.003 0.013 0.354
0.021 0.348 0.56 0.071
16
0.172 0.172 0.168 0.488
0.012 0.202 0.03 0.756
0.161 0.028 0.005 0.806
0.014 0.276 0.039 0.671

4
0.246 0.754
0.134 0.866
4
0.35 0.65
0.227 0.773

4
0.354 0.646
0.52 0.48
4
0.418 0.582
0.568 0.432

16
0.023 0.26 0.009 0.708
0.368 0.001 0.053 0.578
0.17 0.033 0.179 0.618
0.043 0.59 0.191 0.176
16
0.058 0.062 0.205 0.675
0.221 0.432 0.283 0.064
0.835 0.002 0.002 0.161
0.752 0.01 0.016 0.222

4
0.88 0.12
0.478 0.522

16
0.09 0.795 0.027 0.088
0.016 0.954 0.005 0.025
0.237 0.041 0.055 0.667
0.608 0.047 0.02 0.325
16
0.96 0.005 0.035 0.0
0.191 0.6 0.182 0.027
0.018 0.249 0.052 0.681
0.263 0.068 0.009 0.66
16
0.7 0.158 0.117 0.025
0.979 0.02 0.001 0.0
0.864 0.052 0.048 0.036
0.166 0.362 0.277 0.195
16
0.011 0.533 0.28 0.176
0.031 0.866 0.036 0.067
0.771 0.117 0.035 0.077
0.01 0.865 0.01 0.115
16
0.093 0.235 0.617 0.055
0.511 0.134 0.216 0.139
0.174 0.211 0.338 0.277
0.518 0.037 0.387 0.058
16
0.487 0.408 0.071 0.034
0.162 0.678 0.081 0.079
0.191 0.065 0.036 0.708
0.179 0.684 0.131 0.006
16
0.035 0.235 0.405 0.325
0.484 0.217 0.128 0.171
0.313 0.403 0.266 0.018
0.007 0.172 0.758 0.063
16
0.641 0.013 0.112 0.234
0.3 0.156 0.029 0.515
0.148 0.06 0.108 0.684
0.087 0.039 0.311 0.563
16
0.736 0.08 0.135 0.049
0.264 0.32 0.041 0.375
0.073 0.499 0.405 0.023
0.336 0.066 0.532 0.066
16
0.009 0.762 0.228 0.001
0.324 0.644 0.008 0.024
0.173 0.172 0.233 0.422
0.556 0.009 0.114 0.321
16
0.0 0.001 0.002 0.997
0.03 0.001 0.963 0.006
0.041 0.012 0.069 0.878
0.109 0.487 0.372 0.032
16
0.113 0.108 0.555 0.224
0.326 0.072 0.321 0.281
0.211 0.021 0.56 0.208
0.337 0.406 0.171 0.086
