V-CREDAL
7
4 3 3 2 3 4 2
7
1 0
1 1
4 0 1 3 2
1 3
3 3 6 4
2 0 5
1 6

16
0.445 0.227 0.044 0.284
0.134 0.224 0.033 0.609
0.369 0.308 0.219 0.104
0.034 0.93 0.01 0.026

12
0.345 0.12 0.535
0.214 0.443 0.343
0.868 0.07 0.062
0.869 0.109 0.022

12
0.122 0.023 0.855
0.062 0.861 0.077
0.227 0.341 0.432
0.108 0.777 0.115
12
0.868 0.091 0.041
0.021 0.714 0.265
0.994 0.002 0.004
0.601 0.358 0.041
12
0.063 0.865 0.072
0.001 0.968 0.031
0.023 0.571 0.406
0.011 0.485 0.504
12
0.611 0.231 0.158
0.006 0.058 0.936
0.063 0.203 0.734
0.3 0.014 0.686
12
0.127 0.002 0.871
0.199 0.191 0.61
0.603 0.194 0.203
0.722 0.123 0.155
12
0.553 0.349 0.098
0.422 0.081 0.497
0.288 0.45 0.262
0.498 0.228 0.274
12
0.045 0.544 0.411
0.206 0.154 0.64
0.552 0.131 0.317
0.043 0.947 0.01
12
0.262 0.181 0.557
0.002 0.751 0.247
0.017 0.22 0.763
0.063 0.041 0.896
12
0.421 0.456 0.123
0.178 0.316 0.506
0.184 0.27 0.546
0.322 0.063 0.615
12
0.796 0.197 0.007
0.185 0.667 0.148
0.021 0.854 0.125
0.886 0.004 0.11
12
0.065 0.846 0.089
0.175 0.125 0.7
0.838 0.161 0.001
0.064 0.737 0.199
12
0.037 0.782 0.181
0.017 0.047 0.936
0.232 0.108 0.66
0.204 0.413 0.383
12
0.025 0.605 0.37
0.115 0.564 0.321
0.111 0.638 0.251
0.013 0.847 0.14
12
0.432 0.558 0.01
0.059 0.58 0.361
0.446 0.296 0.258
0.19 0.053 0.757
12
0.456 0.523 0.021
0.973 0.006 0.021
0.072 0.696 0.232
0.149 0.016 0.835
12
0.191 0.201 0.608
0.108 0.834 0.058
0.706 0.29 0.004
0.799 0.101 0.1
12
0.008 0.126 0.866
0.342 0.619 0.039
0.215 0.062 0.723
0.668 0.235 0.097
12
0.03 0.118 0.852
0.24 0.277 0.483
0.756 0.121 0.123
0.45 0.333 0.217
12
0.494 0.427 0.079
0.869 0.103 0.028
0.033 0.552 0.415
0.955 0.021 0.024
12
0.177 0.823 0.0
0.409 0.344 0.247
0.164 0.01 0.826
0.059 0.88 0.061
12
0.372 0.515 0.113
0.056 0.094 0.85
0.128 0.816 0.056
0.034 0.697 0.269
12
0.69 0.199 0.111
0.467 0.484 0.049
0.653 0.12 0.227
0.605 0.213 0.182
12
0.277 0.348 0.375
0.726 0.178 0.096
0.03 0.293 0.677
0.166 0.206 0.628
12
0.012 0.007 0.981
0.689 0.31 0.001
0.153 0.84 0.007
0.006 0.467 0.527

4
0.409 0.591
0.477 0.523

12
0.004 0.015 0.981
0.943 0.027 0.03
0.787 0.003 0.21
0.485 0.038 0.477
12
0.852 0.096 0.052
0.199 0.016 0.785
0.115 0.565 0.32
0.182 0.586 0.232
12
0.156 0.776 0.068
0.004 0.001 0.995
0.674 0.236 0.09
0.014 0.001 0.985
12
0.469 0.521 0.01
0.213 0.784 0.003
0.052 0.611 0.337
0.459 0.197 0.344

16
0.178 0.223 0.001 0.598
0.728 0.007 0.18 0.085
0.29 0.671 0.023 0.016
0.302 0.466 0.214 0.018
16
0.945 0.009 0.045 0.001
0.398 0.225 0.292 0.085
0.666 0.227 0.107 0.0
0.313 0.222 0.393 0.072
16
0.014 0.009 0.907 0.07
0.066 0.499 0.028 0.407
0.813 0.104 0.036 0.047
0.142 0.36 0.475 0.023
16
0.084 0.001 0.753 0.162
0.128 0.512 0.136 0.224
0.389 0.23 0.12 0.261
0.708 0.005 0.012 0.275

4
0.79 0.21
0.043 0.957
