V-CREDAL 
8 
2 3 2 4 3 2 2 3 
8 
1 0 
4 4 6 7 1 
1 2 
2 0 3 
1 4 
2 2 5 
2 0 6 
2 5 7 

4 
0.873 0.127 
0.575 0.425 

18 
0.128 0.618 0.254 
0.486 0.082 0.432 
0.013 0.057 0.93 
0.638 0.254 0.108 
0.085 0.487 0.428 
0.033 0.007 0.96 
18 
0.092 0.519 0.389 
0.559 0.415 0.026 
0.809 0.013 0.178 
0.295 0.512 0.193 
0.037 0.081 0.882 
0.172 0.522 0.306 
18 
0.967 0.024 0.009 
0.755 0.036 0.209 
0.036 0.797 0.167 
0.007 0.176 0.817 
0.05 0.921 0.029 
0.165 0.071 0.764 
18 
0.975 0.012 0.013 
0.009 0.969 0.022 
0.003 0.841 0.156 
0.002 0.008 0.99 
0.928 0.061 0.011 
0.015 0.969 0.016 
18 
0.102 0.708 0.19 
0.283 0.646 0.071 
0.029 0.082 0.889 
0.15 0.065 0.785 
0.653 0.138 0.209 
0.089 0.665 0.246 
18 
0.447 0.072 0.481 
0.532 0.316 0.152 
0.335 0.577 0.088 
0.115 0.336 0.549 
0.109 0.614 0.277 
0.166 0.179 0.655 
18 
0.048 0.95 0.002 
0.71 0.172 0.118 
0.296 0.014 0.69 
0.001 0.727 0.272 
0.006 0.069 0.925 
0.03 0.031 0.939 
18 
0.098 0.806 0.096 
0.348 0.618 0.034 
0.87 0.019 0.111 
0.025 0.042 0.933 
0.155 0.033 0.812 
0.113 0.874 0.013 
18 
0.124 0.053 0.823 
0.566 0.002 0.432 
0.546 0.404 0.05 
0.032 0.786 0.182 
0.015 0.264 0.721 
0.863 0.07 0.067 
18 
0.006 0.914 0.08 
0.021 0.003 0.976 
0.251 0.024 0.725 
0.781 0.087 0.132 
0.834 0.138 0.028 
0.405 0.581 0.014 
18 
0.399 0.556 0.045 
0.945 0.037 0.018 
0.028 0.127 0.845 
0.18 0.012 0.808 
0.019 0.537 0.444 
0.012 0.903 0.085 
18 
0.576 0.39 0.034 
0.084 0.808 0.108 
0.905 0.086 0.009 
0.019 0.05 0.931 
0.013 0.354 0.633 
0.571 0.035 0.394 
18 
0.749 0.061 0.19 
0.65 0.043 0.307 
0.073 0.378 0.549 
0.761 0.236 0.003 
0.482 0.513 0.005 
0.257 0.656 0.087 
18 
0.87 0.074 0.056 
0.044 0.831 0.125 
0.856 0.111 0.033 
0.037 0.434 0.529 
0.195 0.098 0.707 
0.591 0.397 0.012 
18 
0.329 0.619 0.052 
0.019 0.638 0.343 
0.162 0.048 0.79 
0.057 0.722 0.221 
0.003 0.097 0.9 
0.314 0.028 0.658 
18 
0.893 0.01 0.097 
0.021 0.034 0.945 
0.001 0.987 0.012 
0.95 0.048 0.002 
0.412 0.584 0.004 
0.693 0.003 0.304 
18 
0.973 0.015 0.012 
0.019 0.725 0.256 
0.024 0.636 0.34 
0.174 0.049 0.777 
0.107 0.851 0.042 
0.014 0.922 0.064 
18 
0.799 0.039 0.162 
0.043 0.08 0.877 
0.007 0.986 0.007 
0.226 0.048 0.726 
0.518 0.464 0.018 
0.698 0.004 0.298 

4 
0.643 0.357 
0.787 0.213 

24 
0.378 0.483 0.081 0.058 
0.065 0.165 0.096 0.674 
0.079 0.018 0.651 0.252 
0.111 0.619 0.068 0.202 
0.023 0.486 0.194 0.297 
0.129 0.008 0.741 0.122 
24 
0.789 0.207 0.002 0.002 
0.1 0.786 0.052 0.062 
0.301 0.339 0.124 0.236 
0.195 0.253 0.303 0.249 
0.351 0.087 0.293 0.269 
0.022 0.677 0.155 0.146 

18 
0.021 0.953 0.026 
0.99 0.007 0.003 
0.281 0.003 0.716 
0.023 0.015 0.962 
0.146 0.853 0.001 
0.018 0.755 0.227 

4 
0.196 0.804 
0.019 0.981 
4 
0.809 0.191 
0.996 0.004 

4 
0.73 0.27 
0.431 0.569 
4 
0.908 0.092 
0.262 0.738 

18 
0.024 0.569 0.407 
0.212 0.646 0.142 
0.314 0.36 0.326 
0.06 0.109 0.831 
0.25 0.032 0.718 
0.066 0.869 0.065 
18 
0.07 0.071 0.859 
0.933 0.003 0.064 
0.044 0.797 0.159 
0.003 0.681 0.316 
0.991 0.002 0.007 
0.752 0.214 0.034 
