V-CREDAL
6
3 3 3 3 4 3
6
1 0
2 0 1
2 1 2
2 2 3
2 3 4
2 4 5

12
0.419 0.504 0.077
0.164 0.062 0.774
0.043 0.16 0.797
0.093 0.664 0.243

12
0.105 0.108 0.787
0.375 0.503 0.122
0.4 0.005 0.595
0.292 0.034 0.674
12
0.054 0.784 0.162
0.155 0.149 0.696
0.023 0.544 0.433
0.825 0.126 0.049
12
0.701 0.089 0.21
0.032 0.895 0.073
0.816 0.177 0.007
0.692 0.293 0.015

12
0.045 0.47 0.485
0.018 0.672 0.31
0.197 0.561 0.242
0.395 0.424 0.181
12
0.217 0.003 0.78
0.131 0.446 0.423
0.129 0.825 0.046
0.467 0.426 0.107
12
0.373 0.547 0.08
0.087 0.059 0.854
0.011 0.595 0.394
0.306 0.563 0.131

12
0.092 0.865 0.043
0.229 0.564 0.207
0.118 0.765 0.117
0.182 0.733 0.085
12
0.791 0.106 0.103
0.186 0.001 0.813
0.041 0.957 0.002
0.0 0.001 0.999
12
0.585 0.037 0.378
0.375 0.571 0.054
0.574 0.079 0.347
0.006 0.028 0.966

16
0.447 0.0 0.195 0.358
0.499 0.259 0.051 0.191
0.212 0.123 0.031 0.634
0.021 0.84 0.0 0.139
16
0.725 0.147 0.126 0.002
0.134 0.824 0.033 0.009
0.05 0.199 0.02 0.731
0.288 0.053 0.125 0.534
16
0.025 0.136 0.054 0.785
0.006 0.025 0.001 0.968
0.044 0.688 0.109 0.159
0.291 0.701 0.005 0.003

12
0.199 0.677 0.124
0.793 0.151 0.056
0.259 0.36 0.381
0.813 0.178 0.009
12
0.463 0.204 0.333
0.002 0.006 0.992
0.549 0.426 0.025
0.034 0.304 0.662
12
0.632 0.161 0.207
0.504 0.031 0.465
0.118 0.136 0.746
0.744 0.024 0.232
12
0.064 0.38 0.556
0.095 0.015 0.89
0.935 0.038 0.027
0.157 0.398 0.445
