V-CREDAL 
6 
4 4 2 2 3 4 
6 
2 5 0 
1 1 
3 4 5 2 
2 1 3 
1 4 
2 1 5 

16 
0.067 0.035 0.004 0.894 
0.821 0.088 0.044 0.047 
0.043 0.046 0.856 0.055 
0.07 0.436 0.385 0.109 
16 
0.007 0.19 0.735 0.068 
0.022 0.068 0.312 0.598 
0.001 0.766 0.002 0.231 
0.174 0.072 0.532 0.222 
16 
0.28 0.127 0.124 0.469 
0.171 0.049 0.648 0.132 
0.177 0.353 0.422 0.048 
0.05 0.942 0.006 0.002 
16 
0.131 0.623 0.098 0.148 
0.493 0.393 0.001 0.113 
0.09 0.021 0.423 0.466 
0.513 0.277 0.063 0.147 

16 
0.243 0.072 0.41 0.275 
0.014 0.074 0.66 0.252 
0.043 0.104 0.217 0.636 
0.052 0.092 0.757 0.099 

4 
0.983 0.017 
0.362 0.638 
4 
0.45 0.55 
0.142 0.858 
4 
0.842 0.158 
0.838 0.162 
4 
0.527 0.473 
0.721 0.279 
4 
0.463 0.537 
0.479 0.521 
4 
0.654 0.346 
0.371 0.629 
4 
0.515 0.485 
0.503 0.497 
4 
0.926 0.074 
0.027 0.973 
4 
0.726 0.274 
0.898 0.102 
4 
0.216 0.784 
0.289 0.711 
4 
0.004 0.996 
0.92 0.08 
4 
0.256 0.744 
0.75 0.25 

4 
0.717 0.283 
0.019 0.981 
4 
0.084 0.916 
0.443 0.557 
4 
0.378 0.622 
0.028 0.972 
4 
0.656 0.344 
0.42 0.58 

12 
0.062 0.389 0.549 
0.61 0.379 0.011 
0.232 0.124 0.644 
0.294 0.648 0.058 

16 
0.032 0.375 0.055 0.538 
0.188 0.177 0.357 0.278 
0.324 0.015 0.077 0.584 
0.003 0.02 0.966 0.011 
16 
0.177 0.092 0.539 0.192 
0.343 0.557 0.027 0.073 
0.021 0.568 0.364 0.047 
0.66 0.018 0.003 0.319 
16 
0.301 0.498 0.12 0.081 
0.436 0.052 0.424 0.088 
0.663 0.008 0.226 0.103 
0.001 0.24 0.016 0.743 
16 
0.131 0.067 0.494 0.308 
0.573 0.024 0.342 0.061 
0.015 0.723 0.261 0.001 
0.679 0.081 0.184 0.056 
