V-CREDAL 
8 
4 3 3 3 2 2 3 4 
8 
2 5 0 
2 6 1 
3 1 3 2 
2 4 3 
1 4 
1 5 
2 5 6 
2 4 7 

24 
0.00115 0.20426 0.00327 0.79132 
0.036 0.5037 0.20425 0.25605 
0.00255 0.4501 0.54675 6.0E-4 
0.73967 0.1898 0.05814 0.01239 
0.04941 0.00762 0.79075 0.15222 
0.27812 0.14035 0.09823 0.4833 
24 
0.19289 0.1401 0.57008 0.09693 
0.68095 0.22106 0.01337 0.08462 
0.03215 0.75386 0.20579 0.0082 
0.08436 0.35079 0.09305 0.4718 
0.43977 0.21178 0.34442 0.00403 
0.02115 0.61528 0.00882 0.35475 

18 
0.9474 0.01613 0.03647 
0.04763 0.05794 0.89443 
0.03942 0.95733 0.00325 
0.02432 0.49626 0.47942 
0.76852 0.02121 0.21027 
0.03179 0.84299 0.12522 
18 
0.70178 0.27096 0.02726 
0.45719 0.4724 0.07041 
0.39274 0.00646 0.6008 
0.69199 0.08151 0.2265 
0.0059 0.6058 0.3883 
0.12893 0.04509 0.82598 
18 
0.05005 0.01766 0.93229 
0.49873 0.48464 0.01663 
0.05753 0.61847 0.324 
0.37328 0.60349 0.02323 
0.99265 2.6E-4 0.00709 
0.02829 0.30664 0.66507 

18 
0.16951 0.80677 0.02372 
0.47424 0.08672 0.43904 
0.63191 0.13965 0.22844 
5.4E-4 0.01521 0.98425 
0.48539 0.37399 0.14062 
0.08611 0.76866 0.14523 
18 
0.17096 0.49931 0.32973 
0.65492 0.16317 0.18191 
0.42911 0.56398 0.00691 
0.14148 0.26813 0.59039 
0.67908 0.28291 0.03801 
0.30947 0.06067 0.62986 
18 
0.39934 0.58768 0.01298 
0.03405 0.95935 0.0066 
0.86647 0.04442 0.08911 
0.14335 0.15787 0.69878 
0.54552 0.07547 0.37901 
0.36962 0.10169 0.52869 
18 
0.86085 0.13648 0.00267 
0.04368 0.90853 0.04779 
0.10501 0.86344 0.03155 
0.57612 0.02197 0.40191 
0.22943 0.17992 0.59065 
0.00274 0.648 0.34926 
18 
0.05152 0.16827 0.78021 
0.79444 0.14237 0.06319 
0.73963 0.25232 0.00805 
0.09328 0.88805 0.01867 
0.06735 0.09194 0.84071 
0.36311 0.0939 0.54299 
18 
0.80709 0.16494 0.02797 
0.02848 0.434 0.53752 
0.27661 0.71922 0.00417 
0.45416 0.0239 0.52194 
0.00942 0.07064 0.91994 
0.1425 0.59495 0.26255 
18 
0.05314 0.70318 0.24368 
0.15455 0.1929 0.65255 
0.34478 0.02744 0.62778 
0.01687 0.92251 0.06062 
0.97064 0.02721 0.00215 
0.26156 0.0315 0.70694 
18 
0.32946 0.58795 0.08259 
0.10398 0.80378 0.09224 
0.89051 0.026 0.08349 
0.37947 0.0395 0.58103 
0.1451 0.05416 0.80074 
0.06156 0.20969 0.72875 
18 
0.04402 0.02763 0.92835 
0.03646 0.93249 0.03105 
0.84411 0.01538 0.14051 
0.42293 0.53702 0.04005 
0.02088 0.41571 0.56341 
0.01975 0.35804 0.62221 

18 
0.00836 0.65965 0.33199 
0.88449 0.02197 0.09354 
0.01491 0.01309 0.972 
0.02972 0.96015 0.01013 
0.57986 0.37649 0.04365 
0.18528 0.80605 0.00867 
18 
0.21284 0.10218 0.68498 
0.30803 0.55642 0.13555 
0.00133 0.85679 0.14188 
0.36485 0.08397 0.55118 
0.00318 0.74816 0.24866 
0.51622 0.2151 0.26868 

4 
0.67671 0.32329 
0.25402 0.74598 

4 
0.8253 0.1747 
0.7917 0.2083 

18 
0.05862 0.27726 0.66412 
0.92072 0.02587 0.05341 
0.53608 0.06972 0.3942 
0.20998 0.18857 0.60145 
0.68291 0.23955 0.07754 
0.35062 0.33792 0.31146 
18 
0.04078 0.77204 0.18718 
0.59733 0.39991 0.00276 
0.23319 0.42418 0.34263 
0.38975 0.28227 0.32798 
0.04002 0.68445 0.27553 
0.13159 0.79502 0.07339 

24 
0.04126 0.46209 0.08634 0.41031 
0.07194 0.03357 0.77012 0.12437 
0.2234 0.02114 0.00983 0.74563 
0.00536 0.02407 0.29926 0.67131 
0.49648 0.08146 0.37914 0.04292 
0.17348 0.12576 0.69446 0.0063 
24 
0.64235 0.0876 0.04792 0.22213 
0.25498 0.52799 0.11795 0.09908 
0.36883 0.00187 0.62875 5.5E-4 
0.25809 0.01733 0.71806 0.00652 
0.60643 0.03305 0.05348 0.30704 
0.09919 0.18464 0.35048 0.36569 
