V-CREDAL
10
2 3 3 4 3 3 3 3 2 4
10
1 0
2 0 1
2 1 2
2 2 3
2 3 4
2 4 5
2 5 6
2 6 7
2 7 8
2 8 9

4
0.237 0.763
0.298 0.702

12
0.614 0.117 0.269
0.709 0.029 0.262
0.029 0.8 0.171
0.115 0.807 0.078
12
0.043 0.129 0.828
0.277 0.233 0.49
0.079 0.03 0.891
0.847 0.064 0.089

12
0.247 0.012 0.741
0.076 0.818 0.106
0.539 0.272 0.189
0.518 0.456 0.026
12
0.07 0.129 0.801
0.401 0.434 0.165
0.241 0.751 0.008
0.043 0.93 0.027
12
0.01 0.945 0.045
0.211 0.775 0.014
0.139 0.318 0.543
0.511 0.001 0.488

16
0.397 0.047 0.309 0.247
0.257 0.315 0.209 0.219
0.382 0.039 0.076 0.503
0.165 0.184 0.42 0.231
16
0.001 0.999 0.0 0.0
0.189 0.281 0.086 0.444
0.085 0.167 0.117 0.631
0.188 0.405 0.276 0.131
16
0.493 0.002 0.035 0.47
0.234 0.216 0.123 0.427
0.1 0.354 0.401 0.145
0.005 0.001 0.007 0.987

12
0.005 0.05 0.945
0.5 0.361 0.139
0.173 0.184 0.643
0.233 0.161 0.606
12
0.208 0.523 0.269
0.268 0.026 0.706
0.0 0.534 0.466
0.025 0.955 0.02
12
0.293 0.531 0.176
0.088 0.163 0.749
0.72 0.156 0.124
0.17 0.078 0.752
12
0.671 0.106 0.223
0.082 0.041 0.877
0.067 0.123 0.81
0.238 0.272 0.49

12
0.527 0.04 0.433
0.233 0.188 0.579
0.453 0.048 0.499
0.422 0.441 0.137
12
0.199 0.148 0.653
0.016 0.759 0.225
0.805 0.107 0.088
0.478 0.108 0.414
12
0.038 0.855 0.107
0.75 0.248 0.002
0.395 0.253 0.352
0.22 0.527 0.253

12
0.031 0.773 0.196
0.124 0.401 0.475
0.493 0.437 0.07
0.004 0.529 0.467
12
0.826 0.149 0.025
0.821 0.06 0.119
0.349 0.505 0.146
0.398 0.514 0.088
12
0.001 0.83 0.169
0.628 0.33 0.042
0.209 0.654 0.137
0.378 0.615 0.007

12
0.283 0.131 0.586
0.748 0.234 0.018
0.217 0.127 0.656
0.194 0.484 0.322
12
0.043 0.421 0.536
0.0 0.999 0.001
0.533 0.087 0.38
0.285 0.615 0.1
12
0.012 0.01 0.978
0.325 0.465 0.21
0.802 0.116 0.082
0.677 0.019 0.304

4
0.055 0.945
0.765 0.235
4
0.776 0.224
0.392 0.608
4
0.55 0.45
0.905 0.095

16
0.047 0.174 0.413 0.366
0.012 0.784 0.182 0.022
0.064 0.16 0.725 0.051
0.143 0.023 0.726 0.108
16
0.275 0.24 0.271 0.214
0.25 0.143 0.159 0.448
0.001 0.831 0.021 0.147
0.398 0.089 0.09 0.423
