V-CREDAL
9
2 3 4 2 2 4 2 2 3
9
2 3 0
2 3 1
2 7 2
2 4 3
1 4
2 0 5
3 0 8 6
2 0 7
1 8

4
0.918 0.082
0.612 0.388
4
0.594 0.406
0.211 0.789

12
0.383 0.523 0.094
0.844 0.048 0.108
0.282 0.178 0.54
0.119 0.773 0.108
12
0.032 0.341 0.627
0.616 0.38 0.004
0.011 0.017 0.972
0.316 0.662 0.022

16
0.459 0.161 0.153 0.227
0.032 0.499 0.465 0.004
0.02 0.048 0.853 0.079
0.231 0.082 0.11 0.577
16
0.611 0.035 0.037 0.317
0.093 0.002 0.157 0.748
0.057 0.018 0.024 0.901
0.17 0.171 0.601 0.058

4
0.332 0.668
0.584 0.416
4
0.756 0.244
0.256 0.744

4
0.137 0.863
0.002 0.998

16
0.072 0.009 0.868 0.051
0.155 0.11 0.274 0.461
0.11 0.007 0.577 0.306
0.066 0.048 0.042 0.844
16
0.101 0.278 0.621 0.0
0.523 0.049 0.304 0.124
0.058 0.029 0.538 0.375
0.414 0.184 0.346 0.056

4
0.101 0.899
0.205 0.795
4
0.312 0.688
0.747 0.253
4
0.681 0.319
0.992 0.008
4
0.769 0.231
0.749 0.251
4
0.629 0.371
0.736 0.264
4
0.537 0.463
0.972 0.028

4
0.547 0.453
0.833 0.167
4
0.544 0.456
0.561 0.439

12
0.136 0.324 0.54
0.257 0.672 0.071
0.033 0.765 0.202
0.0 0.998 0.002
