V-CREDAL
7
2 3 4 4 3 4 2
7
4 1 2 6 0
2 3 1
1 2
1 3
2 1 4
2 4 5
1 6

4
0.881 0.119
0.849 0.151
4
0.775 0.225
0.226 0.774
4
0.743 0.257
0.768 0.232
4
0.226 0.774
0.131 0.869
4
0.759 0.241
0.524 0.476
4
0.56 0.44
0.321 0.679
4
0.123 0.877
0.342 0.658
4
0.86 0.14
0.389 0.611
4
0.181 0.819
0.839 0.161
4
0.499 0.501
0.372 0.628
4
0.322 0.678
0.472 0.528
4
0.33 0.67
0.656 0.344
4
0.816 0.184
0.702 0.298
4
0.463 0.537
0.559 0.441
4
0.816 0.184
0.696 0.304
4
0.204 0.796
0.499 0.501
4
0.411 0.589
0.614 0.386
4
0.128 0.872
0.3 0.7
4
0.446 0.554
0.27 0.73
4
0.264 0.736
0.52 0.48
4
0.645 0.355
0.396 0.604
4
0.681 0.319
0.66 0.34
4
0.113 0.887
0.738 0.262
4
0.373 0.627
0.999 0.001

12
0.776 0.136 0.088
0.207 0.257 0.536
0.263 0.586 0.151
0.352 0.182 0.466
12
0.423 0.435 0.142
0.494 0.077 0.429
0.205 0.383 0.412
0.619 0.042 0.339
12
0.141 0.416 0.443
0.522 0.167 0.311
0.3 0.655 0.045
0.316 0.65 0.034
12
0.343 0.291 0.366
0.064 0.929 0.007
0.252 0.265 0.483
0.216 0.595 0.189

16
0.014 0.966 0.008 0.012
0.006 0.694 0.267 0.033
0.026 0.094 0.026 0.854
0.052 0.579 0.258 0.111

16
0.052 0.009 0.007 0.932
0.007 0.004 0.13 0.859
0.027 0.419 0.102 0.452
0.104 0.782 0.027 0.087

12
0.26 0.102 0.638
0.599 0.397 0.004
0.952 0.023 0.025
0.283 0.456 0.261
12
0.184 0.514 0.302
0.612 0.107 0.281
0.988 0.005 0.007
0.068 0.881 0.051
12
0.343 0.005 0.652
0.566 0.148 0.286
0.263 0.231 0.506
0.667 0.082 0.251

16
0.304 0.097 0.058 0.541
0.095 0.325 0.503 0.077
0.224 0.688 0.004 0.084
0.639 0.137 0.174 0.05
16
0.208 0.493 0.222 0.077
0.686 0.002 0.212 0.1
0.374 0.574 0.004 0.048
0.047 0.797 0.102 0.054
16
0.03 0.193 0.063 0.714
0.025 0.764 0.125 0.086
0.044 0.346 0.099 0.511
0.163 0.345 0.125 0.367

4
0.229 0.771
0.498 0.502
