V-CREDAL
4
3 4 4 4
4
1 0
2 0 1
2 1 2
2 2 3

12
0.388 0.231 0.381
0.144 0.031 0.825
0.285 0.631 0.084
0.037 0.023 0.94

16
0.004 0.245 0.01 0.741
0.027 0.002 0.52 0.451
0.354 0.016 0.174 0.456
0.163 0.765 0.048 0.024
16
0.225 0.062 0.544 0.169
0.002 0.009 0.004 0.985
0.01 0.095 0.874 0.021
0.057 0.158 0.049 0.736
16
0.285 0.611 0.062 0.042
0.899 0.01 0.08 0.011
0.02 0.066 0.708 0.206
0.105 0.047 0.801 0.047

16
0.083 0.031 0.01 0.876
0.002 0.985 0.012 0.001
0.517 0.17 0.089 0.224
0.186 0.161 0.525 0.128
16
0.041 0.004 0.003 0.952
0.004 0.291 0.003 0.702
0.059 0.352 0.468 0.121
0.058 0.41 0.024 0.508
16
0.106 0.306 0.117 0.471
0.119 0.055 0.798 0.028
0.014 0.953 0.017 0.016
0.126 0.022 0.461 0.391
16
0.267 0.146 0.185 0.402
0.758 0.208 0.006 0.028
0.013 0.008 0.883 0.096
0.005 0.258 0.292 0.445

16
0.001 0.981 0.016 0.002
0.068 0.278 0.554 0.1
0.915 0.004 0.046 0.035
0.269 0.296 0.393 0.042
16
0.285 0.006 0.185 0.524
0.078 0.685 0.041 0.196
0.339 0.236 0.254 0.171
0.481 0.089 0.193 0.237
16
0.057 0.082 0.736 0.125
0.002 0.215 0.021 0.762
0.006 0.916 0.041 0.037
0.768 0.006 0.021 0.205
16
0.196 0.055 0.695 0.054
0.052 0.022 0.043 0.883
0.287 0.017 0.615 0.081
0.234 0.298 0.406 0.062
