V-CREDAL 
6 
3 3 2 3 2 3 
6 
3 2 5 0 
3 3 4 1 
1 2 
1 3 
1 4 
2 4 5 

12 
0.11667 0.16274 0.72059 
0.46331 0.01431 0.52238 
0.9036 0.05661 0.03979 
0.42024 0.2642 0.31556 
12 
0.24341 0.268 0.48859 
0.57002 0.09843 0.33155 
0.17574 0.51503 0.30923 
0.46987 0.02565 0.50448 
12 
0.30501 0.66047 0.03452 
0.03967 0.0703 0.89003 
0.24652 0.03525 0.71823 
0.58401 0.23999 0.176 
12 
0.11056 0.06887 0.82057 
0.74584 0.14124 0.11292 
0.03982 0.67344 0.28674 
0.00547 0.98278 0.01175 
12 
0.54435 0.19084 0.26481 
0.19889 0.02852 0.77259 
0.27592 0.58946 0.13462 
0.06906 0.0674 0.86354 
12 
0.01481 0.27606 0.70913 
0.7857 0.2056 0.0087 
0.11984 0.81903 0.06113 
0.02414 0.23995 0.73591 

12 
0.32287 0.12876 0.54837 
0.01104 0.86767 0.12129 
0.15084 0.73825 0.11091 
0.47411 0.14234 0.38355 
12 
0.57877 0.14037 0.28086 
0.49455 0.44255 0.0629 
0.0147 0.66356 0.32174 
0.53948 0.02043 0.44009 
12 
0.21418 0.53457 0.25125 
0.33796 0.21904 0.443 
0.0023 0.72741 0.27029 
0.00261 0.19189 0.8055 
12 
0.17967 0.08826 0.73207 
0.16727 0.52554 0.30719 
0.00557 0.16374 0.83069 
0.00597 0.10031 0.89372 
12 
0.61714 0.22436 0.1585 
0.08662 0.0544 0.85898 
0.14891 0.8062 0.04489 
0.00285 0.93162 0.06553 
12 
0.4482 0.25491 0.29689 
0.93647 0.02616 0.03737 
0.12418 0.79327 0.08255 
0.00348 0.78995 0.20657 

4 
0.22671 0.77329 
0.94701 0.05299 

12 
0.66303 0.24154 0.09543 
0.01454 0.88367 0.10179 
0.18301 0.80884 0.00815 
0.75518 0.08567 0.15915 

4 
0.42841 0.57159 
0.45698 0.54302 

12 
0.34406 0.21703 0.43891 
0.66479 0.2367 0.09851 
0.18908 0.6407 0.17022 
0.02025 0.23217 0.74758 
12 
0.03172 0.22789 0.74039 
0.71974 0.18466 0.0956 
0.1172 0.80541 0.07739 
0.0909 0.07125 0.83785 
