V-CREDAL 
6 
2 3 3 2 4 4 
6 
2 2 0 
3 2 3 1 
1 2 
1 3 
3 3 5 4 
1 5 

4 
0.18087 0.81913 
0.75071 0.24929 
4 
0.93669 0.06331 
0.51186 0.48814 
4 
0.20753 0.79247 
0.03882 0.96118 

18 
0.37553 0.59792 0.02655 
0.02989 0.92703 0.04308 
0.11689 0.00481 0.8783 
0.01136 0.17403 0.81461 
0.76736 0.15028 0.08236 
0.00115 0.59439 0.40446 
18 
0.10238 0.04906 0.84856 
0.80015 0.18403 0.01582 
0.08863 0.70896 0.20241 
0.77942 0.17413 0.04645 
0.27415 0.01446 0.71139 
0.04941 0.41599 0.5346 
18 
0.52367 0.43062 0.04571 
0.69679 0.04881 0.2544 
0.32879 0.00388 0.66733 
0.08355 0.59863 0.31782 
0.25187 0.11393 0.6342 
0.6394 0.26371 0.09689 
18 
0.0747 0.18046 0.74484 
0.39665 0.4347 0.16865 
0.27566 0.66562 0.05872 
0.13206 0.14683 0.72111 
0.4325 0.19506 0.37244 
0.05417 0.64251 0.30332 
18 
0.00425 0.96648 0.02927 
0.07497 0.0561 0.86893 
0.92219 0.01991 0.0579 
0.05866 0.18343 0.75791 
0.5404 0.00754 0.45206 
0.35239 0.01558 0.63203 
18 
0.12096 0.31725 0.56179 
0.06387 0.56434 0.37179 
0.04784 0.9026 0.04956 
0.56555 0.2047 0.22975 
0.44157 0.17626 0.38217 
0.00941 0.9499 0.04069 

18 
0.86731 0.06989 0.0628 
0.22113 0.00841 0.77046 
0.44455 0.45303 0.10242 
0.09061 0.42991 0.47948 
0.86042 0.13674 0.00284 
9.3E-4 0.01811 0.98096 

4 
0.20289 0.79711 
0.08283 0.91717 

24 
0.33738 0.26245 0.307 0.09317 
0.0806 0.44829 0.3746 0.09651 
0.92545 0.04487 0.02842 0.00126 
0.03065 0.16818 0.13204 0.66913 
0.15226 0.00756 0.55052 0.28966 
0.03046 0.09414 0.09083 0.78457 
24 
0.02403 0.91079 0.02788 0.0373 
0.58285 0.07923 0.26515 0.07277 
0.02137 0.07022 0.46202 0.44639 
0.03467 0.03035 0.80993 0.12505 
0.47504 0.14374 0.10812 0.2731 
0.02358 0.07452 0.17905 0.72285 
24 
0.02334 0.05965 0.90031 0.0167 
0.17128 0.00924 0.34928 0.4702 
0.08565 0.02816 0.16152 0.72467 
0.97964 0.00112 0.00816 0.01108 
0.06725 0.91182 0.00528 0.01565 
0.90237 0.00185 0.08318 0.0126 
24 
0.06 0.68116 0.23505 0.02379 
0.02677 0.30712 0.66389 0.00222 
0.84518 0.01184 0.11897 0.02401 
0.5919 0.06442 0.31011 0.03357 
0.5397 0.20852 0.00337 0.24841 
0.02053 0.83687 0.13803 0.00457 
24 
0.3626 0.28264 0.00139 0.35337 
0.02978 0.20355 0.52487 0.2418 
0.53873 0.31713 0.10775 0.03639 
0.85678 0.07416 0.00209 0.06697 
0.01812 0.59499 0.01927 0.36762 
0.14732 0.04877 0.33391 0.47 
24 
0.45489 0.0872 0.40731 0.0506 
0.35419 0.19556 0.0243 0.42595 
0.09852 0.08508 0.02449 0.79191 
0.70004 0.14877 0.15023 9.6E-4 
0.05062 0.54955 0.00714 0.39269 
0.16307 0.28151 0.44085 0.11457 
24 
0.01591 0.1434 0.69601 0.14468 
6.0E-4 0.87348 0.04856 0.07736 
0.03983 0.02707 0.58785 0.34525 
0.01848 0.02067 0.04552 0.91533 
0.74388 0.01237 0.2331 0.01065 
0.2256 0.11406 0.00303 0.65731 
24 
0.24345 0.06951 0.4512 0.23584 
0.78968 0.04034 0.13896 0.03102 
0.93038 0.01114 0.03326 0.02522 
0.15815 0.06508 0.73425 0.04252 
0.21267 2.9E-4 0.77245 0.01459 
0.95369 0.00113 0.00935 0.03583 

24 
0.16723 0.0961 0.57926 0.15741 
0.04833 0.77551 0.09423 0.08193 
0.76431 0.0742 0.0304 0.13109 
0.22312 0.52088 0.02642 0.22958 
0.60499 0.13607 0.23126 0.02768 
0.9903 0.00209 0.00259 0.00502 
