V-CREDAL
6
3 2 3 4 4 4
6
1 0
2 0 1
2 1 2
2 2 3
2 3 4
2 4 5

18
0.105 0.739 0.156
0.921 0.058 0.021
0.17 0.003 0.827
0.158 0.734 0.108
0.239 0.69 0.071
0.031 0.705 0.264

4
0.371 0.629
0.52 0.48
4
0.262 0.738
0.361 0.639
4
0.453 0.547
0.656 0.344

18
0.009 0.355 0.636
0.008 0.981 0.011
0.085 0.015 0.9
0.7 0.016 0.284
0.562 0.337 0.101
0.663 0.171 0.166
18
0.096 0.101 0.803
0.795 0.072 0.133
0.768 0.143 0.089
0.037 0.663 0.3
0.552 0.302 0.146
0.023 0.671 0.306

24
0.018 0.372 0.362 0.248
0.812 0.018 0.098 0.072
0.245 0.096 0.045 0.614
0.243 0.072 0.651 0.034
0.411 0.3 0.249 0.04
0.169 0.094 0.058 0.679
24
0.157 0.312 0.145 0.386
0.086 0.004 0.31 0.6
0.726 0.033 0.063 0.178
0.272 0.297 0.312 0.119
0.172 0.344 0.254 0.23
0.19 0.202 0.519 0.089
24
0.077 0.006 0.344 0.573
0.044 0.556 0.224 0.176
0.005 0.428 0.466 0.101
0.089 0.016 0.551 0.344
0.083 0.013 0.104 0.8
0.269 0.266 0.134 0.331

24
0.078 0.157 0.088 0.677
0.517 0.179 0.052 0.252
0.692 0.099 0.204 0.005
0.082 0.004 0.914 0.0
0.058 0.828 0.026 0.088
0.141 0.064 0.493 0.302
24
0.086 0.416 0.02 0.478
0.643 0.345 0.009 0.003
0.79 0.055 0.136 0.019
0.627 0.024 0.303 0.046
0.059 0.94 0.0 0.001
0.015 0.646 0.034 0.305
24
0.115 0.156 0.684 0.045
0.065 0.624 0.196 0.115
0.673 0.298 0.029 0.0
0.037 0.089 0.044 0.83
0.607 0.277 0.013 0.103
0.005 0.381 0.549 0.065
24
0.358 0.13 0.034 0.478
0.015 0.378 0.006 0.601
0.012 0.937 0.028 0.023
0.655 0.173 0.029 0.143
0.361 0.01 0.542 0.087
0.234 0.008 0.589 0.169

24
0.779 0.011 0.149 0.061
0.118 0.169 0.613 0.1
0.202 0.558 0.053 0.187
0.039 0.085 0.029 0.847
0.13 0.22 0.619 0.031
0.239 0.448 0.231 0.082
24
0.358 0.006 0.176 0.46
0.366 0.115 0.183 0.336
0.411 0.315 0.076 0.198
0.561 0.113 0.218 0.108
0.09 0.566 0.078 0.266
0.214 0.22 0.088 0.478
24
0.005 0.016 0.925 0.054
0.043 0.008 0.037 0.912
0.306 0.16 0.394 0.14
0.4 0.05 0.014 0.536
0.428 0.048 0.199 0.325
0.764 0.113 0.071 0.052
24
0.213 0.06 0.44 0.287
0.277 0.627 0.002 0.094
0.172 0.081 0.383 0.364
0.031 0.005 0.074 0.89
0.071 0.751 0.153 0.025
0.073 0.69 0.068 0.169
