V-CREDAL
10
4 2 4 4 3 4 4 4 4 2
10
1 0
2 0 1
2 1 2
2 2 3
2 3 4
2 4 5
2 5 6
2 6 7
2 7 8
2 8 9

24
0.038 0.671 0.279 0.012
0.335 0.054 0.517 0.094
0.052 0.015 0.252 0.681
0.154 0.736 0.093 0.017
0.127 0.216 0.253 0.404
0.015 0.931 0.046 0.008

4
0.095 0.905
0.587 0.413
4
0.469 0.531
0.516 0.484
4
0.944 0.056
0.806 0.194
4
0.302 0.698
0.549 0.451

24
0.2 0.308 0.208 0.284
0.037 0.02 0.81 0.133
0.251 0.191 0.174 0.384
0.432 0.082 0.21 0.276
0.055 0.189 0.714 0.042
0.194 0.116 0.66 0.03
24
0.004 0.005 0.004 0.987
0.12 0.006 0.037 0.837
0.619 0.047 0.193 0.141
0.133 0.018 0.697 0.152
0.099 0.68 0.062 0.159
0.471 0.011 0.493 0.025

24
0.212 0.116 0.44 0.232
0.075 0.019 0.816 0.09
0.006 0.011 0.689 0.294
0.002 0.521 0.446 0.031
0.002 0.872 0.008 0.118
0.254 0.614 0.022 0.11
24
0.055 0.942 0.001 0.002
0.319 0.403 0.003 0.275
0.002 0.005 0.992 0.001
0.174 0.161 0.092 0.573
0.891 0.002 0.017 0.09
0.843 0.113 0.002 0.042
24
0.399 0.036 0.537 0.028
0.169 0.355 0.16 0.316
0.003 0.173 0.028 0.796
0.365 0.02 0.066 0.549
0.268 0.248 0.303 0.181
0.168 0.163 0.001 0.668
24
0.233 0.034 0.022 0.711
0.761 0.1 0.131 0.008
0.225 0.314 0.121 0.34
0.022 0.612 0.364 0.002
0.171 0.035 0.543 0.251
0.678 0.145 0.022 0.155

18
0.042 0.051 0.907
0.752 0.071 0.177
0.154 0.763 0.083
0.006 0.686 0.308
0.076 0.829 0.095
0.095 0.013 0.892
18
0.05 0.716 0.234
0.734 0.08 0.186
0.007 0.168 0.825
0.03 0.004 0.966
0.512 0.479 0.009
0.463 0.529 0.008
18
0.693 0.112 0.195
0.052 0.266 0.682
0.038 0.802 0.16
0.687 0.038 0.275
0.064 0.069 0.867
0.11 0.035 0.855
18
0.51 0.474 0.016
0.013 0.003 0.984
0.045 0.004 0.951
0.026 0.179 0.795
0.107 0.727 0.166
0.809 0.176 0.015

24
0.117 0.03 0.721 0.132
0.023 0.831 0.086 0.06
0.008 0.313 0.057 0.622
0.003 0.014 0.001 0.982
0.652 0.227 0.119 0.002
0.828 0.114 0.024 0.034
24
0.086 0.638 0.052 0.224
0.448 0.088 0.088 0.376
0.447 0.124 0.33 0.099
0.051 0.099 0.369 0.481
0.481 0.093 0.239 0.187
0.099 0.016 0.809 0.076
24
0.089 0.104 0.252 0.555
0.088 0.185 0.122 0.605
0.62 0.074 0.057 0.249
0.057 0.822 0.016 0.105
0.966 0.003 0.029 0.002
0.66 0.276 0.058 0.006

24
0.379 0.448 0.02 0.153
0.125 0.052 0.307 0.516
0.042 0.206 0.058 0.694
0.263 0.069 0.034 0.634
0.089 0.466 0.062 0.383
0.404 0.537 0.013 0.046
24
0.015 0.196 0.068 0.721
0.783 0.019 0.149 0.049
0.629 0.238 0.027 0.106
0.014 0.026 0.618 0.342
0.26 0.484 0.228 0.028
0.076 0.675 0.218 0.031
24
0.005 0.957 0.032 0.006
0.848 0.064 0.066 0.022
0.032 0.697 0.017 0.254
0.557 0.009 0.425 0.009
0.386 0.21 0.197 0.207
0.043 0.403 0.18 0.374
24
0.548 0.328 0.032 0.092
0.009 0.523 0.126 0.342
0.004 0.07 0.912 0.014
0.004 0.363 0.384 0.249
0.07 0.616 0.22 0.094
0.199 0.18 0.261 0.36

24
0.51 0.06 0.008 0.422
0.467 0.003 0.007 0.523
0.015 0.376 0.497 0.112
0.057 0.007 0.019 0.917
0.006 0.852 0.132 0.01
0.091 0.779 0.09 0.04
24
0.374 0.338 0.172 0.116
0.024 0.011 0.002 0.963
0.554 0.098 0.188 0.16
0.229 0.113 0.021 0.637
0.005 0.423 0.092 0.48
0.643 0.056 0.226 0.075
24
0.294 0.382 0.028 0.296
0.003 0.296 0.616 0.085
0.056 0.165 0.489 0.29
0.003 0.01 0.978 0.009
0.489 0.346 0.063 0.102
0.094 0.465 0.166 0.275
24
0.043 0.09 0.844 0.023
0.016 0.914 0.004 0.066
0.151 0.125 0.093 0.631
0.022 0.079 0.527 0.372
0.541 0.234 0.216 0.009
0.35 0.151 0.458 0.041

24
0.152 0.151 0.67 0.027
0.008 0.004 0.081 0.907
0.009 0.855 0.005 0.131
0.014 0.165 0.115 0.706
0.397 0.408 0.06 0.135
0.238 0.242 0.479 0.041
24
0.536 0.067 0.079 0.318
0.333 0.531 0.119 0.017
0.475 0.226 0.023 0.276
0.017 0.791 0.061 0.131
0.257 0.085 0.647 0.011
0.017 0.568 0.413 0.002
24
0.197 0.11 0.113 0.58
0.015 0.741 0.008 0.236
0.599 0.028 0.359 0.014
0.616 0.198 0.098 0.088
0.123 0.137 0.236 0.504
0.452 0.018 0.426 0.104
24
0.311 0.2 0.437 0.052
0.031 0.899 0.024 0.046
0.025 0.878 0.049 0.048
0.001 0.204 0.035 0.76
0.381 0.211 0.154 0.254
0.272 0.41 0.066 0.252

4
0.787 0.213
0.071 0.929
4
0.916 0.084
0.292 0.708
4
0.156 0.844
0.108 0.892
4
0.415 0.585
0.166 0.834
