V-CREDAL 
10 
2 2 3 3 4 2 3 2 4 3 
10 
1 0 
2 0 1 
2 1 2 
2 2 3 
2 3 4 
2 4 5 
2 5 6 
2 6 7 
2 7 8 
2 8 9 

4 
0.8891 0.1109 
0.36167 0.63833 

4 
0.82502 0.17498 
0.52386 0.47614 
4 
0.47807 0.52193 
0.20918 0.79082 

12 
0.76938 6.6E-4 0.22996 
0.00372 0.70867 0.28761 
0.15219 0.00647 0.84134 
0.06103 0.10227 0.8367 
12 
0.01729 0.40947 0.57324 
0.1519 0.27217 0.57593 
0.1868 0.77662 0.03658 
0.12375 0.14735 0.7289 

12 
0.10873 0.18934 0.70193 
0.44743 0.41217 0.1404 
0.27794 0.54319 0.17887 
0.08254 0.60236 0.3151 
12 
0.71721 0.00888 0.27391 
0.08612 0.12613 0.78775 
0.00488 0.98379 0.01133 
0.57261 0.42268 0.00471 
12 
0.88982 0.06719 0.04299 
0.83588 0.05598 0.10814 
0.29186 0.62046 0.08768 
0.17263 0.21018 0.61719 

16 
0.94466 0.00808 0.01246 0.0348 
0.09126 0.20047 0.62197 0.0863 
0.00956 0.05893 0.29756 0.63395 
0.03711 0.96159 2.1E-4 0.00109 
16 
0.31938 0.00387 0.66225 0.0145 
0.01416 0.00463 0.61556 0.36565 
0.56823 0.00765 0.03263 0.39149 
0.17857 0.05523 0.34083 0.42537 
16 
0.06896 0.03455 0.89373 0.00276 
0.11782 0.0265 0.82301 0.03267 
0.1603 0.08068 0.58023 0.17879 
0.0588 0.52299 0.03287 0.38534 

4 
0.62143 0.37857 
0.65523 0.34477 
4 
0.78545 0.21455 
0.90022 0.09978 
4 
0.11668 0.88332 
0.4251 0.5749 
4 
0.6832 0.3168 
0.3706 0.6294 

12 
0.60862 0.29248 0.0989 
0.08768 0.24166 0.67066 
0.39344 0.40367 0.20289 
0.3075 0.24488 0.44762 
12 
0.11475 0.38944 0.49581 
0.04078 0.56136 0.39786 
0.595 0.3087 0.0963 
0.97839 0.02134 2.7E-4 

4 
0.7842 0.2158 
0.14122 0.85878 
4 
0.98267 0.01733 
0.0285 0.9715 
4 
0.6533 0.3467 
0.47689 0.52311 

16 
0.27412 0.41894 0.03033 0.27661 
0.00162 0.20065 0.79375 0.00398 
0.19984 0.08865 0.70165 0.00986 
0.56181 0.14014 0.16579 0.13226 
16 
0.11191 0.7676 0.07255 0.04794 
0.31064 0.14577 0.47814 0.06545 
0.01871 0.44592 0.09159 0.44378 
0.43992 0.14848 0.40439 0.00721 

12 
0.09037 0.26904 0.64059 
0.03118 0.52742 0.4414 
0.87341 0.04311 0.08348 
0.17239 0.10919 0.71842 
12 
0.69839 0.2342 0.06741 
0.34406 0.00103 0.65491 
0.03673 0.35762 0.60565 
0.74735 0.01434 0.23831 
12 
0.20045 0.38632 0.41323 
0.03386 0.12474 0.8414 
0.63679 0.08078 0.28243 
0.45384 0.44082 0.10534 
12 
0.46851 0.51891 0.01258 
0.09459 0.37194 0.53347 
0.42074 0.10928 0.46998 
0.19867 0.70064 0.10069 
