V-CREDAL 
8 
2 2 3 3 2 2 2 3 
8 
2 1 0 
2 3 1 
2 6 2 
2 4 3 
1 4 
2 1 5 
2 4 6 
2 2 7 

4 
0.76199 0.23801 
0.99207 0.00793 
4 
0.03721 0.96279 
0.55131 0.44869 

4 
0.83712 0.16288 
0.63172 0.36828 
4 
0.24943 0.75057 
0.95008 0.04992 
4 
0.23717 0.76283 
0.27543 0.72457 

18 
0.12236 0.06896 0.80868 
0.1166 0.8619 0.0215 
0.98834 0.00996 0.0017 
0.01129 0.09006 0.89865 
0.00529 0.22352 0.77119 
0.31566 0.0355 0.64884 
18 
0.18418 0.09756 0.71826 
0.11413 0.76973 0.11614 
0.80209 0.08845 0.10946 
0.8594 0.00249 0.13811 
0.12312 0.84966 0.02722 
0.50183 0.45387 0.0443 

18 
0.4044 0.10061 0.49499 
0.64898 0.22947 0.12155 
0.95764 0.02675 0.01561 
0.27331 0.42441 0.30228 
0.06359 0.22315 0.71326 
0.90797 0.08727 0.00476 
18 
0.7999 0.06803 0.13207 
0.35809 0.18564 0.45627 
0.64652 0.30877 0.04471 
0.05561 0.92965 0.01474 
0.06443 0.65077 0.2848 
0.00111 0.79241 0.20648 

4 
0.10324 0.89676 
0.86329 0.13671 

4 
0.08748 0.91252 
0.40476 0.59524 
4 
0.8505 0.1495 
0.36318 0.63682 

4 
0.2611 0.7389 
0.0546 0.9454 
4 
0.20503 0.79497 
0.6177 0.3823 

18 
0.33988 0.10945 0.55067 
0.9437 0.05006 0.00624 
0.03051 0.9229 0.04659 
0.0746 0.38548 0.53992 
0.02909 0.90619 0.06472 
0.75783 0.23699 0.00518 
18 
0.06308 0.0642 0.87272 
0.00873 0.54534 0.44593 
0.71568 0.26989 0.01443 
0.05472 0.91345 0.03183 
0.03454 0.24232 0.72314 
0.56206 1.9E-4 0.43775 
18 
0.08517 0.85223 0.0626 
0.00639 0.01557 0.97804 
0.72434 0.26062 0.01504 
0.9238 0.01889 0.05731 
0.0612 0.79841 0.14039 
0.02224 0.6568 0.32096 
