V-CREDAL
4
2 2 4 4
4
1 0
2 0 1
2 1 2
2 2 3

4
0.228 0.772
0.078 0.922

4
0.121 0.879
0.851 0.149
4
0.866 0.134
0.689 0.311

16
0.014 0.022 0.552 0.412
0.806 0.038 0.033 0.123
0.205 0.695 0.054 0.046
0.012 0.086 0.902 0.0
16
0.646 0.036 0.251 0.067
0.994 0.0 0.001 0.005
0.034 0.707 0.016 0.243
0.216 0.072 0.323 0.389

16
0.02 0.819 0.037 0.124
0.06 0.007 0.866 0.067
0.139 0.221 0.234 0.406
0.43 0.137 0.211 0.222
16
0.79 0.001 0.016 0.193
0.049 0.044 0.002 0.905
0.001 0.001 0.001 0.997
0.913 0.005 0.009 0.073
16
0.512 0.172 0.091 0.225
0.757 0.094 0.096 0.053
0.278 0.007 0.043 0.672
0.0 0.001 0.0 0.999
16
0.0 0.038 0.001 0.961
0.511 0.306 0.065 0.118
0.143 0.753 0.014 0.09
0.947 0.007 0.043 0.003
