V-CREDAL
6
3 2 3 4 4 4
6
1 0
2 0 1
2 1 2
2 2 3
2 3 4
2 4 5

12
0.455 0.146 0.399
0.201 0.129 0.67
0.08 0.779 0.141
0.42 0.014 0.566

4
0.502 0.498
0.762 0.238
4
0.314 0.686
0.627 0.373
4
0.035 0.965
0.832 0.168

12
0.481 0.367 0.152
0.567 0.333 0.1
0.899 0.087 0.014
0.292 0.403 0.305
12
0.138 0.288 0.574
0.201 0.169 0.63
0.178 0.178 0.644
0.381 0.568 0.051

16
0.027 0.029 0.135 0.809
0.205 0.26 0.39 0.145
0.049 0.271 0.061 0.619
0.699 0.014 0.008 0.279
16
0.427 0.084 0.187 0.302
0.128 0.24 0.077 0.555
0.038 0.106 0.243 0.613
0.125 0.41 0.198 0.267
16
0.112 0.516 0.063 0.309
0.024 0.36 0.015 0.601
0.162 0.401 0.397 0.04
0.069 0.08 0.465 0.386

16
0.011 0.012 0.102 0.875
0.175 0.033 0.104 0.688
0.057 0.176 0.191 0.576
0.506 0.391 0.092 0.011
16
0.078 0.042 0.056 0.824
0.24 0.326 0.214 0.22
0.173 0.408 0.175 0.244
0.148 0.596 0.036 0.22
16
0.27 0.059 0.393 0.278
0.01 0.525 0.442 0.023
0.123 0.638 0.203 0.036
0.417 0.145 0.058 0.38
16
0.053 0.361 0.011 0.575
0.103 0.333 0.146 0.418
0.526 0.18 0.074 0.22
0.002 0.026 0.087 0.885

16
0.235 0.653 0.007 0.105
0.26 0.027 0.444 0.269
0.375 0.209 0.102 0.314
0.137 0.046 0.053 0.764
16
0.005 0.002 0.99 0.003
0.408 0.148 0.236 0.208
0.097 0.087 0.179 0.637
0.748 0.007 0.22 0.025
16
0.172 0.342 0.431 0.055
0.12 0.674 0.088 0.118
0.017 0.391 0.057 0.535
0.275 0.016 0.671 0.038
16
0.791 0.038 0.088 0.083
0.382 0.139 0.142 0.337
0.176 0.159 0.133 0.532
0.83 0.019 0.089 0.062
