V-CREDAL
7
3 3 4 3 4 4 2
7
1 0
2 0 1
2 1 2
2 2 3
2 3 4
2 4 5
2 5 6

18
0.401 0.074 0.525
0.027 0.474 0.499
0.775 0.15 0.075
0.072 0.906 0.022
0.023 0.903 0.074
0.119 0.185 0.696

18
0.246 0.491 0.263
0.876 0.056 0.068
0.675 0.29 0.035
0.018 0.005 0.977
0.24 0.002 0.758
0.34 0.501 0.159
18
0.13 0.826 0.044
0.051 0.044 0.905
0.965 0.014 0.021
0.028 0.778 0.194
0.019 0.737 0.244
0.316 0.659 0.025
18
0.011 0.955 0.034
0.031 0.077 0.892
0.925 0.057 0.018
0.657 0.022 0.321
0.104 0.059 0.837
0.914 0.053 0.033

24
0.979 0.012 0.003 0.006
0.111 0.034 0.488 0.367
0.359 0.503 0.08 0.058
0.394 0.361 0.008 0.237
0.002 0.0 0.227 0.771
0.125 0.543 0.003 0.329
24
0.504 0.017 0.258 0.221
0.622 0.106 0.007 0.265
0.468 0.103 0.416 0.013
0.494 0.034 0.01 0.462
0.005 0.094 0.01 0.891
0.168 0.169 0.093 0.57
24
0.089 0.863 0.034 0.014
0.471 0.022 0.501 0.006
0.042 0.02 0.837 0.101
0.029 0.363 0.368 0.24
0.215 0.25 0.523 0.012
0.55 0.08 0.084 0.286

18
0.804 0.011 0.185
0.003 0.291 0.706
0.995 0.001 0.004
0.384 0.559 0.057
0.079 0.123 0.798
0.06 0.678 0.262
18
0.753 0.114 0.133
0.075 0.017 0.908
0.803 0.172 0.025
0.005 0.983 0.012
0.005 0.981 0.014
0.801 0.182 0.017
18
0.28 0.655 0.065
0.206 0.004 0.79
0.746 0.23 0.024
0.11 0.023 0.867
0.812 0.13 0.058
0.108 0.397 0.495
18
0.715 0.007 0.278
0.006 0.985 0.009
0.134 0.197 0.669
0.909 0.009 0.082
0.016 0.344 0.64
0.82 0.122 0.058

24
0.032 0.098 0.209 0.661
0.84 0.113 0.045 0.002
0.229 0.49 0.046 0.235
0.301 0.032 0.367 0.3
0.205 0.05 0.026 0.719
0.301 0.068 0.441 0.19
24
0.261 0.416 0.092 0.231
0.788 0.157 0.023 0.032
0.085 0.466 0.001 0.448
0.021 0.43 0.041 0.508
0.145 0.013 0.002 0.84
0.097 0.108 0.738 0.057
24
0.328 0.649 0.014 0.009
0.104 0.34 0.128 0.428
0.05 0.01 0.02 0.92
0.21 0.104 0.447 0.239
0.127 0.309 0.321 0.243
0.351 0.05 0.539 0.06

24
0.085 0.685 0.007 0.223
0.035 0.172 0.318 0.475
0.295 0.686 0.001 0.018
0.438 0.023 0.529 0.01
0.076 0.003 0.876 0.045
0.022 0.92 0.048 0.01
24
0.219 0.534 0.104 0.143
0.138 0.195 0.382 0.285
0.151 0.53 0.3 0.019
0.376 0.051 0.276 0.297
0.132 0.291 0.026 0.551
0.159 0.064 0.55 0.227
24
0.025 0.114 0.475 0.386
0.0 0.971 0.003 0.026
0.001 0.001 0.998 0.0
0.438 0.053 0.488 0.021
0.283 0.006 0.627 0.084
0.216 0.063 0.065 0.656
24
0.11 0.022 0.509 0.359
0.043 0.183 0.197 0.577
0.254 0.032 0.071 0.643
0.761 0.07 0.138 0.031
0.063 0.79 0.121 0.026
0.803 0.04 0.097 0.06

4
0.771 0.229
0.943 0.057
4
0.916 0.084
0.68 0.32
4
0.6 0.4
0.311 0.689
4
0.749 0.251
0.337 0.663
