V-CREDAL 
10 
2 4 4 2 2 2 2 3 3 2 
10 
1 0 
1 1 
1 2 
1 3 
3 6 7 4 
2 7 5 
1 6 
3 0 1 7 
2 3 8 
4 1 2 8 9 

4 
0.361 0.639 
0.206 0.794 

24 
0.014 0.021 0.96 0.005 
0.0 0.63 0.001 0.369 
0.004 0.899 0.043 0.054 
0.649 0.337 0.0 0.014 
0.198 0.394 0.075 0.333 
0.638 0.065 0.16 0.137 

24 
0.295 0.276 0.072 0.357 
0.319 0.053 0.093 0.535 
0.051 0.926 0.02 0.003 
0.479 0.067 0.379 0.075 
0.298 0.146 0.462 0.094 
0.004 0.006 0.165 0.825 

4 
0.509 0.491 
0.427 0.573 

4 
0.595 0.405 
0.928 0.072 
4 
0.964 0.036 
0.785 0.215 
4 
0.094 0.906 
0.239 0.761 
4 
0.507 0.493 
0.538 0.462 
4 
0.635 0.365 
0.03 0.97 
4 
0.132 0.868 
0.625 0.375 

4 
0.193 0.807 
0.194 0.806 
4 
0.355 0.645 
0.845 0.155 
4 
0.087 0.913 
0.113 0.887 

4 
0.821 0.179 
0.002 0.998 

18 
0.186 0.685 0.129 
0.699 0.06 0.241 
0.89 0.096 0.014 
0.056 0.007 0.937 
0.009 0.674 0.317 
0.4 0.53 0.07 
18 
0.037 0.001 0.962 
0.684 0.272 0.044 
0.73 0.126 0.144 
0.119 0.824 0.057 
0.022 0.268 0.71 
0.003 0.034 0.963 
18 
0.917 0.062 0.021 
0.001 0.788 0.211 
0.168 0.77 0.062 
0.044 0.078 0.878 
0.75 0.041 0.209 
0.941 0.033 0.026 
18 
0.764 0.102 0.134 
0.741 0.063 0.196 
0.092 0.124 0.784 
0.671 0.326 0.003 
0.009 0.791 0.2 
0.181 0.728 0.091 
18 
0.407 0.556 0.037 
0.296 0.415 0.289 
0.052 0.02 0.928 
0.572 0.411 0.017 
0.296 0.05 0.654 
0.774 0.205 0.021 
18 
0.145 0.173 0.682 
0.872 0.04 0.088 
0.945 0.04 0.015 
0.063 0.409 0.528 
0.031 0.556 0.413 
0.146 0.808 0.046 
18 
0.192 0.467 0.341 
0.966 0.022 0.012 
0.194 0.731 0.075 
0.22 0.723 0.057 
0.707 0.035 0.258 
0.043 0.714 0.243 
18 
0.854 0.12 0.026 
0.021 0.846 0.133 
0.746 0.002 0.252 
0.007 0.016 0.977 
0.523 0.472 0.005 
0.873 0.037 0.09 

18 
0.663 0.207 0.13 
0.088 0.061 0.851 
0.707 0.009 0.284 
0.165 0.676 0.159 
0.51 0.364 0.126 
0.025 0.566 0.409 
18 
0.113 0.341 0.546 
0.006 0.984 0.01 
0.76 0.227 0.013 
0.573 0.118 0.309 
0.002 0.747 0.251 
0.056 0.417 0.527 

4 
0.211 0.789 
0.735 0.265 
4 
0.694 0.306 
0.442 0.558 
4 
0.386 0.614 
0.164 0.836 
4 
0.951 0.049 
0.024 0.976 
4 
0.277 0.723 
0.334 0.666 
4 
0.401 0.599 
0.366 0.634 
4 
0.312 0.688 
0.677 0.323 
4 
0.828 0.172 
0.483 0.517 
4 
0.54 0.46 
0.014 0.986 
4 
0.655 0.345 
0.858 0.142 
4 
0.418 0.582 
0.948 0.052 
4 
0.827 0.173 
0.029 0.971 
4 
0.821 0.179 
0.78 0.22 
4 
0.611 0.389 
0.418 0.582 
4 
0.039 0.961 
0.184 0.816 
4 
0.781 0.219 
0.412 0.588 
4 
0.314 0.686 
0.986 0.014 
4 
0.557 0.443 
0.533 0.467 
4 
0.298 0.702 
0.467 0.533 
4 
0.881 0.119 
0.209 0.791 
4 
0.918 0.082 
0.877 0.123 
4 
0.159 0.841 
0.472 0.528 
4 
0.713 0.287 
0.146 0.854 
4 
0.113 0.887 
0.3 0.7 
4 
0.092 0.908 
0.269 0.731 
4 
0.758 0.242 
0.302 0.698 
4 
0.963 0.037 
0.574 0.426 
4 
0.99 0.01 
0.907 0.093 
4 
0.484 0.516 
0.443 0.557 
4 
0.45 0.55 
0.736 0.264 
4 
0.196 0.804 
0.118 0.882 
4 
0.986 0.014 
0.263 0.737 
4 
0.01 0.99 
0.57 0.43 
4 
0.85 0.15 
0.504 0.496 
4 
0.532 0.468 
0.08 0.92 
4 
0.776 0.224 
0.193 0.807 
4 
0.888 0.112 
0.478 0.522 
4 
0.463 0.537 
0.059 0.941 
4 
0.29 0.71 
0.165 0.835 
4 
0.012 0.988 
0.794 0.206 
4 
0.929 0.071 
0.59 0.41 
4 
0.164 0.836 
0.161 0.839 
4 
0.003 0.997 
0.933 0.067 
4 
0.484 0.516 
0.561 0.439 
4 
0.883 0.117 
0.709 0.291 
4 
0.437 0.563 
0.433 0.567 
4 
0.541 0.459 
0.458 0.542 
4 
0.07 0.93 
0.377 0.623 
