V-CREDAL
6
3 4 3 4 2 3
6
1 0
3 0 2 1
1 2
2 2 3
2 0 4
2 0 5

12
0.852 0.015 0.133
0.014 0.059 0.927
0.105 0.82 0.075
0.104 0.037 0.859

16
0.189 0.696 0.087 0.028
0.147 0.143 0.606 0.104
0.016 0.953 0.019 0.012
0.005 0.108 0.038 0.849
16
0.185 0.557 0.068 0.19
0.002 0.006 0.002 0.99
0.117 0.056 0.76 0.067
0.027 0.758 0.154 0.061
16
0.002 0.894 0.097 0.007
0.021 0.861 0.06 0.058
0.03 0.004 0.022 0.944
0.741 0.082 0.17 0.007
16
0.992 0.001 0.003 0.004
0.039 0.205 0.736 0.02
0.423 0.044 0.167 0.366
0.528 0.089 0.104 0.279
16
0.273 0.06 0.663 0.004
0.217 0.199 0.228 0.356
0.037 0.706 0.011 0.246
0.07 0.044 0.264 0.622
16
0.143 0.34 0.413 0.104
0.266 0.51 0.215 0.009
0.337 0.362 0.072 0.229
0.951 0.038 0.01 0.001
16
0.102 0.033 0.719 0.146
0.065 0.665 0.116 0.154
0.173 0.028 0.732 0.067
0.177 0.694 0.003 0.126
16
0.15 0.064 0.007 0.779
0.001 0.003 0.994 0.002
0.34 0.236 0.323 0.101
0.056 0.58 0.093 0.271
16
0.024 0.683 0.236 0.057
0.253 0.461 0.228 0.058
0.144 0.012 0.297 0.547
0.117 0.033 0.764 0.086

12
0.93 0.067 0.003
0.434 0.565 0.001
0.713 0.077 0.21
0.809 0.056 0.135

16
0.024 0.166 0.553 0.257
0.124 0.053 0.079 0.744
0.598 0.282 0.002 0.118
0.015 0.08 0.003 0.902
16
0.116 0.541 0.295 0.048
0.127 0.104 0.117 0.652
0.035 0.011 0.027 0.927
0.017 0.042 0.202 0.739
16
0.382 0.004 0.009 0.605
0.314 0.307 0.198 0.181
0.538 0.068 0.102 0.292
0.076 0.089 0.292 0.543

4
0.955 0.045
0.289 0.711
4
0.876 0.124
0.839 0.161
4
0.005 0.995
0.79 0.21

12
0.004 0.002 0.994
0.039 0.551 0.41
0.676 0.199 0.125
0.161 0.744 0.095
12
0.191 0.418 0.391
0.198 0.523 0.279
0.695 0.112 0.193
0.475 0.353 0.172
12
0.434 0.173 0.393
0.085 0.04 0.875
0.954 0.028 0.018
0.594 0.175 0.231
