V-CREDAL 
10 
3 4 4 3 2 2 5 5 5 5 
10 
2 5 0 
2 7 1 
1 2 
4 2 6 9 3 
2 9 4 
1 5 
2 0 6 
2 4 7 
2 0 8 
1 9 

18 
0.03667 0.08557 0.87776 
0.08046 0.81236 0.10718 
0.00771 0.32801 0.66428 
0.95866 0.00603 0.03531 
0.02625 0.77039 0.20336 
0.41102 0.57891 0.01007 
18 
0.04163 0.38012 0.57825 
0.62742 0.36286 0.00972 
0.02577 0.93051 0.04372 
0.38582 0.02539 0.58879 
0.18251 0.7882 0.02929 
0.23699 0.03046 0.73255 

24 
0.04918 0.66487 0.20923 0.07672 
0.10412 0.78249 0.07493 0.03846 
0.0048 0.03088 0.59954 0.36478 
0.1622 0.03905 0.79179 0.00696 
0.94165 0.00513 3.6E-4 0.05286 
0.91049 0.00258 0.00759 0.07934 
24 
0.22186 0.08975 0.36903 0.31936 
0.58637 0.29506 0.02692 0.09165 
0.00126 0.00201 0.00177 0.99496 
0.29729 0.51164 0.1821 0.00897 
0.04537 0.20706 0.57743 0.17014 
0.06163 0.33832 0.19619 0.40386 
24 
0.14933 0.06497 0.70305 0.08265 
0.02554 0.23056 0.67284 0.07106 
0.73024 0.22528 0.02916 0.01532 
0.00836 0.01265 0.041 0.93799 
0.00325 0.97625 0.01495 0.00555 
0.00483 0.70913 0.0022 0.28384 
24 
0.1775 0.18365 0.57322 0.06563 
0.21592 0.07434 0.01994 0.6898 
0.27453 0.07223 0.58963 0.06361 
0.04771 0.4036 0.49766 0.05103 
0.52721 0.32957 0.08454 0.05868 
0.00936 0.71176 0.09665 0.18223 
24 
0.37621 0.17339 0.14409 0.30631 
0.02122 0.03869 0.87636 0.06373 
0.09823 0.22823 0.61637 0.05717 
0.02915 0.54223 0.42787 7.5E-4 
0.17278 0.72467 0.01657 0.08598 
0.4941 0.2056 0.0813 0.219 

24 
0.98059 0.00677 0.0109 0.00174 
0.01531 0.93817 0.04551 0.00101 
0.04891 0.39848 0.45113 0.10148 
0.20372 5.2E-4 0.79251 0.00325 
0.01187 0.1094 0.01919 0.85954 
0.01022 0.89668 0.06791 0.02519 

18 
0.84835 0.12651 0.02514 
0.96374 0.01569 0.02057 
0.09396 0.06389 0.84215 
0.02737 0.58193 0.3907 
0.02547 0.90309 0.07144 
0.10852 0.03484 0.85664 
18 
0.33253 0.62917 0.0383 
0.01172 0.94866 0.03962 
0.6693 0.162 0.1687 
0.63833 0.03013 0.33154 
0.00753 0.0345 0.95797 
0.43033 0.01854 0.55113 
18 
0.18057 0.42749 0.39194 
0.85963 0.07199 0.06838 
0.74533 0.02932 0.22535 
0.269 0.58074 0.15026 
0.62722 0.35692 0.01586 
0.21024 0.05918 0.73058 
18 
0.04831 0.00428 0.94741 
0.02316 0.03375 0.94309 
0.92593 0.00605 0.06802 
0.7461 0.22137 0.03253 
0.0591 0.91629 0.02461 
0.03458 0.688 0.27742 
18 
0.77829 0.20352 0.01819 
0.09069 0.04015 0.86916 
0.72905 0.02307 0.24788 
0.03607 0.95706 0.00687 
1.7E-4 0.07354 0.92629 
0.00667 0.95677 0.03656 
18 
0.08959 0.83276 0.07765 
0.07456 0.72198 0.20346 
0.93126 0.00974 0.059 
0.37242 0.24599 0.38159 
0.10743 0.85536 0.03721 
0.06795 0.77777 0.15428 
18 
0.029 0.8328 0.1382 
0.47959 0.41357 0.10684 
0.25938 0.67862 0.062 
0.06413 0.02941 0.90646 
0.65193 0.00181 0.34626 
0.02383 0.77499 0.20118 
18 
0.82171 0.02066 0.15763 
0.02158 0.97285 0.00557 
0.02977 0.12961 0.84062 
0.17673 0.06113 0.76214 
0.92949 0.05097 0.01954 
0.00812 0.37836 0.61352 
18 
0.09765 0.4816 0.42075 
0.02 0.87284 0.10716 
0.35923 0.52305 0.11772 
0.67273 0.06 0.26727 
0.41639 0.16097 0.42264 
0.73975 0.10273 0.15752 
18 
0.68464 0.12867 0.18669 
0.38945 0.12486 0.48569 
0.00973 0.95182 0.03845 
0.4788 0.47303 0.04817 
0.06101 0.73162 0.20737 
0.3747 0.62145 0.00385 
18 
0.07178 0.86523 0.06299 
0.05597 0.03599 0.90804 
0.50822 0.32361 0.16817 
0.04263 0.86777 0.0896 
0.65238 0.0694 0.27822 
0.29803 9.2E-4 0.70105 
18 
0.0168 0.08247 0.90073 
0.24046 0.75839 0.00115 
0.01601 0.86788 0.11611 
0.6431 0.00424 0.35266 
0.30938 0.65692 0.0337 
0.00182 0.1427 0.85548 
18 
0.76648 0.14878 0.08474 
0.02947 0.01367 0.95686 
0.11595 0.73261 0.15144 
0.06814 0.50582 0.42604 
0.37784 0.58289 0.03927 
0.82926 0.05987 0.11087 
18 
0.10424 0.88251 0.01325 
0.04767 0.68518 0.26715 
0.78698 0.04184 0.17118 
0.93834 0.01589 0.04577 
0.15398 0.35136 0.49466 
0.01634 0.56844 0.41522 
18 
0.0435 0.94653 0.00997 
0.09344 0.34166 0.5649 
0.08303 0.46197 0.455 
0.84316 0.02412 0.13272 
0.89819 0.0082 0.09361 
0.41674 0.17168 0.41158 
18 
0.68674 0.15295 0.16031 
0.03411 0.01249 0.9534 
0.00772 0.1829 0.80938 
0.54075 0.26595 0.1933 
0.05128 0.53285 0.41587 
0.7925 0.05049 0.15701 
18 
0.76019 0.00153 0.23828 
0.91321 0.06894 0.01785 
0.21656 0.0021 0.78134 
0.50573 0.46847 0.0258 
0.08084 0.12767 0.79149 
0.14005 0.36498 0.49497 
18 
0.11801 0.80522 0.07677 
0.15413 0.02945 0.81642 
0.37325 0.5902 0.03655 
0.00539 0.25363 0.74098 
0.69014 0.07152 0.23834 
0.39742 0.56567 0.03691 
18 
0.11372 0.86816 0.01812 
0.30133 0.69823 4.4E-4 
0.00547 0.02788 0.96665 
0.00538 0.01252 0.9821 
0.99526 0.00147 0.00327 
0.02054 0.49212 0.48734 
18 
0.92398 0.05407 0.02195 
0.00214 0.12995 0.86791 
0.24663 0.02395 0.72942 
0.34783 0.49296 0.15921 
0.48124 0.01733 0.50143 
0.14176 0.04818 0.81006 
18 
0.1397 0.80865 0.05165 
0.55927 0.201 0.23973 
0.6784 0.02594 0.29566 
0.01595 0.05564 0.92841 
0.04926 0.92812 0.02262 
0.03967 0.70072 0.25961 
18 
0.00851 0.27003 0.72146 
0.09379 0.82657 0.07964 
0.06576 0.06877 0.86547 
0.91813 0.07116 0.01071 
0.2437 0.70044 0.05586 
0.86516 0.04722 0.08762 
18 
0.56229 0.35845 0.07926 
0.07803 0.25776 0.66421 
0.68824 0.12288 0.18888 
0.70085 0.24891 0.05024 
0.0379 0.42917 0.53293 
0.00275 0.72429 0.27296 
18 
0.00573 0.98967 0.0046 
0.04581 0.05573 0.89846 
0.95991 0.02663 0.01346 
0.00847 0.28032 0.71121 
0.96138 0.00559 0.03303 
0.11465 0.01123 0.87412 
18 
0.12681 0.40225 0.47094 
0.16093 0.06995 0.76912 
0.19279 0.61347 0.19374 
0.50841 0.46263 0.02896 
0.5441 0.37807 0.07783 
0.12438 0.59961 0.27601 
18 
0.93357 0.02277 0.04366 
0.02065 0.96603 0.01332 
0.69295 0.29699 0.01006 
0.01587 0.03309 0.95104 
0.39608 0.59729 0.00663 
0.42048 0.00799 0.57153 
18 
0.01527 0.54474 0.43999 
0.48408 0.10909 0.40683 
0.11775 0.68908 0.19317 
0.00404 0.01915 0.97681 
0.45476 0.36042 0.18482 
0.10914 0.00592 0.88494 
18 
0.90265 0.09246 0.00489 
0.01967 0.68119 0.29914 
0.03439 0.95436 0.01125 
0.13471 0.01465 0.85064 
0.03687 0.04271 0.92042 
0.02119 0.32916 0.64965 
18 
0.02143 0.12685 0.85172 
0.05088 0.58148 0.36764 
0.25922 0.23689 0.50389 
0.00213 0.24315 0.75472 
0.04245 0.05626 0.90129 
0.21547 0.31823 0.4663 
18 
0.02311 0.84661 0.13028 
0.99472 0.00479 4.9E-4 
0.00477 7.5E-4 0.99448 
0.01298 0.48305 0.50397 
0.05465 0.94374 0.00161 
0.92825 0.00223 0.06952 
18 
0.5886 0.39285 0.01855 
0.03085 0.17618 0.79297 
0.05113 0.03813 0.91074 
0.02273 0.6085 0.36877 
0.76102 0.02558 0.2134 
0.90824 0.02491 0.06685 
18 
0.41137 0.574 0.01463 
0.08557 0.04933 0.8651 
0.15934 0.4811 0.35956 
0.08273 0.15637 0.7609 
0.53108 0.42614 0.04278 
0.07683 0.05748 0.86569 
18 
0.03869 0.03366 0.92765 
0.04434 0.90038 0.05528 
0.33221 0.07923 0.58856 
0.75194 0.22536 0.0227 
0.01941 0.05749 0.9231 
0.0097 0.22586 0.76444 
18 
0.71664 0.25074 0.03262 
0.15724 0.09435 0.74841 
0.15295 0.81304 0.03401 
0.5056 0.18037 0.31403 
0.09698 0.12395 0.77907 
0.00245 0.5046 0.49295 
18 
0.9105 0.02218 0.06732 
9.4E-4 0.7475 0.25156 
0.20032 0.11248 0.6872 
0.16246 0.78544 0.0521 
0.01832 0.21827 0.76341 
0.03843 0.85266 0.10891 
18 
0.22914 0.73145 0.03941 
0.10655 0.11283 0.78062 
0.07169 0.86525 0.06306 
0.8593 0.12755 0.01315 
0.33419 0.0841 0.58171 
0.83777 0.1184 0.04383 
18 
0.00242 0.01213 0.98545 
0.01205 0.94403 0.04392 
0.90469 0.00277 0.09254 
0.98653 0.00458 0.00889 
0.8872 0.10693 0.00587 
0.00503 0.002 0.99297 
18 
0.20878 0.11832 0.6729 
0.49895 0.05946 0.44159 
0.05802 0.5639 0.37808 
0.98236 0.01093 0.00671 
0.07803 0.91638 0.00559 
0.88783 0.01293 0.09924 
18 
0.52568 0.054 0.42032 
0.76652 0.16823 0.06525 
0.21309 0.1348 0.65211 
0.05391 0.85696 0.08913 
0.27648 0.06339 0.66013 
0.8051 0.06543 0.12947 
18 
0.08318 0.01179 0.90503 
0.70789 0.27881 0.0133 
0.00812 0.81856 0.17332 
0.93529 1.0E-4 0.06461 
0.15528 0.83648 0.00824 
0.03277 0.16338 0.80385 
18 
0.37799 0.62057 0.00144 
0.05592 0.87598 0.0681 
0.59377 0.19748 0.20875 
0.64558 0.27897 0.07545 
0.2929 0.30021 0.40689 
0.0072 0.61666 0.37614 
18 
0.63245 0.23745 0.1301 
0.53515 0.11943 0.34542 
0.59304 0.169 0.23796 
0.12511 0.57396 0.30093 
0.22737 0.63508 0.13755 
0.05878 0.38659 0.55463 
18 
0.84721 0.03644 0.11635 
0.07967 0.01797 0.90236 
0.02168 0.84885 0.12947 
0.03609 0.90169 0.06222 
0.67538 0.29331 0.03131 
0.86763 0.07776 0.05461 
18 
0.37386 0.02512 0.60102 
0.15401 0.06116 0.78483 
0.01419 0.9776 0.00821 
0.60392 0.20869 0.18739 
0.57332 0.42025 0.00643 
0.04766 0.15867 0.79367 
18 
0.03251 0.95667 0.01082 
0.72323 0.27272 0.00405 
0.54887 0.04439 0.40674 
0.06305 0.05611 0.88084 
0.33298 0.03297 0.63405 
0.03393 0.6287 0.33737 
18 
0.37715 0.57076 0.05209 
0.03065 0.24596 0.72339 
0.47226 0.02717 0.50057 
0.86078 0.05325 0.08597 
0.15983 0.01471 0.82546 
0.02543 0.29307 0.6815 
18 
0.14092 0.07331 0.78577 
0.6865 0.29949 0.01401 
0.16373 0.68188 0.15439 
0.93384 0.02274 0.04342 
0.03972 0.70128 0.259 
0.56323 0.42258 0.01419 
18 
0.13711 0.82556 0.03733 
0.14381 0.84862 0.00757 
0.26311 0.02311 0.71378 
0.86915 0.01263 0.11822 
0.04757 0.12745 0.82498 
0.64326 0.28095 0.07579 
18 
0.11982 0.74744 0.13274 
0.70628 0.04775 0.24597 
0.28821 0.00458 0.70721 
0.70436 0.23522 0.06042 
0.00771 0.09586 0.89643 
0.56797 0.02039 0.41164 
18 
0.50991 0.17188 0.31821 
0.02925 0.57524 0.39551 
0.37462 0.08075 0.54463 
0.01605 0.62066 0.36329 
0.05856 0.63588 0.30556 
0.46569 0.35102 0.18329 
18 
0.20005 0.69746 0.10249 
0.56043 0.09902 0.34055 
0.54182 0.38729 0.07089 
0.01996 0.01729 0.96275 
0.11222 0.64996 0.23782 
0.01002 0.1931 0.79688 
18 
0.04807 0.17462 0.77731 
0.02053 0.97546 0.00401 
0.9601 0.01473 0.02517 
0.07499 0.1093 0.81571 
0.23268 0.05014 0.71718 
0.8984 0.00481 0.09679 
18 
0.11889 0.8554 0.02571 
0.14673 0.0053 0.84797 
0.03557 0.684 0.28043 
0.8913 0.09269 0.01601 
0.96177 0.01102 0.02721 
0.08031 0.11228 0.80741 
18 
0.77424 0.16688 0.05888 
0.27291 0.71531 0.01178 
0.05166 0.00265 0.94569 
0.01163 0.92695 0.06142 
0.02273 0.21181 0.76546 
0.12608 0.8643 0.00962 
18 
0.02424 0.00817 0.96759 
0.25631 0.70464 0.03905 
0.94049 0.05522 0.00429 
0.05064 0.899 0.05036 
0.01094 0.74559 0.24347 
0.02136 0.02582 0.95282 
18 
0.88744 0.02263 0.08993 
0.17354 0.77447 0.05199 
0.84398 0.1159 0.04012 
0.00494 0.00662 0.98844 
0.01645 0.65208 0.33147 
0.72361 0.27097 0.00542 
18 
0.22108 0.02996 0.74896 
0.90686 0.02531 0.06783 
0.92383 0.06895 0.00722 
0.39958 0.5762 0.02422 
0.06019 0.81553 0.12428 
0.4314 0.02712 0.54148 
18 
0.50151 0.17011 0.32838 
0.2331 0.64473 0.12217 
0.60919 0.29527 0.09554 
0.32722 0.09208 0.5807 
0.30074 0.16507 0.53419 
0.35809 0.63065 0.01126 
18 
0.01775 0.97956 0.00269 
0.97794 0.02026 0.0018 
0.01244 0.06779 0.91977 
0.98536 0.0028 0.01184 
0.00758 0.87617 0.11625 
0.01253 0.06438 0.92309 
18 
0.00805 0.9857 0.00625 
0.00435 0.09261 0.90304 
0.99341 0.00315 0.00344 
0.72117 0.01982 0.25901 
0.47299 0.52688 1.3E-4 
0.29819 0.05831 0.6435 
18 
0.19505 0.64357 0.16138 
0.08377 0.4129 0.50333 
0.27702 0.09535 0.62763 
0.94655 0.02679 0.02666 
0.64825 0.27332 0.07843 
0.1351 0.12482 0.74008 
18 
0.06556 0.19006 0.74438 
0.27983 0.04056 0.67961 
0.94388 0.03408 0.02204 
0.05079 0.65221 0.297 
0.30168 0.62007 0.07825 
0.17954 0.71183 0.10863 
18 
0.19307 0.04015 0.76678 
0.03053 0.57202 0.39745 
0.62419 0.32553 0.05028 
0.03335 0.8357 0.13095 
0.02601 0.14382 0.83017 
0.5567 0.27978 0.16352 
18 
0.32891 0.01249 0.6586 
0.00627 0.99367 6.0E-5 
0.69759 0.1861 0.11631 
0.6857 0.2509 0.0634 
0.63847 0.34981 0.01172 
0.08239 0.28879 0.62882 
18 
0.01909 0.93343 0.04748 
0.00378 0.00104 0.99518 
0.99515 0.0036 0.00125 
0.00176 0.33472 0.66352 
0.12062 0.85969 0.01969 
0.24306 0.75325 0.00369 
18 
0.13014 0.04397 0.82589 
0.03427 0.96567 6.0E-5 
0.01536 0.96915 0.01549 
0.76217 0.15142 0.08641 
0.04853 0.07033 0.88114 
5.2E-4 0.90809 0.09139 
18 
0.44734 0.46516 0.0875 
0.12462 0.09062 0.78476 
0.01476 0.79317 0.19207 
0.54141 0.00568 0.45291 
0.79899 0.10994 0.09107 
0.04321 0.85934 0.09745 
18 
0.87895 0.00338 0.11767 
0.01666 0.03543 0.94791 
0.00169 0.98553 0.01278 
0.65247 0.00728 0.34025 
0.90823 0.00866 0.08311 
0.21522 0.77562 0.00916 
18 
0.69662 0.12206 0.18132 
0.30548 0.22584 0.46868 
0.15909 0.83119 0.00972 
0.4667 0.07712 0.45618 
0.10911 0.53975 0.35114 
0.09992 0.48139 0.41869 
18 
0.08609 0.88851 0.0254 
0.82074 0.07057 0.10869 
0.76504 0.19235 0.04261 
0.07662 0.01147 0.91191 
0.44319 0.00442 0.55239 
0.38291 0.60301 0.01408 
18 
6.5E-4 0.42326 0.57609 
0.02038 0.95463 0.02499 
0.90005 0.01755 0.0824 
0.05394 0.19907 0.74699 
0.40354 0.56995 0.02651 
0.28803 0.04992 0.66205 
18 
0.98475 0.01453 7.2E-4 
0.00933 0.343 0.64767 
0.01125 0.98025 0.0085 
0.20908 0.03132 0.7596 
0.04001 0.04407 0.91592 
0.46888 0.01767 0.51345 
18 
0.02629 0.02151 0.9522 
0.58065 0.32973 0.08962 
0.02182 0.18743 0.79075 
0.00713 0.98733 0.00554 
0.48053 0.51453 0.00494 
0.41107 0.13997 0.44896 
18 
0.91437 0.00297 0.08266 
0.06836 0.89152 0.04012 
0.01266 0.46876 0.51858 
0.96605 0.01733 0.01662 
0.00157 0.13393 0.8645 
0.03777 0.00107 0.96116 
18 
0.0132 0.74587 0.24093 
0.54789 0.43466 0.01745 
0.04966 0.22382 0.72652 
0.93546 0.02592 0.03862 
0.0701 0.05101 0.87889 
0.43044 0.0241 0.54546 
18 
0.42491 0.49744 0.07765 
0.00157 0.0121 0.98633 
0.02113 0.07171 0.90716 
0.1457 0.28858 0.56572 
0.91279 0.03064 0.05657 
0.47493 0.46823 0.05684 
18 
0.11693 0.05997 0.8231 
0.97872 0.00717 0.01411 
0.32281 0.48927 0.18792 
0.10756 0.63153 0.26091 
0.1663 0.01617 0.81753 
0.60348 0.28739 0.10913 
18 
0.00298 0.98784 0.00918 
0.70739 0.28752 0.00509 
0.88282 0.06918 0.048 
0.38144 0.00745 0.61111 
0.01187 0.01503 0.9731 
0.13062 0.01185 0.85753 
18 
0.07463 0.07899 0.84638 
0.00209 0.11681 0.8811 
0.65031 0.24684 0.10285 
0.41677 0.50109 0.08214 
0.57347 0.07194 0.35459 
0.04296 0.09159 0.86545 
18 
0.57694 0.39621 0.02685 
0.98073 0.01685 0.00242 
0.08141 0.07839 0.8402 
0.12832 0.66058 0.2111 
0.02535 0.62046 0.35419 
0.05013 0.20186 0.74801 
18 
0.0138 0.9652 0.021 
0.01793 0.39432 0.58775 
0.02647 0.15433 0.8192 
0.92353 8.5E-4 0.07562 
0.22047 0.75186 0.02767 
0.85951 0.07785 0.06264 
18 
0.87105 0.07357 0.05538 
0.58441 0.40026 0.01533 
0.88749 0.00321 0.1093 
0.3315 0.65146 0.01704 
0.10524 0.40833 0.48643 
0.17438 0.55622 0.2694 
18 
0.03628 0.04474 0.91898 
0.05466 0.91875 0.02659 
0.91456 0.02463 0.06081 
0.09985 0.01259 0.88756 
0.00781 0.45047 0.54172 
0.21155 0.78536 0.00309 
18 
0.61257 0.06187 0.32556 
0.0568 0.26314 0.68006 
0.26373 0.72967 0.0066 
0.66057 0.06819 0.27124 
0.66219 0.24937 0.08844 
0.24307 0.11942 0.63751 
18 
0.2558 0.03106 0.71314 
0.00261 4.5E-4 0.99694 
0.02815 0.40931 0.56254 
0.83554 0.16093 0.00353 
0.16097 0.83867 3.6E-4 
0.04914 0.00249 0.94837 
18 
0.05737 0.89416 0.04847 
0.93212 0.04395 0.02393 
0.21919 0.12772 0.65309 
0.26379 0.04299 0.69322 
0.12833 0.86103 0.01064 
0.0656 0.56168 0.37272 
18 
0.06653 0.6197 0.31377 
0.64461 0.16395 0.19144 
0.384 0.59694 0.01906 
0.6191 0.10186 0.27904 
0.46459 0.52473 0.01068 
0.53615 0.4557 0.00815 
18 
0.00952 0.01209 0.97839 
0.44714 0.49417 0.05869 
0.94055 0.03044 0.02901 
0.02607 0.55452 0.41941 
0.92681 0.02012 0.05307 
0.03178 0.01049 0.95773 
18 
0.15113 0.03049 0.81838 
0.20505 0.02614 0.76881 
0.1047 0.39115 0.50415 
0.48928 0.50975 9.7E-4 
0.94334 0.0102 0.04646 
0.02499 0.29431 0.6807 
18 
0.47803 0.43625 0.08572 
0.18642 0.47327 0.34031 
0.13179 0.36235 0.50586 
0.0721 0.0412 0.8867 
0.35952 0.05367 0.58681 
0.09402 0.24641 0.65957 
18 
0.02412 0.01054 0.96534 
0.70798 0.2774 0.01462 
0.84283 0.09017 0.067 
0.03337 0.95717 0.00946 
0.78466 0.03477 0.18057 
0.02048 0.93948 0.04004 
18 
0.00185 0.76088 0.23727 
0.83499 0.13977 0.02524 
0.15644 0.84136 0.0022 
0.31118 0.02893 0.65989 
0.0222 0.08655 0.89125 
0.05212 0.84626 0.10162 
18 
0.20162 0.60709 0.19129 
0.11635 0.03254 0.85111 
0.04942 0.10243 0.84815 
0.43761 0.16654 0.39585 
0.43621 0.53827 0.02552 
0.1534 0.03581 0.81079 
18 
0.8526 0.0945 0.0529 
0.04661 0.71144 0.24195 
0.02041 0.0356 0.94399 
0.83923 0.08593 0.07484 
0.08705 0.89545 0.0175 
0.51692 0.02115 0.46193 
18 
0.05367 0.9378 0.00853 
0.03807 0.94824 0.01369 
0.03444 0.48308 0.48248 
0.70735 0.07261 0.22004 
0.28128 0.71193 0.00679 
0.25364 0.33033 0.41603 
18 
0.03689 0.13187 0.83124 
0.09996 0.50927 0.39077 
0.18373 0.74366 0.07261 
0.45615 0.44051 0.10334 
0.64886 0.12607 0.22507 
0.08853 0.07276 0.83871 
18 
0.99212 5.4E-4 0.00734 
0.01039 0.20994 0.77967 
0.15392 0.62937 0.21671 
0.56256 0.37387 0.06357 
0.94631 0.05337 3.2E-4 
0.10669 0.0112 0.88211 
18 
0.91416 0.04346 0.04238 
0.01188 0.79032 0.1978 
0.13336 0.10505 0.76159 
0.32564 0.04577 0.62859 
0.27527 0.62754 0.09719 
0.01842 0.38707 0.59451 
18 
0.46761 0.1377 0.39469 
0.74786 0.12015 0.13199 
0.2091 0.31009 0.48081 
0.21885 0.76934 0.01181 
0.31578 0.2 0.48422 
0.00604 0.68698 0.30698 
18 
0.18478 0.79886 0.01636 
0.69683 0.28329 0.01988 
0.03846 0.90863 0.05291 
0.77286 0.17536 0.05178 
0.16256 0.29954 0.5379 
0.25194 0.05265 0.69541 

4 
0.60645 0.39355 
0.20986 0.79014 
4 
0.96282 0.03718 
0.27761 0.72239 
4 
0.22206 0.77794 
0.90489 0.09511 
4 
0.42519 0.57481 
0.06053 0.93947 
4 
0.03118 0.96882 
0.86749 0.13251 

4 
0.12611 0.87389 
0.35569 0.64431 

30 
0.11781 0.01113 0.02422 0.16857 0.67827 
0.02386 0.05517 0.19927 0.16662 0.55508 
0.00474 8.1E-4 8.0E-5 0.00353 0.99084 
0.0125 0.00131 0.03601 0.73785 0.21233 
0.00879 0.7755 0.01107 0.18328 0.02136 
0.01081 0.24192 0.03356 0.59011 0.1236 
30 
0.57021 0.02243 0.01059 0.34229 0.05448 
0.45201 0.23003 0.10989 0.07807 0.13 
0.07858 0.02272 0.398 0.1442 0.3565 
0.1951 0.25484 0.02217 0.51914 0.00875 
0.29879 0.05221 0.41279 0.20846 0.02775 
0.00549 0.97238 0.01591 0.00537 8.5E-4 
30 
0.12402 0.0603 0.62946 0.09269 0.09353 
0.02709 0.02076 0.00478 0.93836 0.00901 
0.1051 0.07291 0.60537 0.05076 0.16586 
0.38537 0.04088 0.03963 0.07529 0.45883 
0.00292 0.0058 0.68189 0.14386 0.16553 
0.10739 0.02861 0.05094 0.79637 0.01669 

30 
0.06596 0.14373 0.14827 0.18432 0.45772 
0.04588 0.04099 0.02344 0.00673 0.88296 
0.35963 0.03642 0.02798 0.16624 0.40973 
0.90942 4.5E-4 0.00663 0.05227 0.03123 
3.4E-4 0.39934 0.58406 0.00966 0.0066 
0.18921 0.035 0.07954 0.67976 0.01649 
30 
0.12711 0.00607 0.83927 0.01117 0.01638 
0.39086 0.01687 0.01909 0.41988 0.1533 
0.12416 0.45417 0.13037 0.04273 0.24857 
0.04442 0.02403 0.83665 0.06865 0.02625 
0.56275 0.06225 0.13283 0.20103 0.04114 
0.06275 0.17564 0.11895 0.50443 0.13823 

30 
0.00731 3.2E-4 0.05414 0.93782 4.1E-4 
0.47309 0.02511 0.14183 0.25232 0.10765 
0.15673 0.1916 0.32683 0.18192 0.14292 
0.17129 0.11642 0.00443 0.02822 0.67964 
0.00565 0.03672 0.31913 0.60487 0.03363 
0.33341 0.51183 0.0273 0.09805 0.02941 
30 
0.00272 6.4E-4 0.04654 8.1E-4 0.94929 
0.69306 0.04112 0.0207 0.0131 0.23202 
0.02604 0.61426 0.05027 0.29445 0.01498 
0.06844 0.04164 0.0338 0.79739 0.05873 
0.1778 0.56536 0.01388 0.22706 0.0159 
0.02122 0.04423 0.03694 0.89742 1.9E-4 
30 
0.93155 0.00138 0.01237 0.03892 0.01578 
0.13931 0.06339 0.26219 0.20376 0.33135 
0.11987 0.8437 0.01235 0.0194 0.00468 
0.09489 0.61707 0.1138 0.13764 0.0366 
0.82391 0.05575 0.0084 0.01283 0.09911 
0.0342 0.47964 0.00128 0.00156 0.48332 

30 
0.03663 0.05984 0.3716 0.0849 0.44703 
0.0553 0.43567 0.00188 0.42885 0.0783 
0.00767 0.07038 6.0E-5 0.81776 0.10413 
0.55182 0.42519 0.01635 5.0E-4 0.00614 
0.00134 0.00474 0.45911 0.00323 0.53158 
0.53646 0.10974 0.09259 0.22564 0.03557 
