V-CREDAL 
8 
4 2 2 2 3 2 3 3 
8 
1 0 
2 0 1 
2 1 2 
2 2 3 
2 3 4 
2 4 5 
2 5 6 
2 6 7 

24 
0.34154 0.55037 0.10368 0.00441 
0.06699 0.15961 0.73821 0.03519 
0.03643 0.00635 0.65708 0.30014 
0.791 0.02239 0.16057 0.02604 
0.15481 0.02946 0.13788 0.67785 
0.5527 0.02833 0.3755 0.04347 

4 
0.5786 0.4214 
0.03148 0.96852 
4 
0.68885 0.31115 
0.36912 0.63088 
4 
0.13991 0.86009 
0.3765 0.6235 
4 
0.12581 0.87419 
0.35537 0.64463 

4 
0.82852 0.17148 
0.24113 0.75887 
4 
0.35666 0.64334 
0.19864 0.80136 

4 
0.22117 0.77883 
0.19423 0.80577 
4 
0.50563 0.49437 
0.48562 0.51438 

18 
0.01061 0.20244 0.78695 
0.10777 0.86428 0.02795 
0.38999 0.03017 0.57984 
0.18639 0.04033 0.77328 
0.87729 0.1218 9.1E-4 
0.07698 0.05022 0.8728 
18 
0.91395 0.06448 0.02157 
0.7485 0.22026 0.03124 
0.21761 0.25169 0.5307 
0.38167 0.39513 0.2232 
0.34733 0.11649 0.53618 
0.22658 0.30765 0.46577 

4 
0.9131 0.0869 
0.93577 0.06423 
4 
0.06452 0.93548 
0.7389 0.2611 
4 
0.84356 0.15644 
0.49665 0.50335 

18 
0.93714 0.05487 0.00799 
0.38823 0.54861 0.06316 
0.94925 0.00354 0.04721 
0.13103 0.6696 0.19937 
0.49556 0.00191 0.50253 
0.39096 0.13066 0.47838 
18 
0.16543 0.29956 0.53501 
0.37876 0.50888 0.11236 
0.12963 0.69232 0.17805 
0.59735 0.01544 0.38721 
0.03237 0.44682 0.52081 
0.01794 0.57434 0.40772 

18 
0.45355 0.05009 0.49636 
0.00336 0.97773 0.01891 
0.33318 0.02462 0.6422 
0.29679 0.58423 0.11898 
0.53177 0.24486 0.22337 
0.0628 0.07267 0.86453 
18 
0.24238 0.74272 0.0149 
0.65714 0.25644 0.08642 
0.20676 0.0047 0.78854 
0.01411 0.93317 0.05272 
0.80813 0.07622 0.11565 
0.00686 0.51954 0.4736 
18 
0.01341 0.708 0.27859 
0.00366 0.03572 0.96062 
0.82032 0.02669 0.15299 
0.02115 0.97599 0.00286 
0.64538 0.3004 0.05422 
0.07378 0.03086 0.89536 
