V-CREDAL
8
4 3 2 4 3 2 3 3
8
1 0
2 0 1
2 1 2
2 2 3
2 3 4
2 4 5
2 5 6
2 6 7

24
0.025 0.487 0.484 0.004
0.252 0.02 0.592 0.136
0.409 0.573 0.002 0.016
0.185 0.633 0.18 0.002
0.286 0.038 0.506 0.17
0.359 0.093 0.223 0.325

18
0.016 0.971 0.013
0.041 0.882 0.077
0.861 0.042 0.097
0.91 0.071 0.019
0.297 0.45 0.253
0.506 0.237 0.257
18
0.105 0.806 0.089
0.899 0.043 0.058
0.276 0.146 0.578
0.067 0.38 0.553
0.843 0.113 0.044
0.054 0.658 0.288
18
0.002 0.733 0.265
0.968 0.023 0.009
0.026 0.051 0.923
0.064 0.93 0.006
0.023 0.054 0.923
0.443 0.009 0.548
18
0.745 0.025 0.23
0.039 0.912 0.049
0.089 0.066 0.845
0.436 0.531 0.033
0.808 0.072 0.12
0.784 0.189 0.027

4
0.276 0.724
0.304 0.696
4
0.428 0.572
0.345 0.655
4
0.562 0.438
0.957 0.043

24
0.052 0.173 0.716 0.059
0.027 0.112 0.088 0.773
0.168 0.225 0.501 0.106
0.069 0.204 0.664 0.063
0.011 0.061 0.515 0.413
0.009 0.892 0.002 0.097
24
0.517 0.336 0.084 0.063
0.231 0.327 0.297 0.145
0.58 0.271 0.102 0.047
0.807 0.106 0.013 0.074
0.385 0.207 0.023 0.385
0.264 0.179 0.497 0.06

18
0.373 0.323 0.304
0.392 0.075 0.533
0.146 0.089 0.765
0.015 0.236 0.749
0.151 0.321 0.528
0.396 0.129 0.475
18
0.158 0.737 0.105
0.284 0.151 0.565
0.18 0.75 0.07
0.668 0.306 0.026
0.833 0.152 0.015
0.131 0.229 0.64
18
0.1 0.598 0.302
0.602 0.331 0.067
0.212 0.24 0.548
0.401 0.451 0.148
0.954 0.001 0.045
0.884 0.009 0.107
18
0.735 0.103 0.162
0.001 0.972 0.027
0.499 0.4 0.101
0.095 0.018 0.887
0.045 0.035 0.92
0.023 0.962 0.015

4
0.193 0.807
0.809 0.191
4
0.449 0.551
0.977 0.023
4
0.435 0.565
0.658 0.342

18
0.774 0.018 0.208
0.159 0.693 0.148
0.275 0.658 0.067
0.577 0.051 0.372
0.917 0.027 0.056
0.48 0.182 0.338
18
0.295 0.606 0.099
0.715 0.217 0.068
0.08 0.185 0.735
0.076 0.003 0.921
0.075 0.004 0.921
0.876 0.006 0.118

18
0.217 0.03 0.753
0.21 0.62 0.17
0.159 0.141 0.7
0.853 0.046 0.101
0.167 0.03 0.803
0.781 0.162 0.057
18
0.399 0.063 0.538
0.624 0.128 0.248
0.053 0.657 0.29
0.063 0.879 0.058
0.055 0.177 0.768
0.14 0.847 0.013
18
0.057 0.908 0.035
0.281 0.214 0.505
0.718 0.008 0.274
0.097 0.46 0.443
0.798 0.113 0.089
0.262 0.689 0.049
