V-CREDAL 
4 
4 4 2 4 
4 
1 0 
2 0 1 
2 1 2 
2 2 3 

16 
0.13636 7.0E-5 0.85774 0.00583 
0.08499 0.02783 0.85055 0.03663 
0.00976 0.05885 0.00786 0.92353 
0.16661 0.59876 0.18146 0.05317 

16 
0.21429 0.08211 0.62726 0.07634 
0.20088 0.04696 0.74726 0.0049 
0.68393 0.00453 0.15352 0.15802 
0.2062 0.38445 0.30426 0.10509 
16 
0.05595 0.33924 0.56334 0.04147 
0.10808 0.29074 0.03461 0.56657 
0.45789 0.22205 0.24925 0.07081 
0.26156 0.56549 0.12006 0.05289 
16 
0.05366 0.58574 0.04042 0.32018 
0.07976 0.74508 0.14464 0.03052 
0.04086 0.40202 0.02977 0.52735 
0.23927 0.19644 0.08976 0.47453 
16 
0.23095 0.01654 0.44997 0.30254 
0.07263 0.16543 0.28371 0.47823 
0.11987 0.39579 0.47051 0.01383 
0.48084 0.00252 0.01047 0.50617 

4 
0.35271 0.64729 
0.59425 0.40575 
4 
0.11235 0.88765 
0.51905 0.48095 
4 
0.33355 0.66645 
0.14331 0.85669 
4 
0.08549 0.91451 
0.85842 0.14158 

16 
0.51723 0.41226 0.0547 0.01581 
0.36854 0.21832 0.38072 0.03242 
0.00261 0.00328 0.15562 0.83849 
0.04198 0.66682 0.26748 0.02372 
16 
0.19303 0.40032 0.18919 0.21746 
0.03346 0.06046 0.39458 0.5115 
0.01759 0.2167 0.74021 0.0255 
0.91027 1.2E-4 0.08953 8.0E-5 
