V-CREDAL
9
2 2 3 2 4 2 4 4 2
9
3 2 7 0
4 0 3 8 1
1 2
2 5 3
2 6 4
1 5
1 6
2 6 7
1 8

4
0.648 0.352
0.334 0.666
4
0.453 0.547
0.128 0.872
4
0.663 0.337
0.174 0.826
4
0.816 0.184
0.776 0.224
4
0.967 0.033
0.65 0.35
4
0.42 0.58
0.788 0.212
4
0.86 0.14
0.434 0.566
4
0.403 0.597
0.321 0.679
4
0.389 0.611
0.112 0.888
4
0.286 0.714
0.064 0.936
4
0.793 0.207
0.598 0.402
4
0.516 0.484
0.398 0.602

4
0.921 0.079
0.888 0.112
4
0.405 0.595
0.153 0.847
4
0.307 0.693
0.164 0.836
4
0.234 0.766
0.001 0.999
4
0.741 0.259
0.853 0.147
4
0.714 0.286
0.441 0.559
4
0.866 0.134
0.96 0.04
4
0.144 0.856
0.439 0.561

18
0.617 0.001 0.382
0.661 0.285 0.054
0.054 0.241 0.705
0.016 0.966 0.018
0.108 0.188 0.704
0.26 0.068 0.672

4
0.232 0.768
0.612 0.388
4
0.597 0.403
0.911 0.089

24
0.011 0.302 0.094 0.593
0.784 0.025 0.027 0.164
0.278 0.007 0.011 0.704
0.036 0.703 0.13 0.131
0.23 0.221 0.422 0.127
0.148 0.007 0.047 0.798
24
0.065 0.303 0.009 0.623
0.255 0.358 0.219 0.168
0.489 0.126 0.076 0.309
0.236 0.143 0.145 0.476
0.039 0.308 0.526 0.127
0.498 0.051 0.337 0.114
24
0.796 0.003 0.155 0.046
0.928 0.018 0.047 0.007
0.278 0.543 0.069 0.11
0.03 0.716 0.173 0.081
0.069 0.631 0.209 0.091
0.005 0.614 0.225 0.156
24
0.485 0.016 0.431 0.068
0.761 0.016 0.012 0.211
0.314 0.35 0.038 0.298
0.728 0.232 0.031 0.009
0.198 0.485 0.317 0.0
0.955 0.027 0.012 0.006

4
0.72 0.28
0.693 0.307

24
0.06 0.126 0.093 0.721
0.153 0.759 0.055 0.033
0.367 0.01 0.003 0.62
0.022 0.415 0.435 0.128
0.824 0.01 0.047 0.119
0.194 0.082 0.04 0.684

24
0.345 0.285 0.33 0.04
0.013 0.141 0.36 0.486
0.115 0.371 0.067 0.447
0.058 0.064 0.075 0.803
0.407 0.037 0.294 0.262
0.549 0.025 0.374 0.052
24
0.014 0.243 0.115 0.628
0.045 0.007 0.894 0.054
0.002 0.994 0.001 0.003
0.223 0.11 0.491 0.176
0.121 0.263 0.184 0.432
0.188 0.686 0.074 0.052
24
0.19 0.24 0.408 0.162
0.307 0.055 0.325 0.313
0.1 0.221 0.066 0.613
0.138 0.232 0.01 0.62
0.002 0.004 0.051 0.943
0.049 0.125 0.312 0.514
24
0.071 0.092 0.304 0.533
0.072 0.053 0.454 0.421
0.023 0.201 0.58 0.196
0.259 0.029 0.051 0.661
0.062 0.682 0.256 0.0
0.807 0.082 0.059 0.052

4
0.048 0.952
0.022 0.978
