V-CREDAL 
4 
2 2 5 4 
4 
1 0 
2 0 1 
2 1 2 
2 2 3 

4 
0.89057 0.10943 
0.80771 0.19229 

4 
0.24489 0.75511 
0.91802 0.08198 
4 
0.13832 0.86168 
0.89167 0.10833 

30 
0.12115 0.32776 0.29677 0.19665 0.05767 
0.03159 0.4796 0.41948 0.05579 0.01354 
0.00252 0.24518 0.71322 0.03549 0.00359 
0.83847 0.04296 0.04024 0.06161 0.01672 
0.19684 0.14586 1.5E-4 0.61747 0.03968 
0.67549 0.00712 0.02806 0.28792 0.00141 
30 
0.08599 0.0287 0.01267 0.8519 0.02074 
0.10619 0.68148 0.1125 0.00753 0.0923 
0.06932 0.11209 0.12632 0.4164 0.27587 
0.00791 0.33068 0.19518 0.0225 0.44373 
0.66293 0.10436 0.11813 0.01503 0.09955 
0.16528 0.3496 0.05101 0.10139 0.33272 

24 
0.18408 0.31752 0.07475 0.42365 
0.01384 0.52847 0.4381 0.01959 
0.24825 0.02189 0.65416 0.0757 
0.43291 0.30087 0.00625 0.25997 
0.3991 0.11213 0.07986 0.40891 
0.07996 0.07137 0.0672 0.78147 
24 
0.025 0.82963 0.11964 0.02573 
2.7E-4 0.07546 0.02925 0.89502 
0.03035 0.05574 0.90478 0.00913 
0.1126 0.83857 0.00256 0.04627 
0.53649 0.37474 0.04991 0.03886 
0.57366 0.01248 0.39616 0.0177 
24 
0.33311 0.48066 0.08137 0.10486 
0.69867 0.12474 0.16453 0.01206 
0.39278 0.35132 0.25502 8.8E-4 
0.14895 0.00714 0.52174 0.32217 
0.35795 0.18136 0.05889 0.4018 
0.19155 0.32211 0.33789 0.14845 
24 
0.64207 0.1888 0.03048 0.13865 
0.09271 0.00545 0.8707 0.03114 
0.18565 0.28783 0.51938 0.00714 
0.41866 0.11227 0.10904 0.36003 
0.04752 0.01646 0.17344 0.76258 
0.70267 0.14062 0.15488 0.00183 
24 
0.03148 0.93053 0.03147 0.00652 
0.11093 0.28222 0.1084 0.49845 
0.09103 0.28663 0.1333 0.48904 
0.63703 0.00545 0.22923 0.12829 
0.62843 0.04789 0.06261 0.26107 
0.31664 0.64056 0.04021 0.00259 
