V-CREDAL 
10 
2 3 2 3 3 2 3 3 2 3 
10 
1 0 
2 0 1 
2 1 2 
2 2 3 
2 3 4 
2 4 5 
2 5 6 
2 6 7 
2 7 8 
2 8 9 

4 
0.47878 0.52122 
0.23708 0.76292 

12 
0.45059 0.47998 0.06943 
0.12499 0.50176 0.37325 
0.34088 0.34774 0.31138 
0.59934 0.36705 0.03361 
12 
0.86462 0.02583 0.10955 
0.03936 0.92415 0.03649 
0.85355 0.14544 0.00101 
0.01251 0.0741 0.91339 

4 
0.85923 0.14077 
0.26692 0.73308 
4 
0.99075 0.00925 
0.85175 0.14825 
4 
0.92542 0.07458 
0.02571 0.97429 

12 
0.10945 0.32737 0.56318 
0.90432 0.05418 0.0415 
0.1466 0.0626 0.7908 
0.59278 0.23674 0.17048 
12 
0.03048 0.92401 0.04551 
0.37791 0.5373 0.08479 
0.07557 0.88753 0.0369 
0.27746 0.05661 0.66593 

12 
0.5458 0.02606 0.42814 
0.00809 0.0394 0.95251 
0.04791 0.92602 0.02607 
0.37966 0.44075 0.17959 
12 
0.39042 0.39361 0.21597 
0.13462 0.55237 0.31301 
0.60207 0.25048 0.14745 
0.31454 0.14142 0.54404 
12 
0.27386 0.21082 0.51532 
0.00746 0.38959 0.60295 
0.19895 0.03349 0.76756 
0.1642 0.82683 0.00897 

4 
0.29891 0.70109 
0.97662 0.02338 
4 
0.3024 0.6976 
0.99939 6.1E-4 
4 
0.75298 0.24702 
0.95552 0.04448 

12 
0.86055 0.04275 0.0967 
0.2055 0.75376 0.04074 
0.26139 0.02986 0.70875 
0.13388 0.64738 0.21874 
12 
0.15627 0.80528 0.03845 
0.16135 0.49898 0.33967 
0.01263 0.64913 0.33824 
0.001 0.0345 0.9645 

12 
0.32437 0.61696 0.05867 
0.6985 0.21148 0.09002 
0.62536 0.1459 0.22874 
0.399 0.01842 0.58258 
12 
0.16651 0.70598 0.12751 
0.27851 0.28845 0.43304 
0.43519 0.50236 0.06245 
0.75655 0.01287 0.23058 
12 
0.33584 0.08119 0.58297 
0.00137 0.99534 0.00329 
0.10145 0.02536 0.87319 
0.05381 0.01598 0.93021 

4 
0.06537 0.93463 
0.87405 0.12595 
4 
0.68942 0.31058 
0.98899 0.01101 
4 
0.52068 0.47932 
0.20383 0.79617 

12 
0.00582 0.00292 0.99126 
0.3628 0.59031 0.04689 
0.10902 0.1985 0.69248 
0.66244 0.03279 0.30477 
12 
0.0385 0.86802 0.09348 
0.13121 0.12507 0.74372 
0.21512 0.53733 0.24755 
0.08233 0.11253 0.80514 
