V-CREDAL
4
3 4 2 2
4
2 2 0
2 2 1
1 2
2 2 3

18
0.091 0.886 0.023
0.059 0.821 0.12
0.331 0.087 0.582
0.49 0.494 0.016
0.726 0.056 0.218
0.009 0.359 0.632
18
0.819 0.113 0.068
0.072 0.256 0.672
0.07 0.4 0.53
0.183 0.159 0.658
0.673 0.309 0.018
0.73 0.262 0.008

24
0.068 0.11 0.46 0.362
0.019 0.008 0.661 0.312
0.023 0.027 0.944 0.006
0.658 0.177 0.154 0.011
0.127 0.024 0.036 0.813
0.003 0.018 0.932 0.047
24
0.131 0.077 0.05 0.742
0.118 0.174 0.648 0.06
0.013 0.653 0.329 0.005
0.967 0.019 0.012 0.002
0.045 0.843 0.008 0.104
0.185 0.072 0.738 0.005

4
0.179 0.821
0.327 0.673

4
0.851 0.149
0.946 0.054
4
0.288 0.712
0.873 0.127
