V-CREDAL 
6 
2 3 3 2 4 4 
6 
2 2 0 
3 2 3 1 
1 2 
1 3 
3 3 5 4 
1 5 

4 
0.82569 0.17431 
0.35291 0.64709 
4 
0.48059 0.51941 
0.06174 0.93826 
4 
0.35589 0.64411 
0.82276 0.17724 

12 
0.42166 0.40711 0.17123 
0.37126 0.34735 0.28139 
0.0099 0.92189 0.06821 
0.28205 0.60789 0.11006 
12 
0.02871 0.40147 0.56982 
0.08734 0.85421 0.05845 
0.02154 0.02548 0.95298 
0.03521 0.01097 0.95382 
12 
0.18125 0.42942 0.38933 
0.40109 0.52679 0.07212 
0.2558 0.67598 0.06822 
0.23647 0.15645 0.60708 
12 
0.08378 0.12251 0.79371 
0.62037 0.22692 0.15271 
0.41431 0.54992 0.03577 
0.20525 0.04592 0.74883 
12 
0.21489 0.21728 0.56783 
0.23544 0.60286 0.1617 
0.02265 0.41177 0.56558 
0.35648 0.50394 0.13958 
12 
0.25019 0.53936 0.21045 
0.21702 0.22371 0.55927 
0.06404 0.81933 0.11663 
0.13946 0.78907 0.07147 

12 
0.75067 0.04452 0.20481 
0.20921 0.74652 0.04427 
0.01951 0.08552 0.89497 
0.00974 0.91776 0.0725 

4 
0.70973 0.29027 
0.12369 0.87631 

16 
0.40765 0.29146 0.10883 0.19206 
0.06672 0.70871 0.19357 0.031 
0.01172 0.98183 0.00142 0.00503 
0.05272 8.0E-4 0.94033 0.00615 
16 
0.30743 0.06099 0.22841 0.40317 
0.00723 0.87164 0.04934 0.07179 
0.09628 0.11738 0.01855 0.76779 
0.09025 0.19368 0.12635 0.58972 
16 
0.26189 0.2166 0.16765 0.35386 
0.02381 0.05625 0.91168 0.00826 
0.00239 0.00264 3.6E-4 0.99461 
0.13407 0.40389 0.15694 0.3051 
16 
0.18047 0.17504 0.50407 0.14042 
0.07381 0.57523 0.30932 0.04164 
0.39092 0.33077 0.21825 0.06006 
0.23371 0.00966 0.02684 0.72979 
16 
0.01702 0.31899 0.37293 0.29106 
0.0404 0.01833 0.79598 0.14529 
0.39117 0.3813 0.06154 0.16599 
0.23974 0.54382 0.15786 0.05858 
16 
0.01278 0.22963 0.36476 0.39283 
0.14365 0.02851 0.21771 0.61013 
0.11118 0.32375 0.53552 0.02955 
0.12632 0.09309 0.72561 0.05498 
16 
0.31433 0.25919 0.2656 0.16088 
0.26951 0.52383 0.1732 0.03346 
0.24937 0.33276 0.37403 0.04384 
0.03409 0.61909 0.04071 0.30611 
16 
0.05494 0.07819 0.00756 0.85931 
0.02256 0.86492 0.08149 0.03103 
0.2934 0.05094 0.04785 0.60781 
0.25908 0.15112 0.07616 0.51364 

16 
0.21463 0.29588 0.00106 0.48843 
0.63189 0.05961 0.30541 0.00309 
0.19678 0.24777 0.52075 0.0347 
0.61504 0.31675 0.04289 0.02532 
