V-CREDAL
8
4 2 2 4 4 2 4 2
8
1 0
2 0 1
2 1 2
2 2 3
2 3 4
2 4 5
2 5 6
2 6 7

16
0.004 0.003 0.018 0.975
0.606 0.002 0.313 0.079
0.028 0.06 0.869 0.043
0.213 0.255 0.38 0.152

4
0.284 0.716
0.678 0.322
4
0.11 0.89
0.959 0.041
4
0.006 0.994
0.262 0.738
4
0.152 0.848
0.498 0.502

4
0.86 0.14
0.141 0.859
4
0.934 0.066
0.222 0.778

16
0.206 0.048 0.002 0.744
0.267 0.061 0.488 0.184
0.046 0.183 0.57 0.201
0.236 0.329 0.388 0.047
16
0.11 0.271 0.02 0.599
0.663 0.088 0.135 0.114
0.425 0.159 0.173 0.243
0.511 0.29 0.084 0.115

16
0.002 0.356 0.433 0.209
0.292 0.372 0.139 0.197
0.878 0.057 0.011 0.054
0.335 0.036 0.18 0.449
16
0.73 0.042 0.223 0.005
0.145 0.144 0.619 0.092
0.185 0.603 0.071 0.141
0.14 0.309 0.086 0.465
16
0.136 0.468 0.297 0.099
0.172 0.3 0.513 0.015
0.016 0.489 0.458 0.037
0.155 0.513 0.033 0.299
16
0.062 0.2 0.163 0.575
0.169 0.044 0.724 0.063
0.127 0.149 0.189 0.535
0.14 0.692 0.072 0.096

4
0.314 0.686
0.641 0.359
4
0.827 0.173
0.501 0.499
4
0.92 0.08
0.233 0.767
4
0.205 0.795
0.834 0.166

16
0.109 0.187 0.473 0.231
0.142 0.26 0.327 0.271
0.333 0.259 0.365 0.043
0.57 0.338 0.051 0.041
16
0.125 0.062 0.227 0.586
0.343 0.009 0.465 0.183
0.108 0.597 0.17 0.125
0.082 0.814 0.022 0.082

4
0.4 0.6
0.425 0.575
4
0.104 0.896
0.713 0.287
4
0.243 0.757
0.378 0.622
4
0.162 0.838
0.588 0.412
