V-CREDAL
8
4 2 2 2 3 2 3 3
8
1 0
2 0 1
2 1 2
2 2 3
2 3 4
2 4 5
2 5 6
2 6 7

24
0.472 0.291 0.162 0.075
0.013 0.396 0.188 0.403
0.218 0.042 0.4 0.34
0.019 0.022 0.867 0.092
0.667 0.059 0.116 0.158
0.68 0.189 0.071 0.06

4
0.844 0.156
0.599 0.401
4
0.727 0.273
0.328 0.672
4
0.364 0.636
0.741 0.259
4
0.328 0.672
0.985 0.015

4
0.508 0.492
0.277 0.723
4
0.365 0.635
0.568 0.432

4
0.667 0.333
0.558 0.442
4
0.196 0.804
0.525 0.475

18
0.075 0.228 0.697
0.123 0.684 0.193
0.239 0.021 0.74
0.337 0.504 0.159
0.009 0.74 0.251
0.306 0.328 0.366
18
0.515 0.15 0.335
0.044 0.328 0.628
0.002 0.623 0.375
0.391 0.518 0.091
0.278 0.009 0.713
0.117 0.796 0.087

4
0.55 0.45
0.281 0.719
4
0.344 0.656
0.518 0.482
4
0.672 0.328
0.648 0.352

18
0.015 0.115 0.87
0.909 0.03 0.061
0.125 0.723 0.152
0.002 0.183 0.815
0.591 0.325 0.084
0.016 0.771 0.213
18
0.001 0.996 0.003
0.016 0.28 0.704
0.139 0.187 0.674
0.923 0.073 0.004
0.578 0.048 0.374
0.415 0.583 0.002

18
0.01 0.038 0.952
0.686 0.309 0.005
0.87 0.1 0.03
0.256 0.708 0.036
0.888 0.038 0.074
0.037 0.014 0.949
18
0.694 0.297 0.009
0.678 0.152 0.17
0.061 0.116 0.823
0.15 0.449 0.401
0.399 0.004 0.597
0.412 0.424 0.164
18
0.017 0.003 0.98
0.47 0.02 0.51
0.006 0.987 0.007
0.94 0.039 0.021
0.013 0.24 0.747
0.003 0.925 0.072
