V-CREDAL
4
4 3 3 2
4
2 2 0
3 2 3 1
1 2
1 3

16
0.384 0.363 0.183 0.07
0.934 0.002 0.061 0.003
0.21 0.034 0.669 0.087
0.574 0.078 0.146 0.202
16
0.369 0.189 0.058 0.384
0.055 0.829 0.01 0.106
0.105 0.069 0.451 0.375
0.226 0.169 0.544 0.061
16
0.35 0.119 0.344 0.187
0.629 0.204 0.118 0.049
0.009 0.009 0.982 0.0
0.002 0.281 0.696 0.021

12
0.786 0.1 0.114
0.096 0.311 0.593
0.009 0.925 0.066
0.686 0.115 0.199
12
0.436 0.468 0.096
0.121 0.602 0.277
0.207 0.775 0.018
0.176 0.031 0.793
12
0.0 0.999 0.001
0.426 0.01 0.564
0.828 0.042 0.13
0.114 0.536 0.35
12
0.576 0.178 0.246
0.142 0.694 0.164
0.929 0.007 0.064
0.804 0.062 0.134
12
0.008 0.926 0.066
0.611 0.279 0.11
0.211 0.776 0.013
0.176 0.346 0.478
12
0.55 0.077 0.373
0.105 0.415 0.48
0.551 0.04 0.409
0.126 0.534 0.34

12
0.489 0.006 0.505
0.346 0.446 0.208
0.009 0.596 0.395
0.039 0.805 0.156

4
0.125 0.875
0.346 0.654
