V-CREDAL
6
3 4 3 2 3 4
6
1 0
2 3 1
2 3 2
2 4 3
2 0 4
2 0 5

12
0.464 0.227 0.309
0.039 0.138 0.823
0.031 0.733 0.236
0.087 0.095 0.818

16
0.13 0.586 0.074 0.21
0.069 0.189 0.036 0.706
0.237 0.182 0.033 0.548
0.233 0.036 0.414 0.317
16
0.285 0.473 0.189 0.053
0.843 0.009 0.137 0.011
0.111 0.717 0.09 0.082
0.163 0.04 0.037 0.76

12
0.981 0.014 0.005
0.283 0.178 0.539
0.003 0.795 0.202
0.705 0.034 0.261
12
0.16 0.073 0.767
0.189 0.457 0.354
0.015 0.319 0.666
0.552 0.182 0.266

4
0.601 0.399
0.509 0.491
4
0.783 0.217
0.864 0.136
4
0.773 0.227
0.109 0.891

12
0.155 0.341 0.504
0.019 0.454 0.527
0.529 0.255 0.216
0.615 0.22 0.165
12
0.012 0.869 0.119
0.677 0.072 0.251
0.448 0.54 0.012
0.148 0.671 0.181
12
0.479 0.069 0.452
0.257 0.094 0.649
0.166 0.698 0.136
0.168 0.616 0.216

16
0.048 0.092 0.299 0.561
0.06 0.204 0.046 0.69
0.404 0.05 0.094 0.452
0.024 0.037 0.795 0.144
16
0.09 0.052 0.731 0.127
0.149 0.054 0.502 0.295
0.002 0.002 0.082 0.914
0.305 0.037 0.066 0.592
16
0.219 0.141 0.543 0.097
0.511 0.164 0.222 0.103
0.698 0.271 0.021 0.01
0.499 0.186 0.086 0.229
