V-CREDAL
4
3 3 3 3
4
1 0
2 3 1
1 2
3 0 2 3

12
0.756 0.232 0.012
0.27 0.147 0.583
0.064 0.119 0.817
0.381 0.495 0.124

12
0.01 0.812 0.178
0.378 0.434 0.188
0.036 0.111 0.853
0.053 0.091 0.856
12
0.081 0.866 0.053
0.946 0.035 0.019
0.06 0.023 0.917
0.807 0.178 0.015
12
0.097 0.032 0.871
0.523 0.375 0.102
0.032 0.346 0.622
0.259 0.48 0.261

12
0.517 0.061 0.422
0.266 0.054 0.68
0.204 0.259 0.537
0.464 0.476 0.06

12
0.843 0.127 0.03
0.24 0.147 0.613
0.317 0.148 0.535
0.148 0.013 0.839
12
0.023 0.764 0.213
0.047 0.662 0.291
0.807 0.046 0.147
0.43 0.288 0.282
12
0.635 0.296 0.069
0.015 0.98 0.005
0.789 0.142 0.069
0.052 0.939 0.009
12
0.399 0.446 0.155
0.708 0.017 0.275
0.042 0.075 0.883
0.029 0.092 0.879
12
0.147 0.396 0.457
0.694 0.015 0.291
0.122 0.591 0.287
0.107 0.786 0.107
12
0.539 0.299 0.162
0.06 0.128 0.812
0.404 0.153 0.443
0.244 0.031 0.725
12
0.116 0.674 0.21
0.316 0.115 0.569
0.267 0.66 0.073
0.039 0.088 0.873
12
0.543 0.044 0.413
0.666 0.174 0.16
0.362 0.286 0.352
0.904 0.035 0.061
12
0.027 0.921 0.052
0.127 0.609 0.264
0.017 0.871 0.112
0.018 0.586 0.396
