V-CREDAL
5
4 4 3 4 3
5
1 0
2 0 1
2 4 2
2 0 3
2 3 4

24
0.283 0.392 0.077 0.248
0.003 0.475 0.001 0.521
0.656 0.026 0.204 0.114
0.004 0.004 0.836 0.156
0.171 0.238 0.405 0.186
0.053 0.06 0.731 0.156

24
0.109 0.228 0.27 0.393
0.399 0.254 0.303 0.044
0.596 0.026 0.362 0.016
0.009 0.058 0.024 0.909
0.015 0.1 0.009 0.876
0.043 0.515 0.164 0.278
24
0.058 0.016 0.205 0.721
0.113 0.639 0.024 0.224
0.56 0.034 0.361 0.045
0.261 0.303 0.436 0.0
0.287 0.568 0.079 0.066
0.379 0.005 0.373 0.243
24
0.002 0.149 0.396 0.453
0.331 0.37 0.106 0.193
0.732 0.049 0.127 0.092
0.019 0.014 0.039 0.928
0.636 0.176 0.187 0.001
0.361 0.047 0.128 0.464
24
0.073 0.225 0.44 0.262
0.122 0.104 0.18 0.594
0.195 0.47 0.329 0.006
0.123 0.413 0.399 0.065
0.083 0.368 0.422 0.127
0.252 0.146 0.592 0.01

18
0.299 0.135 0.566
0.039 0.958 0.003
0.179 0.414 0.407
0.065 0.733 0.202
0.982 0.011 0.007
0.075 0.691 0.234
18
0.01 0.424 0.566
0.57 0.359 0.071
0.014 0.078 0.908
0.862 0.069 0.069
0.433 0.015 0.552
0.006 0.084 0.91
18
0.035 0.775 0.19
0.143 0.694 0.163
0.34 0.546 0.114
0.047 0.018 0.935
0.707 0.015 0.278
0.6 0.239 0.161

24
0.436 0.512 0.05 0.002
0.147 0.071 0.514 0.268
0.004 0.792 0.164 0.04
0.028 0.079 0.819 0.074
0.063 0.179 0.527 0.231
0.536 0.002 0.462 0.0
24
0.62 0.001 0.086 0.293
0.592 0.037 0.062 0.309
0.022 0.007 0.219 0.752
0.083 0.802 0.019 0.096
0.002 0.011 0.987 0.0
0.267 0.554 0.161 0.018
24
0.648 0.006 0.015 0.331
0.022 0.052 0.773 0.153
0.178 0.709 0.087 0.026
0.008 0.01 0.004 0.978
0.006 0.701 0.203 0.09
0.017 0.956 0.011 0.016
24
0.423 0.056 0.51 0.011
0.958 0.015 0.001 0.026
0.307 0.372 0.004 0.317
0.197 0.266 0.49 0.047
0.194 0.471 0.315 0.02
0.827 0.015 0.002 0.156

18
0.034 0.021 0.945
0.963 0.022 0.015
0.009 0.984 0.007
0.903 0.083 0.014
0.039 0.958 0.003
0.204 0.01 0.786
18
0.975 0.003 0.022
0.004 0.0 0.996
0.003 0.993 0.004
0.269 0.729 0.002
0.946 0.041 0.013
0.024 0.0 0.976
18
0.801 0.146 0.053
0.468 0.455 0.077
0.251 0.616 0.133
0.758 0.19 0.052
0.018 0.365 0.617
0.108 0.506 0.386
18
0.735 0.127 0.138
0.242 0.191 0.567
0.024 0.737 0.239
0.05 0.774 0.176
0.6 0.121 0.279
0.055 0.273 0.672
