V-CREDAL 
6 
3 2 2 3 3 3 
6 
1 0 
2 0 1 
2 1 2 
2 2 3 
2 3 4 
2 4 5 

12 
0.61638 0.29638 0.08724 
0.18435 0.00545 0.8102 
0.94972 0.02757 0.02271 
0.48545 0.24333 0.27122 

4 
0.20599 0.79401 
0.01146 0.98854 
4 
0.53257 0.46743 
0.20815 0.79185 
4 
0.19612 0.80388 
0.05409 0.94591 

4 
0.92323 0.07677 
0.52058 0.47942 
4 
0.27436 0.72564 
0.24197 0.75803 

12 
0.7668 0.1613 0.0719 
0.02383 0.35472 0.62145 
0.20647 0.71161 0.08192 
0.74468 0.10606 0.14926 
12 
0.87561 0.09235 0.03204 
0.31448 0.30095 0.38457 
0.05759 0.71467 0.22774 
0.07103 0.76109 0.16788 

12 
0.12468 0.17578 0.69954 
0.3697 0.35197 0.27833 
0.83809 0.05215 0.10976 
0.7045 0.18391 0.11159 
12 
0.04123 0.44748 0.51129 
0.03668 0.9051 0.05822 
0.70586 0.1179 0.17624 
0.69577 0.05689 0.24734 
12 
0.56182 0.41264 0.02554 
0.34048 0.04869 0.61083 
0.16652 0.65608 0.1774 
0.26669 0.70286 0.03045 

12 
0.43684 0.03427 0.52889 
4.0E-5 0.90133 0.09863 
0.30589 0.66614 0.02797 
0.52702 0.04059 0.43239 
12 
0.11423 0.26107 0.6247 
0.91278 0.01522 0.072 
0.06036 0.57422 0.36542 
0.20299 0.19625 0.60076 
12 
0.61739 0.19885 0.18376 
0.01676 0.15989 0.82335 
0.08323 0.80954 0.10723 
0.48635 0.11536 0.39829 
