V-CREDAL 
6 
4 3 3 4 2 4 
6 
1 0 
2 0 1 
2 1 2 
2 2 3 
2 3 4 
2 4 5 

16 
0.33443 0.31316 0.33097 0.02144 
0.47373 0.01727 0.39812 0.11088 
0.15795 0.30022 0.09421 0.44762 
0.09926 0.10006 0.04938 0.7513 

12 
0.33715 0.16919 0.49366 
0.06107 0.78207 0.15686 
0.32241 0.65842 0.01917 
0.65949 0.03368 0.30683 
12 
0.9242 0.04802 0.02778 
0.12805 0.06293 0.80902 
0.84264 0.07623 0.08113 
0.41221 0.14208 0.44571 
12 
0.28892 0.46975 0.24133 
0.10872 0.8549 0.03638 
0.71223 0.01888 0.26889 
0.6631 0.21732 0.11958 
12 
0.69195 0.23411 0.07394 
0.13479 0.16242 0.70279 
0.00858 0.53673 0.45469 
0.21328 0.01831 0.76841 

12 
0.62202 0.35702 0.02096 
0.06369 0.81282 0.12349 
0.16 0.10764 0.73236 
0.10084 0.21036 0.6888 
12 
0.85034 0.06606 0.0836 
0.28911 0.03736 0.67353 
0.00872 0.88331 0.10797 
0.00667 0.97049 0.02284 
12 
0.9493 0.01936 0.03134 
0.22498 0.05107 0.72395 
0.55584 0.00697 0.43719 
0.29738 0.55836 0.14426 

16 
0.27834 0.07181 0.38237 0.26748 
0.1383 0.14718 0.46468 0.24984 
0.06274 0.00194 0.88663 0.04869 
0.00182 0.01887 0.00383 0.97548 
16 
0.12943 0.58057 0.13477 0.15523 
0.36256 0.19468 0.1799 0.26286 
0.21092 0.32865 0.41805 0.04238 
0.01655 0.77625 0.13315 0.07405 
16 
0.0286 0.08542 0.18987 0.69611 
0.06188 0.02494 0.14897 0.76421 
0.01692 0.84571 0.06839 0.06898 
0.06943 0.0269 0.00404 0.89963 

4 
0.79883 0.20117 
0.81689 0.18311 
4 
0.64995 0.35005 
0.00997 0.99003 
4 
0.90575 0.09425 
0.09229 0.90771 
4 
0.09458 0.90542 
0.48964 0.51036 

16 
0.04647 0.84749 0.07359 0.03245 
0.03097 0.04528 0.0403 0.88345 
0.08124 0.41578 0.1929 0.31008 
0.01396 0.02906 0.15063 0.80635 
16 
0.00102 0.66099 0.33465 0.00334 
0.5017 0.32078 0.10555 0.07197 
0.06055 0.07811 0.31787 0.54347 
0.29822 0.12468 0.53639 0.04071 
