V-CREDAL 
8 
3 5 2 5 3 5 5 4 
8 
1 0 
2 0 1 
2 1 2 
2 2 3 
2 3 4 
2 4 5 
2 5 6 
2 6 7 

18 
0.13524 0.57728 0.28748 
0.05354 0.08679 0.85967 
0.58581 0.32894 0.08525 
0.94862 0.01447 0.03691 
0.07196 0.25726 0.67078 
0.20502 0.65506 0.13992 

30 
5.7E-4 0.02179 0.87467 0.08057 0.0224 
0.09407 0.03514 0.53052 0.26465 0.07562 
0.11438 0.20274 0.03503 0.56184 0.08601 
0.02094 0.18558 0.16936 0.18447 0.43965 
0.14724 0.13033 0.12701 0.55055 0.04487 
0.61571 0.01604 0.25923 1.2E-4 0.1089 
30 
0.17382 0.2563 0.016 0.07335 0.48053 
0.38892 0.42248 0.04259 0.05978 0.08623 
0.02982 0.03076 0.05452 0.02686 0.85804 
0.01434 3.5E-4 0.96651 0.01454 0.00426 
0.04405 0.5406 0.34103 0.00453 0.06979 
0.02075 0.06604 0.85891 0.02629 0.02801 
30 
0.58648 0.08524 0.05281 0.18516 0.09031 
0.15574 0.16351 0.13975 0.5182 0.0228 
0.17694 0.69721 0.00192 0.07678 0.04715 
0.00577 0.37953 0.32858 0.28011 0.00601 
0.00458 0.03605 0.00343 0.6671 0.28884 
0.01637 0.86005 0.01593 0.0113 0.09635 

4 
0.44538 0.55462 
0.22864 0.77136 
4 
0.12666 0.87334 
0.18781 0.81219 
4 
0.14448 0.85552 
0.85316 0.14684 
4 
0.39821 0.60179 
0.25501 0.74499 
4 
0.10649 0.89351 
0.5182 0.4818 

30 
0.26526 0.01632 0.01515 0.13179 0.57148 
0.01061 0.11124 0.40812 0.35158 0.11845 
0.18088 0.05346 0.13329 0.07406 0.55831 
0.00103 0.99036 0.00769 5.0E-4 4.2E-4 
0.10657 0.14999 0.19536 0.20642 0.34166 
0.1113 0.74888 0.05485 0.05885 0.02612 
30 
0.0012 4.5E-4 6.3E-4 0.00567 0.99205 
0.12488 0.02085 0.65094 0.03434 0.16899 
0.01665 0.26107 0.66319 0.04547 0.01362 
0.06677 0.09307 0.64443 0.06421 0.13152 
0.01158 0.01645 0.02995 0.89223 0.04979 
0.09719 0.63685 0.06991 0.05872 0.13733 

18 
0.10744 0.08458 0.80798 
0.2632 0.46207 0.27473 
0.68113 0.23248 0.08639 
0.20192 0.02659 0.77149 
0.98173 0.00197 0.0163 
0.60715 0.27918 0.11367 
18 
0.25117 0.1719 0.57693 
0.95836 0.01877 0.02287 
0.14318 0.84218 0.01464 
0.08934 0.29683 0.61383 
0.01167 0.48664 0.50169 
0.8909 0.01196 0.09714 
18 
0.14451 0.2402 0.61529 
0.87421 0.0459 0.07989 
0.88835 0.10948 0.00217 
0.9601 0.03083 0.00907 
0.52621 0.24132 0.23247 
0.10699 0.26305 0.62996 
18 
0.02562 0.31908 0.6553 
0.15336 0.002 0.84464 
0.0029 0.9937 0.0034 
0.05502 0.12139 0.82359 
0.99942 2.9E-4 2.9E-4 
0.00989 0.44568 0.54443 
18 
6.5E-4 5.2E-4 0.99883 
9.2E-4 0.99402 0.00506 
0.96164 0.02174 0.01662 
0.92504 0.0746 3.6E-4 
0.96938 0.02564 0.00498 
0.20112 0.7974 0.00148 

30 
0.06972 0.01897 0.01816 0.80003 0.09312 
0.13441 0.01668 0.75617 0.07577 0.01697 
0.00744 0.00682 0.93911 0.00584 0.04079 
0.63602 0.01293 0.03624 0.03159 0.28322 
4.4E-4 0.95898 0.03861 7.6E-4 0.00121 
2.0E-5 0.05726 9.0E-5 1.0E-5 0.94262 
30 
0.63039 0.14826 0.21851 5.8E-4 0.00226 
0.00941 0.05711 5.8E-4 0.07378 0.85912 
0.00374 0.88621 0.00694 0.05919 0.04392 
0.15492 0.02405 0.50851 0.03002 0.2825 
0.017 0.31954 0.33658 0.07206 0.25482 
0.00312 0.12844 0.4635 0.33114 0.0738 
30 
0.53098 0.11752 0.00326 0.09139 0.25685 
0.83784 0.05144 0.02943 0.07599 0.0053 
0.00454 0.24175 0.00208 0.17882 0.57281 
0.0253 0.55103 0.01954 0.24861 0.15552 
0.00837 0.3409 0.21571 0.00118 0.43384 
0.03539 0.00249 0.54725 0.35046 0.06441 

30 
0.09905 0.28283 0.00397 0.42191 0.19224 
3.8E-4 0.3775 3.8E-4 0.20703 0.41471 
0.51451 0.03522 0.21347 0.18306 0.05374 
0.00733 0.03079 0.61102 0.27855 0.07231 
0.76729 0.12228 0.04283 0.06657 0.00103 
0.01033 0.00516 0.92668 0.02383 0.034 
30 
8.0E-5 2.6E-4 0.01383 0.0084 0.97743 
0.67883 0.05286 0.00394 0.02526 0.23911 
0.00264 0.00324 0.03466 0.9484 0.01106 
0.00217 0.50084 9.8E-4 0.49599 2.0E-5 
0.79386 0.0751 0.02821 0.03156 0.07127 
0.01037 0.0034 0.0438 0.93932 0.00311 
30 
0.13617 0.07174 0.00163 0.05768 0.73278 
0.17122 0.67581 0.13666 0.01235 0.00396 
0.06609 0.70741 0.05911 0.07898 0.08841 
0.00811 0.10355 0.31405 0.22514 0.34915 
0.12686 0.00408 0.4404 0.41714 0.01152 
0.00934 0.01993 0.89376 0.04161 0.03536 
30 
0.28012 0.65088 0.00173 0.06691 3.6E-4 
0.04578 0.00886 0.14069 0.01056 0.79411 
0.99098 0.00141 0.00248 0.00407 0.00106 
0.46914 0.08097 0.33214 0.0345 0.08325 
0.09952 0.10737 0.52443 0.1343 0.13438 
0.13511 0.31233 0.20308 0.17534 0.17414 
30 
0.07592 0.72079 0.0286 0.16117 0.01352 
0.15185 0.01008 0.07595 5.1E-4 0.76161 
6.3E-4 0.00245 0.94104 0.0202 0.03568 
0.02384 0.08154 0.42071 0.00561 0.4683 
0.09519 0.05752 0.43204 0.10472 0.31053 
0.01295 0.01655 0.03682 0.68173 0.25195 

24 
0.25649 0.26759 0.46034 0.01558 
0.59193 0.06691 0.23384 0.10732 
0.17174 0.26573 0.28535 0.27718 
0.11255 0.07315 0.03568 0.77862 
0.3147 0.31923 0.3628 0.00327 
0.13845 0.70838 0.13639 0.01678 
24 
0.07996 0.03919 0.02767 0.85318 
0.95981 0.02523 0.0118 0.00316 
0.07567 0.60159 0.31807 0.00467 
0.04104 0.15965 0.14086 0.65845 
0.073 0.91969 0.00493 0.00238 
0.09794 0.06543 0.67556 0.16107 
24 
0.00961 0.95738 0.01937 0.01364 
0.73698 0.2053 0.04639 0.01133 
0.11976 0.71938 0.14799 0.01287 
0.03459 0.006 0.00597 0.95344 
0.04447 0.11112 0.78499 0.05942 
0.04065 0.01258 0.15829 0.78848 
24 
0.00495 0.58845 0.29683 0.10977 
0.10247 0.02204 0.62892 0.24657 
0.34167 0.50193 0.05971 0.09669 
0.01275 0.1192 0.86344 0.00461 
0.95509 0.03539 0.00378 0.00574 
0.02802 0.05349 0.88782 0.03067 
24 
0.62743 0.01675 0.00273 0.35309 
0.79008 0.00457 0.09044 0.11491 
0.94352 0.03341 0.01706 0.00601 
0.00698 0.77538 0.18611 0.03153 
0.01001 0.90738 0.03037 0.05224 
0.04127 0.02159 0.02669 0.91045 
