V-CREDAL 
10 
4 3 4 5 5 4 2 2 3 2 
10 
1 0 
2 0 1 
2 1 2 
2 2 3 
2 3 4 
2 4 5 
2 5 6 
2 6 7 
2 7 8 
2 8 9 

16 
0.30579 0.14156 0.04826 0.50439 
0.04187 0.57312 0.32674 0.05827 
0.04165 0.47714 0.16236 0.31885 
0.14578 0.01359 0.04147 0.79916 

12 
0.08712 0.11673 0.79615 
0.48808 0.34044 0.17148 
0.3969 0.15673 0.44637 
0.12563 0.8523 0.02207 
12 
0.27055 0.04178 0.68767 
0.56899 0.10934 0.32167 
0.1344 0.30965 0.55595 
0.10826 0.24126 0.65048 
12 
0.26721 0.71535 0.01744 
0.029 0.2253 0.7457 
0.20752 0.07627 0.71621 
0.56868 0.07766 0.35366 
12 
0.05289 0.21247 0.73464 
0.29986 0.07412 0.62602 
0.09632 0.67115 0.23253 
0.91138 0.00914 0.07948 

16 
0.66421 0.14331 0.09392 0.09856 
0.06206 0.04477 0.13533 0.75784 
0.74978 0.01813 0.1502 0.08189 
0.36343 0.164 0.1426 0.32997 
16 
0.00452 0.25809 0.73639 0.001 
0.00159 0.0031 0.20757 0.78774 
0.9322 0.0111 0.03057 0.02613 
0.80415 0.01141 0.11585 0.06859 
16 
2.5E-4 0.56987 0.42794 0.00194 
0.68186 0.16801 0.03153 0.1186 
0.13328 0.02022 0.82339 0.02311 
0.27865 0.17912 0.20282 0.33941 

20 
0.03644 0.4362 0.47433 0.02954 0.02349 
0.82446 0.14857 0.00638 0.00257 0.01802 
0.41635 0.0013 0.00334 0.56974 0.00927 
0.0332 0.09273 0.00197 0.00237 0.86973 
20 
0.69316 0.01656 0.01316 0.27494 0.00218 
0.15298 0.36166 0.22638 0.23048 0.0285 
0.70483 0.00141 0.28302 0.01046 2.8E-4 
0.81087 0.03612 0.12792 0.00547 0.01962 
20 
0.05949 0.36526 0.37612 0.01743 0.1817 
0.45614 6.3E-4 6.9E-4 0.5181 0.02444 
0.65766 0.15437 0.09351 0.03176 0.0627 
0.00511 5.3E-4 0.1255 0.8417 0.02716 
20 
0.32392 0.01534 0.52239 0.07881 0.05954 
0.12085 0.01877 0.61569 0.16891 0.07578 
0.04673 0.00969 0.04466 0.30343 0.59549 
0.00228 0.96339 0.01036 0.00616 0.01781 

20 
0.01266 0.98095 3.2E-4 0.00387 0.0022 
0.01558 0.01203 0.0041 0.43388 0.53441 
0.03978 0.64103 0.23958 0.05891 0.0207 
0.20202 0.20779 0.14591 0.00147 0.44281 
20 
0.25444 0.23379 0.3917 0.00654 0.11353 
0.13542 0.44899 0.39724 0.0053 0.01305 
0.18201 0.1847 0.05721 0.10114 0.47494 
0.17997 0.37361 0.31373 0.04867 0.08402 
20 
0.01064 0.08842 0.01598 0.8808 0.00416 
0.05309 0.72928 0.06194 0.00458 0.15111 
0.09067 0.01174 0.75196 0.00956 0.13607 
0.03779 0.13262 0.11587 0.503 0.21072 
20 
0.26985 0.31279 0.12829 0.01139 0.27768 
0.10576 0.02907 0.1097 0.68358 0.07189 
0.00919 0.15293 0.01748 0.81603 0.00437 
0.29981 0.02129 0.67854 3.2E-4 4.0E-5 
20 
0.00406 0.08908 0.01606 0.03528 0.85552 
0.09787 0.16229 0.00167 0.56332 0.17485 
0.49047 0.02753 0.02422 0.01242 0.44536 
0.92727 0.0179 0.05188 0.00225 7.0E-4 

16 
0.07539 0.84965 0.01979 0.05517 
0.00559 0.80933 0.15539 0.02969 
0.4087 0.25984 0.1368 0.19466 
0.6195 0.07256 0.04826 0.25968 
16 
0.15331 0.29227 0.54622 0.0082 
0.0084 0.04982 0.59033 0.35145 
0.17001 0.08942 0.03648 0.70409 
0.38454 0.01668 0.0194 0.57938 
16 
0.67398 0.0865 0.01248 0.22704 
0.15676 0.36484 0.12101 0.35739 
0.13496 0.0242 0.04583 0.79501 
0.07862 0.26379 0.0862 0.57139 
16 
0.01789 0.08874 0.05951 0.83386 
0.09765 0.09781 0.74888 0.05566 
0.04198 0.05422 0.87897 0.02483 
0.2773 0.58028 0.05522 0.0872 
16 
0.07755 0.2795 0.50446 0.13849 
0.0452 0.89077 0.05511 0.00892 
0.14983 0.04662 0.00231 0.80124 
0.19882 0.07299 0.44276 0.28543 

4 
0.97711 0.02289 
0.60802 0.39198 
4 
0.81774 0.18226 
0.77016 0.22984 
4 
4.7E-4 0.99953 
0.58428 0.41572 
4 
0.37125 0.62875 
0.63513 0.36487 

4 
0.52219 0.47781 
0.76762 0.23238 
4 
0.39714 0.60286 
0.48259 0.51741 

12 
0.41984 0.00889 0.57127 
0.14699 0.34764 0.50537 
0.00259 0.00229 0.99512 
0.64261 0.19602 0.16137 
12 
0.04531 0.06228 0.89241 
0.42036 0.02481 0.55483 
0.11369 0.81869 0.06762 
0.9945 0.00291 0.00259 

4 
0.87486 0.12514 
0.88683 0.11317 
4 
0.57084 0.42916 
0.33694 0.66306 
4 
0.44083 0.55917 
0.09926 0.90074 
