V-CREDAL 
10 
2 2 2 2 2 2 3 3 3 2 
10 
2 5 0 
2 2 1 
1 2 
2 1 3 
2 3 4 
4 1 7 9 5 
2 4 6 
1 7 
2 6 8 
1 9 

4 
0.37591 0.62409 
0.42188 0.57812 
4 
0.31915 0.68085 
0.18113 0.81887 

4 
0.52836 0.47164 
0.69936 0.30064 
4 
0.96565 0.03435 
0.40697 0.59303 

4 
0.69464 0.30536 
0.18389 0.81611 

4 
0.67533 0.32467 
0.89423 0.10577 
4 
0.95494 0.04506 
0.07304 0.92696 

4 
0.05829 0.94171 
0.14082 0.85918 
4 
0.02697 0.97303 
0.69134 0.30866 

4 
0.25609 0.74391 
0.91359 0.08641 
4 
0.50129 0.49871 
0.71756 0.28244 
4 
0.11007 0.88993 
0.33579 0.66421 
4 
0.26137 0.73863 
0.8201 0.1799 
4 
0.21053 0.78947 
0.11058 0.88942 
4 
0.26304 0.73696 
0.8343 0.1657 
4 
0.25643 0.74357 
0.20263 0.79737 
4 
0.51142 0.48858 
0.24198 0.75802 
4 
0.63699 0.36301 
0.79331 0.20669 
4 
0.24837 0.75163 
0.9702 0.0298 
4 
0.92251 0.07749 
0.11326 0.88674 
4 
0.72383 0.27617 
0.3737 0.6263 

12 
0.41637 0.21291 0.37072 
0.11961 0.03049 0.8499 
0.59328 0.3248 0.08192 
0.15341 0.16997 0.67662 
12 
0.2924 0.64986 0.05774 
0.55099 0.34734 0.10167 
0.01195 0.92067 0.06738 
0.52678 0.0235 0.44972 

12 
0.9204 0.04567 0.03393 
0.85256 0.04572 0.10172 
0.08654 0.79496 0.1185 
0.06753 0.8725 0.05997 

12 
0.03992 0.92738 0.0327 
0.13978 0.47835 0.38187 
0.54436 0.16162 0.29402 
0.37307 0.03594 0.59099 
12 
0.96386 0.00387 0.03227 
0.22632 0.74804 0.02564 
0.04234 0.53253 0.42513 
0.52954 0.14083 0.32963 
12 
0.29609 0.6168 0.08711 
0.0075 0.00242 0.99008 
0.63203 0.19862 0.16935 
0.56212 0.08209 0.35579 

4 
0.12004 0.87996 
0.1478 0.8522 
