V-CREDAL 
10 
3 2 3 2 3 3 3 2 3 3 
10 
1 0 
2 0 1 
2 1 2 
2 2 3 
2 3 4 
2 4 5 
2 5 6 
2 6 7 
2 7 8 
2 8 9 

18 
6.2E-4 0.99854 8.4E-4 
0.07647 0.02983 0.8937 
0.94332 0.05226 0.00442 
0.78129 0.01497 0.20374 
0.02375 0.24029 0.73596 
0.06686 0.06181 0.87133 

4 
0.86811 0.13189 
0.66211 0.33789 
4 
0.63154 0.36846 
0.94655 0.05345 
4 
0.28052 0.71948 
0.80634 0.19366 

18 
0.07382 0.69381 0.23237 
0.52074 0.47121 0.00805 
0.99149 0.00172 0.00679 
0.25668 0.67789 0.06543 
0.01247 0.00493 0.9826 
0.01457 0.35844 0.62699 
18 
0.76487 0.18072 0.05441 
0.004 0.98811 0.00789 
0.71733 0.25658 0.02609 
0.00338 5.3E-4 0.99609 
0.8048 0.05339 0.14181 
0.00319 0.0091 0.98771 

4 
0.96796 0.03204 
0.39232 0.60768 
4 
0.64602 0.35398 
0.704 0.296 
4 
0.01596 0.98404 
0.48665 0.51335 

18 
0.1297 0.34074 0.52956 
0.88408 0.05036 0.06556 
0.15271 0.25761 0.58968 
0.04572 0.92108 0.0332 
0.54239 0.03843 0.41918 
0.36693 0.1152 0.51787 
18 
0.86357 5.5E-4 0.13588 
0.084 0.19301 0.72299 
0.49278 0.50205 0.00517 
0.08966 0.6935 0.21684 
0.40124 0.01286 0.5859 
0.23466 0.76408 0.00126 

18 
0.66997 0.03283 0.2972 
0.33063 0.17964 0.48973 
0.08767 0.58763 0.3247 
0.05299 0.89385 0.05316 
0.92146 0.06677 0.01177 
0.12922 0.38492 0.48586 
18 
0.30845 4.2E-4 0.69113 
0.11759 0.35996 0.52245 
0.00922 0.75708 0.2337 
0.00774 0.99058 0.00168 
0.75835 0.16424 0.07741 
0.306 0.00157 0.69243 
18 
0.15316 0.04445 0.80239 
0.97601 0.02176 0.00223 
0.17923 0.02357 0.7972 
0.01659 0.24578 0.73763 
0.48977 0.01112 0.49911 
0.08615 0.70008 0.21377 

18 
0.43191 0.05772 0.51037 
0.09628 0.264 0.63972 
0.6814 0.2054 0.1132 
0.02453 0.35972 0.61575 
0.29236 0.37729 0.33035 
0.66012 0.2554 0.08448 
18 
0.78259 0.13825 0.07916 
0.19286 0.07554 0.7316 
0.01178 0.9582 0.03002 
0.70372 0.01689 0.27939 
0.1585 0.17468 0.66682 
0.05627 0.7206 0.22313 
18 
0.01043 0.06643 0.92314 
0.04113 0.86704 0.09183 
0.02792 0.00457 0.96751 
0.65008 0.14841 0.20151 
0.53124 0.05764 0.41112 
0.00286 0.17436 0.82278 

4 
0.86985 0.13015 
0.82809 0.17191 
4 
0.60202 0.39798 
0.30082 0.69918 
4 
0.21905 0.78095 
0.40087 0.59913 

18 
0.08775 0.01336 0.89889 
0.0482 0.7648 0.187 
0.97958 0.01861 0.00181 
0.00495 0.60508 0.38997 
0.94042 0.05045 0.00913 
0.05995 0.024 0.91605 
18 
0.92069 0.05966 0.01965 
0.4189 0.08225 0.49885 
0.85185 0.13141 0.01674 
0.01526 0.90627 0.07847 
0.71148 0.05962 0.2289 
0.25124 0.33007 0.41869 

18 
0.00526 0.41534 0.5794 
0.999 5.7E-4 4.3E-4 
0.0381 0.92302 0.03888 
0.08895 0.11934 0.79171 
0.17594 0.08935 0.73471 
0.55718 0.03479 0.40803 
18 
0.44384 0.11696 0.4392 
0.41877 0.57492 0.00631 
0.75965 0.05196 0.18839 
0.66122 0.27049 0.06829 
0.72284 0.17559 0.10157 
0.37239 0.15861 0.469 
18 
0.63886 0.06746 0.29368 
0.02541 0.11904 0.85555 
0.02097 0.53268 0.44635 
0.03235 0.05873 0.90892 
0.5918 0.17447 0.23373 
0.10145 0.79995 0.0986 
