V-CREDAL
7
2 4 4 4 4 2 2
7
1 0
2 0 1
2 1 2
2 2 3
2 3 4
2 4 5
2 5 6

4
0.983 0.017
0.429 0.571

24
0.004 0.0 0.109 0.887
0.143 0.026 0.801 0.03
0.21 0.542 0.136 0.112
0.017 0.144 0.759 0.08
0.907 0.061 0.023 0.009
0.434 0.157 0.003 0.406
24
0.007 0.023 0.567 0.403
0.001 0.013 0.058 0.928
0.019 0.069 0.88 0.032
0.177 0.278 0.47 0.075
0.021 0.056 0.774 0.149
0.147 0.399 0.007 0.447

24
0.623 0.003 0.228 0.146
0.017 0.199 0.741 0.043
0.24 0.017 0.006 0.737
0.947 0.004 0.049 0.0
0.059 0.937 0.003 0.001
0.98 0.009 0.002 0.009
24
0.228 0.297 0.278 0.197
0.03 0.0 0.078 0.892
0.256 0.01 0.532 0.202
0.587 0.055 0.353 0.005
0.366 0.13 0.414 0.09
0.624 0.034 0.008 0.334
24
0.062 0.309 0.52 0.109
0.361 0.095 0.002 0.542
0.862 0.002 0.13 0.006
0.041 0.257 0.009 0.693
0.0 0.583 0.002 0.415
0.041 0.593 0.178 0.188
24
0.729 0.024 0.238 0.009
0.003 0.21 0.12 0.667
0.137 0.408 0.302 0.153
0.0 0.002 0.066 0.932
0.001 0.082 0.011 0.906
0.228 0.0 0.155 0.617

24
0.008 0.009 0.982 0.001
0.018 0.513 0.047 0.422
0.009 0.236 0.288 0.467
0.585 0.0 0.039 0.376
0.186 0.748 0.062 0.004
0.326 0.396 0.17 0.108
24
0.972 0.011 0.015 0.002
0.419 0.029 0.236 0.316
0.069 0.469 0.428 0.034
0.955 0.002 0.043 0.0
0.004 0.353 0.009 0.634
0.001 0.071 0.798 0.13
24
0.577 0.201 0.175 0.047
0.457 0.199 0.124 0.22
0.232 0.656 0.005 0.107
0.2 0.012 0.686 0.102
0.464 0.079 0.355 0.102
0.007 0.175 0.788 0.03
24
0.027 0.457 0.007 0.509
0.663 0.121 0.193 0.023
0.034 0.003 0.151 0.812
0.035 0.896 0.055 0.014
0.073 0.558 0.009 0.36
0.049 0.154 0.066 0.731

24
0.038 0.28 0.624 0.058
0.23 0.166 0.019 0.585
0.259 0.027 0.078 0.636
0.976 0.011 0.01 0.003
0.518 0.202 0.251 0.029
0.039 0.256 0.061 0.644
24
0.337 0.002 0.0 0.661
0.19 0.509 0.003 0.298
0.07 0.055 0.831 0.044
0.018 0.967 0.008 0.007
0.499 0.173 0.3 0.028
0.015 0.052 0.918 0.015
24
0.249 0.131 0.015 0.605
0.018 0.329 0.611 0.042
0.013 0.293 0.011 0.683
0.258 0.013 0.106 0.623
0.004 0.02 0.009 0.967
0.009 0.05 0.908 0.033
24
0.882 0.007 0.036 0.075
0.113 0.091 0.068 0.728
0.111 0.612 0.024 0.253
0.319 0.223 0.342 0.116
0.984 0.002 0.006 0.008
0.188 0.059 0.399 0.354

4
0.421 0.579
0.217 0.783
4
0.428 0.572
0.838 0.162
4
0.136 0.864
0.634 0.366
4
0.524 0.476
0.327 0.673

4
0.889 0.111
0.772 0.228
4
0.241 0.759
0.93 0.07
