V-CREDAL
8
3 2 3 4 2 3 3 2
8
2 1 0
2 3 1
3 5 7 2
1 3
2 3 4
1 5
2 5 6
2 3 7

18
0.823 0.015 0.162
0.368 0.623 0.009
0.098 0.012 0.89
0.117 0.532 0.351
0.301 0.676 0.023
0.103 0.396 0.501
18
0.465 0.462 0.073
0.007 0.112 0.881
0.532 0.084 0.384
0.039 0.822 0.139
0.006 0.814 0.18
0.523 0.346 0.131

4
0.782 0.218
0.391 0.609
4
0.055 0.945
0.07 0.93
4
0.406 0.594
0.935 0.065
4
0.392 0.608
0.094 0.906

18
0.171 0.045 0.784
0.923 0.035 0.042
0.301 0.615 0.084
0.217 0.637 0.146
0.809 0.178 0.013
0.066 0.57 0.364
18
0.007 0.974 0.019
0.01 0.983 0.007
0.949 0.04 0.011
0.026 0.373 0.601
0.122 0.009 0.869
0.764 0.033 0.203
18
0.112 0.074 0.814
0.431 0.566 0.003
0.071 0.83 0.099
0.979 0.004 0.017
0.048 0.291 0.661
0.038 0.656 0.306
18
0.8 0.11 0.09
0.002 0.004 0.994
0.006 0.99 0.004
0.858 0.015 0.127
0.003 0.463 0.534
0.133 0.864 0.003
18
0.434 0.158 0.408
0.387 0.479 0.134
0.203 0.641 0.156
0.104 0.055 0.841
0.13 0.283 0.587
0.222 0.696 0.082
18
0.009 0.444 0.547
0.002 0.997 0.001
0.189 0.024 0.787
0.952 0.021 0.027
0.517 0.481 0.002
0.318 0.001 0.681

24
0.099 0.202 0.354 0.345
0.447 0.068 0.431 0.054
0.668 0.1 0.006 0.226
0.632 0.003 0.315 0.05
0.224 0.626 0.054 0.096
0.178 0.224 0.037 0.561

4
0.754 0.246
0.048 0.952
4
0.057 0.943
0.474 0.526
4
0.775 0.225
0.737 0.263
4
0.996 0.004
0.683 0.317

18
0.486 0.31 0.204
0.013 0.2 0.787
0.048 0.805 0.147
0.058 0.839 0.103
0.157 0.009 0.834
0.549 0.439 0.012

18
0.138 0.861 0.001
0.918 0.05 0.032
0.783 0.041 0.176
0.269 0.151 0.58
0.038 0.752 0.21
0.083 0.916 0.001
18
0.34 0.071 0.589
0.029 0.131 0.84
0.054 0.605 0.341
0.482 0.515 0.003
0.421 0.548 0.031
0.774 0.218 0.008
18
0.173 0.051 0.776
0.141 0.787 0.072
0.061 0.532 0.407
0.404 0.594 0.002
0.966 0.009 0.025
0.024 0.861 0.115

4
0.776 0.224
0.672 0.328
4
0.342 0.658
0.618 0.382
4
0.006 0.994
0.927 0.073
4
0.988 0.012
0.155 0.845
