V-CREDAL
10
4 4 3 3 3 2 2 2 3 2
10
2 3 0
2 0 1
2 3 2
1 3
2 6 4
3 3 7 5
2 5 6
1 7
2 6 8
2 5 9

24
0.604 0.02 0.042 0.334
0.229 0.251 0.125 0.395
0.383 0.173 0.407 0.037
0.025 0.344 0.309 0.322
0.05 0.03 0.89 0.03
0.192 0.542 0.112 0.154
24
0.05 0.387 0.163 0.4
0.03 0.579 0.299 0.092
0.02 0.043 0.012 0.925
0.291 0.45 0.107 0.152
0.779 0.034 0.023 0.164
0.425 0.115 0.265 0.195
24
0.872 0.078 0.046 0.004
0.415 0.065 0.064 0.456
0.231 0.01 0.309 0.45
0.395 0.068 0.069 0.468
0.023 0.266 0.0 0.711
0.303 0.068 0.574 0.055

24
0.425 0.452 0.1 0.023
0.053 0.721 0.118 0.108
0.467 0.395 0.077 0.061
0.657 0.103 0.178 0.062
0.117 0.102 0.169 0.612
0.538 0.104 0.094 0.264
24
0.421 0.576 0.002 0.001
0.011 0.944 0.017 0.028
0.951 0.01 0.036 0.003
0.466 0.46 0.017 0.057
0.247 0.422 0.164 0.167
0.931 0.002 0.054 0.013
24
0.762 0.002 0.186 0.05
0.109 0.697 0.068 0.126
0.024 0.66 0.041 0.275
0.228 0.236 0.175 0.361
0.014 0.006 0.335 0.645
0.004 0.656 0.104 0.236
24
0.008 0.004 0.049 0.939
0.031 0.53 0.433 0.006
0.024 0.027 0.293 0.656
0.368 0.151 0.249 0.232
0.225 0.022 0.57 0.183
0.029 0.588 0.352 0.031

18
0.031 0.444 0.525
0.223 0.194 0.583
0.136 0.789 0.075
0.435 0.009 0.556
0.841 0.036 0.123
0.085 0.359 0.556
18
0.897 0.071 0.032
0.198 0.015 0.787
0.437 0.514 0.049
0.043 0.542 0.415
0.004 0.713 0.283
0.487 0.471 0.042
18
0.841 0.084 0.075
0.581 0.059 0.36
0.005 0.28 0.715
0.019 0.066 0.915
0.134 0.58 0.286
0.531 0.397 0.072

18
0.02 0.953 0.027
0.498 0.012 0.49
0.784 0.134 0.082
0.006 0.015 0.979
0.003 0.869 0.128
0.742 0.092 0.166

18
0.091 0.833 0.076
0.449 0.55 0.001
0.064 0.013 0.923
0.961 0.02 0.019
0.049 0.864 0.087
0.672 0.014 0.314
18
0.456 0.003 0.541
0.216 0.545 0.239
0.86 0.067 0.073
0.746 0.032 0.222
0.564 0.367 0.069
0.74 0.214 0.046

4
0.265 0.735
0.703 0.297
4
0.799 0.201
0.09 0.91
4
0.001 0.999
0.421 0.579
4
0.426 0.574
0.937 0.063
4
0.77 0.23
0.714 0.286
4
0.852 0.148
0.135 0.865

4
0.727 0.273
0.4 0.6
4
0.717 0.283
0.723 0.277

4
0.422 0.578
0.249 0.751

18
0.03 0.958 0.012
0.741 0.005 0.254
0.986 0.009 0.005
0.006 0.032 0.962
0.316 0.005 0.679
0.014 0.87 0.116
18
0.93 0.02 0.05
0.016 0.98 0.004
0.229 0.11 0.661
0.717 0.25 0.033
0.033 0.901 0.066
0.3 0.045 0.655

4
0.806 0.194
0.866 0.134
4
0.218 0.782
0.476 0.524
