V-CREDAL
6
3 4 3 2 3 4
6
1 0
2 3 1
2 3 2
2 4 3
2 0 4
2 0 5

18
0.187 0.069 0.744
0.679 0.259 0.062
0.419 0.409 0.172
0.801 0.017 0.182
0.043 0.304 0.653
0.092 0.197 0.711

24
0.225 0.241 0.051 0.483
0.059 0.908 0.033 0.0
0.214 0.427 0.0 0.359
0.136 0.306 0.138 0.42
0.077 0.356 0.359 0.208
0.092 0.326 0.362 0.22
24
0.04 0.001 0.927 0.032
0.048 0.47 0.198 0.284
0.897 0.039 0.031 0.033
0.324 0.137 0.1 0.439
0.003 0.971 0.025 0.001
0.1 0.391 0.024 0.485

18
0.185 0.042 0.773
0.006 0.916 0.078
0.021 0.127 0.852
0.508 0.256 0.236
0.021 0.917 0.062
0.568 0.084 0.348
18
0.011 0.027 0.962
0.96 0.019 0.021
0.468 0.505 0.027
0.207 0.528 0.265
0.277 0.543 0.18
0.858 0.006 0.136

4
0.692 0.308
0.833 0.167
4
0.412 0.588
0.043 0.957
4
0.452 0.548
0.88 0.12

18
0.021 0.021 0.958
0.606 0.386 0.008
0.896 0.032 0.072
0.095 0.755 0.15
0.022 0.228 0.75
0.341 0.592 0.067
18
0.031 0.004 0.965
0.73 0.072 0.198
0.092 0.853 0.055
0.087 0.824 0.089
0.799 0.193 0.008
0.712 0.28 0.008
18
0.829 0.048 0.123
0.045 0.627 0.328
0.164 0.043 0.793
0.279 0.604 0.117
0.477 0.52 0.003
0.254 0.018 0.728

24
0.993 0.002 0.003 0.002
0.998 0.001 0.001 0.0
0.307 0.454 0.087 0.152
0.729 0.102 0.014 0.155
0.059 0.077 0.711 0.153
0.149 0.037 0.667 0.147
24
0.159 0.012 0.01 0.819
0.057 0.176 0.659 0.108
0.066 0.361 0.509 0.064
0.047 0.897 0.039 0.017
0.339 0.242 0.319 0.1
0.529 0.107 0.027 0.337
24
0.009 0.78 0.145 0.066
0.865 0.039 0.065 0.031
0.032 0.317 0.532 0.119
0.729 0.219 0.018 0.034
0.002 0.942 0.019 0.037
0.091 0.155 0.183 0.571
