V-CREDAL
6
3 3 4 3 4 3
6
1 0
2 0 1
2 1 2
2 2 3
2 3 4
2 4 5

12
0.074 0.847 0.079
0.042 0.009 0.949
0.149 0.836 0.015
0.815 0.136 0.049

12
0.786 0.012 0.202
0.231 0.286 0.483
0.125 0.829 0.046
0.075 0.815 0.11
12
0.293 0.703 0.004
0.071 0.422 0.507
0.119 0.602 0.279
0.791 0.023 0.186
12
0.714 0.158 0.128
0.105 0.024 0.871
0.051 0.929 0.02
0.021 0.868 0.111

16
0.252 0.254 0.337 0.157
0.123 0.278 0.526 0.073
0.144 0.292 0.372 0.192
0.44 0.105 0.213 0.242
16
0.015 0.315 0.662 0.008
0.029 0.13 0.62 0.221
0.461 0.018 0.442 0.079
0.579 0.246 0.15 0.025
16
0.099 0.446 0.051 0.404
0.322 0.257 0.114 0.307
0.493 0.238 0.254 0.015
0.333 0.359 0.245 0.063

12
0.503 0.199 0.298
0.032 0.845 0.123
0.784 0.146 0.07
0.363 0.559 0.078
12
0.494 0.177 0.329
0.073 0.462 0.465
0.728 0.177 0.095
0.051 0.219 0.73
12
0.77 0.054 0.176
0.173 0.05 0.777
0.003 0.846 0.151
0.348 0.624 0.028
12
0.006 0.123 0.871
0.688 0.288 0.024
0.694 0.08 0.226
0.12 0.615 0.265

16
0.569 0.029 0.292 0.11
0.364 0.279 0.305 0.052
0.222 0.443 0.312 0.023
0.021 0.041 0.063 0.875
16
0.134 0.075 0.167 0.624
0.289 0.332 0.058 0.321
0.083 0.625 0.103 0.189
0.526 0.013 0.193 0.268
16
0.328 0.134 0.132 0.406
0.01 0.011 0.131 0.848
0.003 0.001 0.001 0.995
0.47 0.494 0.031 0.005

12
0.008 0.293 0.699
0.346 0.379 0.275
0.124 0.006 0.87
0.337 0.343 0.32
12
0.014 0.976 0.01
0.06 0.035 0.905
0.602 0.265 0.133
0.471 0.424 0.105
12
0.126 0.574 0.3
0.358 0.135 0.507
0.933 0.056 0.011
0.003 0.991 0.006
12
0.023 0.918 0.059
0.771 0.008 0.221
0.24 0.63 0.13
0.554 0.261 0.185
