V-CREDAL
10
3 4 4 3 3 3 2 2 3 3
10
1 0
2 0 1
2 1 2
2 2 3
2 3 4
2 4 5
2 5 6
2 6 7
2 7 8
2 8 9

12
0.368 0.387 0.245
0.024 0.235 0.741
0.312 0.212 0.476
0.587 0.214 0.199

16
0.972 0.0 0.025 0.003
0.929 0.005 0.027 0.039
0.174 0.059 0.041 0.726
0.178 0.059 0.688 0.075
16
0.046 0.544 0.351 0.059
0.08 0.36 0.345 0.215
0.021 0.2 0.773 0.006
0.08 0.013 0.351 0.556
16
0.41 0.044 0.17 0.376
0.127 0.578 0.176 0.119
0.041 0.07 0.731 0.158
0.001 0.002 0.061 0.936

16
0.192 0.136 0.523 0.149
0.986 0.013 0.0 0.001
0.0 0.018 0.959 0.023
0.33 0.04 0.115 0.515
16
0.112 0.667 0.078 0.143
0.607 0.389 0.003 0.001
0.022 0.093 0.002 0.883
0.17 0.039 0.077 0.714
16
0.064 0.161 0.768 0.007
0.159 0.021 0.049 0.771
0.18 0.11 0.111 0.599
0.133 0.056 0.285 0.526
16
0.027 0.739 0.148 0.086
0.043 0.035 0.669 0.253
0.232 0.301 0.31 0.157
0.047 0.732 0.079 0.142

12
0.215 0.763 0.022
0.208 0.438 0.354
0.634 0.245 0.121
0.392 0.599 0.009
12
0.683 0.267 0.05
0.138 0.534 0.328
0.004 0.975 0.021
0.233 0.765 0.002
12
0.134 0.227 0.639
0.55 0.163 0.287
0.001 0.996 0.003
0.437 0.167 0.396
12
0.285 0.339 0.376
0.504 0.101 0.395
0.018 0.018 0.964
0.097 0.126 0.777

12
0.066 0.226 0.708
0.919 0.079 0.002
0.217 0.673 0.11
0.508 0.085 0.407
12
0.214 0.324 0.462
0.071 0.884 0.045
0.915 0.033 0.052
0.081 0.578 0.341
12
0.137 0.689 0.174
0.553 0.367 0.08
0.139 0.373 0.488
0.793 0.063 0.144

12
0.171 0.824 0.005
0.071 0.917 0.012
0.759 0.002 0.239
0.322 0.529 0.149
12
0.03 0.905 0.065
0.017 0.684 0.299
0.006 0.003 0.991
0.149 0.194 0.657
12
0.376 0.583 0.041
0.243 0.256 0.501
0.226 0.146 0.628
0.543 0.452 0.005

4
0.312 0.688
0.18 0.82
4
0.585 0.415
0.372 0.628
4
0.98 0.02
0.173 0.827

4
0.935 0.065
0.717 0.283
4
0.812 0.188
0.397 0.603

12
0.26 0.309 0.431
0.256 0.457 0.287
0.042 0.583 0.375
0.834 0.057 0.109
12
0.661 0.052 0.287
0.756 0.244 0.0
0.682 0.042 0.276
0.117 0.377 0.506

12
0.27 0.295 0.435
0.226 0.148 0.626
0.166 0.027 0.807
0.037 0.954 0.009
12
0.07 0.103 0.827
0.308 0.561 0.131
0.098 0.371 0.531
0.148 0.831 0.021
12
0.04 0.687 0.273
0.314 0.25 0.436
0.291 0.592 0.117
0.235 0.03 0.735
