V-CREDAL
4
4 4 3 2
4
1 0
1 1
2 1 2
3 0 2 3

16
0.873 0.001 0.108 0.018
0.165 0.116 0.615 0.104
0.788 0.045 0.108 0.059
0.39 0.041 0.536 0.033

16
0.063 0.729 0.014 0.194
0.522 0.172 0.2 0.106
0.009 0.056 0.794 0.141
0.016 0.024 0.002 0.958

12
0.038 0.665 0.297
0.119 0.444 0.437
0.498 0.409 0.093
0.364 0.238 0.398
12
0.406 0.336 0.258
0.269 0.478 0.253
0.005 0.005 0.99
0.068 0.475 0.457
12
0.324 0.65 0.026
0.012 0.371 0.617
0.806 0.048 0.146
0.866 0.129 0.005
12
0.019 0.487 0.494
0.228 0.012 0.76
0.93 0.005 0.065
0.028 0.872 0.1

4
0.414 0.586
0.357 0.643
4
0.914 0.086
0.259 0.741
4
0.243 0.757
0.532 0.468
4
0.824 0.176
0.041 0.959
4
0.633 0.367
0.097 0.903
4
0.16 0.84
0.388 0.612
4
0.418 0.582
0.812 0.188
4
0.368 0.632
0.469 0.531
4
0.967 0.033
0.825 0.175
4
0.21 0.79
0.372 0.628
4
0.649 0.351
0.585 0.415
4
0.8 0.2
0.083 0.917
