V-CREDAL 
4 
4 4 2 2 
4 
1 0 
2 0 1 
2 1 2 
2 2 3 

24 
0.28719 0.06909 0.27871 0.36501 
0.01926 0.00408 0.97411 0.00255 
0.48966 0.22688 0.17289 0.11057 
0.00148 0.91703 0.0361 0.04539 
0.0231 0.0609 0.86423 0.05177 
0.17927 0.62243 0.09682 0.10148 

24 
0.03737 0.00201 0.95978 8.4E-4 
0.00634 0.01739 0.97307 0.0032 
0.20379 0.37425 0.40444 0.01752 
0.46423 0.10574 0.10328 0.32675 
0.48195 0.09304 0.006 0.41901 
0.0101 0.97805 0.01126 5.9E-4 
24 
0.007 0.59764 0.38177 0.01359 
0.20801 0.44099 0.02355 0.32745 
0.87692 0.04366 0.05813 0.02129 
0.15746 0.30081 0.18482 0.35691 
0.15819 0.01227 0.78674 0.0428 
0.00499 0.27832 0.6568 0.05989 
24 
0.19658 0.46335 0.09017 0.2499 
0.7077 0.01288 0.21244 0.06698 
0.10393 0.16662 0.24946 0.47999 
0.05888 0.05295 0.71231 0.17586 
0.39821 0.35619 0.22387 0.02173 
0.18762 0.0076 0.79876 0.00602 
24 
0.33908 0.26782 0.1332 0.2599 
0.15699 0.04085 0.60359 0.19857 
0.24415 0.1256 0.0117 0.61855 
0.15898 0.12466 0.2469 0.46946 
0.78375 0.05598 0.09332 0.06695 
0.42791 0.11801 0.44156 0.01252 

4 
0.75702 0.24298 
0.90163 0.09837 
4 
0.36705 0.63295 
0.24548 0.75452 
4 
0.17654 0.82346 
0.01346 0.98654 
4 
0.8243 0.1757 
0.33803 0.66197 

4 
0.40002 0.59998 
0.09778 0.90222 
4 
0.23565 0.76435 
0.75825 0.24175 
