V-CREDAL
9
3 2 2 2 3 3 2 2 4
9
1 0
2 0 1
2 1 2
2 2 3
2 3 4
2 4 5
2 5 6
2 6 7
2 7 8

12
0.725 0.272 0.003
0.003 0.032 0.965
0.691 0.076 0.233
0.206 0.196 0.598

4
0.09 0.91
0.791 0.209
4
0.53 0.47
0.837 0.163
4
0.818 0.182
0.933 0.067

4
0.271 0.729
0.362 0.638
4
0.192 0.808
0.91 0.09

4
0.575 0.425
0.894 0.106
4
0.757 0.243
0.547 0.453

12
0.031 0.006 0.963
0.229 0.006 0.765
0.349 0.132 0.519
0.09 0.889 0.021
12
0.211 0.605 0.184
0.002 0.995 0.003
0.413 0.04 0.547
0.222 0.099 0.679

12
0.772 0.186 0.042
0.024 0.079 0.897
0.484 0.393 0.123
0.7 0.091 0.209
12
0.382 0.108 0.51
0.192 0.647 0.161
0.086 0.048 0.866
0.037 0.878 0.085
12
0.007 0.437 0.556
0.944 0.048 0.008
0.118 0.869 0.013
0.734 0.047 0.219

4
0.715 0.285
0.865 0.135
4
0.435 0.565
0.138 0.862
4
0.291 0.709
0.478 0.522

4
0.392 0.608
0.907 0.093
4
0.696 0.304
0.824 0.176

16
0.06 0.352 0.471 0.117
0.11 0.005 0.837 0.048
0.101 0.206 0.022 0.671
0.011 0.6 0.274 0.115
16
0.352 0.002 0.014 0.632
0.27 0.135 0.456 0.139
0.644 0.056 0.166 0.134
0.04 0.062 0.109 0.789
