V-CREDAL
8
3 3 3 2 4 3 3 2
8
1 0
2 2 1
3 0 6 2
1 3
2 1 4
2 3 5
2 7 6
2 5 7

18
0.0 0.063 0.937
0.496 0.0 0.504
0.035 0.956 0.009
0.996 0.001 0.003
0.632 0.368 0.0
0.053 0.046 0.901

18
0.884 0.088 0.028
0.835 0.008 0.157
0.031 0.247 0.722
0.012 0.807 0.181
0.1 0.743 0.157
0.019 0.303 0.678
18
0.025 0.145 0.83
0.041 0.949 0.01
0.104 0.882 0.014
0.004 0.47 0.526
0.544 0.022 0.434
0.495 0.463 0.042
18
0.848 0.073 0.079
0.871 0.038 0.091
0.802 0.074 0.124
0.129 0.56 0.311
0.623 0.19 0.187
0.412 0.533 0.055

18
0.138 0.837 0.025
0.042 0.129 0.829
0.031 0.179 0.79
0.051 0.897 0.052
0.598 0.083 0.319
0.029 0.493 0.478
18
0.099 0.159 0.742
0.008 0.938 0.054
0.854 0.04 0.106
0.355 0.005 0.64
0.597 0.371 0.032
0.219 0.747 0.034
18
0.077 0.004 0.919
0.707 0.236 0.057
0.005 0.835 0.16
0.443 0.518 0.039
0.869 0.004 0.127
0.011 0.625 0.364
18
0.037 0.952 0.011
0.414 0.007 0.579
0.966 0.032 0.002
0.139 0.08 0.781
0.008 0.434 0.558
0.041 0.284 0.675
18
0.002 0.976 0.022
0.853 0.047 0.1
0.032 0.358 0.61
0.582 0.413 0.005
0.001 0.997 0.002
0.589 0.093 0.318
18
0.004 0.906 0.09
0.119 0.529 0.352
0.649 0.274 0.077
0.097 0.88 0.023
0.188 0.803 0.009
0.199 0.793 0.008
18
0.024 0.852 0.124
0.754 0.23 0.016
0.155 0.844 0.001
0.019 0.233 0.748
0.697 0.035 0.268
0.419 0.105 0.476
18
0.733 0.095 0.172
0.026 0.111 0.863
0.008 0.984 0.008
0.753 0.103 0.144
0.724 0.206 0.07
0.51 0.076 0.414
18
0.23 0.194 0.576
0.017 0.769 0.214
0.05 0.229 0.721
0.154 0.593 0.253
0.079 0.107 0.814
0.291 0.294 0.415

4
0.622 0.378
0.781 0.219

24
0.148 0.234 0.388 0.23
0.082 0.291 0.44 0.187
0.002 0.892 0.008 0.098
0.051 0.487 0.178 0.284
0.133 0.024 0.79 0.053
0.948 0.007 0.022 0.023
24
0.002 0.016 0.8 0.182
0.079 0.317 0.013 0.591
0.274 0.361 0.329 0.036
0.848 0.002 0.074 0.076
0.044 0.778 0.0 0.178
0.01 0.048 0.7 0.242
24
0.447 0.142 0.179 0.232
0.28 0.049 0.656 0.015
0.479 0.237 0.0 0.284
0.15 0.365 0.108 0.377
0.087 0.566 0.249 0.098
0.555 0.132 0.282 0.031

18
0.049 0.022 0.929
0.245 0.375 0.38
0.497 0.411 0.092
0.757 0.071 0.172
0.047 0.243 0.71
0.092 0.34 0.568
18
0.963 0.012 0.025
0.515 0.082 0.403
0.117 0.824 0.059
0.758 0.036 0.206
0.108 0.882 0.01
0.318 0.275 0.407

18
0.074 0.098 0.828
0.008 0.985 0.007
0.922 0.068 0.01
0.418 0.063 0.519
0.005 0.981 0.014
0.756 0.032 0.212
18
0.672 0.044 0.284
0.929 0.048 0.023
0.08 0.344 0.576
0.03 0.043 0.927
0.003 0.058 0.939
0.176 0.4 0.424

4
0.22 0.78
0.539 0.461
4
0.635 0.365
0.811 0.189
4
0.162 0.838
0.602 0.398
