V-CREDAL
4
4 4 3 2
4
1 0
1 1
2 1 2
3 0 2 3

16
0.063 0.729 0.014 0.194
0.522 0.172 0.2 0.106
0.009 0.056 0.794 0.141
0.016 0.024 0.002 0.958

16
0.235 0.543 0.033 0.189
0.15 0.228 0.569 0.053
0.001 0.003 0.001 0.995
0.287 0.151 0.187 0.375

12
0.064 0.367 0.569
0.464 0.098 0.438
0.086 0.574 0.34
0.364 0.38 0.256
12
0.168 0.11 0.722
0.86 0.07 0.07
0.534 0.387 0.079
0.735 0.248 0.017
12
0.928 0.033 0.039
0.079 0.827 0.094
0.005 0.083 0.912
0.001 0.005 0.994
12
0.504 0.273 0.223
0.986 0.001 0.013
0.167 0.526 0.307
0.154 0.777 0.069

4
0.973 0.027
0.424 0.576
4
0.307 0.693
0.303 0.697
4
0.892 0.108
0.154 0.846
4
0.107 0.893
0.796 0.204
4
0.256 0.744
0.576 0.424
4
0.588 0.412
0.59 0.41
4
0.321 0.679
0.363 0.637
4
0.601 0.399
0.531 0.469
4
0.624 0.376
0.774 0.226
4
0.492 0.508
0.503 0.497
4
0.453 0.547
0.447 0.553
4
0.597 0.403
0.474 0.526
