V-CREDAL 
8 
4 4 4 3 2 2 3 4 
8 
1 0 
2 0 1 
2 1 2 
2 2 3 
2 3 4 
2 4 5 
2 5 6 
2 6 7 

16 
0.02 0.952 0.015 0.013 
0.464 0.028 0.504 0.004 
0.398 0.185 0.055 0.362 
0.046 0.506 0.216 0.232 

16 
0.191 0.418 0.105 0.286 
0.726 0.145 0.122 0.007 
0.014 0.294 0.56 0.132 
0.33 0.088 0.553 0.029 
16 
0.923 0.014 0.014 0.049 
0.01 0.978 0.003 0.009 
0.403 0.248 0.034 0.315 
0.677 0.003 0.003 0.317 
16 
0.209 0.094 0.19 0.507 
0.061 0.244 0.557 0.138 
0.017 0.394 0.376 0.213 
0.487 0.245 0.039 0.229 
16 
0.003 0.034 0.097 0.866 
0.164 0.245 0.503 0.088 
0.003 0.025 0.963 0.009 
0.633 0.121 0.068 0.178 

16 
0.013 0.831 0.003 0.153 
0.209 0.363 0.274 0.154 
0.441 0.367 0.122 0.07 
0.031 0.15 0.16 0.659 
16 
0.028 0.05 0.343 0.579 
0.007 0.523 0.096 0.374 
0.017 0.004 0.005 0.974 
0.101 0.003 0.001 0.895 
16 
0.057 0.674 0.05 0.219 
0.375 0.182 0.107 0.336 
0.127 0.457 0.369 0.047 
0.056 0.016 0.309 0.619 
16 
0.002 0.081 0.367 0.55 
0.747 0.057 0.084 0.112 
0.092 0.24 0.629 0.039 
0.083 0.776 0.105 0.036 

12 
0.194 0.45 0.356 
0.786 0.036 0.178 
0.195 0.083 0.722 
0.338 0.513 0.149 
12 
0.159 0.591 0.25 
0.054 0.01 0.936 
0.53 0.105 0.365 
0.032 0.283 0.685 
12 
0.122 0.255 0.623 
0.278 0.305 0.417 
0.312 0.67 0.018 
0.07 0.063 0.867 
12 
0.008 0.991 0.001 
0.064 0.031 0.905 
0.693 0.267 0.04 
0.003 0.94 0.057 

4 
0.056 0.944 
0.009 0.991 
4 
0.987 0.013 
0.85 0.15 
4 
0.489 0.511 
0.341 0.659 

4 
0.449 0.551 
0.457 0.543 
4 
0.051 0.949 
0.906 0.094 

12 
0.712 0.215 0.073 
0.401 0.483 0.116 
0.736 0.161 0.103 
0.424 0.485 0.091 
12 
0.337 0.124 0.539 
0.853 0.043 0.104 
0.002 0.842 0.156 
0.098 0.592 0.31 

16 
0.503 0.02 0.144 0.333 
0.01 0.796 0.175 0.019 
0.064 0.079 0.776 0.081 
0.409 0.151 0.134 0.306 
16 
0.016 0.108 0.336 0.54 
0.089 0.009 0.866 0.036 
0.075 0.275 0.626 0.024 
0.569 0.233 0.013 0.185 
16 
0.008 0.002 0.987 0.003 
0.174 0.009 0.417 0.4 
0.121 0.054 0.136 0.689 
0.206 0.22 0.465 0.109 
