V-CREDAL 
6 
2 2 2 3 3 2 
6 
2 2 0 
2 0 1 
1 2 
1 3 
3 2 5 4 
2 3 5 

4 
0.80586 0.19414 
0.78043 0.21957 
4 
0.73641 0.26359 
0.60155 0.39845 

4 
0.36264 0.63736 
0.13449 0.86551 
4 
0.17355 0.82645 
0.58325 0.41675 

4 
0.91024 0.08976 
0.94976 0.05024 

12 
0.00389 0.02508 0.97103 
0.01645 0.97442 0.00913 
0.8643 0.12384 0.01186 
0.59125 0.007 0.40175 

12 
0.26501 0.47625 0.25874 
0.03631 0.76553 0.19816 
0.07077 0.86994 0.05929 
0.34141 0.48546 0.17313 
12 
0.20113 0.71979 0.07908 
0.29529 0.09814 0.60657 
0.02067 0.05648 0.92285 
0.41061 0.2785 0.31089 
12 
0.05456 0.13286 0.81258 
0.15287 0.83417 0.01296 
0.54381 0.27407 0.18212 
0.18025 0.1663 0.65345 
12 
0.16526 0.29938 0.53536 
2.5E-4 0.10347 0.89628 
0.10127 0.08463 0.8141 
0.51919 0.19308 0.28773 

4 
0.52027 0.47973 
0.78222 0.21778 
4 
0.97125 0.02875 
0.04791 0.95209 
4 
0.79401 0.20599 
0.90079 0.09921 
