V-CREDAL 
10 
4 3 3 3 2 3 3 4 2 2 
10 
1 0 
2 0 1 
2 1 2 
2 2 3 
2 3 4 
2 4 5 
2 5 6 
2 6 7 
2 7 8 
2 8 9 

16 
0.637 0.021 0.182 0.16 
0.042 0.381 0.191 0.386 
0.081 0.277 0.616 0.026 
0.182 0.273 0.227 0.318 

12 
0.849 0.051 0.1 
0.187 0.17 0.643 
0.026 0.278 0.696 
0.31 0.684 0.006 
12 
0.678 0.057 0.265 
0.273 0.713 0.014 
0.002 0.838 0.16 
0.292 0.055 0.653 
12 
0.016 0.153 0.831 
0.904 0.032 0.064 
0.003 0.264 0.733 
0.258 0.571 0.171 
12 
0.444 0.332 0.224 
0.746 0.005 0.249 
0.134 0.064 0.802 
0.166 0.442 0.392 

12 
0.19 0.117 0.693 
0.106 0.193 0.701 
0.765 0.003 0.232 
0.435 0.106 0.459 
12 
0.283 0.001 0.716 
0.007 0.144 0.849 
0.038 0.893 0.069 
0.763 0.157 0.08 
12 
0.314 0.345 0.341 
0.444 0.008 0.548 
0.246 0.606 0.148 
0.175 0.751 0.074 

12 
0.221 0.737 0.042 
0.201 0.204 0.595 
0.061 0.054 0.885 
0.401 0.529 0.07 
12 
0.02 0.164 0.816 
0.614 0.355 0.031 
0.38 0.041 0.579 
0.376 0.473 0.151 
12 
0.264 0.456 0.28 
0.045 0.352 0.603 
0.055 0.035 0.91 
0.429 0.502 0.069 

4 
0.136 0.864 
0.573 0.427 
4 
0.141 0.859 
0.078 0.922 
4 
0.67 0.33 
0.856 0.144 

12 
0.973 0.025 0.002 
0.022 0.011 0.967 
0.003 0.982 0.015 
0.015 0.978 0.007 
12 
0.267 0.73 0.003 
0.699 0.039 0.262 
0.033 0.111 0.856 
0.007 0.014 0.979 

12 
0.312 0.635 0.053 
0.065 0.489 0.446 
0.727 0.084 0.189 
0.836 0.035 0.129 
12 
0.26 0.117 0.623 
0.135 0.424 0.441 
0.036 0.955 0.009 
0.45 0.139 0.411 
12 
0.237 0.726 0.037 
0.603 0.211 0.186 
0.883 0.06 0.057 
0.326 0.379 0.295 

16 
0.054 0.399 0.043 0.504 
0.034 0.015 0.841 0.11 
0.547 0.201 0.143 0.109 
0.913 0.002 0.083 0.002 
16 
0.129 0.525 0.11 0.236 
0.238 0.039 0.433 0.29 
0.049 0.136 0.386 0.429 
0.123 0.132 0.226 0.519 
16 
0.026 0.121 0.756 0.097 
0.389 0.34 0.045 0.226 
0.011 0.827 0.157 0.005 
0.939 0.013 0.042 0.006 

4 
0.011 0.989 
0.119 0.881 
4 
0.014 0.986 
0.532 0.468 
4 
0.419 0.581 
0.84 0.16 
4 
0.844 0.156 
0.24 0.76 

4 
0.544 0.456 
0.899 0.101 
4 
0.92 0.08 
0.535 0.465 
