V-CREDAL
6
3 3 3 3 4 3
6
1 0
2 0 1
2 1 2
2 2 3
2 3 4
2 4 5

18
0.018 0.237 0.745
0.187 0.109 0.704
0.485 0.276 0.239
0.233 0.746 0.021
0.139 0.745 0.116
0.32 0.631 0.049

18
0.001 0.96 0.039
0.026 0.108 0.866
0.601 0.141 0.258
0.068 0.929 0.003
0.082 0.058 0.86
0.504 0.48 0.016
18
0.013 0.982 0.005
0.003 0.274 0.723
0.817 0.117 0.066
0.622 0.016 0.362
0.076 0.225 0.699
0.528 0.451 0.021
18
0.002 0.022 0.976
0.96 0.01 0.03
0.048 0.836 0.116
0.135 0.784 0.081
0.889 0.092 0.019
0.508 0.48 0.012

18
0.018 0.979 0.003
0.022 0.01 0.968
0.865 0.013 0.122
0.946 0.032 0.022
0.006 0.987 0.007
0.947 0.033 0.02
18
0.037 0.93 0.033
0.978 0.0 0.022
0.002 0.0 0.998
0.983 0.01 0.007
0.031 0.862 0.107
0.942 0.052 0.006
18
0.968 0.019 0.013
0.679 0.092 0.229
0.219 0.602 0.179
0.001 0.319 0.68
0.378 0.192 0.43
0.098 0.687 0.215

18
0.816 0.004 0.18
0.41 0.049 0.541
0.476 0.009 0.515
0.903 0.093 0.004
0.239 0.298 0.463
0.144 0.81 0.046
18
0.026 0.116 0.858
0.817 0.101 0.082
0.27 0.453 0.277
0.028 0.008 0.964
0.02 0.04 0.94
0.893 0.0 0.107
18
0.011 0.024 0.965
0.96 0.035 0.005
0.002 0.987 0.011
0.171 0.021 0.808
0.596 0.018 0.386
0.858 0.14 0.002

24
0.742 0.046 0.186 0.026
0.198 0.076 0.703 0.023
0.294 0.311 0.041 0.354
0.04 0.904 0.003 0.053
0.08 0.611 0.112 0.197
0.155 0.251 0.416 0.178
24
0.518 0.232 0.077 0.173
0.936 0.03 0.002 0.032
0.351 0.068 0.003 0.578
0.114 0.019 0.003 0.864
0.578 0.136 0.075 0.211
0.503 0.277 0.163 0.057
24
0.152 0.004 0.822 0.022
0.043 0.389 0.144 0.424
0.156 0.11 0.336 0.398
0.29 0.3 0.058 0.352
0.868 0.036 0.096 0.0
0.395 0.376 0.0 0.229

18
0.155 0.474 0.371
0.795 0.043 0.162
0.826 0.118 0.056
0.003 0.8 0.197
0.033 0.96 0.007
0.488 0.168 0.344
18
0.075 0.167 0.758
0.413 0.088 0.499
0.142 0.851 0.007
0.055 0.709 0.236
0.876 0.117 0.007
0.032 0.309 0.659
18
0.101 0.671 0.228
0.279 0.029 0.692
0.996 0.001 0.003
0.413 0.549 0.038
0.022 0.088 0.89
0.035 0.662 0.303
18
0.999 0.0 0.001
0.004 0.001 0.995
0.188 0.797 0.015
0.0 0.973 0.027
0.003 0.16 0.837
0.029 0.952 0.019
