V-CREDAL 
8 
2 3 2 4 3 2 2 3 
8 
1 0 
4 4 6 7 1 
1 2 
2 0 3 
1 4 
2 2 5 
2 0 6 
2 5 7 

4 
0.613 0.387 
0.813 0.187 

12 
0.598 0.286 0.116 
0.14 0.696 0.164 
0.617 0.234 0.149 
0.437 0.382 0.181 
12 
0.442 0.335 0.223 
0.928 0.048 0.024 
0.237 0.377 0.386 
0.203 0.34 0.457 
12 
0.656 0.08 0.264 
0.298 0.539 0.163 
0.016 0.744 0.24 
0.925 0.054 0.021 
12 
0.124 0.744 0.132 
0.242 0.242 0.516 
0.248 0.637 0.115 
0.129 0.825 0.046 
12 
0.726 0.13 0.144 
0.365 0.043 0.592 
0.283 0.7 0.017 
0.071 0.57 0.359 
12 
0.772 0.21 0.018 
0.104 0.044 0.852 
0.058 0.547 0.395 
0.181 0.052 0.767 
12 
0.001 0.788 0.211 
0.002 0.134 0.864 
0.222 0.152 0.626 
0.376 0.19 0.434 
12 
0.375 0.215 0.41 
0.584 0.279 0.137 
0.349 0.588 0.063 
0.238 0.596 0.166 
12 
0.058 0.187 0.755 
0.808 0.055 0.137 
0.709 0.025 0.266 
0.196 0.099 0.705 
12 
0.155 0.573 0.272 
0.757 0.009 0.234 
0.869 0.035 0.096 
0.556 0.128 0.316 
12 
0.465 0.111 0.424 
0.37 0.469 0.161 
0.076 0.512 0.412 
0.099 0.726 0.175 
12 
0.174 0.45 0.376 
0.087 0.252 0.661 
0.761 0.122 0.117 
0.375 0.172 0.453 
12 
0.8 0.158 0.042 
0.072 0.538 0.39 
0.025 0.808 0.167 
0.003 0.739 0.258 
12 
0.011 0.526 0.463 
0.685 0.053 0.262 
0.303 0.401 0.296 
0.368 0.028 0.604 
12 
0.213 0.61 0.177 
0.125 0.601 0.274 
0.825 0.142 0.033 
0.007 0.256 0.737 
12 
0.469 0.474 0.057 
0.336 0.169 0.495 
0.708 0.288 0.004 
0.625 0.156 0.219 
12 
0.365 0.552 0.083 
0.69 0.118 0.192 
0.349 0.525 0.126 
0.449 0.093 0.458 
12 
0.003 0.042 0.955 
0.175 0.78 0.045 
0.682 0.085 0.233 
0.156 0.78 0.064 

4 
0.135 0.865 
0.506 0.494 

16 
0.733 0.024 0.012 0.231 
0.153 0.234 0.558 0.055 
0.182 0.038 0.017 0.763 
0.121 0.033 0.83 0.016 
16 
0.36 0.148 0.201 0.291 
0.024 0.239 0.051 0.686 
0.384 0.064 0.447 0.105 
0.003 0.275 0.447 0.275 

12 
0.018 0.616 0.366 
0.046 0.241 0.713 
0.006 0.988 0.006 
0.052 0.662 0.286 

4 
0.302 0.698 
0.699 0.301 
4 
0.772 0.228 
0.932 0.068 

4 
0.092 0.908 
0.555 0.445 
4 
0.422 0.578 
0.874 0.126 

12 
0.417 0.565 0.018 
0.026 0.892 0.082 
0.341 0.05 0.609 
0.458 0.173 0.369 
12 
0.524 0.023 0.453 
0.903 0.095 0.002 
0.022 0.976 0.002 
0.132 0.341 0.527 
