V-CREDAL 
8 
3 3 3 2 4 3 3 2 
8 
1 0 
2 2 1 
3 0 6 2 
1 3 
2 1 4 
2 3 5 
2 7 6 
2 5 7 

18 
0.37377 0.51221 0.11402 
0.13966 0.54817 0.31217 
0.55441 0.18711 0.25848 
0.01925 0.03737 0.94338 
0.06082 0.39579 0.54339 
0.586 0.09953 0.31447 

18 
0.78087 0.05621 0.16292 
0.04955 0.94573 0.00472 
0.89069 0.08412 0.02519 
0.05366 0.3119 0.63444 
0.08256 0.28217 0.63527 
0.52698 0.05656 0.41646 
18 
0.88615 0.10636 0.00749 
0.26363 0.67395 0.06242 
0.05041 0.50176 0.44783 
0.0232 0.09012 0.88668 
0.15074 0.77061 0.07865 
0.37593 0.05879 0.56528 
18 
0.08838 0.03106 0.88056 
0.02969 0.75762 0.21269 
0.3311 0.25652 0.41238 
0.26687 0.18197 0.55116 
0.387 0.38306 0.22994 
0.12448 0.7959 0.07962 

18 
0.95919 0.03083 0.00998 
0.15807 0.06295 0.77898 
0.06009 0.12491 0.815 
0.01245 0.78128 0.20627 
0.00466 0.96849 0.02685 
0.04049 0.30234 0.65717 
18 
0.81042 0.00338 0.1862 
0.00562 0.16034 0.83404 
0.73315 0.14194 0.12491 
0.0512 0.93366 0.01514 
0.09491 0.01633 0.88876 
0.06682 0.02194 0.91124 
18 
6.1E-4 0.07472 0.92467 
0.07154 0.91499 0.01347 
0.00479 0.01972 0.97549 
0.03001 0.53104 0.43895 
0.94383 0.04249 0.01368 
0.83611 0.15226 0.01163 
18 
0.01276 0.03905 0.94819 
0.70457 9.8E-4 0.29445 
0.13683 0.86034 0.00283 
0.98683 0.01275 4.2E-4 
0.08971 0.01573 0.89456 
0.06095 0.55956 0.37949 
18 
0.96457 0.00779 0.02764 
0.03936 0.84945 0.11119 
0.02337 0.51542 0.46121 
0.07754 0.89678 0.02568 
0.01274 0.02766 0.9596 
0.05519 0.91384 0.03097 
18 
0.53314 0.17145 0.29541 
0.18265 0.06649 0.75086 
0.46549 0.41628 0.11823 
0.1669 0.34553 0.48757 
0.30017 0.51328 0.18655 
0.38736 0.10535 0.50729 
18 
0.15564 0.01261 0.83175 
0.62463 0.37003 0.00534 
0.97669 0.01238 0.01093 
0.05762 0.90055 0.04183 
0.03496 0.07632 0.88872 
0.11335 0.85561 0.03104 
18 
0.42212 0.05498 0.5229 
0.33209 0.27723 0.39068 
0.18989 0.40361 0.4065 
0.07349 0.61794 0.30857 
0.07614 0.71245 0.21141 
0.06123 0.66949 0.26928 
18 
0.77703 0.08919 0.13378 
0.54555 0.00817 0.44628 
0.01112 0.69896 0.28992 
0.0532 0.04388 0.90292 
0.08815 0.89355 0.0183 
0.61479 0.3086 0.07661 

4 
0.85374 0.14626 
0.54385 0.45615 

24 
7.4E-4 0.59168 0.30371 0.10387 
0.05576 0.8735 0.01837 0.05237 
0.63148 0.19448 0.1065 0.06754 
0.08634 0.32717 0.36574 0.22075 
0.43774 0.53394 0.00433 0.02399 
0.65045 0.0835 0.07544 0.19061 
24 
0.02679 0.17025 0.31478 0.48818 
0.84706 0.05926 0.04109 0.05259 
0.17817 0.79151 0.02597 0.00435 
0.47976 0.51064 0.00354 0.00606 
0.22654 0.03715 0.66398 0.07233 
0.1814 0.06233 0.07277 0.6835 
24 
0.162 0.64455 0.12623 0.06722 
0.20217 0.37857 0.35482 0.06444 
0.17573 0.17248 0.30804 0.34375 
0.76947 0.04799 0.01859 0.16395 
0.504 0.12792 0.18322 0.18486 
0.23216 0.22237 0.31341 0.23206 

18 
0.63092 0.34762 0.02146 
0.14489 0.05433 0.80078 
0.22974 0.74559 0.02467 
0.07223 0.5967 0.33107 
0.00148 0.07579 0.92273 
0.44974 0.17098 0.37928 
18 
0.69997 0.2714 0.02863 
0.28886 0.21957 0.49157 
0.49548 0.08955 0.41497 
0.11456 0.80504 0.0804 
0.63986 0.21197 0.14817 
0.13093 0.48711 0.38196 

18 
0.0945 0.05622 0.84928 
0.59216 0.076 0.33184 
0.76528 0.1463 0.08842 
0.10584 0.41169 0.48247 
0.27805 0.54784 0.17411 
0.63083 0.34584 0.02333 
18 
0.35709 0.64018 0.00273 
0.89507 0.02599 0.07894 
0.15046 0.39359 0.45595 
0.90348 0.00171 0.09481 
0.85282 0.13593 0.01125 
0.29294 0.27672 0.43034 

4 
0.85819 0.14181 
0.0541 0.9459 
4 
0.67084 0.32916 
0.52302 0.47698 
4 
0.33019 0.66981 
0.66184 0.33816 
