V-CREDAL 
6 
3 2 5 2 5 2 
6 
2 3 0 
2 0 1 
2 5 2 
1 3 
2 3 4 
2 4 5 

18 
0.38765 0.2239 0.38845 
0.32921 0.29047 0.38032 
0.21663 0.46493 0.31844 
0.12266 0.66787 0.20947 
0.77531 0.14951 0.07518 
0.46422 0.49771 0.03807 
18 
0.64337 0.03436 0.32227 
0.01394 0.96257 0.02349 
0.79151 0.02537 0.18312 
0.52519 0.42266 0.05215 
0.08006 0.08737 0.83257 
0.18666 0.80771 0.00563 

4 
0.21823 0.78177 
0.35575 0.64425 
4 
0.02025 0.97975 
0.809 0.191 
4 
0.78508 0.21492 
0.33279 0.66721 

30 
0.52551 0.02327 0.00709 0.3844 0.05973 
0.04807 3.1E-4 5.1E-4 2.3E-4 0.95088 
0.49826 0.06711 0.18486 0.00816 0.24161 
0.33762 0.36433 0.06777 0.19096 0.03932 
0.12142 0.02807 0.50245 0.1921 0.15596 
0.5183 0.07652 0.24664 0.04077 0.11777 
30 
0.05278 0.13293 0.05084 0.26532 0.49813 
9.4E-4 0.77445 0.02233 0.00263 0.19965 
0.0284 0.24988 0.00522 0.67768 0.03882 
0.09613 0.16493 0.23126 0.09087 0.41681 
0.07502 0.01876 0.46604 0.35877 0.08141 
0.45668 0.08041 0.03367 0.01582 0.41342 

4 
0.97958 0.02042 
0.9803 0.0197 

30 
0.0809 0.01213 0.00722 0.50568 0.39407 
3.3E-4 0.00367 0.82889 0.01105 0.15606 
0.05221 0.00899 0.08222 0.33627 0.52031 
0.01109 0.66676 0.03127 0.00804 0.28284 
0.94204 4.8E-4 0.0534 0.00235 0.00173 
0.49546 0.06774 0.04588 0.2707 0.12022 
30 
0.04683 0.22729 0.00819 0.03947 0.67822 
0.93803 0.00256 0.00617 0.01234 0.0409 
0.00388 0.01354 0.94992 0.02989 0.00277 
0.03276 0.05205 0.0784 0.36329 0.4735 
0.15231 8.4E-4 0.00159 0.84411 0.00115 
0.17446 0.72265 0.03435 0.02437 0.04417 

4 
0.93877 0.06123 
0.82998 0.17002 
4 
0.23269 0.76731 
0.92713 0.07287 
4 
0.64398 0.35602 
0.43884 0.56116 
4 
0.18775 0.81225 
0.37359 0.62641 
4 
0.35342 0.64658 
0.2233 0.7767 
