V-CREDAL
6
3 4 3 2 3 4
6
1 0
2 3 1
2 3 2
2 4 3
2 0 4
2 0 5

18
0.187 0.069 0.744
0.679 0.259 0.062
0.419 0.409 0.172
0.801 0.017 0.182
0.043 0.304 0.653
0.092 0.197 0.711

24
0.12 0.022 0.324 0.534
0.098 0.121 0.572 0.209
0.016 0.583 0.023 0.378
0.248 0.502 0.231 0.019
0.093 0.129 0.138 0.64
0.281 0.264 0.305 0.15
24
0.136 0.202 0.271 0.391
0.252 0.285 0.058 0.405
0.032 0.302 0.034 0.632
0.029 0.013 0.951 0.007
0.022 0.533 0.228 0.217
0.065 0.759 0.147 0.029

18
0.022 0.862 0.116
0.634 0.017 0.349
0.252 0.165 0.583
0.846 0.11 0.044
0.104 0.846 0.05
0.089 0.423 0.488
18
0.043 0.011 0.946
0.01 0.831 0.159
0.235 0.23 0.535
0.106 0.832 0.062
0.028 0.187 0.785
0.272 0.408 0.32

4
0.053 0.947
0.993 0.007
4
0.286 0.714
0.851 0.149
4
0.202 0.798
0.861 0.139

18
0.696 0.235 0.069
0.114 0.679 0.207
0.256 0.701 0.043
0.085 0.039 0.876
0.046 0.603 0.351
0.693 0.269 0.038
18
0.056 0.177 0.767
0.053 0.838 0.109
0.669 0.21 0.121
0.407 0.135 0.458
0.259 0.723 0.018
0.563 0.428 0.009
18
0.044 0.812 0.144
0.024 0.067 0.909
0.449 0.013 0.538
0.049 0.915 0.036
0.798 0.199 0.003
0.24 0.035 0.725

24
0.013 0.05 0.515 0.422
0.005 0.055 0.055 0.885
0.145 0.509 0.119 0.227
0.02 0.326 0.21 0.444
0.154 0.043 0.783 0.02
0.062 0.059 0.065 0.814
24
0.043 0.036 0.005 0.916
0.983 0.009 0.004 0.004
0.007 0.363 0.629 0.001
0.084 0.513 0.085 0.318
0.912 0.003 0.072 0.013
0.66 0.159 0.122 0.059
24
0.012 0.053 0.055 0.88
0.311 0.177 0.089 0.423
0.068 0.038 0.737 0.157
0.05 0.245 0.101 0.604
0.878 0.036 0.073 0.013
0.141 0.01 0.087 0.762
