V-CREDAL
8
3 4 2 3 4 4 4 3
8
2 5 0
1 1
4 3 6 7 2
1 3
2 1 4
1 5
3 0 1 6
1 7

18
0.004 0.994 0.002
0.785 0.127 0.088
0.577 0.025 0.398
0.002 0.004 0.994
0.711 0.259 0.03
0.657 0.329 0.014
18
0.087 0.195 0.718
0.015 0.845 0.14
0.02 0.922 0.058
0.403 0.074 0.523
0.403 0.547 0.05
0.029 0.449 0.522
18
0.101 0.868 0.031
0.968 0.019 0.013
0.237 0.017 0.746
0.025 0.826 0.149
0.013 0.069 0.918
0.167 0.833 0.0
18
0.424 0.048 0.528
0.134 0.859 0.007
0.033 0.144 0.823
0.001 0.856 0.143
0.932 0.048 0.02
0.002 0.754 0.244

24
0.054 0.075 0.18 0.691
0.239 0.264 0.265 0.232
0.082 0.064 0.854 0.0
0.134 0.118 0.154 0.594
0.113 0.461 0.399 0.027
0.201 0.053 0.178 0.568

4
0.19 0.81
0.522 0.478
4
0.583 0.417
0.746 0.254
4
0.989 0.011
0.814 0.186
4
0.491 0.509
0.695 0.305
4
0.334 0.666
0.988 0.012
4
0.163 0.837
0.766 0.234
4
0.39 0.61
0.664 0.336
4
0.035 0.965
0.351 0.649
4
0.277 0.723
0.154 0.846
4
0.649 0.351
0.827 0.173
4
0.065 0.935
0.003 0.997
4
0.707 0.293
0.029 0.971
4
0.808 0.192
0.479 0.521
4
0.879 0.121
0.76 0.24
4
0.893 0.107
0.328 0.672
4
0.217 0.783
0.693 0.307
4
0.375 0.625
0.482 0.518
4
0.839 0.161
0.348 0.652
4
0.356 0.644
0.385 0.615
4
0.481 0.519
0.509 0.491
4
0.89 0.11
0.929 0.071
4
0.612 0.388
0.445 0.555
4
0.844 0.156
0.128 0.872
4
0.737 0.263
0.106 0.894
4
0.586 0.414
0.005 0.995
4
0.725 0.275
0.103 0.897
4
0.396 0.604
0.805 0.195
4
0.839 0.161
0.257 0.743
4
0.071 0.929
0.031 0.969
4
0.218 0.782
0.604 0.396
4
0.038 0.962
0.54 0.46
4
0.061 0.939
0.279 0.721
4
0.736 0.264
0.597 0.403
4
0.197 0.803
0.073 0.927
4
0.897 0.103
0.48 0.52
4
0.167 0.833
0.443 0.557

18
0.022 0.006 0.972
0.031 0.659 0.31
0.047 0.911 0.042
0.723 0.124 0.153
0.533 0.462 0.005
0.812 0.161 0.027

24
0.371 0.018 0.053 0.558
0.515 0.057 0.0 0.428
0.262 0.038 0.678 0.022
0.057 0.063 0.177 0.703
0.057 0.874 0.007 0.062
0.012 0.04 0.408 0.54
24
0.002 0.148 0.838 0.012
0.381 0.342 0.233 0.044
0.257 0.278 0.022 0.443
0.205 0.027 0.473 0.295
0.047 0.79 0.061 0.102
0.014 0.052 0.867 0.067
24
0.017 0.892 0.046 0.045
0.163 0.021 0.161 0.655
0.291 0.421 0.041 0.247
0.032 0.048 0.068 0.852
0.003 0.985 0.001 0.011
0.822 0.043 0.122 0.013
24
0.006 0.885 0.037 0.072
0.256 0.053 0.061 0.63
0.037 0.041 0.756 0.166
0.539 0.328 0.045 0.088
0.017 0.144 0.582 0.257
0.583 0.051 0.208 0.158

24
0.016 0.004 0.008 0.972
0.277 0.225 0.235 0.263
0.674 0.021 0.26 0.045
0.639 0.006 0.347 0.008
0.809 0.125 0.04 0.026
0.107 0.051 0.379 0.463

24
0.119 0.418 0.373 0.09
0.125 0.21 0.289 0.376
0.008 0.639 0.015 0.338
0.432 0.187 0.063 0.318
0.229 0.136 0.169 0.466
0.728 0.163 0.032 0.077
24
0.085 0.05 0.271 0.594
0.06 0.065 0.523 0.352
0.753 0.014 0.05 0.183
0.029 0.005 0.813 0.153
0.799 0.115 0.015 0.071
0.359 0.186 0.078 0.377
24
0.976 0.001 0.022 0.001
0.308 0.031 0.038 0.623
0.011 0.969 0.007 0.013
0.109 0.3 0.299 0.292
0.898 0.007 0.045 0.05
0.168 0.211 0.025 0.596
24
0.019 0.006 0.964 0.011
0.434 0.034 0.414 0.118
0.037 0.605 0.04 0.318
0.41 0.123 0.036 0.431
0.973 0.021 0.006 0.0
0.001 0.586 0.083 0.33
24
0.226 0.475 0.062 0.237
0.038 0.304 0.596 0.062
0.186 0.206 0.55 0.058
0.448 0.377 0.168 0.007
0.897 0.006 0.097 0.0
0.255 0.472 0.22 0.053
24
0.362 0.005 0.015 0.618
0.891 0.085 0.002 0.022
0.392 0.009 0.218 0.381
0.077 0.116 0.646 0.161
0.105 0.126 0.016 0.753
0.443 0.006 0.254 0.297
24
0.053 0.228 0.607 0.112
0.012 0.099 0.569 0.32
0.321 0.435 0.164 0.08
0.027 0.046 0.175 0.752
0.103 0.246 0.047 0.604
0.344 0.128 0.195 0.333
24
0.013 0.089 0.864 0.034
0.249 0.035 0.476 0.24
0.69 0.242 0.013 0.055
0.203 0.013 0.147 0.637
0.062 0.258 0.617 0.063
0.086 0.526 0.102 0.286
24
0.02 0.013 0.509 0.458
0.034 0.082 0.105 0.779
0.357 0.135 0.436 0.072
0.066 0.328 0.101 0.505
0.281 0.336 0.251 0.132
0.547 0.086 0.345 0.022
24
0.126 0.028 0.68 0.166
0.284 0.611 0.063 0.042
0.084 0.591 0.012 0.313
0.439 0.417 0.075 0.069
0.008 0.016 0.155 0.821
0.038 0.011 0.025 0.926
24
0.007 0.007 0.082 0.904
0.42 0.355 0.026 0.199
0.308 0.659 0.028 0.005
0.338 0.098 0.042 0.522
0.397 0.041 0.106 0.456
0.361 0.123 0.288 0.228
24
0.188 0.048 0.172 0.592
0.083 0.188 0.72 0.009
0.519 0.315 0.018 0.148
0.746 0.019 0.127 0.108
0.037 0.204 0.517 0.242
0.855 0.002 0.143 0.0

18
0.655 0.07 0.275
0.147 0.822 0.031
0.114 0.035 0.851
0.696 0.174 0.13
0.622 0.037 0.341
0.007 0.496 0.497
