V-CREDAL
5
4 2 2 3 2
5
2 2 0
3 0 4 1
1 2
2 4 3
1 4

24
0.122 0.037 0.774 0.067
0.037 0.865 0.009 0.089
0.003 0.002 0.038 0.957
0.001 0.0 0.002 0.997
0.223 0.359 0.032 0.386
0.034 0.056 0.902 0.008
24
0.008 0.988 0.001 0.003
0.579 0.004 0.349 0.068
0.423 0.31 0.042 0.225
0.453 0.435 0.011 0.101
0.067 0.884 0.042 0.007
0.316 0.051 0.383 0.25

4
0.435 0.565
0.744 0.256
4
0.101 0.899
0.76 0.24
4
0.765 0.235
0.031 0.969
4
0.412 0.588
0.698 0.302
4
0.905 0.095
0.485 0.515
4
0.287 0.713
0.896 0.104
4
0.175 0.825
0.652 0.348
4
0.574 0.426
0.068 0.932

4
0.171 0.829
0.401 0.599

18
0.967 0.004 0.029
0.263 0.686 0.051
0.535 0.005 0.46
0.002 0.24 0.758
0.077 0.01 0.913
0.189 0.006 0.805
18
0.025 0.047 0.928
0.765 0.129 0.106
0.442 0.034 0.524
0.095 0.313 0.592
0.221 0.416 0.363
0.795 0.101 0.104

4
0.436 0.564
0.705 0.295
