V-CREDAL
4
3 3 2 4
4
1 0
3 0 2 1
2 3 2
1 3

12
0.491 0.305 0.204
0.084 0.425 0.491
0.004 0.964 0.032
0.095 0.883 0.022

12
0.309 0.616 0.075
0.29 0.332 0.378
0.392 0.356 0.252
0.056 0.896 0.048
12
0.363 0.284 0.353
0.332 0.452 0.216
0.192 0.8 0.008
0.245 0.303 0.452
12
0.067 0.583 0.35
0.994 0.004 0.002
0.692 0.019 0.289
0.09 0.266 0.644
12
0.808 0.12 0.072
0.18 0.325 0.495
0.489 0.476 0.035
0.529 0.186 0.285
12
0.705 0.27 0.025
0.377 0.018 0.605
0.083 0.085 0.832
0.405 0.433 0.162
12
0.007 0.791 0.202
0.119 0.226 0.655
0.734 0.266 0.0
0.453 0.145 0.402

4
0.701 0.299
0.988 0.012
4
0.213 0.787
0.521 0.479
4
0.181 0.819
0.384 0.616
4
0.43 0.57
0.622 0.378

16
0.338 0.476 0.04 0.146
0.046 0.559 0.029 0.366
0.03 0.115 0.036 0.819
0.022 0.157 0.076 0.745
