V-CREDAL
7
2 3 4 2 4 3 2
7
1 0
2 0 1
2 1 2
2 2 3
2 3 4
2 4 5
2 5 6

4
0.205 0.795
0.961 0.039

18
0.958 0.029 0.013
0.037 0.631 0.332
0.92 0.08 0.0
0.154 0.765 0.081
0.095 0.078 0.827
0.942 0.018 0.04
18
0.743 0.25 0.007
0.107 0.271 0.622
0.356 0.6 0.044
0.184 0.616 0.2
0.645 0.051 0.304
0.027 0.41 0.563

24
0.255 0.054 0.065 0.626
0.077 0.381 0.46 0.082
0.068 0.551 0.204 0.177
0.002 0.012 0.391 0.595
0.745 0.127 0.108 0.02
0.093 0.135 0.625 0.147
24
0.038 0.308 0.487 0.167
0.449 0.162 0.06 0.329
0.201 0.206 0.591 0.002
0.207 0.275 0.128 0.39
0.001 0.002 0.0 0.997
0.421 0.328 0.237 0.014
24
0.149 0.153 0.673 0.025
0.405 0.007 0.175 0.413
0.219 0.328 0.426 0.027
0.049 0.178 0.086 0.687
0.074 0.458 0.29 0.178
0.182 0.471 0.254 0.093

4
0.413 0.587
0.476 0.524
4
0.459 0.541
0.408 0.592
4
0.189 0.811
0.306 0.694
4
0.826 0.174
0.707 0.293

24
0.643 0.113 0.237 0.007
0.143 0.283 0.038 0.536
0.226 0.012 0.31 0.452
0.006 0.043 0.826 0.125
0.686 0.023 0.235 0.056
0.014 0.021 0.423 0.542
24
0.122 0.281 0.161 0.436
0.049 0.622 0.126 0.203
0.271 0.481 0.146 0.102
0.036 0.28 0.289 0.395
0.12 0.183 0.318 0.379
0.017 0.469 0.12 0.394

18
0.663 0.02 0.317
0.367 0.61 0.023
0.02 0.015 0.965
0.001 0.996 0.003
0.658 0.002 0.34
0.005 0.063 0.932
18
0.138 0.007 0.855
0.876 0.079 0.045
0.007 0.006 0.987
0.001 0.998 0.001
0.447 0.029 0.524
0.867 0.061 0.072
18
0.563 0.037 0.4
0.127 0.103 0.77
0.57 0.227 0.203
0.633 0.106 0.261
0.318 0.463 0.219
0.278 0.063 0.659
18
0.701 0.135 0.164
0.103 0.843 0.054
0.566 0.301 0.133
0.736 0.071 0.193
0.215 0.018 0.767
0.156 0.099 0.745

4
0.659 0.341
0.812 0.188
4
0.532 0.468
0.712 0.288
4
0.62 0.38
0.547 0.453
