V-CREDAL
8
2 4 4 4 4 4 3 2
8
1 0
2 0 1
2 1 2
2 2 3
2 3 4
2 4 5
2 5 6
2 6 7

4
0.054 0.946
0.755 0.245

24
0.155 0.362 0.245 0.238
0.243 0.42 0.306 0.031
0.213 0.186 0.335 0.266
0.096 0.059 0.634 0.211
0.12 0.221 0.656 0.003
0.139 0.053 0.755 0.053
24
0.11 0.053 0.026 0.811
0.853 0.129 0.004 0.014
0.003 0.185 0.012 0.8
0.026 0.0 0.281 0.693
0.019 0.522 0.221 0.238
0.057 0.784 0.081 0.078

24
0.543 0.104 0.14 0.213
0.571 0.096 0.301 0.032
0.001 0.996 0.002 0.001
0.986 0.002 0.006 0.006
0.087 0.389 0.34 0.184
0.628 0.076 0.078 0.218
24
0.047 0.019 0.848 0.086
0.542 0.305 0.039 0.114
0.371 0.04 0.256 0.333
0.143 0.288 0.124 0.445
0.05 0.614 0.027 0.309
0.077 0.267 0.649 0.007
24
0.758 0.141 0.073 0.028
0.26 0.059 0.513 0.168
0.282 0.149 0.217 0.352
0.146 0.688 0.076 0.09
0.041 0.798 0.055 0.106
0.031 0.67 0.188 0.111
24
0.577 0.022 0.351 0.05
0.427 0.0 0.387 0.186
0.002 0.034 0.041 0.923
0.074 0.616 0.013 0.297
0.15 0.144 0.691 0.015
0.077 0.658 0.196 0.069

24
0.0 0.871 0.128 0.001
0.042 0.094 0.862 0.002
0.0 0.92 0.074 0.006
0.01 0.843 0.071 0.076
0.076 0.036 0.881 0.007
0.632 0.07 0.034 0.264
24
0.386 0.119 0.144 0.351
0.75 0.131 0.069 0.05
0.048 0.041 0.887 0.024
0.099 0.151 0.193 0.557
0.0 0.572 0.426 0.002
0.8 0.17 0.025 0.005
24
0.13 0.032 0.378 0.46
0.012 0.101 0.878 0.009
0.51 0.075 0.306 0.109
0.008 0.168 0.007 0.817
0.109 0.584 0.254 0.053
0.419 0.015 0.258 0.308
24
0.235 0.212 0.052 0.501
0.668 0.225 0.062 0.045
0.264 0.017 0.679 0.04
0.017 0.775 0.174 0.034
0.24 0.093 0.153 0.514
0.042 0.43 0.517 0.011

24
0.224 0.079 0.001 0.696
0.054 0.217 0.724 0.005
0.114 0.168 0.01 0.708
0.258 0.704 0.015 0.023
0.318 0.64 0.037 0.005
0.402 0.509 0.019 0.07
24
0.885 0.006 0.06 0.049
0.3 0.432 0.104 0.164
0.096 0.055 0.052 0.797
0.017 0.077 0.004 0.902
0.041 0.604 0.332 0.023
0.572 0.26 0.063 0.105
24
0.077 0.203 0.679 0.041
0.285 0.001 0.094 0.62
0.02 0.0 0.978 0.002
0.005 0.337 0.005 0.653
0.13 0.083 0.262 0.525
0.35 0.143 0.338 0.169
24
0.427 0.057 0.126 0.39
0.102 0.606 0.112 0.18
0.195 0.127 0.394 0.284
0.581 0.382 0.004 0.033
0.083 0.189 0.704 0.024
0.067 0.197 0.328 0.408

24
0.196 0.396 0.369 0.039
0.233 0.082 0.04 0.645
0.018 0.112 0.483 0.387
0.287 0.112 0.217 0.384
0.036 0.674 0.194 0.096
0.087 0.046 0.695 0.172
24
0.416 0.036 0.004 0.544
0.012 0.985 0.001 0.002
0.056 0.046 0.036 0.862
0.021 0.096 0.202 0.681
0.003 0.204 0.779 0.014
0.421 0.077 0.463 0.039
24
0.563 0.076 0.324 0.037
0.493 0.205 0.014 0.288
0.175 0.538 0.276 0.011
0.162 0.449 0.352 0.037
0.1 0.508 0.248 0.144
0.052 0.913 0.032 0.003
24
0.019 0.244 0.173 0.564
0.063 0.005 0.155 0.777
0.262 0.068 0.311 0.359
0.037 0.457 0.051 0.455
0.404 0.262 0.048 0.286
0.822 0.096 0.069 0.013

18
0.708 0.021 0.271
0.004 0.968 0.028
0.285 0.015 0.7
0.044 0.073 0.883
0.927 0.071 0.002
0.01 0.627 0.363
18
0.347 0.54 0.113
0.084 0.008 0.908
0.745 0.028 0.227
0.832 0.156 0.012
0.126 0.457 0.417
0.295 0.578 0.127
18
0.01 0.021 0.969
0.05 0.9 0.05
0.736 0.051 0.213
0.67 0.047 0.283
0.586 0.407 0.007
0.001 0.739 0.26
18
0.769 0.133 0.098
0.058 0.921 0.021
0.739 0.017 0.244
0.231 0.056 0.713
0.046 0.283 0.671
0.741 0.231 0.028

4
0.416 0.584
0.227 0.773
4
0.86 0.14
0.048 0.952
4
0.357 0.643
0.159 0.841
