V-CREDAL 
4 
3 3 3 5 
4 
1 0 
2 2 1 
2 0 2 
2 2 3 

12 
0.38338 0.05164 0.56498 
0.20363 0.54034 0.25603 
0.47861 0.07688 0.44451 
0.128 0.04487 0.82713 

12 
0.15116 0.77008 0.07876 
0.6109 0.23211 0.15699 
0.01526 0.52537 0.45937 
0.61195 0.28035 0.1077 
12 
0.31211 0.05726 0.63063 
0.10954 0.33988 0.55058 
0.17486 0.41279 0.41235 
0.67062 0.14711 0.18227 
12 
0.84847 0.01313 0.1384 
0.41587 0.2656 0.31853 
0.00576 0.01536 0.97888 
0.09597 0.16971 0.73432 

12 
0.28554 0.10677 0.60769 
0.00645 0.72925 0.2643 
0.69677 0.29969 0.00354 
0.67061 0.06721 0.26218 
12 
0.36959 0.57033 0.06008 
0.10444 0.5861 0.30946 
0.09198 0.00875 0.89927 
0.32322 0.22025 0.45653 
12 
0.06421 0.18762 0.74817 
0.66866 0.13836 0.19298 
0.49641 0.27643 0.22716 
0.00861 0.08836 0.90303 

20 
0.2086 0.08451 0.51616 0.11035 0.08038 
0.00562 0.45896 0.00116 0.02316 0.5111 
0.00997 0.02221 0.08179 0.56157 0.32446 
0.0012 0.00363 4.9E-4 0.98112 0.01356 
20 
0.11476 0.03869 0.64911 0.12882 0.06862 
0.90787 0.02518 0.01314 0.05167 0.00214 
0.90059 0.07888 0.00176 0.01795 8.2E-4 
0.00292 0.01537 0.00298 0.94165 0.03708 
20 
0.52555 0.21582 0.11251 0.08987 0.05625 
0.36404 0.24006 0.35871 0.03339 0.0038 
0.00238 0.00462 0.02868 0.01217 0.95215 
0.83607 0.11088 0.00193 0.05105 7.0E-5 
