V-CREDAL
8
3 4 4 3 4 3 3 4
8
1 0
3 0 2 1
1 2
2 5 3
2 6 4
2 2 5
2 2 6
2 5 7

12
0.112 0.004 0.884
0.687 0.153 0.16
0.417 0.185 0.398
0.952 0.018 0.03

16
0.277 0.546 0.11 0.067
0.069 0.182 0.091 0.658
0.842 0.047 0.054 0.057
0.432 0.079 0.336 0.153
16
0.181 0.219 0.488 0.112
0.154 0.812 0.002 0.032
0.048 0.038 0.817 0.097
0.248 0.025 0.646 0.081
16
0.074 0.153 0.753 0.02
0.157 0.754 0.074 0.015
0.524 0.109 0.222 0.145
0.305 0.594 0.008 0.093
16
0.301 0.074 0.581 0.044
0.502 0.025 0.106 0.367
0.019 0.789 0.12 0.072
0.757 0.048 0.143 0.052
16
0.025 0.093 0.736 0.146
0.041 0.033 0.533 0.393
0.087 0.001 0.002 0.91
0.343 0.033 0.333 0.291
16
0.641 0.05 0.008 0.301
0.797 0.01 0.135 0.058
0.134 0.749 0.066 0.051
0.065 0.051 0.699 0.185
16
0.001 0.003 0.002 0.994
0.141 0.2 0.119 0.54
0.001 0.001 0.996 0.002
0.057 0.753 0.042 0.148
16
0.735 0.084 0.083 0.098
0.517 0.325 0.115 0.043
0.027 0.454 0.389 0.13
0.041 0.096 0.149 0.714
16
0.469 0.297 0.137 0.097
0.159 0.194 0.487 0.16
0.4 0.016 0.307 0.277
0.008 0.024 0.123 0.845
16
0.356 0.15 0.355 0.139
0.018 0.492 0.018 0.472
0.007 0.037 0.234 0.722
0.006 0.007 0.534 0.453
16
0.751 0.032 0.033 0.184
0.287 0.161 0.449 0.103
0.037 0.157 0.482 0.324
0.676 0.019 0.054 0.251
16
0.261 0.602 0.029 0.108
0.429 0.298 0.007 0.266
0.205 0.598 0.171 0.026
0.036 0.062 0.177 0.725

16
0.224 0.246 0.196 0.334
0.086 0.594 0.063 0.257
0.934 0.019 0.009 0.038
0.096 0.28 0.091 0.533

12
0.983 0.015 0.002
0.042 0.364 0.594
0.036 0.771 0.193
0.307 0.038 0.655
12
0.716 0.149 0.135
0.361 0.423 0.216
0.672 0.094 0.234
0.864 0.006 0.13
12
0.42 0.117 0.463
0.208 0.02 0.772
0.156 0.09 0.754
0.538 0.392 0.07

16
0.099 0.107 0.362 0.432
0.228 0.165 0.473 0.134
0.259 0.323 0.35 0.068
0.036 0.114 0.809 0.041
16
0.231 0.371 0.081 0.317
0.505 0.082 0.201 0.212
0.12 0.046 0.021 0.813
0.221 0.079 0.457 0.243
16
0.108 0.445 0.428 0.019
0.357 0.032 0.557 0.054
0.237 0.295 0.434 0.034
0.023 0.596 0.25 0.131

12
0.773 0.183 0.044
0.19 0.257 0.553
0.003 0.996 0.001
0.033 0.965 0.002
12
0.277 0.102 0.621
0.278 0.307 0.415
0.005 0.663 0.332
0.084 0.888 0.028
12
0.076 0.492 0.432
0.901 0.073 0.026
0.07 0.835 0.095
0.155 0.816 0.029
12
0.083 0.013 0.904
0.082 0.899 0.019
0.641 0.24 0.119
0.042 0.926 0.032

12
0.342 0.599 0.059
0.664 0.069 0.267
0.11 0.188 0.702
0.937 0.046 0.017
12
0.083 0.861 0.056
0.307 0.622 0.071
0.105 0.159 0.736
0.54 0.157 0.303
12
0.113 0.641 0.246
0.315 0.28 0.405
0.31 0.075 0.615
0.011 0.123 0.866
12
0.927 0.055 0.018
0.421 0.028 0.551
0.087 0.756 0.157
0.04 0.9 0.06

16
0.024 0.593 0.03 0.353
0.064 0.052 0.75 0.134
0.548 0.054 0.273 0.125
0.161 0.376 0.338 0.125
16
0.041 0.009 0.945 0.005
0.003 0.116 0.006 0.875
0.002 0.019 0.807 0.172
0.006 0.091 0.164 0.739
16
0.032 0.04 0.003 0.925
0.13 0.218 0.627 0.025
0.06 0.075 0.103 0.762
0.582 0.147 0.202 0.069
