V-CREDAL 
10 
2 3 2 2 3 2 3 2 3 2 
10 
1 0 
2 0 1 
2 1 2 
2 2 3 
2 3 4 
2 4 5 
2 5 6 
2 6 7 
2 7 8 
2 8 9 

4 
0.27327 0.72673 
0.66329 0.33671 

18 
0.62722 0.35256 0.02022 
0.08549 0.24433 0.67018 
0.01007 0.97922 0.01071 
0.00608 0.91775 0.07617 
0.18865 0.13698 0.67437 
0.0115 0.42566 0.56284 
18 
0.01613 6.1E-4 0.98326 
0.07616 0.50457 0.41927 
0.63654 5.8E-4 0.36288 
0.93624 0.0558 0.00796 
0.0091 0.00472 0.98618 
0.25253 0.63301 0.11446 

4 
0.67287 0.32713 
0.96052 0.03948 
4 
0.20428 0.79572 
0.06299 0.93701 
4 
0.15664 0.84336 
0.73225 0.26775 

4 
0.80235 0.19765 
0.63381 0.36619 
4 
0.00499 0.99501 
0.90735 0.09265 

18 
0.82664 0.14074 0.03262 
0.90595 0.03474 0.05931 
0.24178 0.14849 0.60973 
0.103 0.7315 0.1655 
0.66111 0.06342 0.27547 
0.10352 0.8522 0.04428 
18 
0.44153 0.02064 0.53783 
0.06476 0.84402 0.09122 
0.86787 0.07688 0.05525 
0.76051 0.0494 0.19009 
0.09344 0.00996 0.8966 
0.03727 0.13719 0.82554 

4 
0.2535 0.7465 
0.07786 0.92214 
4 
0.77826 0.22174 
0.04167 0.95833 
4 
0.49851 0.50149 
0.21199 0.78801 

18 
0.17259 0.03478 0.79263 
0.25606 0.60583 0.13811 
0.45152 0.54048 0.008 
0.72011 0.27731 0.00258 
0.94891 0.02407 0.02702 
0.07037 0.47393 0.4557 
18 
0.97088 0.00399 0.02513 
0.33569 0.10333 0.56098 
0.01473 0.24164 0.74363 
0.79001 0.01784 0.19215 
0.01285 0.91179 0.07536 
0.08787 0.17249 0.73964 

4 
0.91783 0.08217 
0.24611 0.75389 
4 
0.64707 0.35293 
0.16335 0.83665 
4 
0.84164 0.15836 
0.90812 0.09188 

18 
0.03842 0.05444 0.90714 
0.56134 0.30179 0.13687 
0.62268 0.16136 0.21596 
0.372 0.5863 0.0417 
0.16655 0.03289 0.80056 
0.39765 0.57671 0.02564 
18 
0.07948 0.85431 0.06621 
0.70148 0.06056 0.23796 
0.61961 0.02134 0.35905 
0.14777 0.84843 0.0038 
0.04854 0.38329 0.56817 
0.13383 0.12453 0.74164 

4 
0.31053 0.68947 
0.69287 0.30713 
4 
0.38883 0.61117 
0.39674 0.60326 
4 
0.20656 0.79344 
0.9154 0.0846 
