V-CREDAL 
10 
5 4 3 4 2 4 2 5 2 2 
10 
1 0 
2 0 1 
2 1 2 
2 2 3 
2 3 4 
2 4 5 
2 5 6 
2 6 7 
2 7 8 
2 8 9 

30 
0.0213 0.85308 0.07814 0.00283 0.04465 
0.0597 0.33082 0.11051 0.00139 0.49758 
0.00682 0.06251 0.43268 0.49185 0.00614 
0.09212 0.78673 0.09012 0.02788 0.00315 
0.52032 0.02007 0.21421 0.0386 0.2068 
0.11002 0.04777 0.65473 0.05103 0.13645 

24 
0.11937 0.56054 0.04307 0.27702 
0.02123 0.15048 0.2118 0.61649 
0.10253 0.85594 0.01998 0.02155 
0.29929 0.15624 0.16497 0.3795 
0.44904 0.15809 0.03158 0.36129 
0.02309 0.45454 0.50556 0.01681 
24 
0.1135 0.80713 0.07053 0.00884 
0.53982 0.09125 0.08732 0.28161 
0.02081 0.31304 0.64826 0.01789 
0.32284 0.42145 0.17368 0.08203 
0.18815 0.45966 0.05088 0.30131 
0.5173 0.10213 0.22147 0.1591 
24 
0.00812 0.4884 0.28215 0.22133 
0.16291 0.43653 0.20909 0.19147 
0.02223 0.02142 0.31844 0.63791 
0.23441 0.04711 0.08829 0.63019 
0.68483 0.00486 0.05669 0.25362 
0.55603 0.00698 0.24765 0.18934 
24 
0.0262 0.79405 0.01847 0.16128 
0.99199 0.00243 0.00529 2.9E-4 
0.02282 0.2653 0.61153 0.10035 
0.21513 0.00904 0.08776 0.68807 
0.04792 0.16792 0.7219 0.06226 
0.13954 0.04742 0.26429 0.54875 
24 
0.01442 0.01592 0.00617 0.96349 
0.12004 0.01509 0.0713 0.79357 
0.73588 0.06032 0.18494 0.01886 
0.94998 0.01296 0.03105 0.00601 
0.06655 0.09218 0.0025 0.83877 
0.00401 0.98116 2.7E-4 0.01456 

18 
0.82715 0.13006 0.04279 
0.88865 0.03062 0.08073 
0.26591 0.38151 0.35258 
0.69327 0.248 0.05873 
0.66379 0.26641 0.0698 
0.03381 0.60291 0.36328 
18 
0.05485 0.48139 0.46376 
0.73059 0.15254 0.11687 
0.77719 0.05864 0.16417 
0.23057 0.74416 0.02527 
0.00616 0.17479 0.81905 
0.1516 0.10694 0.74146 
18 
0.88618 0.00459 0.10923 
0.03378 0.06324 0.90298 
0.00751 0.93579 0.0567 
0.10053 0.00592 0.89355 
0.79332 0.18075 0.02593 
0.01834 0.14703 0.83463 
18 
0.01598 0.91154 0.07248 
0.04574 0.03756 0.9167 
0.95434 0.00783 0.03783 
0.01753 0.25391 0.72856 
0.00115 0.51276 0.48609 
0.04681 0.94446 0.00873 

24 
0.02508 0.0709 0.64784 0.25618 
0.259 0.13406 0.35991 0.24703 
0.07794 0.6145 0.1767 0.13086 
0.21827 0.27683 0.04535 0.45955 
0.15143 0.01003 0.04333 0.79521 
0.33409 0.11452 0.23553 0.31586 
24 
0.12059 0.22372 0.53702 0.11867 
0.20385 0.44044 0.057 0.29871 
0.07005 0.17821 0.71553 0.03621 
0.01339 0.46355 0.50627 0.01679 
0.59434 0.03525 0.17191 0.1985 
0.02057 0.87343 0.02186 0.08414 
24 
0.66287 0.11647 0.09474 0.12592 
0.13585 0.05563 0.78753 0.02099 
0.01671 0.26589 0.07069 0.64671 
0.03276 0.08943 0.60439 0.27342 
0.2019 0.52588 0.0877 0.18452 
0.17378 0.56828 0.10385 0.15409 

4 
0.56761 0.43239 
0.59587 0.40413 
4 
0.35013 0.64987 
0.04114 0.95886 
4 
0.52699 0.47301 
0.95639 0.04361 
4 
0.07234 0.92766 
0.8609 0.1391 

24 
0.43636 0.25743 0.11308 0.19313 
0.20541 0.50537 0.00934 0.27988 
0.16808 0.44685 0.33494 0.05013 
0.08207 0.16242 0.23772 0.51779 
0.00515 0.07419 0.8647 0.05596 
0.22653 0.05589 0.67078 0.0468 
24 
0.01218 0.00396 0.70897 0.27489 
0.36674 0.23708 0.34462 0.05156 
0.35117 0.0303 0.06945 0.54908 
0.16306 0.77044 0.02945 0.03705 
0.02267 0.7922 0.16115 0.02398 
0.06204 0.78312 0.12091 0.03393 

4 
0.96147 0.03853 
0.38563 0.61437 
4 
0.32966 0.67034 
0.99338 0.00662 
4 
0.86852 0.13148 
0.88531 0.11469 
4 
0.96495 0.03505 
0.0865 0.9135 

30 
0.1566 0.8134 0.00288 0.00442 0.0227 
0.12907 0.00932 0.01444 0.127 0.72017 
0.04826 0.26818 0.26477 0.34719 0.0716 
0.20268 0.17604 0.57028 0.00121 0.04979 
0.41086 0.13841 0.08002 0.28451 0.0862 
0.06993 0.20021 0.09186 0.30271 0.33529 
30 
2.1E-4 0.03206 0.04797 0.21342 0.70634 
0.66613 0.1682 0.02224 0.12649 0.01694 
0.55697 6.2E-4 0.03009 0.00591 0.40641 
0.53794 1.2E-4 0.02362 1.8E-4 0.43814 
0.19379 0.06141 0.01659 0.11163 0.61658 
3.6E-4 0.01979 0.02084 0.55266 0.40635 

4 
0.67116 0.32884 
0.03675 0.96325 
4 
0.63783 0.36217 
0.55168 0.44832 
4 
0.11182 0.88818 
0.29593 0.70407 
4 
0.34407 0.65593 
0.61827 0.38173 
4 
0.62429 0.37571 
0.02074 0.97926 

4 
0.95923 0.04077 
0.54096 0.45904 
4 
0.51006 0.48994 
0.55557 0.44443 
