V-CREDAL
6
2 2 2 4 2 3
6
2 3 0
2 2 1
3 3 4 2
1 3
2 5 4
1 5

4
0.398 0.602
0.126 0.874
4
0.164 0.836
0.479 0.521
4
0.332 0.668
0.797 0.203
4
0.723 0.277
0.346 0.654

4
0.549 0.451
0.891 0.109
4
0.814 0.186
0.726 0.274

4
0.072 0.928
0.159 0.841
4
0.968 0.032
0.116 0.884
4
0.548 0.452
0.249 0.751
4
0.509 0.491
0.645 0.355
4
0.334 0.666
0.336 0.664
4
0.62 0.38
0.539 0.461
4
0.772 0.228
0.949 0.051
4
0.563 0.437
0.17 0.83

24
0.056 0.842 0.061 0.041
0.21 0.134 0.389 0.267
0.001 0.523 0.462 0.014
0.425 0.03 0.496 0.049
0.019 0.003 0.115 0.863
0.057 0.737 0.185 0.021

4
0.132 0.868
0.273 0.727
4
0.538 0.462
0.671 0.329
4
0.584 0.416
0.496 0.504

18
0.285 0.045 0.67
0.417 0.078 0.505
0.034 0.251 0.715
0.078 0.446 0.476
0.134 0.605 0.261
0.05 0.218 0.732
