V-CREDAL
6
2 2 2 3 2 4
6
1 0
3 0 5 1
1 2
2 2 3
2 1 4
2 3 5

4
0.177 0.823
0.613 0.387

4
0.21 0.79
0.575 0.425
4
0.837 0.163
0.227 0.773
4
0.879 0.121
0.717 0.283
4
0.829 0.171
0.645 0.355
4
0.929 0.071
0.644 0.356
4
0.317 0.683
0.433 0.567
4
0.175 0.825
0.57 0.43
4
0.238 0.762
0.373 0.627

4
0.386 0.614
0.879 0.121

12
0.356 0.037 0.607
0.053 0.031 0.916
0.055 0.76 0.185
0.148 0.743 0.109
12
0.155 0.687 0.158
0.472 0.5 0.028
0.53 0.32 0.15
0.33 0.331 0.339

4
0.819 0.181
0.837 0.163
4
0.827 0.173
0.17 0.83

16
0.015 0.108 0.023 0.854
0.009 0.516 0.294 0.181
0.002 0.965 0.007 0.026
0.03 0.375 0.37 0.225
16
0.03 0.217 0.749 0.004
0.096 0.14 0.089 0.675
0.189 0.066 0.343 0.402
0.608 0.178 0.068 0.146
16
0.703 0.034 0.061 0.202
0.043 0.4 0.28 0.277
0.186 0.046 0.581 0.187
0.061 0.751 0.114 0.074
