V-CREDAL
4
4 4 3 3
4
1 0
2 0 1
3 1 3 2
1 3

24
0.01 0.216 0.09 0.684
0.953 0.003 0.023 0.021
0.022 0.012 0.813 0.153
0.033 0.901 0.003 0.063
0.204 0.02 0.271 0.505
0.014 0.004 0.971 0.011

24
0.007 0.923 0.067 0.003
0.242 0.039 0.558 0.161
0.117 0.043 0.666 0.174
0.691 0.009 0.23 0.07
0.294 0.528 0.119 0.059
0.07 0.61 0.253 0.067
24
0.74 0.043 0.112 0.105
0.052 0.025 0.018 0.905
0.197 0.382 0.208 0.213
0.01 0.161 0.013 0.816
0.019 0.076 0.658 0.247
0.514 0.044 0.379 0.063
24
0.075 0.217 0.685 0.023
0.899 0.016 0.016 0.069
0.267 0.719 0.008 0.006
0.023 0.129 0.305 0.543
0.509 0.018 0.146 0.327
0.273 0.004 0.596 0.127
24
0.868 0.009 0.03 0.093
0.015 0.057 0.1 0.828
0.068 0.215 0.306 0.411
0.284 0.045 0.628 0.043
0.088 0.003 0.897 0.012
0.007 0.017 0.512 0.464

18
0.073 0.014 0.913
0.261 0.351 0.388
0.966 0.019 0.015
0.003 0.135 0.862
0.138 0.388 0.474
0.066 0.269 0.665
18
0.006 0.4 0.594
0.439 0.109 0.452
0.024 0.911 0.065
0.724 0.051 0.225
0.066 0.927 0.007
0.084 0.185 0.731
18
0.902 0.011 0.087
0.052 0.646 0.302
0.391 0.584 0.025
0.033 0.885 0.082
0.127 0.011 0.862
0.78 0.216 0.004
18
0.269 0.176 0.555
0.229 0.713 0.058
0.862 0.014 0.124
0.691 0.257 0.052
0.177 0.239 0.584
0.784 0.003 0.213
18
0.061 0.322 0.617
0.026 0.1 0.874
0.219 0.01 0.771
0.776 0.08 0.144
0.707 0.206 0.087
0.289 0.685 0.026
18
0.217 0.592 0.191
0.026 0.546 0.428
0.373 0.609 0.018
0.014 0.109 0.877
0.436 0.085 0.479
0.491 0.341 0.168
18
0.873 0.042 0.085
0.892 0.047 0.061
0.098 0.371 0.531
0.085 0.79 0.125
0.347 0.167 0.486
0.114 0.23 0.656
18
0.013 0.972 0.015
0.19 0.03 0.78
0.832 0.092 0.076
0.102 0.46 0.438
0.411 0.029 0.56
0.846 0.134 0.02
18
0.107 0.054 0.839
0.088 0.786 0.126
0.122 0.759 0.119
0.973 0.014 0.013
0.006 0.806 0.188
0.414 0.519 0.067
18
0.084 0.732 0.184
0.095 0.77 0.135
0.714 0.088 0.198
0.047 0.047 0.906
0.29 0.002 0.708
0.655 0.011 0.334
18
0.519 0.069 0.412
0.399 0.09 0.511
0.031 0.851 0.118
0.14 0.337 0.523
0.863 0.035 0.102
0.124 0.406 0.47
18
0.001 0.008 0.991
0.585 0.413 0.002
0.936 0.054 0.01
0.004 0.983 0.013
0.912 0.026 0.062
0.854 0.024 0.122

18
0.746 0.216 0.038
0.376 0.04 0.584
0.003 0.829 0.168
0.83 0.083 0.087
0.007 0.079 0.914
0.012 0.021 0.967
