V-CREDAL 
6 
4 2 2 3 5 5 
6 
1 0 
2 0 1 
2 1 2 
2 2 3 
2 3 4 
2 4 5 

24 
0.00745 0.02249 0.41495 0.55511 
0.04667 2.0E-4 9.9E-4 0.95214 
0.35246 0.14796 0.01007 0.48951 
0.38069 0.29777 0.00856 0.31298 
0.20717 0.10067 0.30071 0.39145 
0.60162 0.02639 0.20046 0.17153 

4 
0.9945 0.0055 
0.5053 0.4947 
4 
0.68444 0.31556 
0.22567 0.77433 
4 
0.13555 0.86445 
0.38333 0.61667 
4 
0.71937 0.28063 
0.36557 0.63443 

4 
0.6652 0.3348 
0.95831 0.04169 
4 
0.70279 0.29721 
0.18967 0.81033 

18 
0.02042 0.77527 0.20431 
0.01116 0.96358 0.02526 
0.87394 0.09963 0.02643 
0.11235 0.02383 0.86382 
0.6438 0.00985 0.34635 
0.87516 0.06756 0.05728 
18 
0.34263 0.46916 0.18821 
0.00202 0.84163 0.15635 
0.93811 0.03273 0.02916 
0.05869 0.84357 0.09774 
0.07389 0.68962 0.23649 
0.74641 0.13851 0.11508 

30 
0.01474 0.00831 0.10072 0.05376 0.82247 
0.41898 0.38718 0.10358 0.06178 0.02848 
0.12995 0.35791 0.06728 0.40866 0.0362 
0.85771 0.06523 0.01241 0.02307 0.04158 
0.09483 0.10284 0.25581 0.30315 0.24337 
0.03703 0.00504 0.19694 0.23832 0.52267 
30 
0.07438 0.15991 0.03944 0.57934 0.14693 
0.50697 0.13976 0.05532 0.05162 0.24633 
6.4E-4 0.0095 0.56052 0.4162 0.01314 
0.00727 0.47448 0.03934 0.45826 0.02065 
0.03028 2.3E-4 0.01746 0.95034 0.00169 
0.02067 0.07207 0.15781 0.08013 0.66932 
30 
0.30306 0.14739 0.2636 0.08494 0.20101 
0.17174 0.07125 0.07831 0.39673 0.28197 
0.07425 0.50749 0.01206 0.36946 0.03674 
0.05817 0.16089 0.63049 0.04834 0.10211 
0.17174 0.01595 0.1132 0.65494 0.04417 
0.50226 0.03275 0.35092 0.02877 0.0853 

30 
0.04436 0.01284 0.81014 0.09733 0.03533 
1.1E-4 0.00168 0.05141 0.01885 0.92795 
0.32351 0.03167 0.44566 0.16895 0.03021 
4.1E-4 0.28885 0.26378 0.0375 0.40946 
0.01459 0.00238 0.00885 0.9375 0.03668 
0.03536 0.02355 0.01936 0.16327 0.75846 
30 
0.23928 0.01717 0.01251 0.01865 0.71239 
0.5746 0.00656 0.13243 0.01511 0.2713 
0.15916 0.05915 0.29115 0.01093 0.47961 
0.0022 3.0E-4 0.30216 0.04043 0.65491 
0.09989 0.2242 0.31846 0.10896 0.24849 
0.01932 0.22838 0.1349 0.54938 0.06802 
30 
0.0025 0.0933 0.0533 0.83893 0.01197 
0.01185 0.56647 0.01613 0.02908 0.37647 
0.0651 0.00603 0.01868 0.90937 8.2E-4 
0.12285 0.30362 0.20565 0.25469 0.11319 
0.56251 0.05121 0.07624 0.0719 0.23814 
0.01806 0.70473 0.00362 0.02507 0.24852 
30 
0.01902 4.1E-4 0.00266 0.93444 0.04347 
5.0E-5 0.25171 0.01891 0.72926 7.0E-5 
6.8E-4 0.99507 0.00261 7.5E-4 8.9E-4 
0.16772 0.59644 0.02111 0.07277 0.14196 
0.93323 0.02988 0.00329 0.03081 0.00279 
0.06497 0.2901 0.43085 0.19827 0.01581 
30 
0.06 0.30467 0.00369 0.03556 0.59608 
0.02604 0.03229 0.52024 0.00848 0.41295 
0.01492 0.01661 0.03026 0.01902 0.91919 
0.01215 0.00179 0.40252 0.48997 0.09357 
0.27295 0.03374 0.25246 0.28279 0.15806 
0.03067 0.21469 0.00141 0.75178 0.00145 
