V-CREDAL
8
2 3 2 4 3 2 2 3
8
1 0
4 4 6 7 1
1 2
2 0 3
1 4
2 2 5
2 0 6
2 5 7

4
0.613 0.387
0.813 0.187

12
0.032 0.199 0.769
0.201 0.677 0.122
0.117 0.143 0.74
0.95 0.019 0.031
12
0.473 0.123 0.404
0.064 0.694 0.242
0.868 0.075 0.057
0.079 0.453 0.468
12
0.585 0.368 0.047
0.427 0.552 0.021
0.512 0.113 0.375
0.393 0.306 0.301
12
0.098 0.873 0.029
0.631 0.232 0.137
0.593 0.248 0.159
0.216 0.746 0.038
12
0.418 0.114 0.468
0.499 0.342 0.159
0.394 0.069 0.537
0.324 0.073 0.603
12
0.758 0.01 0.232
0.041 0.009 0.95
0.018 0.616 0.366
0.006 0.988 0.006
12
0.183 0.474 0.343
0.146 0.584 0.27
0.375 0.555 0.07
0.081 0.446 0.473
12
0.015 0.971 0.014
0.019 0.042 0.939
0.615 0.216 0.169
0.377 0.519 0.104
12
0.734 0.111 0.155
0.032 0.559 0.409
0.795 0.124 0.081
0.108 0.178 0.714
12
0.375 0.467 0.158
0.218 0.097 0.685
0.025 0.008 0.967
0.0 0.008 0.992
12
0.025 0.176 0.799
0.182 0.093 0.725
0.055 0.931 0.014
0.345 0.426 0.229
12
0.147 0.145 0.708
0.733 0.211 0.056
0.15 0.068 0.782
0.226 0.224 0.55
12
0.024 0.921 0.055
0.833 0.018 0.149
0.449 0.513 0.038
0.178 0.744 0.078
12
0.897 0.044 0.059
0.006 0.286 0.708
0.004 0.994 0.002
0.792 0.034 0.174
12
0.179 0.094 0.727
0.505 0.466 0.029
0.111 0.795 0.094
0.062 0.527 0.411
12
0.422 0.015 0.563
0.457 0.497 0.046
0.245 0.125 0.63
0.125 0.488 0.387
12
0.271 0.019 0.71
0.089 0.058 0.853
0.644 0.168 0.188
0.075 0.444 0.481
12
0.074 0.617 0.309
0.221 0.7 0.079
0.186 0.559 0.255
0.114 0.31 0.576

4
0.752 0.248
0.732 0.268

16
0.098 0.293 0.497 0.112
0.447 0.001 0.001 0.551
0.149 0.243 0.583 0.025
0.951 0.028 0.013 0.008
16
0.133 0.329 0.183 0.355
0.436 0.333 0.189 0.042
0.056 0.269 0.505 0.17
0.659 0.079 0.108 0.154

12
0.342 0.649 0.009
0.023 0.524 0.453
0.018 0.464 0.518
0.286 0.287 0.427

4
0.703 0.297
0.407 0.593
4
0.743 0.257
0.276 0.724

4
0.832 0.168
0.89 0.11
4
0.703 0.297
0.021 0.979

12
0.575 0.275 0.15
0.565 0.051 0.384
0.097 0.045 0.858
0.461 0.279 0.26
12
0.091 0.111 0.798
0.052 0.788 0.16
0.733 0.23 0.037
0.698 0.125 0.177
