V-CREDAL
10
4 4 4 3 4 2 3 2 4 4
10
3 1 9 0
1 1
2 0 2
3 0 7 3
2 1 4
1 5
1 6
2 5 7
2 9 8
2 6 9

16
0.13 0.342 0.152 0.376
0.135 0.004 0.023 0.838
0.132 0.096 0.123 0.649
0.018 0.123 0.074 0.785
16
0.033 0.005 0.254 0.708
0.791 0.11 0.004 0.095
0.006 0.573 0.005 0.416
0.076 0.211 0.052 0.661
16
0.341 0.18 0.228 0.251
0.391 0.003 0.564 0.042
0.746 0.162 0.077 0.015
0.319 0.074 0.6 0.007
16
0.441 0.015 0.51 0.034
0.256 0.324 0.12 0.3
0.068 0.485 0.4 0.047
0.367 0.163 0.245 0.225
16
0.008 0.037 0.818 0.137
0.205 0.4 0.076 0.319
0.043 0.048 0.888 0.021
0.141 0.011 0.496 0.352
16
0.05 0.015 0.826 0.109
0.221 0.082 0.489 0.208
0.222 0.055 0.626 0.097
0.102 0.127 0.625 0.146
16
0.084 0.788 0.113 0.015
0.063 0.452 0.163 0.322
0.007 0.98 0.011 0.002
0.207 0.201 0.184 0.408
16
0.316 0.4 0.049 0.235
0.013 0.092 0.366 0.529
0.012 0.225 0.087 0.676
0.184 0.325 0.37 0.121
16
0.006 0.231 0.035 0.728
0.065 0.686 0.145 0.104
0.206 0.265 0.413 0.116
0.003 0.818 0.075 0.104
16
0.024 0.605 0.369 0.002
0.193 0.0 0.104 0.703
0.026 0.428 0.449 0.097
0.105 0.335 0.377 0.183
16
0.015 0.335 0.612 0.038
0.188 0.079 0.293 0.44
0.055 0.09 0.08 0.775
0.476 0.003 0.462 0.059
16
0.379 0.032 0.248 0.341
0.351 0.036 0.416 0.197
0.002 0.735 0.009 0.254
0.057 0.567 0.267 0.109
16
0.017 0.487 0.168 0.328
0.309 0.455 0.08 0.156
0.073 0.755 0.054 0.118
0.406 0.412 0.137 0.045
16
0.062 0.023 0.811 0.104
0.012 0.591 0.142 0.255
0.007 0.981 0.006 0.006
0.026 0.156 0.713 0.105
16
0.027 0.217 0.554 0.202
0.363 0.367 0.264 0.006
0.067 0.005 0.598 0.33
0.037 0.009 0.064 0.89
16
0.009 0.007 0.54 0.444
0.243 0.668 0.026 0.063
0.003 0.189 0.044 0.764
0.016 0.05 0.048 0.886

16
0.008 0.927 0.018 0.047
0.441 0.019 0.254 0.286
0.007 0.005 0.002 0.986
0.692 0.093 0.003 0.212

16
0.395 0.226 0.26 0.119
0.263 0.428 0.005 0.304
0.073 0.269 0.458 0.2
0.296 0.311 0.046 0.347
16
0.245 0.004 0.646 0.105
0.01 0.255 0.031 0.704
0.142 0.083 0.475 0.3
0.314 0.288 0.174 0.224
16
0.027 0.05 0.2 0.723
0.308 0.218 0.245 0.229
0.077 0.806 0.055 0.062
0.301 0.019 0.485 0.195
16
0.409 0.162 0.065 0.364
0.017 0.052 0.914 0.017
0.372 0.305 0.202 0.121
0.257 0.637 0.099 0.007

12
0.35 0.461 0.189
0.986 0.008 0.006
0.19 0.047 0.763
0.059 0.388 0.553
12
0.826 0.13 0.044
0.039 0.256 0.705
0.068 0.795 0.137
0.284 0.133 0.583
12
0.953 0.026 0.021
0.796 0.189 0.015
0.671 0.042 0.287
0.034 0.507 0.459
12
0.473 0.248 0.279
0.561 0.017 0.422
0.96 0.002 0.038
0.077 0.401 0.522
12
0.058 0.436 0.506
0.443 0.518 0.039
0.286 0.643 0.071
0.833 0.014 0.153
12
0.261 0.108 0.631
0.237 0.652 0.111
0.105 0.563 0.332
0.142 0.366 0.492
12
0.791 0.056 0.153
0.186 0.398 0.416
0.673 0.018 0.309
0.47 0.041 0.489
12
0.389 0.286 0.325
0.094 0.227 0.679
0.032 0.193 0.775
0.364 0.209 0.427

16
0.587 0.021 0.344 0.048
0.577 0.157 0.155 0.111
0.696 0.018 0.189 0.097
0.04 0.148 0.0 0.812
16
0.092 0.099 0.186 0.623
0.106 0.126 0.525 0.243
0.041 0.066 0.358 0.535
0.083 0.892 0.007 0.018
16
0.638 0.179 0.074 0.109
0.715 0.105 0.001 0.179
0.006 0.0 0.001 0.993
0.697 0.071 0.094 0.138
16
0.0 0.134 0.129 0.737
0.008 0.974 0.0 0.018
0.707 0.196 0.065 0.032
0.157 0.641 0.071 0.131

4
0.9 0.1
0.257 0.743

12
0.704 0.225 0.071
0.083 0.888 0.029
0.044 0.495 0.461
0.508 0.194 0.298

4
0.119 0.881
0.316 0.684
4
0.926 0.074
0.499 0.501

16
0.053 0.226 0.663 0.058
0.536 0.37 0.057 0.037
0.064 0.006 0.495 0.435
0.177 0.051 0.56 0.212
16
0.336 0.339 0.103 0.222
0.193 0.524 0.119 0.164
0.369 0.035 0.253 0.343
0.256 0.237 0.031 0.476
16
0.023 0.012 0.868 0.097
0.019 0.132 0.134 0.715
0.138 0.856 0.004 0.002
0.131 0.827 0.013 0.029
16
0.834 0.004 0.09 0.072
0.28 0.25 0.049 0.421
0.62 0.033 0.112 0.235
0.0 0.002 0.998 0.0

16
0.049 0.235 0.59 0.126
0.077 0.677 0.029 0.217
0.373 0.035 0.157 0.435
0.23 0.304 0.352 0.114
16
0.065 0.011 0.848 0.076
0.5 0.024 0.461 0.015
0.756 0.239 0.003 0.002
0.133 0.408 0.045 0.414
16
0.294 0.048 0.629 0.029
0.457 0.449 0.027 0.067
0.424 0.0 0.518 0.058
0.096 0.145 0.07 0.689
