V-CREDAL 
10 
2 4 4 2 2 2 2 3 3 2 
10 
1 0 
1 1 
1 2 
1 3 
3 6 7 4 
2 7 5 
1 6 
3 0 1 7 
2 3 8 
4 1 2 8 9 

4 
0.9195 0.0805 
0.80329 0.19671 

24 
0.02105 0.35502 0.61837 0.00556 
0.30987 0.05599 0.46939 0.16475 
0.03639 0.33741 0.17482 0.45138 
0.00475 0.65324 0.23251 0.1095 
0.27691 0.04538 0.04385 0.63386 
0.05764 0.28851 0.61921 0.03464 

24 
0.20982 0.5522 0.12095 0.11703 
0.94766 0.04487 0.00503 0.00244 
0.01109 0.04105 0.04964 0.89822 
0.12227 0.45346 0.25669 0.16758 
0.1236 0.46543 0.41001 9.6E-4 
0.4187 0.01608 0.25542 0.3098 

4 
0.43183 0.56817 
0.83595 0.16405 

4 
0.38844 0.61156 
0.03434 0.96566 
4 
0.0824 0.9176 
0.81597 0.18403 
4 
0.21514 0.78486 
0.2442 0.7558 
4 
0.04317 0.95683 
0.16424 0.83576 
4 
0.58285 0.41715 
0.31713 0.68287 
4 
0.00202 0.99798 
0.37146 0.62854 

4 
0.40561 0.59439 
0.98082 0.01918 
4 
0.8942 0.1058 
0.55567 0.44433 
4 
0.99849 0.00151 
0.69278 0.30722 

4 
0.68196 0.31804 
0.15535 0.84465 

18 
0.82715 0.02081 0.15204 
0.15892 0.1646 0.67648 
0.00608 0.24621 0.74771 
0.39929 0.08568 0.51503 
0.2711 0.64955 0.07935 
0.047 0.38893 0.56407 
18 
0.17056 0.69733 0.13211 
0.44898 0.04862 0.5024 
0.20762 0.00179 0.79059 
0.66528 0.29191 0.04281 
0.05409 0.03745 0.90846 
0.66385 0.11916 0.21699 
18 
0.13914 0.83832 0.02254 
0.94239 0.01272 0.04489 
0.36746 0.6104 0.02214 
0.02326 0.00523 0.97151 
0.03138 0.00157 0.96705 
0.04225 0.73743 0.22032 
18 
0.11001 0.05362 0.83637 
0.50131 0.48684 0.01185 
0.02585 0.96282 0.01133 
0.58116 0.27631 0.14253 
0.64062 0.11098 0.2484 
0.09451 0.20546 0.70003 
18 
0.9741 0.01589 0.01001 
0.09312 0.13643 0.77045 
0.39391 0.04912 0.55697 
0.13672 0.83408 0.0292 
0.12324 0.74497 0.13179 
0.10101 0.37465 0.52434 
18 
0.7321 0.22802 0.03988 
0.01433 0.98456 0.00111 
0.10851 0.00321 0.88828 
0.56888 0.42008 0.01104 
0.76876 0.09968 0.13156 
0.01537 0.65436 0.33027 
18 
0.35706 0.24442 0.39852 
0.99306 0.00218 0.00476 
0.42816 0.03921 0.53263 
0.70504 0.16557 0.12939 
0.00936 0.31457 0.67607 
0.58896 0.0097 0.40134 
18 
0.85013 0.05647 0.0934 
0.11027 0.75253 0.1372 
0.57308 0.04507 0.38185 
0.11586 0.11381 0.77033 
0.09876 0.23792 0.66332 
0.10121 0.58692 0.31187 

18 
0.11108 0.25376 0.63516 
0.93169 0.05314 0.01517 
0.0393 0.00704 0.95366 
0.26506 0.52883 0.20611 
0.04867 3.2E-4 0.95101 
0.85054 0.14092 0.00854 
18 
0.22984 0.70996 0.0602 
0.07688 0.39533 0.52779 
0.02537 0.00198 0.97265 
0.13682 0.76636 0.09682 
0.9437 0.05199 0.00431 
0.15846 0.00884 0.8327 

4 
0.13066 0.86934 
0.5131 0.4869 
4 
0.98486 0.01514 
0.8075 0.1925 
4 
0.87848 0.12152 
0.77336 0.22664 
4 
0.63814 0.36186 
0.53011 0.46989 
4 
0.9293 0.0707 
0.87692 0.12308 
4 
0.41503 0.58497 
0.43187 0.56813 
4 
0.006 0.994 
0.17099 0.82901 
4 
0.89406 0.10594 
0.56562 0.43438 
4 
0.81723 0.18277 
0.16516 0.83484 
4 
0.26232 0.73768 
0.64929 0.35071 
4 
0.23469 0.76531 
0.25757 0.74243 
4 
0.79908 0.20092 
0.18827 0.81173 
4 
0.89963 0.10037 
0.21271 0.78729 
4 
0.48569 0.51431 
0.71307 0.28693 
4 
0.18215 0.81785 
0.74454 0.25546 
4 
0.85884 0.14116 
0.58881 0.41119 
4 
0.23279 0.76721 
0.78846 0.21154 
4 
0.75735 0.24265 
0.65242 0.34758 
4 
0.45784 0.54216 
0.03557 0.96443 
4 
0.27364 0.72636 
0.97529 0.02471 
4 
0.48726 0.51274 
0.66186 0.33814 
4 
0.17773 0.82227 
0.6467 0.3533 
4 
0.29694 0.70306 
0.1477 0.8523 
4 
0.53629 0.46371 
0.18995 0.81005 
4 
0.28665 0.71335 
0.05998 0.94002 
4 
0.64029 0.35971 
0.6168 0.3832 
4 
0.11591 0.88409 
0.58982 0.41018 
4 
0.98551 0.01449 
0.65722 0.34278 
4 
0.36452 0.63548 
0.15458 0.84542 
4 
0.19126 0.80874 
0.76452 0.23548 
4 
0.77831 0.22169 
0.5886 0.4114 
4 
0.97585 0.02415 
0.87272 0.12728 
4 
0.5067 0.4933 
0.91251 0.08749 
4 
0.65449 0.34551 
0.94292 0.05708 
4 
0.50571 0.49429 
0.76462 0.23538 
4 
0.20987 0.79013 
0.5519 0.4481 
4 
0.95844 0.04156 
0.86573 0.13427 
4 
0.73192 0.26808 
0.97294 0.02706 
4 
0.69685 0.30315 
0.87346 0.12654 
4 
0.18356 0.81644 
0.56805 0.43195 
4 
0.81894 0.18106 
0.24943 0.75057 
4 
0.94756 0.05244 
0.70104 0.29896 
4 
0.92732 0.07268 
0.36082 0.63918 
4 
0.31478 0.68522 
0.17785 0.82215 
4 
0.61219 0.38781 
0.67951 0.32049 
4 
0.77836 0.22164 
0.77657 0.22343 
4 
0.26983 0.73017 
0.53127 0.46873 
4 
0.98769 0.01231 
0.62641 0.37359 
