V-CREDAL
8
3 4 3 4 4 3 4 3
8
1 0
1 1
2 1 2
2 4 3
2 0 4
3 0 2 5
2 5 6
2 4 7

12
0.791 0.106 0.103
0.894 0.1 0.006
0.997 0.002 0.001
0.264 0.599 0.137

16
0.004 0.005 0.868 0.123
0.054 0.241 0.497 0.208
0.35 0.155 0.264 0.231
0.357 0.483 0.083 0.077

12
0.052 0.858 0.09
0.889 0.002 0.109
0.08 0.523 0.397
0.573 0.371 0.056
12
0.36 0.133 0.507
0.511 0.32 0.169
0.661 0.013 0.326
0.914 0.036 0.05
12
0.0 0.034 0.966
0.008 0.125 0.867
0.358 0.431 0.211
0.224 0.157 0.619
12
0.73 0.269 0.001
0.386 0.541 0.073
0.576 0.197 0.227
0.974 0.019 0.007

16
0.033 0.684 0.282 0.001
0.477 0.135 0.191 0.197
0.845 0.025 0.061 0.069
0.021 0.765 0.011 0.203
16
0.162 0.026 0.668 0.144
0.432 0.475 0.012 0.081
0.152 0.209 0.192 0.447
0.186 0.488 0.016 0.31
16
0.001 0.019 0.157 0.823
0.257 0.29 0.15 0.303
0.485 0.034 0.296 0.185
0.521 0.016 0.031 0.432
16
0.236 0.025 0.119 0.62
0.408 0.037 0.33 0.225
0.143 0.554 0.186 0.117
0.381 0.108 0.206 0.305

16
0.408 0.24 0.108 0.244
0.043 0.083 0.073 0.801
0.0 0.002 0.012 0.986
0.051 0.235 0.093 0.621
16
0.077 0.016 0.895 0.012
0.009 0.437 0.216 0.338
0.719 0.152 0.084 0.045
0.669 0.075 0.16 0.096
16
0.311 0.033 0.004 0.652
0.576 0.316 0.107 0.001
0.567 0.11 0.044 0.279
0.008 0.612 0.091 0.289

12
0.7 0.055 0.245
0.022 0.053 0.925
0.273 0.674 0.053
0.377 0.574 0.049
12
0.996 0.001 0.003
0.009 0.018 0.973
0.011 0.983 0.006
0.012 0.988 0.0
12
0.086 0.822 0.092
0.089 0.108 0.803
0.111 0.844 0.045
0.855 0.027 0.118
12
0.062 0.582 0.356
0.006 0.018 0.976
0.52 0.352 0.128
0.289 0.037 0.674
12
0.039 0.099 0.862
0.375 0.27 0.355
0.869 0.104 0.027
0.142 0.088 0.77
12
0.519 0.073 0.408
0.284 0.452 0.264
0.198 0.168 0.634
0.555 0.07 0.375
12
0.537 0.309 0.154
0.694 0.067 0.239
0.096 0.008 0.896
0.227 0.454 0.319
12
0.298 0.689 0.013
0.302 0.666 0.032
0.219 0.112 0.669
0.36 0.09 0.55
12
0.009 0.964 0.027
0.202 0.423 0.375
0.729 0.208 0.063
0.091 0.593 0.316

16
0.205 0.78 0.002 0.013
0.035 0.002 0.016 0.947
0.043 0.535 0.122 0.3
0.015 0.013 0.66 0.312
16
0.398 0.045 0.229 0.328
0.045 0.265 0.1 0.59
0.019 0.913 0.005 0.063
0.668 0.115 0.145 0.072
16
0.064 0.051 0.086 0.799
0.251 0.118 0.148 0.483
0.152 0.097 0.742 0.009
0.792 0.157 0.031 0.02

12
0.427 0.119 0.454
0.99 0.005 0.005
0.625 0.334 0.041
0.23 0.527 0.243
12
0.392 0.542 0.066
0.15 0.47 0.38
0.774 0.013 0.213
0.03 0.56 0.41
12
0.677 0.187 0.136
0.189 0.067 0.744
0.003 0.224 0.773
0.173 0.784 0.043
12
0.346 0.477 0.177
0.123 0.491 0.386
0.022 0.068 0.91
0.177 0.25 0.573
