V-CREDAL
6
4 2 3 2 3 4
6
1 0
2 0 1
2 1 2
2 2 3
2 3 4
2 4 5

16
0.005 0.427 0.002 0.566
0.176 0.681 0.05 0.093
0.215 0.1 0.535 0.15
0.014 0.023 0.108 0.855

4
0.789 0.211
0.053 0.947
4
0.346 0.654
0.963 0.037
4
0.241 0.759
0.204 0.796
4
0.847 0.153
0.707 0.293

12
0.179 0.018 0.803
0.581 0.015 0.404
0.14 0.045 0.815
0.618 0.141 0.241
12
0.012 0.059 0.929
0.682 0.283 0.035
0.266 0.037 0.697
0.209 0.523 0.268

4
0.701 0.299
0.976 0.024
4
0.367 0.633
0.597 0.403
4
0.497 0.503
0.948 0.052

12
0.463 0.502 0.035
0.055 0.176 0.769
0.754 0.214 0.032
0.458 0.013 0.529
12
0.152 0.713 0.135
0.345 0.077 0.578
0.047 0.613 0.34
0.297 0.599 0.104

16
0.13 0.693 0.069 0.108
0.264 0.102 0.446 0.188
0.013 0.901 0.054 0.032
0.103 0.047 0.059 0.791
16
0.013 0.012 0.553 0.422
0.023 0.801 0.132 0.044
0.135 0.642 0.008 0.215
0.101 0.208 0.657 0.034
16
0.087 0.088 0.784 0.041
0.049 0.839 0.051 0.061
0.346 0.224 0.187 0.243
0.105 0.093 0.217 0.585
