V-CREDAL 
10 
2 2 3 2 3 2 3 3 2 2 
10 
2 4 0 
2 5 1 
2 4 2 
3 7 8 3 
2 8 4 
2 3 5 
1 6 
2 9 7 
2 6 8 
1 9 

4 
0.16954 0.83046 
0.52807 0.47193 
4 
0.24593 0.75407 
0.30638 0.69362 
4 
0.4249 0.5751 
0.62307 0.37693 

4 
0.87101 0.12899 
0.43869 0.56131 
4 
0.59166 0.40834 
0.10772 0.89228 

18 
0.00906 0.27036 0.72058 
0.77997 0.01995 0.20008 
0.04526 0.58535 0.36939 
0.2064 0.75539 0.03821 
0.97279 0.01011 0.0171 
0.59976 0.39766 0.00258 
18 
0.01803 0.11372 0.86825 
0.17599 0.7713 0.05271 
0.93763 0.02516 0.03721 
0.44934 0.5444 0.00626 
0.77776 0.03276 0.18948 
0.1057 0.81463 0.07967 
18 
0.84046 0.0755 0.08404 
0.22503 0.74273 0.03224 
0.0849 0.29675 0.61835 
0.41853 0.1181 0.46337 
0.58878 0.35738 0.05384 
0.78438 0.02298 0.19264 

4 
0.99024 0.00976 
0.07957 0.92043 
4 
0.41985 0.58015 
0.826 0.174 
4 
0.95567 0.04433 
0.68289 0.31711 
4 
0.54772 0.45228 
0.60951 0.39049 
4 
0.39904 0.60096 
0.41612 0.58388 
4 
0.1228 0.8772 
0.97832 0.02168 

18 
0.2416 0.031 0.7274 
0.06923 0.0912 0.83957 
0.53623 0.084 0.37977 
0.15018 0.82941 0.02041 
0.0288 0.61676 0.35444 
0.0552 0.75357 0.19123 
18 
0.03038 0.40148 0.56814 
0.08228 0.05951 0.85821 
0.5211 0.421 0.0579 
0.31257 0.54119 0.14624 
0.09056 0.65871 0.25073 
0.62229 0.35878 0.01893 

4 
0.71512 0.28488 
0.7638 0.2362 
4 
0.49302 0.50698 
0.00786 0.99214 

18 
0.00194 0.86629 0.13177 
0.02629 0.07932 0.89439 
0.16862 0.04442 0.78696 
0.22957 0.71151 0.05892 
0.91699 0.03583 0.04718 
0.00591 0.14563 0.84846 

18 
0.04271 0.18494 0.77235 
0.88266 0.10824 0.0091 
0.07468 0.47304 0.45228 
0.35189 0.50018 0.14793 
0.23037 0.58166 0.18797 
0.30177 0.04905 0.64918 
18 
0.14696 0.84423 0.00881 
0.80675 0.06061 0.13264 
0.08114 0.16975 0.74911 
0.75167 0.15856 0.08977 
0.04818 0.94015 0.01167 
0.61213 0.03341 0.35446 

4 
0.5224 0.4776 
0.46712 0.53288 
4 
0.99303 0.00697 
0.86427 0.13573 
4 
0.15255 0.84745 
0.4647 0.5353 

4 
0.49804 0.50196 
0.1413 0.8587 
