V-CREDAL
6
2 4 4 2 3 3
6
1 0
2 0 1
2 1 2
2 2 3
2 3 4
2 4 5

4
0.615 0.385
0.299 0.701

16
0.096 0.147 0.223 0.534
0.333 0.004 0.584 0.079
0.225 0.218 0.184 0.373
0.755 0.153 0.041 0.051
16
0.01 0.278 0.302 0.41
0.72 0.017 0.129 0.134
0.103 0.072 0.654 0.171
0.007 0.034 0.959 0.0

16
0.39 0.032 0.537 0.041
0.388 0.268 0.224 0.12
0.625 0.062 0.163 0.15
0.103 0.565 0.07 0.262
16
0.037 0.095 0.477 0.391
0.075 0.126 0.178 0.621
0.341 0.005 0.501 0.153
0.015 0.835 0.092 0.058
16
0.178 0.041 0.492 0.289
0.151 0.176 0.333 0.34
0.099 0.132 0.197 0.572
0.317 0.086 0.1 0.497
16
0.0 0.49 0.255 0.255
0.36 0.069 0.393 0.178
0.404 0.139 0.246 0.211
0.036 0.366 0.562 0.036

4
0.01 0.99
0.154 0.846
4
0.755 0.245
0.897 0.103
4
0.978 0.022
0.827 0.173
4
0.941 0.059
0.819 0.181

12
0.121 0.526 0.353
0.122 0.248 0.63
0.801 0.109 0.09
0.44 0.516 0.044
12
0.678 0.055 0.267
0.144 0.051 0.805
0.073 0.563 0.364
0.712 0.237 0.051

12
0.239 0.06 0.701
0.417 0.004 0.579
0.271 0.469 0.26
0.55 0.415 0.035
12
0.114 0.111 0.775
0.668 0.305 0.027
0.214 0.117 0.669
0.12 0.545 0.335
12
0.326 0.586 0.088
0.434 0.152 0.414
0.441 0.152 0.407
0.045 0.445 0.51
