V-CREDAL
5
3 4 3 4 2
5
1 0
2 0 1
2 1 2
2 2 3
2 3 4

18
0.064 0.0 0.936
0.509 0.024 0.467
0.669 0.251 0.08
0.014 0.412 0.574
0.004 0.971 0.025
0.007 0.975 0.018

24
0.091 0.376 0.155 0.378
0.043 0.195 0.761 0.001
0.049 0.168 0.592 0.191
0.161 0.805 0.03 0.004
0.223 0.354 0.28 0.143
0.081 0.169 0.671 0.079
24
0.127 0.064 0.584 0.225
0.03 0.284 0.549 0.137
0.481 0.08 0.126 0.313
0.162 0.007 0.097 0.734
0.062 0.042 0.343 0.553
0.001 0.994 0.004 0.001
24
0.073 0.107 0.462 0.358
0.09 0.208 0.685 0.017
0.488 0.02 0.403 0.089
0.056 0.004 0.916 0.024
0.005 0.941 0.014 0.04
0.054 0.869 0.058 0.019

18
0.003 0.33 0.667
0.799 0.111 0.09
0.159 0.126 0.715
0.729 0.206 0.065
0.249 0.73 0.021
0.713 0.054 0.233
18
0.979 0.02 0.001
0.366 0.6 0.034
0.986 0.009 0.005
0.016 0.064 0.92
0.148 0.493 0.359
0.663 0.331 0.006
18
0.34 0.616 0.044
0.586 0.219 0.195
0.002 0.233 0.765
0.151 0.423 0.426
0.24 0.094 0.666
0.675 0.054 0.271
18
0.832 0.168 0.0
0.584 0.027 0.389
0.002 0.01 0.988
0.013 0.43 0.557
0.03 0.441 0.529
0.524 0.291 0.185

24
0.071 0.267 0.255 0.407
0.737 0.038 0.2 0.025
0.139 0.378 0.054 0.429
0.949 0.007 0.041 0.003
0.261 0.068 0.062 0.609
0.13 0.145 0.031 0.694
24
0.007 0.068 0.414 0.511
0.502 0.375 0.064 0.059
0.119 0.166 0.042 0.673
0.917 0.033 0.014 0.036
0.605 0.011 0.145 0.239
0.674 0.088 0.228 0.01
24
0.021 0.847 0.027 0.105
0.016 0.51 0.307 0.167
0.132 0.559 0.15 0.159
0.146 0.203 0.187 0.464
0.086 0.015 0.885 0.014
0.189 0.473 0.332 0.006

4
0.639 0.361
0.056 0.944
4
0.158 0.842
0.427 0.573
4
0.793 0.207
0.456 0.544
4
0.242 0.758
0.44 0.56
