V-CREDAL
10
2 2 3 3 4 2 3 2 4 3
10
1 0
2 0 1
2 1 2
2 2 3
2 3 4
2 4 5
2 5 6
2 6 7
2 7 8
2 8 9

4
0.089 0.911
0.691 0.309

4
0.19 0.81
0.971 0.029
4
0.116 0.884
0.104 0.896

18
0.001 0.115 0.884
0.008 0.834 0.158
0.921 0.042 0.037
0.194 0.796 0.01
0.761 0.024 0.215
0.769 0.209 0.022
18
0.009 0.005 0.986
0.045 0.0 0.955
0.1 0.876 0.024
0.934 0.019 0.047
0.054 0.92 0.026
0.618 0.36 0.022

18
0.15 0.684 0.166
0.397 0.57 0.033
0.067 0.034 0.899
0.789 0.056 0.155
0.844 0.069 0.087
0.684 0.299 0.017
18
0.029 0.902 0.069
0.022 0.183 0.795
0.12 0.078 0.802
0.904 0.095 0.001
0.981 0.001 0.018
0.207 0.034 0.759
18
0.414 0.502 0.084
0.096 0.602 0.302
0.322 0.102 0.576
0.736 0.198 0.066
0.051 0.132 0.817
0.342 0.539 0.119

24
0.216 0.69 0.07 0.024
0.033 0.021 0.834 0.112
0.324 0.014 0.159 0.503
0.589 0.348 0.029 0.034
0.006 0.003 0.02 0.971
0.322 0.662 0.012 0.004
24
0.432 0.027 0.055 0.486
0.448 0.015 0.406 0.131
0.034 0.709 0.011 0.246
0.001 0.008 0.577 0.414
0.306 0.092 0.582 0.02
0.093 0.033 0.802 0.072
24
0.027 0.001 0.005 0.967
0.447 0.011 0.082 0.46
0.035 0.203 0.237 0.525
0.282 0.053 0.328 0.337
0.31 0.004 0.172 0.514
0.153 0.673 0.094 0.08

4
0.635 0.365
0.583 0.417
4
0.947 0.053
0.602 0.398
4
0.341 0.659
0.532 0.468
4
0.367 0.633
0.453 0.547

18
0.615 0.09 0.295
0.583 0.389 0.028
0.219 0.0 0.781
0.07 0.19 0.74
0.035 0.162 0.803
0.639 0.186 0.175
18
0.005 0.717 0.278
0.269 0.444 0.287
0.21 0.707 0.083
0.09 0.179 0.731
0.114 0.112 0.774
0.228 0.059 0.713

4
0.645 0.355
0.665 0.335
4
0.656 0.344
0.486 0.514
4
0.041 0.959
0.938 0.062

24
0.089 0.594 0.061 0.256
0.192 0.133 0.164 0.511
0.006 0.026 0.483 0.485
0.02 0.007 0.327 0.646
0.052 0.168 0.049 0.731
0.124 0.85 0.016 0.01
24
0.536 0.07 0.361 0.033
0.961 0.003 0.02 0.016
0.189 0.187 0.293 0.331
0.472 0.243 0.057 0.228
0.015 0.494 0.121 0.37
0.336 0.028 0.474 0.162

18
0.014 0.789 0.197
0.468 0.028 0.504
0.801 0.174 0.025
0.07 0.864 0.066
0.044 0.243 0.713
0.059 0.856 0.085
18
0.052 0.509 0.439
0.181 0.141 0.678
0.079 0.917 0.004
0.923 0.009 0.068
0.015 0.93 0.055
0.897 0.056 0.047
18
0.111 0.057 0.832
0.087 0.658 0.255
0.058 0.608 0.334
0.804 0.08 0.116
0.718 0.052 0.23
0.46 0.38 0.16
18
0.763 0.172 0.065
0.209 0.015 0.776
0.037 0.814 0.149
0.061 0.047 0.892
0.144 0.802 0.054
0.493 0.011 0.496
