V-CREDAL 
4 
2 3 3 2 
4 
2 1 0 
1 1 
2 3 2 
2 0 3 

4 
0.08461 0.91539 
0.36833 0.63167 
4 
0.76497 0.23503 
0.65941 0.34059 
4 
0.83928 0.16072 
0.50311 0.49689 

12 
0.2407 0.68955 0.06975 
0.06266 0.14349 0.79385 
0.00122 0.85702 0.14176 
0.03306 0.91219 0.05475 

12 
0.67816 0.01632 0.30552 
0.18556 0.15739 0.65705 
0.41465 0.45363 0.13172 
0.00338 0.8391 0.15752 
12 
0.06335 0.00702 0.92963 
0.36471 0.48516 0.15013 
0.1672 0.33454 0.49826 
0.41778 0.49761 0.08461 

4 
0.97055 0.02945 
0.48471 0.51529 
4 
0.90817 0.09183 
0.80565 0.19435 
