V-CREDAL 
8 
3 2 2 3 3 3 2 2 
8 
1 0 
2 0 1 
2 1 2 
2 2 3 
2 3 4 
2 4 5 
2 5 6 
2 6 7 

12 
0.33164 0.44655 0.22181 
0.66751 0.15937 0.17312 
0.7416 0.10369 0.15471 
0.53891 0.45181 0.00928 

4 
0.70773 0.29227 
0.30107 0.69893 
4 
0.4168 0.5832 
0.70712 0.29288 
4 
0.10716 0.89284 
0.39235 0.60765 

4 
0.23365 0.76635 
0.06521 0.93479 
4 
0.42716 0.57284 
0.49548 0.50452 

12 
0.5127 0.05234 0.43496 
0.82745 0.00637 0.16618 
0.0387 0.8307 0.1306 
0.32609 0.22823 0.44568 
12 
0.39048 0.53919 0.07033 
0.15771 0.09721 0.74508 
0.85864 0.12442 0.01694 
0.33935 0.48917 0.17148 

12 
0.53109 0.18185 0.28706 
0.43065 0.52317 0.04618 
0.0237 0.01171 0.96459 
0.0414 0.8244 0.1342 
12 
0.47925 0.0781 0.44265 
0.06342 0.04734 0.88924 
0.00103 0.88845 0.11052 
0.03243 0.28677 0.6808 
12 
0.23922 0.63666 0.12412 
0.21223 0.32736 0.46041 
0.62437 0.03079 0.34484 
0.66352 0.00511 0.33137 

12 
0.03233 0.90697 0.0607 
0.22253 0.03591 0.74156 
0.81728 0.11572 0.067 
0.57683 0.07572 0.34745 
12 
0.31867 0.67641 0.00492 
0.54776 0.14165 0.31059 
0.0368 0.70848 0.25472 
0.33299 0.158 0.50901 
12 
0.13449 0.56434 0.30117 
0.39245 0.57625 0.0313 
0.336 0.14423 0.51977 
0.69726 0.10195 0.20079 

4 
0.83103 0.16897 
0.75853 0.24147 
4 
0.0214 0.9786 
0.83119 0.16881 
4 
0.59207 0.40793 
0.55343 0.44657 

4 
0.97918 0.02082 
0.39232 0.60768 
4 
0.94196 0.05804 
0.32794 0.67206 
