V-CREDAL
10
4 2 4 2 4 4 4 3 4 2
10
1 0
2 6 1
1 2
2 0 3
5 2 5 6 7 4
3 8 9 5
1 6
2 0 7
1 8
1 9

16
0.347 0.307 0.105 0.241
0.343 0.642 0.001 0.014
0.605 0.149 0.021 0.225
0.229 0.105 0.653 0.013

4
0.373 0.627
0.03 0.97
4
0.216 0.784
0.431 0.569
4
0.283 0.717
0.881 0.119
4
0.302 0.698
0.963 0.037

16
0.001 0.0 0.003 0.996
0.697 0.028 0.071 0.204
0.001 0.66 0.0 0.339
0.045 0.033 0.102 0.82

4
0.14 0.86
0.796 0.204
4
0.096 0.904
0.92 0.08
4
0.127 0.873
0.525 0.475
4
0.225 0.775
0.31 0.69

16
0.179 0.58 0.012 0.229
0.7 0.002 0.055 0.243
0.178 0.081 0.467 0.274
0.163 0.501 0.07 0.266
16
0.003 0.011 0.053 0.933
0.1 0.511 0.202 0.187
0.908 0.007 0.008 0.077
0.008 0.029 0.006 0.957
16
0.224 0.364 0.146 0.266
0.21 0.09 0.352 0.348
0.741 0.051 0.043 0.165
0.421 0.166 0.023 0.39
16
0.264 0.187 0.146 0.403
0.802 0.181 0.008 0.009
0.607 0.024 0.359 0.01
0.217 0.12 0.271 0.392
16
0.002 0.997 0.0 0.001
0.026 0.618 0.124 0.232
0.368 0.238 0.311 0.083
0.152 0.766 0.005 0.077
16
0.031 0.005 0.476 0.488
0.638 0.173 0.085 0.104
0.003 0.005 0.01 0.982
0.255 0.222 0.256 0.267
16
0.002 0.975 0.016 0.007
0.013 0.032 0.51 0.445
0.023 0.858 0.025 0.094
0.084 0.51 0.19 0.216
16
0.045 0.539 0.262 0.154
0.909 0.089 0.0 0.002
0.075 0.254 0.116 0.555
0.197 0.019 0.214 0.57
16
0.092 0.059 0.747 0.102
0.168 0.106 0.28 0.446
0.011 0.001 0.933 0.055
0.49 0.26 0.057 0.193
16
0.175 0.304 0.492 0.029
0.159 0.312 0.523 0.006
0.021 0.769 0.105 0.105
0.305 0.639 0.025 0.031
16
0.002 0.002 0.494 0.502
0.028 0.579 0.167 0.226
0.764 0.046 0.065 0.125
0.088 0.14 0.505 0.267
16
0.271 0.014 0.067 0.648
0.144 0.292 0.557 0.007
0.135 0.425 0.126 0.314
0.004 0.871 0.037 0.088
16
0.007 0.985 0.001 0.007
0.016 0.003 0.926 0.055
0.232 0.672 0.003 0.093
0.389 0.472 0.027 0.112
16
0.619 0.089 0.251 0.041
0.119 0.168 0.619 0.094
0.21 0.149 0.226 0.415
0.002 0.051 0.941 0.006
16
0.134 0.331 0.082 0.453
0.354 0.415 0.033 0.198
0.175 0.412 0.138 0.275
0.124 0.021 0.506 0.349
16
0.022 0.613 0.094 0.271
0.054 0.036 0.462 0.448
0.733 0.01 0.051 0.206
0.03 0.255 0.004 0.711
16
0.664 0.06 0.068 0.208
0.024 0.174 0.632 0.17
0.005 0.973 0.003 0.019
0.026 0.08 0.887 0.007
16
0.091 0.093 0.745 0.071
0.131 0.008 0.857 0.004
0.082 0.019 0.835 0.064
0.542 0.01 0.16 0.288
16
0.019 0.012 0.925 0.044
0.804 0.008 0.041 0.147
0.385 0.17 0.269 0.176
0.03 0.36 0.225 0.385
16
0.023 0.104 0.009 0.864
0.053 0.358 0.279 0.31
0.0 0.004 0.001 0.995
0.957 0.004 0.015 0.024
16
0.129 0.054 0.714 0.103
0.236 0.485 0.268 0.011
0.477 0.361 0.143 0.019
0.173 0.049 0.007 0.771
16
0.391 0.225 0.176 0.208
0.023 0.005 0.953 0.019
0.575 0.238 0.031 0.156
0.009 0.016 0.795 0.18
16
0.887 0.036 0.044 0.033
0.063 0.045 0.71 0.182
0.094 0.359 0.514 0.033
0.169 0.013 0.202 0.616
16
0.202 0.205 0.194 0.399
0.476 0.267 0.196 0.061
0.199 0.441 0.311 0.049
0.122 0.863 0.006 0.009
16
0.037 0.06 0.026 0.877
0.062 0.07 0.854 0.014
0.187 0.375 0.195 0.243
0.112 0.498 0.267 0.123
16
0.811 0.05 0.024 0.115
0.344 0.296 0.272 0.088
0.174 0.044 0.233 0.549
0.091 0.205 0.204 0.5
16
0.282 0.25 0.026 0.442
0.146 0.007 0.833 0.014
0.804 0.016 0.091 0.089
0.896 0.024 0.077 0.003
16
0.108 0.58 0.086 0.226
0.249 0.509 0.131 0.111
0.466 0.167 0.274 0.093
0.247 0.007 0.468 0.278
16
0.098 0.565 0.163 0.174
0.706 0.046 0.16 0.088
0.282 0.31 0.213 0.195
0.09 0.642 0.155 0.113
16
0.019 0.579 0.115 0.287
0.476 0.131 0.383 0.01
0.009 0.035 0.882 0.074
0.136 0.07 0.478 0.316
16
0.131 0.081 0.117 0.671
0.018 0.098 0.87 0.014
0.282 0.041 0.204 0.473
0.285 0.444 0.127 0.144
16
0.067 0.162 0.632 0.139
0.163 0.15 0.399 0.288
0.06 0.47 0.314 0.156
0.047 0.717 0.161 0.075
16
0.014 0.016 0.948 0.022
0.559 0.069 0.347 0.025
0.085 0.106 0.094 0.715
0.564 0.081 0.073 0.282
16
0.04 0.224 0.644 0.092
0.112 0.726 0.011 0.151
0.109 0.454 0.425 0.012
0.06 0.909 0.011 0.02
16
0.005 0.354 0.185 0.456
0.62 0.131 0.205 0.044
0.001 0.06 0.191 0.748
0.241 0.036 0.122 0.601
16
0.002 0.867 0.057 0.074
0.929 0.007 0.058 0.006
0.003 0.982 0.004 0.011
0.245 0.375 0.187 0.193
16
0.008 0.002 0.989 0.001
0.048 0.683 0.215 0.054
0.003 0.024 0.012 0.961
0.022 0.087 0.014 0.877
16
0.142 0.003 0.102 0.753
0.065 0.153 0.051 0.731
0.029 0.653 0.025 0.293
0.172 0.703 0.04 0.085
16
0.475 0.326 0.197 0.002
0.068 0.171 0.117 0.644
0.577 0.01 0.035 0.378
0.133 0.119 0.153 0.595
16
0.474 0.123 0.004 0.399
0.025 0.618 0.226 0.131
0.258 0.0 0.692 0.05
0.06 0.27 0.03 0.64
16
0.359 0.162 0.346 0.133
0.008 0.021 0.701 0.27
0.787 0.002 0.124 0.087
0.894 0.094 0.008 0.004
16
0.009 0.413 0.275 0.303
0.121 0.854 0.013 0.012
0.386 0.178 0.275 0.161
0.299 0.053 0.575 0.073
16
0.008 0.695 0.061 0.236
0.734 0.146 0.062 0.058
0.094 0.038 0.455 0.413
0.254 0.11 0.157 0.479
16
0.159 0.006 0.005 0.83
0.079 0.052 0.175 0.694
0.446 0.15 0.194 0.21
0.036 0.408 0.516 0.04
16
0.015 0.07 0.875 0.04
0.276 0.02 0.293 0.411
0.31 0.094 0.017 0.579
0.485 0.226 0.193 0.096
16
0.361 0.54 0.009 0.09
0.01 0.18 0.802 0.008
0.793 0.01 0.17 0.027
0.026 0.507 0.448 0.019
16
0.024 0.959 0.009 0.008
0.18 0.712 0.001 0.107
0.051 0.64 0.042 0.267
0.401 0.236 0.307 0.056
16
0.683 0.06 0.011 0.246
0.002 0.013 0.069 0.916
0.025 0.393 0.404 0.178
0.08 0.13 0.295 0.495
16
0.031 0.037 0.041 0.891
0.354 0.09 0.08 0.476
0.074 0.83 0.084 0.012
0.038 0.034 0.114 0.814
16
0.162 0.591 0.069 0.178
0.599 0.217 0.014 0.17
0.816 0.091 0.051 0.042
0.144 0.005 0.709 0.142
16
0.302 0.236 0.065 0.397
0.008 0.837 0.113 0.042
0.177 0.709 0.069 0.045
0.176 0.095 0.273 0.456
16
0.004 0.403 0.473 0.12
0.153 0.261 0.572 0.014
0.04 0.502 0.329 0.129
0.495 0.1 0.22 0.185
16
0.633 0.236 0.073 0.058
0.12 0.032 0.117 0.731
0.047 0.593 0.26 0.1
0.23 0.46 0.004 0.306
16
0.098 0.163 0.368 0.371
0.778 0.199 0.013 0.01
0.121 0.572 0.262 0.045
0.027 0.82 0.038 0.115
16
0.149 0.356 0.305 0.19
0.058 0.567 0.35 0.025
0.877 0.047 0.064 0.012
0.029 0.242 0.26 0.469
16
0.061 0.297 0.205 0.437
0.901 0.019 0.04 0.04
0.703 0.098 0.197 0.002
0.172 0.115 0.543 0.17
16
0.091 0.215 0.542 0.152
0.729 0.047 0.043 0.181
0.314 0.12 0.184 0.382
0.002 0.131 0.022 0.845
16
0.101 0.042 0.056 0.801
0.01 0.025 0.306 0.659
0.017 0.029 0.703 0.251
0.001 0.019 0.043 0.937
16
0.153 0.439 0.364 0.044
0.988 0.004 0.007 0.001
0.318 0.074 0.5 0.108
0.142 0.135 0.372 0.351
16
0.186 0.08 0.012 0.722
0.062 0.132 0.601 0.205
0.124 0.312 0.534 0.03
0.047 0.262 0.364 0.327
16
0.275 0.34 0.272 0.113
0.106 0.236 0.113 0.545
0.027 0.161 0.75 0.062
0.024 0.923 0.031 0.022
16
0.1 0.005 0.473 0.422
0.292 0.452 0.124 0.132
0.195 0.127 0.454 0.224
0.069 0.179 0.731 0.021
16
0.03 0.612 0.005 0.353
0.168 0.694 0.009 0.129
0.02 0.958 0.0 0.022
0.289 0.189 0.201 0.321
16
0.032 0.6 0.261 0.107
0.207 0.12 0.642 0.031
0.425 0.311 0.171 0.093
0.038 0.192 0.695 0.075
16
0.403 0.172 0.074 0.351
0.603 0.001 0.002 0.394
0.052 0.669 0.235 0.044
0.432 0.145 0.124 0.299
16
0.01 0.015 0.071 0.904
0.152 0.2 0.202 0.446
0.213 0.15 0.018 0.619
0.502 0.29 0.06 0.148
16
0.162 0.387 0.235 0.216
0.438 0.138 0.223 0.201
0.072 0.569 0.249 0.11
0.08 0.291 0.357 0.272
16
0.297 0.004 0.698 0.001
0.037 0.306 0.468 0.189
0.034 0.076 0.452 0.438
0.23 0.016 0.24 0.514
16
0.001 0.312 0.168 0.519
0.046 0.833 0.065 0.056
0.044 0.205 0.271 0.48
0.233 0.063 0.268 0.436
16
0.527 0.034 0.037 0.402
0.323 0.643 0.033 0.001
0.094 0.699 0.098 0.109
0.098 0.0 0.893 0.009
16
0.009 0.822 0.167 0.002
0.338 0.344 0.271 0.047
0.124 0.324 0.025 0.527
0.035 0.302 0.008 0.655
16
0.009 0.147 0.473 0.371
0.008 0.124 0.366 0.502
0.425 0.149 0.409 0.017
0.001 0.998 0.001 0.0
16
0.124 0.78 0.039 0.057
0.065 0.474 0.011 0.45
0.028 0.064 0.897 0.011
0.435 0.436 0.089 0.04
16
0.63 0.066 0.238 0.066
0.038 0.111 0.85 0.001
0.695 0.138 0.078 0.089
0.346 0.509 0.125 0.02
16
0.519 0.304 0.044 0.133
0.319 0.324 0.285 0.072
0.242 0.01 0.045 0.703
0.3 0.298 0.287 0.115
16
0.664 0.039 0.019 0.278
0.359 0.023 0.466 0.152
0.089 0.514 0.003 0.394
0.013 0.049 0.914 0.024
16
0.242 0.155 0.021 0.582
0.042 0.535 0.335 0.088
0.064 0.707 0.063 0.166
0.805 0.048 0.026 0.121
16
0.284 0.083 0.081 0.552
0.991 0.007 0.001 0.001
0.287 0.294 0.252 0.167
0.177 0.006 0.01 0.807
16
0.182 0.137 0.589 0.092
0.013 0.016 0.069 0.902
0.359 0.475 0.157 0.009
0.475 0.251 0.063 0.211
16
0.024 0.359 0.027 0.59
0.518 0.006 0.248 0.228
0.025 0.068 0.145 0.762
0.055 0.597 0.27 0.078
16
0.776 0.122 0.011 0.091
0.119 0.247 0.006 0.628
0.133 0.143 0.356 0.368
0.001 0.039 0.008 0.952
16
0.116 0.209 0.412 0.263
0.32 0.03 0.026 0.624
0.903 0.011 0.061 0.025
0.025 0.016 0.154 0.805
16
0.333 0.353 0.113 0.201
0.048 0.432 0.149 0.371
0.923 0.054 0.008 0.015
0.246 0.209 0.026 0.519
16
0.584 0.074 0.004 0.338
0.694 0.111 0.167 0.028
0.474 0.032 0.328 0.166
0.987 0.003 0.006 0.004
16
0.786 0.096 0.066 0.052
0.052 0.542 0.034 0.372
0.592 0.1 0.08 0.228
0.445 0.076 0.424 0.055
16
0.065 0.002 0.3 0.633
0.044 0.026 0.893 0.037
0.347 0.213 0.006 0.434
0.037 0.132 0.759 0.072
16
0.924 0.027 0.049 0.0
0.971 0.018 0.003 0.008
0.781 0.028 0.01 0.181
0.858 0.006 0.059 0.077
16
0.226 0.359 0.093 0.322
0.968 0.008 0.003 0.021
0.043 0.378 0.41 0.169
0.001 0.001 0.998 0.0
16
0.017 0.067 0.749 0.167
0.096 0.241 0.338 0.325
0.03 0.369 0.594 0.007
0.007 0.032 0.042 0.919
16
0.096 0.236 0.225 0.443
0.157 0.014 0.634 0.195
0.978 0.008 0.0 0.014
0.294 0.01 0.473 0.223
16
0.001 0.021 0.035 0.943
0.026 0.907 0.012 0.055
0.622 0.231 0.014 0.133
0.0 0.475 0.237 0.288
16
0.361 0.415 0.12 0.104
0.018 0.088 0.847 0.047
0.117 0.66 0.156 0.067
0.061 0.132 0.792 0.015
16
0.862 0.013 0.012 0.113
0.129 0.402 0.302 0.167
0.461 0.031 0.064 0.444
0.084 0.024 0.003 0.889
16
0.063 0.369 0.327 0.241
0.027 0.004 0.966 0.003
0.698 0.001 0.013 0.288
0.025 0.061 0.041 0.873
16
0.116 0.337 0.37 0.177
0.016 0.372 0.548 0.064
0.021 0.107 0.587 0.285
0.29 0.298 0.018 0.394
16
0.086 0.001 0.836 0.077
0.057 0.653 0.023 0.267
0.578 0.125 0.123 0.174
0.195 0.026 0.314 0.465
16
0.311 0.164 0.43 0.095
0.079 0.002 0.109 0.81
0.967 0.028 0.005 0.0
0.044 0.236 0.696 0.024
16
0.196 0.801 0.0 0.003
0.178 0.026 0.755 0.041
0.356 0.041 0.413 0.19
0.711 0.097 0.156 0.036
16
0.153 0.127 0.719 0.001
0.049 0.172 0.709 0.07
0.013 0.728 0.227 0.032
0.475 0.043 0.132 0.35
16
0.022 0.001 0.974 0.003
0.194 0.496 0.111 0.199
0.018 0.308 0.037 0.637
0.201 0.042 0.738 0.019
16
0.098 0.27 0.392 0.24
0.105 0.46 0.342 0.093
0.12 0.585 0.291 0.004
0.968 0.006 0.007 0.019
16
0.1 0.09 0.088 0.722
0.43 0.345 0.157 0.068
0.039 0.319 0.621 0.021
0.842 0.022 0.048 0.088
16
0.021 0.033 0.145 0.801
0.072 0.14 0.384 0.404
0.003 0.985 0.009 0.003
0.179 0.338 0.154 0.329
16
0.92 0.036 0.01 0.034
0.596 0.111 0.23 0.063
0.028 0.075 0.184 0.713
0.036 0.134 0.649 0.181
16
0.421 0.174 0.236 0.169
0.336 0.306 0.08 0.278
0.184 0.029 0.079 0.708
0.186 0.539 0.239 0.036
16
0.915 0.0 0.002 0.083
0.2 0.563 0.044 0.193
0.157 0.329 0.072 0.442
0.003 0.049 0.891 0.057
16
0.122 0.092 0.436 0.35
0.011 0.877 0.03 0.082
0.632 0.066 0.172 0.13
0.107 0.201 0.051 0.641
16
0.029 0.109 0.396 0.466
0.043 0.057 0.016 0.884
0.106 0.298 0.016 0.58
0.012 0.304 0.029 0.655
16
0.066 0.135 0.21 0.589
0.218 0.032 0.487 0.263
0.041 0.06 0.786 0.113
0.167 0.664 0.095 0.074
16
0.564 0.091 0.237 0.108
0.026 0.167 0.734 0.073
0.276 0.097 0.566 0.061
0.143 0.755 0.061 0.041
16
0.01 0.96 0.003 0.027
0.009 0.763 0.064 0.164
0.037 0.694 0.256 0.013
0.188 0.646 0.068 0.098
16
0.584 0.01 0.036 0.37
0.002 0.682 0.305 0.011
0.816 0.048 0.02 0.116
0.485 0.09 0.314 0.111
16
0.832 0.035 0.128 0.005
0.741 0.069 0.105 0.085
0.713 0.069 0.092 0.126
0.082 0.019 0.103 0.796
16
0.524 0.219 0.066 0.191
0.16 0.225 0.005 0.61
0.278 0.054 0.145 0.523
0.007 0.293 0.696 0.004
16
0.67 0.067 0.077 0.186
0.704 0.013 0.106 0.177
0.152 0.087 0.437 0.324
0.053 0.89 0.003 0.054
16
0.259 0.403 0.154 0.184
0.108 0.028 0.338 0.526
0.453 0.038 0.156 0.353
0.184 0.079 0.506 0.231
16
0.183 0.546 0.011 0.26
0.125 0.599 0.03 0.246
0.552 0.02 0.375 0.053
0.133 0.389 0.354 0.124
16
0.6 0.17 0.127 0.103
0.022 0.125 0.348 0.505
0.152 0.577 0.082 0.189
0.319 0.168 0.472 0.041
16
0.209 0.121 0.624 0.046
0.081 0.226 0.688 0.005
0.069 0.318 0.596 0.017
0.238 0.122 0.202 0.438
16
0.911 0.084 0.003 0.002
0.078 0.04 0.451 0.431
0.005 0.911 0.073 0.011
0.347 0.276 0.063 0.314
16
0.056 0.084 0.298 0.562
0.002 0.0 0.994 0.004
0.551 0.091 0.084 0.274
0.76 0.004 0.177 0.059
16
0.065 0.017 0.792 0.126
0.039 0.824 0.076 0.061
0.333 0.073 0.32 0.274
0.25 0.132 0.603 0.015
16
0.141 0.071 0.201 0.587
0.011 0.891 0.062 0.036
0.237 0.314 0.343 0.106
0.785 0.108 0.067 0.04
16
0.002 0.088 0.739 0.171
0.162 0.724 0.06 0.054
0.052 0.226 0.433 0.289
0.395 0.471 0.113 0.021
16
0.26 0.571 0.006 0.163
0.017 0.898 0.084 0.001
0.062 0.199 0.077 0.662
0.307 0.353 0.002 0.338
16
0.023 0.076 0.83 0.071
0.065 0.777 0.059 0.099
0.001 0.078 0.887 0.034
0.015 0.024 0.031 0.93
16
0.181 0.024 0.005 0.79
0.013 0.255 0.574 0.158
0.824 0.154 0.02 0.002
0.052 0.073 0.68 0.195
16
0.038 0.803 0.055 0.104
0.018 0.218 0.367 0.397
0.123 0.263 0.084 0.53
0.021 0.077 0.02 0.882
16
0.051 0.605 0.119 0.225
0.018 0.924 0.007 0.051
0.172 0.466 0.275 0.087
0.043 0.295 0.579 0.083
16
0.031 0.074 0.191 0.704
0.811 0.0 0.183 0.006
0.059 0.103 0.736 0.102
0.057 0.805 0.092 0.046
16
0.032 0.068 0.048 0.852
0.094 0.088 0.315 0.503
0.015 0.007 0.014 0.964
0.188 0.258 0.151 0.403
16
0.101 0.206 0.058 0.635
0.439 0.43 0.053 0.078
0.061 0.006 0.839 0.094
0.121 0.655 0.079 0.145
16
0.094 0.599 0.01 0.297
0.348 0.009 0.462 0.181
0.165 0.796 0.011 0.028
0.052 0.286 0.11 0.552
16
0.805 0.005 0.167 0.023
0.123 0.323 0.05 0.504
0.069 0.071 0.056 0.804
0.09 0.141 0.051 0.718
16
0.296 0.301 0.229 0.174
0.213 0.023 0.088 0.676
0.194 0.064 0.235 0.507
0.096 0.292 0.493 0.119
16
0.762 0.027 0.017 0.194
0.402 0.081 0.063 0.454
0.208 0.06 0.094 0.638
0.187 0.752 0.025 0.036
16
0.313 0.023 0.262 0.402
0.331 0.574 0.088 0.007
0.089 0.398 0.259 0.254
0.113 0.499 0.137 0.251
16
0.003 0.48 0.01 0.507
0.042 0.307 0.242 0.409
0.0 0.726 0.003 0.271
0.051 0.504 0.17 0.275
16
0.012 0.006 0.889 0.093
0.069 0.38 0.524 0.027
0.083 0.377 0.126 0.414
0.312 0.055 0.037 0.596
16
0.098 0.749 0.051 0.102
0.102 0.208 0.339 0.351
0.192 0.784 0.012 0.012
0.076 0.728 0.193 0.003
16
0.012 0.177 0.049 0.762
0.006 0.958 0.027 0.009
0.118 0.646 0.157 0.079
0.198 0.112 0.659 0.031
16
0.773 0.012 0.197 0.018
0.172 0.188 0.032 0.608
0.105 0.494 0.059 0.342
0.023 0.007 0.008 0.962
16
0.365 0.353 0.068 0.214
0.409 0.271 0.019 0.301
0.141 0.45 0.38 0.029
0.371 0.099 0.218 0.312
16
0.01 0.845 0.0 0.145
0.21 0.133 0.138 0.519
0.035 0.065 0.0 0.9
0.336 0.209 0.101 0.354
16
0.026 0.81 0.002 0.162
0.341 0.244 0.15 0.265
0.028 0.009 0.0 0.963
0.008 0.879 0.002 0.111
16
0.013 0.418 0.011 0.558
0.008 0.4 0.015 0.577
0.002 0.956 0.042 0.0
0.102 0.403 0.0 0.495
16
0.201 0.192 0.577 0.03
0.099 0.661 0.019 0.221
0.209 0.196 0.565 0.03
0.022 0.313 0.449 0.216
16
0.084 0.859 0.018 0.039
0.044 0.371 0.174 0.411
0.001 0.991 0.002 0.006
0.01 0.948 0.019 0.023
16
0.204 0.76 0.03 0.006
0.004 0.435 0.002 0.559
0.146 0.832 0.005 0.017
0.001 0.0 0.785 0.214
16
0.14 0.192 0.058 0.61
0.88 0.072 0.033 0.015
0.38 0.016 0.504 0.1
0.084 0.769 0.005 0.142
16
0.424 0.13 0.16 0.286
0.144 0.102 0.221 0.533
0.112 0.078 0.219 0.591
0.788 0.006 0.193 0.013
16
0.006 0.062 0.829 0.103
0.018 0.026 0.732 0.224
0.083 0.382 0.112 0.423
0.48 0.027 0.018 0.475
16
0.221 0.126 0.025 0.628
0.026 0.104 0.161 0.709
0.076 0.053 0.85 0.021
0.01 0.668 0.29 0.032
16
0.004 0.099 0.026 0.871
0.034 0.169 0.016 0.781
0.027 0.636 0.279 0.058
0.272 0.084 0.235 0.409
16
0.916 0.015 0.003 0.066
0.116 0.539 0.09 0.255
0.097 0.088 0.489 0.326
0.131 0.003 0.006 0.86
16
0.011 0.003 0.022 0.964
0.279 0.088 0.534 0.099
0.338 0.538 0.008 0.116
0.61 0.219 0.004 0.167
16
0.869 0.033 0.059 0.039
0.566 0.091 0.023 0.32
0.157 0.102 0.594 0.147
0.138 0.304 0.462 0.096
16
0.004 0.002 0.985 0.009
0.039 0.029 0.229 0.703
0.799 0.035 0.018 0.148
0.626 0.086 0.135 0.153
16
0.121 0.713 0.094 0.072
0.177 0.09 0.177 0.556
0.384 0.491 0.087 0.038
0.137 0.02 0.786 0.057
16
0.277 0.077 0.289 0.357
0.061 0.783 0.092 0.064
0.512 0.291 0.097 0.1
0.468 0.131 0.07 0.331
16
0.116 0.017 0.809 0.058
0.064 0.001 0.895 0.04
0.018 0.023 0.184 0.775
0.018 0.347 0.003 0.632
16
0.735 0.082 0.001 0.182
0.338 0.32 0.018 0.324
0.35 0.174 0.339 0.137
0.586 0.105 0.008 0.301
16
0.352 0.473 0.003 0.172
0.222 0.592 0.175 0.011
0.024 0.21 0.029 0.737
0.364 0.273 0.354 0.009
16
0.001 0.0 0.038 0.961
0.306 0.01 0.367 0.317
0.005 0.249 0.019 0.727
0.325 0.628 0.028 0.019
16
0.131 0.049 0.813 0.007
0.532 0.117 0.253 0.098
0.293 0.659 0.015 0.033
0.432 0.429 0.113 0.026
16
0.246 0.002 0.001 0.751
0.328 0.276 0.357 0.039
0.995 0.001 0.001 0.003
0.886 0.033 0.035 0.046
16
0.214 0.206 0.129 0.451
0.34 0.176 0.111 0.373
0.019 0.438 0.368 0.175
0.002 0.003 0.004 0.991
16
0.34 0.104 0.036 0.52
0.043 0.014 0.022 0.921
0.02 0.202 0.363 0.415
0.11 0.1 0.168 0.622
16
0.091 0.749 0.15 0.01
0.565 0.286 0.112 0.037
0.033 0.025 0.0 0.942
0.211 0.657 0.024 0.108
16
0.248 0.05 0.415 0.287
0.006 0.012 0.914 0.068
0.276 0.481 0.151 0.092
0.877 0.073 0.001 0.049
16
0.218 0.162 0.257 0.363
0.21 0.055 0.009 0.726
0.187 0.455 0.1 0.258
0.293 0.411 0.051 0.245
16
0.035 0.049 0.743 0.173
0.659 0.108 0.051 0.182
0.575 0.019 0.32 0.086
0.545 0.344 0.083 0.028
16
0.242 0.09 0.124 0.544
0.311 0.125 0.346 0.218
0.317 0.104 0.066 0.513
0.018 0.274 0.35 0.358
16
0.002 0.997 0.0 0.001
0.935 0.019 0.022 0.024
0.431 0.113 0.353 0.103
0.29 0.02 0.072 0.618
16
0.126 0.422 0.316 0.136
0.272 0.029 0.416 0.283
0.094 0.297 0.015 0.594
0.025 0.691 0.263 0.021
16
0.045 0.228 0.444 0.283
0.001 0.832 0.143 0.024
0.353 0.52 0.106 0.021
0.008 0.074 0.865 0.053
16
0.146 0.426 0.346 0.082
0.004 0.013 0.311 0.672
0.414 0.082 0.21 0.294
0.307 0.192 0.21 0.291
16
0.353 0.416 0.124 0.107
0.334 0.083 0.57 0.013
0.362 0.483 0.071 0.084
0.102 0.234 0.028 0.636
16
0.834 0.025 0.135 0.006
0.028 0.62 0.351 0.001
0.292 0.123 0.046 0.539
0.882 0.021 0.035 0.062
16
0.235 0.061 0.251 0.453
0.009 0.074 0.1 0.817
0.543 0.127 0.13 0.2
0.004 0.636 0.356 0.004
16
0.024 0.012 0.052 0.912
0.508 0.098 0.208 0.186
0.91 0.001 0.008 0.081
0.064 0.713 0.058 0.165
16
0.038 0.697 0.039 0.226
0.707 0.16 0.122 0.011
0.288 0.191 0.278 0.243
0.825 0.064 0.045 0.066
16
0.065 0.091 0.585 0.259
0.001 0.033 0.0 0.966
0.006 0.002 0.99 0.002
0.268 0.149 0.35 0.233
16
0.034 0.135 0.655 0.176
0.019 0.049 0.052 0.88
0.109 0.876 0.011 0.004
0.026 0.17 0.73 0.074
16
0.203 0.115 0.012 0.67
0.186 0.106 0.588 0.12
0.332 0.159 0.035 0.474
0.003 0.975 0.017 0.005
16
0.042 0.371 0.122 0.465
0.069 0.51 0.354 0.067
0.015 0.091 0.038 0.856
0.161 0.324 0.413 0.102
16
0.027 0.004 0.057 0.912
0.632 0.084 0.038 0.246
0.09 0.144 0.175 0.591
0.235 0.427 0.012 0.326
16
0.222 0.035 0.495 0.248
0.425 0.103 0.298 0.174
0.256 0.019 0.668 0.057
0.016 0.005 0.009 0.97
16
0.811 0.006 0.073 0.11
0.09 0.772 0.081 0.057
0.106 0.127 0.085 0.682
0.276 0.194 0.01 0.52
16
0.778 0.085 0.04 0.097
0.644 0.151 0.202 0.003
0.227 0.655 0.065 0.053
0.272 0.157 0.565 0.006
16
0.061 0.441 0.423 0.075
0.305 0.414 0.067 0.214
0.091 0.695 0.155 0.059
0.013 0.155 0.832 0.0
16
0.02 0.0 0.032 0.948
0.195 0.622 0.112 0.071
0.129 0.169 0.595 0.107
0.272 0.043 0.071 0.614

16
0.029 0.117 0.456 0.398
0.175 0.426 0.192 0.207
0.33 0.387 0.255 0.028
0.209 0.643 0.111 0.037
16
0.006 0.041 0.949 0.004
0.558 0.313 0.104 0.025
0.004 0.954 0.031 0.011
0.008 0.376 0.064 0.552
16
0.061 0.894 0.006 0.039
0.021 0.001 0.682 0.296
0.138 0.267 0.005 0.59
0.236 0.542 0.22 0.002
16
0.088 0.817 0.044 0.051
0.247 0.129 0.446 0.178
0.244 0.069 0.187 0.5
0.221 0.253 0.184 0.342
16
0.003 0.009 0.609 0.379
0.706 0.011 0.247 0.036
0.913 0.029 0.03 0.028
0.166 0.001 0.249 0.584
16
0.01 0.984 0.003 0.003
0.139 0.021 0.538 0.302
0.0 0.105 0.665 0.23
0.853 0.039 0.054 0.054
16
0.023 0.018 0.785 0.174
0.09 0.134 0.74 0.036
0.086 0.068 0.111 0.735
0.073 0.046 0.866 0.015
16
0.064 0.009 0.925 0.002
0.096 0.264 0.256 0.384
0.125 0.127 0.236 0.512
0.004 0.102 0.881 0.013

16
0.171 0.25 0.508 0.071
0.015 0.09 0.05 0.845
0.016 0.072 0.53 0.382
0.715 0.189 0.069 0.027

12
0.866 0.123 0.011
0.26 0.598 0.142
0.147 0.227 0.626
0.046 0.404 0.55
12
0.638 0.027 0.335
0.251 0.456 0.293
0.347 0.352 0.301
0.062 0.655 0.283
12
0.705 0.004 0.291
0.16 0.641 0.199
0.001 0.949 0.05
0.139 0.784 0.077
12
0.309 0.519 0.172
0.944 0.026 0.03
0.427 0.073 0.5
0.262 0.444 0.294

16
0.065 0.012 0.64 0.283
0.054 0.305 0.198 0.443
0.344 0.026 0.04 0.59
0.025 0.1 0.302 0.573

4
0.14 0.86
0.658 0.342
