V-CREDAL
8
4 3 3 4 3 4 3 2
8
1 0
2 0 1
2 1 2
2 2 3
2 3 4
2 4 5
2 5 6
2 6 7

24
0.906 0.068 0.009 0.017
0.522 0.0 0.469 0.009
0.002 0.008 0.243 0.747
0.303 0.048 0.152 0.497
0.067 0.005 0.344 0.584
0.268 0.367 0.259 0.106

18
0.831 0.034 0.135
0.006 0.065 0.929
0.03 0.966 0.004
0.621 0.365 0.014
0.731 0.022 0.247
0.003 0.093 0.904
18
0.011 0.963 0.026
0.008 0.121 0.871
0.005 0.833 0.162
0.01 0.004 0.986
0.669 0.244 0.087
0.128 0.006 0.866
18
0.033 0.019 0.948
0.121 0.75 0.129
0.344 0.232 0.424
0.31 0.556 0.134
0.053 0.579 0.368
0.003 0.241 0.756
18
0.249 0.745 0.006
0.899 0.072 0.029
0.034 0.121 0.845
0.044 0.016 0.94
0.087 0.011 0.902
0.154 0.615 0.231

18
0.063 0.613 0.324
0.211 0.199 0.59
0.076 0.836 0.088
0.314 0.199 0.487
0.453 0.407 0.14
0.523 0.222 0.255
18
0.749 0.016 0.235
0.118 0.871 0.011
0.028 0.006 0.966
0.015 0.216 0.769
0.808 0.151 0.041
0.022 0.015 0.963
18
0.91 0.087 0.003
0.854 0.001 0.145
0.034 0.011 0.955
0.229 0.747 0.024
0.067 0.841 0.092
0.081 0.005 0.914

24
0.033 0.901 0.006 0.06
0.081 0.04 0.847 0.032
0.097 0.098 0.208 0.597
0.495 0.032 0.051 0.422
0.265 0.645 0.068 0.022
0.382 0.104 0.42 0.094
24
0.074 0.764 0.111 0.051
0.566 0.002 0.43 0.002
0.006 0.655 0.062 0.277
0.553 0.098 0.24 0.109
0.29 0.323 0.084 0.303
0.091 0.654 0.026 0.229
24
0.079 0.229 0.537 0.155
0.174 0.072 0.627 0.127
0.537 0.044 0.391 0.028
0.481 0.175 0.32 0.024
0.023 0.664 0.045 0.268
0.613 0.156 0.198 0.033

18
0.164 0.217 0.619
0.728 0.059 0.213
0.725 0.005 0.27
0.639 0.007 0.354
0.054 0.918 0.028
0.025 0.78 0.195
18
0.393 0.015 0.592
0.02 0.975 0.005
0.001 0.831 0.168
0.014 0.029 0.957
0.994 0.004 0.002
0.151 0.02 0.829
18
0.851 0.089 0.06
0.555 0.0 0.445
0.067 0.916 0.017
0.019 0.018 0.963
0.79 0.201 0.009
0.815 0.168 0.017
18
0.018 0.025 0.957
0.981 0.007 0.012
0.333 0.621 0.046
0.016 0.825 0.159
0.077 0.822 0.101
0.015 0.147 0.838

24
0.157 0.085 0.384 0.374
0.375 0.098 0.093 0.434
0.01 0.979 0.002 0.009
0.182 0.577 0.179 0.062
0.727 0.089 0.075 0.109
0.027 0.149 0.026 0.798
24
0.149 0.332 0.333 0.186
0.187 0.121 0.146 0.546
0.603 0.005 0.339 0.053
0.054 0.1 0.623 0.223
0.219 0.021 0.745 0.015
0.002 0.088 0.42 0.49
24
0.244 0.157 0.053 0.546
0.069 0.306 0.538 0.087
0.014 0.166 0.636 0.184
0.973 0.003 0.022 0.002
0.082 0.295 0.491 0.132
0.04 0.008 0.23 0.722

18
0.002 0.031 0.967
0.013 0.878 0.109
0.613 0.312 0.075
0.026 0.899 0.075
0.848 0.032 0.12
0.278 0.664 0.058
18
0.111 0.535 0.354
0.165 0.18 0.655
0.084 0.336 0.58
0.273 0.688 0.039
0.21 0.234 0.556
0.28 0.685 0.035
18
0.038 0.689 0.273
0.24 0.231 0.529
0.758 0.227 0.015
0.462 0.507 0.031
0.624 0.356 0.02
0.626 0.12 0.254
18
0.762 0.016 0.222
0.036 0.088 0.876
0.015 0.093 0.892
0.012 0.432 0.556
0.357 0.562 0.081
0.576 0.308 0.116

4
0.036 0.964
0.611 0.389
4
0.932 0.068
0.754 0.246
4
0.414 0.586
0.142 0.858
