V-CREDAL 
4 
2 3 3 3 
4 
1 0 
2 0 1 
2 1 2 
2 2 3 

4 
0.86821 0.13179 
0.87688 0.12312 

18 
0.43551 0.43973 0.12476 
0.07069 0.07223 0.85708 
0.05372 0.32629 0.61999 
0.15072 0.13439 0.71489 
0.13937 0.79533 0.0653 
0.06861 0.10016 0.83123 
18 
0.74574 0.05503 0.19923 
0.00947 0.86681 0.12372 
0.58186 0.41159 0.00655 
0.37674 0.08301 0.54025 
0.15137 0.7558 0.09283 
0.16058 0.10079 0.73863 

18 
0.21865 0.31246 0.46889 
0.78942 0.10031 0.11027 
0.06701 0.06046 0.87253 
0.72018 0.1668 0.11302 
0.0534 0.03162 0.91498 
0.82548 0.0144 0.16012 
18 
0.91071 0.07958 0.00971 
0.81335 0.18468 0.00197 
0.714 0.04533 0.24067 
0.05724 0.72843 0.21433 
0.53992 0.14783 0.31225 
0.021 0.9522 0.0268 
18 
0.43249 0.13579 0.43172 
0.05415 0.00603 0.93982 
0.13732 0.82683 0.03585 
0.39713 0.48558 0.11729 
0.15225 0.00966 0.83809 
0.30213 0.65704 0.04083 

18 
0.80918 0.17881 0.01201 
0.0553 0.57382 0.37088 
0.03464 0.44854 0.51682 
0.04182 0.26309 0.69509 
0.9373 0.05639 0.00631 
0.04292 0.25944 0.69764 
18 
0.42266 0.06333 0.51401 
0.99665 0.00188 0.00147 
0.04017 0.39744 0.56239 
0.11908 0.65825 0.22267 
0.28984 0.6508 0.05936 
0.99278 0.00594 0.00128 
18 
0.52815 0.37965 0.0922 
4.9E-4 0.93518 0.06433 
0.09626 0.84041 0.06333 
0.00357 0.02031 0.97612 
0.68837 0.14951 0.16212 
0.73133 0.00209 0.26658 
