V-CREDAL
4
3 3 3 3
4
1 0
2 3 1
1 2
3 0 2 3

18
0.035 0.886 0.079
0.859 0.056 0.085
0.009 0.058 0.933
0.535 0.453 0.012
0.693 0.05 0.257
0.916 0.062 0.022

18
0.006 0.983 0.011
0.053 0.015 0.932
0.447 0.527 0.026
0.234 0.75 0.016
0.688 0.042 0.27
0.02 0.196 0.784
18
0.045 0.075 0.88
0.002 0.939 0.059
0.988 0.006 0.006
0.108 0.884 0.008
0.005 0.128 0.867
0.118 0.058 0.824
18
0.17 0.813 0.017
0.785 0.172 0.043
0.003 0.003 0.994
0.028 0.432 0.54
0.074 0.016 0.91
0.112 0.806 0.082

18
0.032 0.884 0.084
0.526 0.463 0.011
0.277 0.709 0.014
0.099 0.239 0.662
0.83 0.06 0.11
0.69 0.077 0.233

18
0.053 0.704 0.243
0.059 0.053 0.888
0.08 0.899 0.021
0.985 0.004 0.011
0.058 0.899 0.043
0.357 0.641 0.002
18
0.005 0.129 0.866
0.817 0.09 0.093
0.874 0.02 0.106
0.173 0.487 0.34
0.02 0.05 0.93
0.842 0.074 0.084
18
0.798 0.155 0.047
0.247 0.737 0.016
0.648 0.036 0.316
0.018 0.213 0.769
0.025 0.044 0.931
0.039 0.934 0.027
18
0.042 0.535 0.423
0.057 0.804 0.139
0.022 0.736 0.242
0.567 0.427 0.006
0.177 0.275 0.548
0.645 0.025 0.33
18
0.062 0.007 0.931
0.011 0.324 0.665
0.014 0.977 0.009
0.927 0.025 0.048
0.01 0.981 0.009
0.396 0.013 0.591
18
0.501 0.467 0.032
0.299 0.118 0.583
0.216 0.082 0.702
0.02 0.789 0.191
0.059 0.236 0.705
0.001 0.777 0.222
18
0.483 0.056 0.461
0.08 0.842 0.078
0.685 0.297 0.018
0.212 0.028 0.76
0.085 0.303 0.612
0.598 0.101 0.301
18
0.001 0.993 0.006
0.053 0.132 0.815
0.856 0.121 0.023
0.262 0.098 0.64
0.939 0.023 0.038
0.769 0.037 0.194
18
0.076 0.773 0.151
0.171 0.033 0.796
0.511 0.341 0.148
0.057 0.025 0.918
0.027 0.043 0.93
0.53 0.28 0.19
