V-CREDAL
6
2 4 4 4 2 2
6
2 2 0
2 5 1
2 5 2
2 1 3
2 1 4
1 5

4
0.817 0.183
0.217 0.783
4
0.426 0.574
0.913 0.087
4
0.563 0.437
0.611 0.389
4
0.115 0.885
0.052 0.948

16
0.348 0.154 0.215 0.283
0.755 0.149 0.014 0.082
0.989 0.004 0.001 0.006
0.242 0.663 0.02 0.075
16
0.114 0.751 0.006 0.129
0.393 0.572 0.02 0.015
0.078 0.338 0.484 0.1
0.119 0.149 0.581 0.151

16
0.015 0.485 0.497 0.003
0.015 0.003 0.561 0.421
0.029 0.003 0.83 0.138
0.022 0.023 0.869 0.086
16
0.051 0.309 0.019 0.621
0.008 0.982 0.01 0.0
0.429 0.016 0.461 0.094
0.167 0.122 0.691 0.02

16
0.007 0.049 0.804 0.14
0.673 0.267 0.049 0.011
0.039 0.208 0.42 0.333
0.243 0.179 0.108 0.47
16
0.445 0.016 0.176 0.363
0.007 0.712 0.017 0.264
0.009 0.716 0.247 0.028
0.114 0.478 0.034 0.374
16
0.391 0.106 0.028 0.475
0.026 0.332 0.019 0.623
0.04 0.01 0.193 0.757
0.134 0.242 0.428 0.196
16
0.213 0.234 0.471 0.082
0.638 0.074 0.241 0.047
0.288 0.164 0.128 0.42
0.049 0.366 0.246 0.339

4
0.377 0.623
0.306 0.694
4
0.167 0.833
0.416 0.584
4
0.426 0.574
0.996 0.004
4
0.44 0.56
0.219 0.781

4
0.728 0.272
0.602 0.398
