V-CREDAL
8
4 4 2 3 2 2 3 4
8
3 1 5 0
2 3 1
2 7 2
2 7 3
2 0 4
2 6 5
1 6
1 7

16
0.74 0.038 0.02 0.202
0.075 0.239 0.656 0.03
0.183 0.08 0.2 0.537
0.098 0.647 0.013 0.242
16
0.075 0.849 0.042 0.034
0.103 0.864 0.01 0.023
0.605 0.167 0.16 0.068
0.068 0.133 0.714 0.085
16
0.004 0.981 0.002 0.013
0.203 0.677 0.101 0.019
0.106 0.004 0.878 0.012
0.134 0.514 0.149 0.203
16
0.315 0.135 0.323 0.227
0.164 0.024 0.794 0.018
0.034 0.955 0.004 0.007
0.046 0.897 0.03 0.027
16
0.053 0.235 0.615 0.097
0.108 0.139 0.151 0.602
0.824 0.043 0.022 0.111
0.071 0.055 0.009 0.865
16
0.957 0.029 0.01 0.004
0.717 0.217 0.009 0.057
0.059 0.139 0.728 0.074
0.459 0.162 0.134 0.245
16
0.262 0.166 0.428 0.144
0.509 0.117 0.227 0.147
0.12 0.231 0.563 0.086
0.375 0.07 0.508 0.047
16
0.045 0.084 0.76 0.111
0.108 0.543 0.009 0.34
0.06 0.43 0.098 0.412
0.808 0.115 0.025 0.052

16
0.075 0.111 0.094 0.72
0.076 0.499 0.417 0.008
0.006 0.002 0.46 0.532
0.091 0.005 0.327 0.577
16
0.383 0.052 0.178 0.387
0.242 0.024 0.716 0.018
0.331 0.654 0.002 0.013
0.03 0.334 0.293 0.343
16
0.055 0.779 0.03 0.136
0.235 0.056 0.37 0.339
0.33 0.666 0.002 0.002
0.848 0.036 0.08 0.036

4
0.426 0.574
0.854 0.146
4
0.933 0.067
0.475 0.525
4
0.892 0.108
0.964 0.036
4
0.468 0.532
0.02 0.98

12
0.197 0.787 0.016
0.943 0.026 0.031
0.099 0.465 0.436
0.408 0.16 0.432
12
0.156 0.837 0.007
0.037 0.897 0.066
0.719 0.011 0.27
0.266 0.055 0.679
12
0.168 0.116 0.716
0.16 0.178 0.662
0.038 0.19 0.772
0.09 0.014 0.896
12
0.81 0.18 0.01
0.06 0.93 0.01
0.587 0.22 0.193
0.062 0.726 0.212

4
0.285 0.715
0.993 0.007
4
0.101 0.899
0.158 0.842
4
0.483 0.517
0.821 0.179
4
0.007 0.993
0.05 0.95

4
0.729 0.271
0.426 0.574
4
0.068 0.932
0.533 0.467
4
0.137 0.863
0.543 0.457

12
0.189 0.043 0.768
0.139 0.324 0.537
0.213 0.736 0.051
0.853 0.136 0.011

16
0.112 0.175 0.555 0.158
0.218 0.099 0.21 0.473
0.519 0.039 0.428 0.014
0.017 0.584 0.147 0.252
