V-CREDAL
6
4 2 3 2 2 2
6
1 0
2 0 1
2 1 2
2 2 3
2 3 4
2 4 5

24
0.023 0.912 0.046 0.019
0.05 0.238 0.537 0.175
0.29 0.581 0.024 0.105
0.121 0.022 0.056 0.801
0.18 0.118 0.678 0.024
0.022 0.004 0.003 0.971

4
0.589 0.411
0.014 0.986
4
0.667 0.333
0.314 0.686
4
0.97 0.03
0.493 0.507
4
0.009 0.991
0.706 0.294

18
0.18 0.813 0.007
0.043 0.13 0.827
0.642 0.313 0.045
0.042 0.662 0.296
0.533 0.053 0.414
0.083 0.051 0.866
18
0.647 0.289 0.064
0.118 0.837 0.045
0.252 0.139 0.609
0.831 0.027 0.142
0.005 0.414 0.581
0.053 0.896 0.051

4
0.31 0.69
0.794 0.206
4
0.135 0.865
0.679 0.321
4
0.775 0.225
0.468 0.532

4
0.372 0.628
0.811 0.189
4
0.228 0.772
0.009 0.991

4
0.5 0.5
0.046 0.954
4
0.968 0.032
0.362 0.638
