V-CREDAL
6
2 2 4 2 2 4
6
3 1 5 0
2 3 1
3 3 4 2
1 3
1 4
1 5

4
0.983 0.017
0.606 0.394
4
0.298 0.702
0.205 0.795
4
0.368 0.632
0.901 0.099
4
0.205 0.795
0.813 0.187
4
0.36 0.64
0.391 0.609
4
0.474 0.526
0.846 0.154
4
0.653 0.347
0.273 0.727
4
0.539 0.461
0.091 0.909

4
0.824 0.176
0.711 0.289
4
0.995 0.005
0.687 0.313

16
0.005 0.659 0.066 0.27
0.775 0.184 0.012 0.029
0.579 0.014 0.226 0.181
0.015 0.02 0.364 0.601
16
0.726 0.145 0.071 0.058
0.474 0.295 0.009 0.222
0.208 0.078 0.074 0.64
0.668 0.061 0.159 0.112
16
0.074 0.794 0.078 0.054
0.165 0.612 0.179 0.044
0.022 0.967 0.008 0.003
0.06 0.892 0.038 0.01
16
0.387 0.05 0.295 0.268
0.066 0.247 0.057 0.63
0.503 0.259 0.235 0.003
0.587 0.119 0.013 0.281

4
0.361 0.639
0.564 0.436

4
0.909 0.091
0.026 0.974

16
0.069 0.006 0.923 0.002
0.516 0.045 0.328 0.111
0.395 0.075 0.2 0.33
0.004 0.003 0.54 0.453
