V-CREDAL
6
3 4 3 4 2 3
6
1 0
3 0 2 1
1 2
2 2 3
2 0 4
2 0 5

12
0.852 0.015 0.133
0.014 0.059 0.927
0.105 0.82 0.075
0.104 0.037 0.859

16
0.315 0.221 0.002 0.462
0.0 0.013 0.927 0.06
0.142 0.135 0.082 0.641
0.787 0.006 0.004 0.203
16
0.006 0.002 0.752 0.24
0.0 0.991 0.006 0.003
0.077 0.913 0.008 0.002
0.099 0.499 0.395 0.007
16
0.715 0.184 0.024 0.077
0.0 0.995 0.004 0.001
0.376 0.18 0.263 0.181
0.518 0.008 0.176 0.298
16
0.014 0.715 0.001 0.27
0.435 0.38 0.121 0.064
0.151 0.07 0.403 0.376
0.124 0.063 0.175 0.638
16
0.512 0.074 0.272 0.142
0.313 0.104 0.513 0.07
0.057 0.001 0.002 0.94
0.279 0.034 0.163 0.524
16
0.778 0.146 0.032 0.044
0.297 0.135 0.096 0.472
0.371 0.019 0.007 0.603
0.025 0.241 0.627 0.107
16
0.017 0.501 0.066 0.416
0.079 0.632 0.016 0.273
0.121 0.315 0.021 0.543
0.58 0.183 0.095 0.142
16
0.069 0.037 0.781 0.113
0.249 0.061 0.682 0.008
0.251 0.23 0.325 0.194
0.129 0.382 0.292 0.197
16
0.078 0.385 0.337 0.2
0.026 0.755 0.051 0.168
0.198 0.239 0.031 0.532
0.528 0.065 0.326 0.081

12
0.059 0.219 0.722
0.031 0.967 0.002
0.016 0.415 0.569
0.225 0.689 0.086

16
0.075 0.111 0.083 0.731
0.072 0.691 0.218 0.019
0.669 0.259 0.024 0.048
0.899 0.051 0.018 0.032
16
0.778 0.0 0.173 0.049
0.835 0.003 0.154 0.008
0.382 0.322 0.094 0.202
0.183 0.03 0.729 0.058
16
0.478 0.409 0.111 0.002
0.028 0.034 0.237 0.701
0.362 0.145 0.305 0.188
0.231 0.123 0.485 0.161

4
0.403 0.597
0.39 0.61
4
0.903 0.097
0.323 0.677
4
0.107 0.893
0.201 0.799

12
0.413 0.353 0.234
0.8 0.011 0.189
0.1 0.113 0.787
0.614 0.384 0.002
12
0.157 0.322 0.521
0.307 0.204 0.489
0.101 0.442 0.457
0.713 0.086 0.201
12
0.816 0.181 0.003
0.172 0.527 0.301
0.391 0.582 0.027
0.088 0.306 0.606
