V-CREDAL 
10 
3 5 2 5 2 5 3 3 2 2 
10 
2 5 0 
3 7 9 1 
1 2 
3 0 8 3 
2 8 4 
2 6 5 
1 6 
1 7 
2 2 8 
2 6 9 

18 
0.25646 0.67062 0.07292 
0.0399 0.35621 0.60389 
0.14196 0.22066 0.63738 
0.29381 0.58668 0.11951 
0.09931 0.72367 0.17702 
0.23175 0.10382 0.66443 
18 
0.90343 0.03685 0.05972 
0.01147 0.02247 0.96606 
0.00322 0.90447 0.09231 
0.00601 0.99019 0.0038 
0.19367 0.02127 0.78506 
0.00233 0.44261 0.55506 
18 
0.0495 0.45088 0.49962 
0.02459 0.75869 0.21672 
0.88941 0.08619 0.0244 
0.36911 0.62058 0.01031 
0.77807 0.2155 0.00643 
0.71761 0.01819 0.2642 
18 
0.28794 0.00906 0.703 
0.13615 0.01152 0.85233 
0.02732 0.83196 0.14072 
0.249 0.63808 0.11292 
0.13288 0.78878 0.07834 
0.50772 0.27196 0.22032 
18 
0.85392 0.06292 0.08316 
0.00557 0.82205 0.17238 
0.01976 0.95887 0.02137 
0.00152 0.04526 0.95322 
0.43775 0.53637 0.02588 
0.47994 0.00808 0.51198 

30 
0.06011 0.76818 0.09855 0.02415 0.04901 
0.02004 0.0207 0.11285 0.82828 0.01813 
0.56961 0.0015 0.03484 0.38766 0.00639 
0.01423 0.034 0.79979 0.01515 0.13683 
0.48235 0.05582 0.19422 0.02977 0.23784 
0.52731 0.36965 0.06157 0.02916 0.01231 
30 
0.28364 0.0064 0.06708 0.01797 0.62491 
0.06479 0.1964 0.14516 0.51678 0.07687 
0.39469 0.01385 0.28588 0.19444 0.11114 
0.41806 0.11445 0.10677 0.26163 0.09909 
0.0922 0.011 0.20181 0.4116 0.28339 
0.04542 0.49323 0.04791 0.3684 0.04504 
30 
0.26025 0.16035 0.03064 0.43796 0.1108 
0.17532 0.02238 0.04246 0.7082 0.05164 
0.44697 0.01413 0.01396 0.51846 0.00648 
0.52958 0.07166 0.01797 0.19102 0.18977 
0.00421 0.03292 0.0084 0.95397 5.0E-4 
0.00291 0.11592 0.73927 0.13601 0.00589 
30 
0.1123 0.06168 0.25406 0.08845 0.48351 
0.39529 0.40728 0.04515 0.03128 0.121 
0.29236 0.15018 0.24994 0.00807 0.29945 
0.01616 0.86769 0.0282 0.01883 0.06912 
0.39458 0.07438 0.1115 0.09909 0.32045 
0.02556 0.19381 0.00424 0.39549 0.3809 
30 
0.17133 0.67959 0.12053 0.00694 0.02161 
0.07997 0.62017 0.04454 0.09411 0.16121 
0.12001 0.2367 0.538 0.07117 0.03412 
0.31984 0.52021 0.1423 0.00602 0.01163 
0.0223 0.45888 0.02478 0.45472 0.03932 
0.09 0.21457 0.54215 0.06956 0.08372 
30 
0.12023 0.17055 0.14148 0.53456 0.03318 
0.07357 0.09315 0.07752 0.71423 0.04153 
0.13787 0.49667 0.03984 0.01556 0.31006 
0.26607 0.59762 0.01501 0.08428 0.03702 
0.04168 0.11655 0.71291 0.11893 0.00993 
0.27142 0.63228 0.00829 0.07147 0.01654 

4 
0.39936 0.60064 
0.56411 0.43589 

30 
0.01916 0.00643 0.0439 0.01912 0.91139 
0.55394 0.01489 0.00689 0.42037 0.00391 
0.71299 0.10091 0.16083 0.01766 0.00761 
0.17168 0.7392 0.01316 0.0317 0.04426 
0.00319 0.09242 0.89438 0.00397 0.00604 
0.062 0.07983 0.01085 0.83936 0.00796 
30 
0.51154 0.00447 0.01627 0.18615 0.28157 
0.23193 0.34766 0.25999 0.02944 0.13098 
0.4678 0.02754 0.01354 0.03977 0.45135 
0.8187 0.01681 0.10367 0.05884 0.00198 
0.13709 0.00121 0.0702 0.00328 0.78822 
0.5363 0.08606 0.08345 0.22248 0.07171 
30 
0.59752 0.07567 0.05285 0.25661 0.01735 
0.0064 0.00512 0.79457 0.17299 0.02092 
0.00102 0.02031 9.8E-4 4.8E-4 0.97721 
0.01265 0.13425 0.0392 0.04196 0.77194 
0.03934 0.6368 0.12532 0.18364 0.0149 
0.02923 0.78755 0.07932 0.10012 0.00378 
30 
0.0353 0.21055 0.26991 0.07564 0.4086 
0.00798 0.69814 0.16758 0.10399 0.02231 
0.6468 0.04826 0.00357 0.25035 0.05102 
0.56321 0.02296 0.37395 0.0225 0.01738 
0.54646 0.02762 0.00221 0.06729 0.35642 
0.05199 2.7E-4 0.00236 0.0021 0.94328 
30 
7.1E-4 4.0E-5 5.3E-4 7.0E-5 0.99865 
0.03873 0.82184 0.02173 0.0084 0.1093 
0.48716 0.0116 0.0035 0.15774 0.34 
0.05483 0.00133 0.24628 0.5241 0.17346 
0.04568 0.08763 0.20824 0.05137 0.60708 
0.14917 0.03275 0.03317 0.7746 0.01031 
30 
0.26482 0.11549 0.15228 0.37822 0.08919 
0.95533 0.00927 0.00234 1.3E-4 0.03293 
0.04083 0.01558 0.86635 0.00663 0.07061 
0.00871 0.02527 0.02355 0.93386 0.00861 
0.83755 0.01165 0.05823 0.00324 0.08933 
0.071 0.61426 0.00226 0.01577 0.29671 

4 
0.45735 0.54265 
0.25541 0.74459 
4 
0.08668 0.91332 
0.20704 0.79296 

30 
0.95336 1.8E-4 1.7E-4 0.03941 0.00688 
0.05338 0.00238 0.22267 0.00197 0.7196 
0.40095 0.10852 0.01223 0.20512 0.27318 
0.20254 1.2E-4 0.21471 9.0E-5 0.58254 
0.06914 0.00492 0.609 0.01858 0.29836 
0.23604 0.09936 0.16953 0.41455 0.08052 
30 
4.5E-4 0.0013 0.12581 0.8718 6.4E-4 
0.01433 0.74191 0.02341 0.0095 0.21085 
0.14076 0.05554 0.18088 0.47554 0.14728 
0.08588 0.18708 0.64414 0.08095 0.00195 
0.29673 0.08903 0.30924 0.25628 0.04872 
0.01857 0.27355 6.0E-4 0.65989 0.04739 
30 
0.10773 0.04786 0.53808 0.25606 0.05027 
0.65452 0.02451 0.01166 0.0018 0.30751 
0.01541 0.01568 0.68577 0.0017 0.28144 
0.43029 0.07819 0.01094 0.4565 0.02408 
0.8127 0.04882 0.01624 0.11853 0.00371 
0.02395 0.06503 0.0553 0.80867 0.04705 

18 
0.85068 0.0096 0.13972 
0.5603 0.38596 0.05374 
0.24296 0.75208 0.00496 
0.108 0.67413 0.21787 
0.01167 0.06075 0.92758 
0.39926 0.58624 0.0145 

18 
0.40024 0.08334 0.51642 
0.46092 0.04799 0.49109 
0.96598 0.02662 0.0074 
0.72868 0.23871 0.03261 
0.14885 0.53578 0.31537 
0.19554 0.37509 0.42937 

4 
0.19188 0.80812 
0.30903 0.69097 
4 
0.1565 0.8435 
0.15477 0.84523 

4 
0.59287 0.40713 
0.3769 0.6231 
4 
0.58358 0.41642 
0.5358 0.4642 
4 
0.34065 0.65935 
0.54621 0.45379 
