V-CREDAL 
8 
4 3 3 3 2 2 3 4 
8 
2 5 0 
2 6 1 
3 1 3 2 
2 4 3 
1 4 
1 5 
2 5 6 
2 4 7 

16 
0.23885 0.2894 0.46918 0.00257 
0.15466 0.45382 0.12948 0.26204 
0.02292 0.00932 0.206 0.76176 
0.74072 0.05188 0.05979 0.14761 
16 
0.23627 0.35864 0.02048 0.38461 
0.02643 0.02009 0.80036 0.15312 
0.09206 0.20433 0.6838 0.01981 
0.54366 0.27362 0.02467 0.15805 

12 
0.05299 0.60826 0.33875 
0.05236 0.37292 0.57472 
0.36841 0.17479 0.4568 
0.49649 0.36363 0.13988 
12 
0.29162 0.44445 0.26393 
0.91885 0.0811 5.0E-5 
0.00562 0.9885 0.00588 
0.95128 0.04611 0.00261 
12 
0.30192 0.45818 0.2399 
0.08915 0.26122 0.64963 
0.77245 0.08474 0.14281 
0.31689 0.15547 0.52764 

12 
0.44053 0.03198 0.52749 
0.25606 0.48424 0.2597 
0.12934 0.08097 0.78969 
0.59907 0.39987 0.00106 
12 
0.31453 0.14121 0.54426 
0.81024 0.14796 0.0418 
0.28317 0.67971 0.03712 
0.14271 0.8034 0.05389 
12 
0.14369 0.59269 0.26362 
0.52327 0.31487 0.16186 
0.18721 0.38737 0.42542 
0.00998 0.51673 0.47329 
12 
0.14937 0.0856 0.76503 
0.42163 0.3758 0.20257 
0.0807 0.23558 0.68372 
0.28674 0.57703 0.13623 
12 
0.05196 0.58797 0.36007 
0.42572 0.37708 0.1972 
0.60484 0.12822 0.26694 
0.07141 0.17879 0.7498 
12 
0.06254 0.85261 0.08485 
0.05687 0.84186 0.10127 
0.05113 0.70619 0.24268 
0.87024 0.064 0.06576 
12 
0.03861 0.66553 0.29586 
0.72323 0.03539 0.24138 
0.30781 0.66754 0.02465 
0.98965 0.00607 0.00428 
12 
0.27625 0.38375 0.34 
0.98525 0.00746 0.00729 
0.20447 0.52349 0.27204 
0.54682 0.10556 0.34762 
12 
0.88484 0.00861 0.10655 
0.16161 0.42047 0.41792 
0.24641 0.48136 0.27223 
0.07663 0.53673 0.38664 

12 
0.14509 0.12362 0.73129 
0.88675 0.04943 0.06382 
0.00367 0.8951 0.10123 
0.22392 0.6881 0.08798 
12 
0.40275 0.0693 0.52795 
5.8E-4 0.41097 0.58845 
0.36188 0.52271 0.11541 
0.93007 0.0503 0.01963 

4 
0.76953 0.23047 
0.72369 0.27631 

4 
0.76599 0.23401 
0.89063 0.10937 

12 
0.00907 0.97744 0.01349 
0.98205 0.00534 0.01261 
0.2474 0.42671 0.32589 
0.40739 0.15436 0.43825 
12 
0.03606 0.63746 0.32648 
0.09022 0.06037 0.84941 
0.02478 0.0054 0.96982 
0.00483 0.96404 0.03113 

16 
0.52588 0.06646 0.3578 0.04986 
0.33921 0.00891 0.5993 0.05258 
0.22204 0.44066 0.01045 0.32685 
0.00498 0.59484 0.00958 0.3906 
16 
0.17567 0.15567 0.54532 0.12334 
0.01343 0.11658 0.61021 0.25978 
0.1725 0.31091 0.13232 0.38427 
0.00432 0.13084 0.00607 0.85877 
