V-CREDAL 
8 
2 4 4 5 3 5 2 4 
8 
1 0 
2 0 1 
2 1 2 
2 2 3 
2 3 4 
2 4 5 
2 5 6 
2 6 7 

4 
0.18969 0.81031 
0.27981 0.72019 

16 
0.00828 0.00467 0.98185 0.0052 
0.02669 0.28651 0.17523 0.51157 
0.10259 1.4E-4 0.89641 8.6E-4 
0.77401 0.02167 0.11114 0.09318 
16 
0.34967 0.05942 0.2326 0.35831 
0.76311 0.06927 0.00942 0.1582 
0.81007 0.00332 0.16358 0.02303 
0.96837 0.00158 0.01981 0.01024 

16 
0.33838 0.12974 0.27468 0.2572 
0.32675 0.15609 0.09381 0.42335 
0.26204 0.41301 0.02203 0.30292 
0.07821 0.90403 0.01401 0.00375 
16 
0.03494 0.23368 0.71772 0.01366 
0.31284 0.4468 0.19212 0.04824 
0.02052 0.94325 0.01841 0.01782 
0.02148 0.13589 0.35527 0.48736 
16 
0.01342 0.67929 0.15882 0.14847 
0.55211 0.16513 0.26633 0.01643 
0.38533 0.16229 0.1031 0.34928 
0.20837 0.17563 0.60072 0.01528 
16 
0.85407 0.02089 0.09239 0.03265 
0.07769 0.47765 0.20359 0.24107 
0.02338 0.32435 0.62899 0.02328 
0.85836 0.00113 0.09869 0.04182 

20 
0.78667 0.03064 0.04675 0.13434 0.0016 
0.02862 0.59191 0.33112 0.01426 0.03409 
0.01215 0.14064 0.30802 0.34735 0.19184 
0.332 0.05497 0.46136 0.04616 0.10551 
20 
0.5158 0.01704 0.00339 0.46366 1.1E-4 
0.02044 0.03049 0.54654 0.12994 0.27259 
0.30791 0.00329 0.46293 0.10377 0.1221 
0.14817 0.13474 0.12853 0.50179 0.08677 
20 
0.01245 0.53224 0.01118 0.05014 0.39399 
0.02455 0.35819 0.00584 0.60346 0.00796 
0.13445 0.14338 0.26607 0.44147 0.01463 
0.04054 0.41363 5.4E-4 0.26488 0.28041 
20 
0.01267 0.10239 0.31314 0.02657 0.54523 
0.06719 0.47577 0.21969 0.0064 0.23095 
0.15312 0.17637 0.1492 0.13863 0.38268 
0.31751 0.03916 0.28185 0.03302 0.32846 

12 
0.07959 0.1521 0.76831 
0.46556 0.26509 0.26935 
0.10639 0.05094 0.84267 
0.10968 0.41814 0.47218 
12 
0.01919 0.64026 0.34055 
0.33768 0.09144 0.57088 
0.37279 0.47843 0.14878 
0.33504 0.63272 0.03224 
12 
0.0762 0.02945 0.89435 
0.17497 0.80895 0.01608 
0.64929 0.16494 0.18577 
0.35573 0.02957 0.6147 
12 
0.01361 0.03267 0.95372 
0.157 0.68419 0.15881 
0.00614 0.04705 0.94681 
0.15359 0.31904 0.52737 
12 
0.11944 0.59693 0.28363 
0.41849 0.07011 0.5114 
0.02023 0.87916 0.10061 
0.14023 0.67641 0.18336 

20 
0.00677 1.3E-4 0.85071 0.07885 0.06354 
0.46401 0.02731 0.15001 0.00896 0.34971 
0.04328 0.03286 0.08556 0.01443 0.82387 
0.01914 0.45802 0.20836 0.17595 0.13853 
20 
0.13432 0.14948 0.06708 0.01916 0.62996 
0.03076 0.02492 0.08645 0.78195 0.07592 
0.56246 0.20761 0.02423 0.13789 0.06781 
0.04893 0.13644 0.02285 0.01243 0.77935 
20 
0.27352 0.16799 0.0442 0.49799 0.0163 
0.0124 0.00639 0.37078 3.1E-4 0.61012 
0.00462 0.11238 0.00678 0.84741 0.02881 
0.12637 0.02046 0.75018 0.00167 0.10132 

4 
0.38308 0.61692 
0.73431 0.26569 
4 
0.20333 0.79667 
0.66333 0.33667 
4 
0.93388 0.06612 
0.56669 0.43331 
4 
0.08821 0.91179 
0.36387 0.63613 
4 
0.26082 0.73918 
0.06799 0.93201 

16 
0.00575 0.03606 0.09503 0.86316 
0.15768 0.4317 0.26735 0.14327 
0.09918 0.0435 0.09147 0.76585 
0.74497 0.0926 0.02387 0.13856 
16 
0.2643 0.23216 0.08603 0.41751 
0.03304 0.67384 0.10622 0.1869 
0.7835 0.08084 0.11542 0.02024 
0.33616 0.28742 0.06221 0.31421 
