V-CREDAL 
10 
2 3 3 4 3 3 3 3 2 4 
10 
1 0 
2 0 1 
2 1 2 
2 2 3 
2 3 4 
2 4 5 
2 5 6 
2 6 7 
2 7 8 
2 8 9 

4 
0.9873 0.0127 
0.61045 0.38955 

12 
0.03342 0.02589 0.94069 
0.11016 0.79359 0.09625 
0.04972 0.808 0.14228 
0.2515 0.64892 0.09958 
12 
0.20584 0.05594 0.73822 
0.58148 0.22824 0.19028 
0.12858 0.78775 0.08367 
0.56156 0.29099 0.14745 

12 
0.01627 0.00145 0.98228 
0.01017 0.96536 0.02447 
0.72548 0.23775 0.03677 
0.63086 0.14405 0.22509 
12 
0.59529 0.30009 0.10462 
0.51561 0.123 0.36139 
0.08725 0.28645 0.6263 
0.34097 0.04201 0.61702 
12 
0.06468 0.02735 0.90797 
0.29516 0.21362 0.49122 
0.04252 0.78078 0.1767 
0.21622 0.00447 0.77931 

16 
0.13373 0.00202 0.01292 0.85133 
0.53674 0.12882 0.06896 0.26548 
0.10513 0.80623 0.0221 0.06654 
0.23157 0.34587 0.23666 0.1859 
16 
0.22045 0.20089 0.25434 0.32432 
0.11748 0.15307 0.15475 0.5747 
0.08894 0.04006 0.23314 0.63786 
0.03716 0.14367 0.3451 0.47407 
16 
0.05066 1.2E-4 0.68407 0.26515 
0.85294 0.06354 0.01271 0.07081 
0.40271 0.24728 0.02144 0.32857 
0.43689 0.27588 0.0879 0.19933 

12 
0.04806 0.0343 0.91764 
0.40518 0.59076 0.00406 
0.66061 0.00128 0.33811 
0.1046 0.19831 0.69709 
12 
0.36326 0.35285 0.28389 
0.41343 0.58482 0.00175 
0.28418 0.09015 0.62567 
0.00487 0.71137 0.28376 
12 
0.4605 0.51337 0.02613 
0.75492 0.01574 0.22934 
0.12006 0.42085 0.45909 
0.16428 0.24779 0.58793 
12 
0.20063 4.1E-4 0.79896 
0.01842 0.8654 0.11618 
0.02023 0.00649 0.97328 
0.35936 0.60981 0.03083 

12 
0.05502 0.57467 0.37031 
0.01106 0.02975 0.95919 
0.759 0.12943 0.11157 
0.77421 0.22067 0.00512 
12 
0.21645 0.7492 0.03435 
0.65546 0.2015 0.14304 
0.00572 0.06046 0.93382 
0.03966 0.90915 0.05119 
12 
0.03006 0.93823 0.03171 
0.03982 0.24446 0.71572 
0.45874 0.09225 0.44901 
0.46672 0.04852 0.48476 

12 
0.00558 0.12706 0.86736 
0.02702 0.86467 0.10831 
0.31112 0.62678 0.0621 
0.06766 0.8705 0.06184 
12 
0.15779 0.1598 0.68241 
0.45902 0.21465 0.32633 
0.43508 0.16106 0.40386 
0.18923 0.22159 0.58918 
12 
0.45326 0.32496 0.22178 
0.1834 0.30551 0.51109 
0.29635 0.5585 0.14515 
0.33158 0.066 0.60242 

12 
0.49032 0.37894 0.13074 
0.62294 0.01848 0.35858 
0.0063 0.16365 0.83005 
0.55178 0.3604 0.08782 
12 
0.10586 0.87863 0.01551 
0.00716 0.54155 0.45129 
0.44151 0.55426 0.00423 
0.2863 0.39174 0.32196 
12 
0.12491 0.05508 0.82001 
0.16592 0.56963 0.26445 
0.66946 0.15579 0.17475 
0.08244 0.28193 0.63563 

4 
0.77031 0.22969 
0.53496 0.46504 
4 
0.79805 0.20195 
0.56436 0.43564 
4 
0.6057 0.3943 
0.09122 0.90878 

16 
0.25707 0.29509 0.35123 0.09661 
0.03063 0.37162 0.252 0.34575 
0.42721 0.09336 0.03739 0.44204 
0.03822 0.00579 0.84687 0.10912 
16 
0.56511 0.21502 0.19219 0.02768 
0.00476 0.06717 0.34895 0.57912 
0.99156 0.00235 8.6E-4 0.00523 
0.05716 0.02525 0.02502 0.89257 
