V-CREDAL
5
4 3 2 4 2
5
2 2 0
2 3 1
1 2
3 0 4 3
1 4

24
0.489 0.036 0.343 0.132
0.528 0.072 0.081 0.319
0.438 0.363 0.112 0.087
0.448 0.301 0.177 0.074
0.035 0.73 0.207 0.028
0.088 0.026 0.833 0.053
24
0.154 0.002 0.656 0.188
0.241 0.085 0.673 0.001
0.975 0.016 0.005 0.004
0.103 0.769 0.097 0.031
0.005 0.04 0.008 0.947
0.048 0.476 0.312 0.164

18
0.284 0.032 0.684
0.014 0.17 0.816
0.976 0.001 0.023
0.004 0.996 0.0
0.039 0.085 0.876
0.891 0.104 0.005
18
0.126 0.842 0.032
0.055 0.837 0.108
0.298 0.426 0.276
0.1 0.003 0.897
0.079 0.004 0.917
0.302 0.251 0.447
18
0.086 0.049 0.865
0.323 0.609 0.068
0.507 0.473 0.02
0.002 0.507 0.491
0.657 0.144 0.199
0.514 0.053 0.433
18
0.441 0.119 0.44
0.293 0.62 0.087
0.446 0.033 0.521
0.049 0.46 0.491
0.06 0.613 0.327
0.144 0.194 0.662

4
0.414 0.586
0.428 0.572

24
0.343 0.275 0.017 0.365
0.283 0.594 0.101 0.022
0.166 0.266 0.115 0.453
0.348 0.09 0.291 0.271
0.725 0.24 0.01 0.025
0.193 0.752 0.012 0.043
24
0.496 0.463 0.001 0.04
0.006 0.616 0.121 0.257
0.361 0.001 0.635 0.003
0.448 0.121 0.197 0.234
0.017 0.094 0.521 0.368
0.801 0.057 0.066 0.076
24
0.043 0.051 0.015 0.891
0.257 0.583 0.155 0.005
0.984 0.015 0.0 0.001
0.011 0.051 0.935 0.003
0.08 0.279 0.492 0.149
0.374 0.436 0.09 0.1
24
0.326 0.374 0.016 0.284
0.582 0.01 0.341 0.067
0.508 0.047 0.01 0.435
0.629 0.271 0.089 0.011
0.803 0.167 0.0 0.03
0.134 0.061 0.732 0.073
24
0.158 0.268 0.131 0.443
0.256 0.202 0.142 0.4
0.1 0.002 0.897 0.001
0.667 0.26 0.002 0.071
0.123 0.673 0.116 0.088
0.598 0.316 0.011 0.075
24
0.607 0.071 0.262 0.06
0.044 0.822 0.04 0.094
0.566 0.026 0.401 0.007
0.438 0.176 0.368 0.018
0.217 0.045 0.063 0.675
0.157 0.185 0.106 0.552
24
0.04 0.429 0.424 0.107
0.21 0.149 0.199 0.442
0.019 0.902 0.034 0.045
0.984 0.004 0.001 0.011
0.159 0.205 0.614 0.022
0.775 0.004 0.161 0.06
24
0.085 0.016 0.458 0.441
0.857 0.092 0.033 0.018
0.08 0.072 0.149 0.699
0.498 0.356 0.03 0.116
0.173 0.247 0.434 0.146
0.063 0.09 0.815 0.032

4
0.063 0.937
0.951 0.049
