V-CREDAL
6
3 2 3 3 2 4
6
3 2 4 0
1 1
3 1 3 2
2 5 3
1 4
1 5

18
0.893 0.029 0.078
0.044 0.706 0.25
0.885 0.073 0.042
0.01 0.106 0.884
0.182 0.015 0.803
0.751 0.247 0.002
18
0.262 0.535 0.203
0.962 0.005 0.033
0.002 0.001 0.997
0.913 0.077 0.01
0.031 0.363 0.606
0.184 0.543 0.273
18
0.067 0.774 0.159
0.05 0.053 0.897
0.683 0.058 0.259
0.043 0.264 0.693
0.524 0.39 0.086
0.825 0.088 0.087
18
0.825 0.108 0.067
0.014 0.742 0.244
0.829 0.093 0.078
0.149 0.007 0.844
0.56 0.042 0.398
0.787 0.174 0.039
18
0.404 0.595 0.001
0.331 0.031 0.638
0.003 0.996 0.001
0.127 0.153 0.72
0.097 0.246 0.657
0.645 0.341 0.014
18
0.542 0.398 0.06
0.99 0.004 0.006
0.065 0.343 0.592
0.064 0.039 0.897
0.023 0.153 0.824
0.098 0.008 0.894

4
0.43 0.57
0.629 0.371

18
0.719 0.125 0.156
0.489 0.064 0.447
0.013 0.186 0.801
0.013 0.949 0.038
0.044 0.108 0.848
0.642 0.281 0.077
18
0.763 0.022 0.215
0.249 0.726 0.025
0.031 0.578 0.391
0.108 0.313 0.579
0.368 0.591 0.041
0.727 0.151 0.122
18
0.328 0.603 0.069
0.209 0.004 0.787
0.57 0.144 0.286
0.071 0.822 0.107
0.023 0.082 0.895
0.094 0.037 0.869
18
0.07 0.066 0.864
0.039 0.33 0.631
0.229 0.041 0.73
0.065 0.808 0.127
0.722 0.035 0.243
0.631 0.157 0.212
18
0.07 0.752 0.178
0.236 0.006 0.758
0.015 0.121 0.864
0.897 0.091 0.012
0.118 0.878 0.004
0.769 0.009 0.222
18
0.893 0.051 0.056
0.231 0.756 0.013
0.02 0.926 0.054
0.476 0.039 0.485
0.008 0.068 0.924
0.532 0.459 0.009

18
0.134 0.152 0.714
0.022 0.925 0.053
0.384 0.459 0.157
0.354 0.623 0.023
0.402 0.089 0.509
0.399 0.249 0.352
18
0.835 0.154 0.011
0.02 0.978 0.002
0.001 0.171 0.828
0.015 0.004 0.981
0.94 0.004 0.056
0.016 0.982 0.002
18
0.086 0.129 0.785
0.102 0.588 0.31
0.103 0.11 0.787
0.3 0.598 0.102
0.608 0.193 0.199
0.559 0.007 0.434
18
0.994 0.004 0.002
0.026 0.061 0.913
0.022 0.491 0.487
0.079 0.879 0.042
0.441 0.535 0.024
0.463 0.024 0.513

4
0.564 0.436
0.961 0.039

24
0.237 0.274 0.453 0.036
0.094 0.857 0.045 0.004
0.111 0.354 0.271 0.264
0.003 0.005 0.004 0.988
0.004 0.968 0.006 0.022
0.495 0.178 0.303 0.024
