V-CREDAL
8
2 3 4 4 2 3 3 4
8
1 0
2 4 1
1 2
3 0 1 3
1 4
2 1 5
3 2 4 6
2 0 7

4
0.96 0.04
0.607 0.393

18
0.132 0.778 0.09
0.48 0.341 0.179
0.076 0.76 0.164
0.668 0.294 0.038
0.212 0.417 0.371
0.084 0.547 0.369
18
0.262 0.725 0.013
0.522 0.092 0.386
0.186 0.026 0.788
0.683 0.214 0.103
0.01 0.955 0.035
0.129 0.246 0.625

24
0.323 0.614 0.051 0.012
0.789 0.027 0.128 0.056
0.12 0.015 0.836 0.029
0.08 0.755 0.022 0.143
0.007 0.535 0.052 0.406
0.07 0.019 0.002 0.909

24
0.003 0.032 0.914 0.051
0.068 0.328 0.141 0.463
0.055 0.03 0.843 0.072
0.988 0.003 0.002 0.007
0.154 0.072 0.005 0.769
0.344 0.191 0.009 0.456
24
0.06 0.419 0.458 0.063
0.064 0.038 0.077 0.821
0.011 0.018 0.968 0.003
0.587 0.136 0.049 0.228
0.702 0.195 0.082 0.021
0.105 0.404 0.428 0.063
24
0.147 0.198 0.431 0.224
0.692 0.181 0.104 0.023
0.113 0.061 0.415 0.411
0.022 0.026 0.929 0.023
0.017 0.069 0.329 0.585
0.002 0.0 0.998 0.0
24
0.847 0.129 0.023 0.001
0.096 0.406 0.497 0.001
0.163 0.126 0.628 0.083
0.489 0.077 0.125 0.309
0.003 0.955 0.041 0.001
0.3 0.109 0.207 0.384
24
0.279 0.347 0.074 0.3
0.035 0.41 0.553 0.002
0.028 0.075 0.244 0.653
0.211 0.379 0.065 0.345
0.015 0.005 0.972 0.008
0.063 0.498 0.393 0.046
24
0.107 0.097 0.013 0.783
0.21 0.493 0.202 0.095
0.036 0.315 0.282 0.367
0.005 0.012 0.981 0.002
0.262 0.0 0.737 0.001
0.007 0.011 0.968 0.014

4
0.068 0.932
0.207 0.793

18
0.032 0.792 0.176
0.869 0.073 0.058
0.024 0.967 0.009
0.079 0.022 0.899
0.904 0.005 0.091
0.525 0.437 0.038
18
0.071 0.422 0.507
0.121 0.855 0.024
0.236 0.125 0.639
0.76 0.006 0.234
0.734 0.245 0.021
0.078 0.766 0.156
18
0.299 0.128 0.573
0.079 0.789 0.132
0.938 0.034 0.028
0.808 0.184 0.008
0.099 0.226 0.675
0.549 0.032 0.419

18
0.087 0.008 0.905
0.836 0.122 0.042
0.041 0.003 0.956
0.022 0.937 0.041
0.022 0.623 0.355
0.809 0.104 0.087
18
0.665 0.326 0.009
0.316 0.632 0.052
0.103 0.032 0.865
0.061 0.683 0.256
0.256 0.008 0.736
0.195 0.004 0.801
18
0.341 0.033 0.626
0.875 0.109 0.016
0.039 0.905 0.056
0.006 0.157 0.837
0.005 0.035 0.96
0.031 0.818 0.151
18
0.439 0.052 0.509
0.092 0.701 0.207
0.513 0.459 0.028
0.052 0.938 0.01
0.871 0.049 0.08
0.866 0.008 0.126
18
0.289 0.58 0.131
0.467 0.008 0.525
0.104 0.307 0.589
0.859 0.103 0.038
0.161 0.522 0.317
0.672 0.028 0.3
18
0.012 0.129 0.859
0.118 0.044 0.838
0.351 0.553 0.096
0.738 0.199 0.063
0.208 0.553 0.239
0.451 0.126 0.423
18
0.2 0.662 0.138
0.222 0.483 0.295
0.369 0.035 0.596
0.907 0.017 0.076
0.274 0.601 0.125
0.922 0.045 0.033
18
0.009 0.922 0.069
0.001 0.277 0.722
0.701 0.006 0.293
0.681 0.314 0.005
0.987 0.004 0.009
0.101 0.099 0.8

24
0.219 0.773 0.008 0.0
0.152 0.018 0.007 0.823
0.017 0.009 0.698 0.276
0.983 0.004 0.002 0.011
0.112 0.064 0.658 0.166
0.009 0.731 0.233 0.027
24
0.449 0.14 0.218 0.193
0.151 0.551 0.032 0.266
0.109 0.038 0.608 0.245
0.0 0.011 0.602 0.387
0.547 0.068 0.018 0.367
0.081 0.149 0.74 0.03
