V-CREDAL
5
4 3 2 4 2
5
2 2 0
2 3 1
1 2
3 0 4 3
1 4

16
0.051 0.024 0.389 0.536
0.245 0.751 0.003 0.001
0.011 0.575 0.367 0.047
0.001 0.032 0.112 0.855
16
0.155 0.631 0.198 0.016
0.012 0.534 0.274 0.18
0.1 0.434 0.283 0.183
0.125 0.061 0.52 0.294

12
0.055 0.501 0.444
0.97 0.013 0.017
0.316 0.325 0.359
0.131 0.776 0.093
12
0.697 0.273 0.03
0.407 0.105 0.488
0.539 0.052 0.409
0.012 0.821 0.167
12
0.196 0.802 0.002
0.467 0.229 0.304
0.901 0.02 0.079
0.093 0.538 0.369
12
0.079 0.128 0.793
0.032 0.968 0.0
0.832 0.099 0.069
0.692 0.082 0.226

4
0.505 0.495
0.759 0.241

16
0.049 0.055 0.375 0.521
0.023 0.006 0.951 0.02
0.059 0.556 0.342 0.043
0.316 0.111 0.513 0.06
16
0.138 0.05 0.801 0.011
0.12 0.017 0.135 0.728
0.075 0.175 0.746 0.004
0.083 0.314 0.507 0.096
16
0.477 0.139 0.367 0.017
0.073 0.133 0.048 0.746
0.191 0.362 0.348 0.099
0.091 0.518 0.059 0.332
16
0.522 0.359 0.016 0.103
0.254 0.315 0.116 0.315
0.112 0.059 0.297 0.532
0.216 0.154 0.395 0.235
16
0.146 0.528 0.061 0.265
0.012 0.001 0.969 0.018
0.382 0.488 0.008 0.122
0.016 0.909 0.069 0.006
16
0.125 0.064 0.6 0.211
0.194 0.003 0.075 0.728
0.081 0.654 0.258 0.007
0.214 0.213 0.194 0.379
16
0.028 0.342 0.565 0.065
0.081 0.316 0.249 0.354
0.0 0.001 0.001 0.998
0.669 0.132 0.003 0.196
16
0.005 0.047 0.945 0.003
0.14 0.329 0.427 0.104
0.009 0.046 0.785 0.16
0.148 0.086 0.266 0.5

4
0.092 0.908
0.674 0.326
