V-CREDAL
10
2 4 4 2 2 2 2 3 3 2
10
1 0
1 1
1 2
1 3
3 6 7 4
2 7 5
1 6
3 0 1 7
2 3 8
4 1 2 8 9

4
0.614 0.386
0.794 0.206

16
0.047 0.928 0.015 0.01
0.173 0.677 0.062 0.088
0.106 0.124 0.634 0.136
0.065 0.236 0.12 0.579

16
0.866 0.005 0.08 0.049
0.003 0.99 0.006 0.001
0.058 0.18 0.718 0.044
0.707 0.053 0.029 0.211

4
0.556 0.444
0.681 0.319

4
0.855 0.145
0.952 0.048
4
0.442 0.558
0.717 0.283
4
0.208 0.792
0.681 0.319
4
0.939 0.061
0.332 0.668
4
0.859 0.141
0.526 0.474
4
0.622 0.378
0.333 0.667

4
0.851 0.149
0.25 0.75
4
0.564 0.436
0.368 0.632
4
0.369 0.631
0.059 0.941

4
0.943 0.057
0.913 0.087

12
0.223 0.366 0.411
0.756 0.197 0.047
0.785 0.146 0.069
0.403 0.119 0.478
12
0.375 0.152 0.473
0.903 0.059 0.038
0.867 0.021 0.112
0.01 0.009 0.981
12
0.241 0.614 0.145
0.034 0.002 0.964
0.61 0.265 0.125
0.606 0.199 0.195
12
0.292 0.501 0.207
0.099 0.125 0.776
0.162 0.242 0.596
0.137 0.73 0.133
12
0.086 0.066 0.848
0.597 0.004 0.399
0.362 0.162 0.476
0.493 0.165 0.342
12
0.223 0.607 0.17
0.235 0.006 0.759
0.037 0.026 0.937
0.297 0.401 0.302
12
0.498 0.104 0.398
0.036 0.95 0.014
0.055 0.142 0.803
0.423 0.32 0.257
12
0.008 0.288 0.704
0.509 0.08 0.411
0.011 0.977 0.012
0.016 0.001 0.983

12
0.777 0.131 0.092
0.271 0.6 0.129
0.023 0.886 0.091
0.913 0.07 0.017
12
0.598 0.046 0.356
0.202 0.476 0.322
0.25 0.746 0.004
0.108 0.59 0.302

4
0.38 0.62
0.514 0.486
4
0.972 0.028
0.078 0.922
4
0.316 0.684
0.163 0.837
4
0.421 0.579
0.407 0.593
4
0.278 0.722
0.92 0.08
4
0.817 0.183
0.812 0.188
4
0.453 0.547
0.983 0.017
4
0.711 0.289
0.367 0.633
4
0.972 0.028
0.196 0.804
4
0.753 0.247
0.235 0.765
4
0.717 0.283
0.81 0.19
4
0.863 0.137
0.872 0.128
4
0.555 0.445
0.087 0.913
4
0.883 0.117
0.444 0.556
4
0.313 0.687
0.975 0.025
4
0.917 0.083
0.571 0.429
4
0.098 0.902
0.203 0.797
4
0.486 0.514
0.074 0.926
4
0.927 0.073
0.207 0.793
4
0.203 0.797
0.661 0.339
4
0.46 0.54
0.541 0.459
4
0.937 0.063
0.574 0.426
4
0.099 0.901
0.86 0.14
4
0.975 0.025
0.731 0.269
4
0.401 0.599
0.788 0.212
4
0.647 0.353
0.574 0.426
4
0.705 0.295
0.387 0.613
4
0.463 0.537
0.291 0.709
4
0.294 0.706
0.379 0.621
4
0.547 0.453
0.197 0.803
4
0.475 0.525
0.341 0.659
4
0.634 0.366
0.976 0.024
4
0.747 0.253
0.596 0.404
4
0.75 0.25
0.971 0.029
4
0.339 0.661
0.532 0.468
4
0.559 0.441
0.796 0.204
4
0.38 0.62
0.674 0.326
4
0.696 0.304
0.083 0.917
4
0.511 0.489
0.932 0.068
4
0.084 0.916
0.923 0.077
4
0.656 0.344
0.119 0.881
4
0.964 0.036
0.297 0.703
4
0.316 0.684
0.28 0.72
4
0.374 0.626
0.14 0.86
4
0.111 0.889
0.106 0.894
4
0.033 0.967
0.123 0.877
4
0.751 0.249
0.832 0.168
4
0.755 0.245
0.64 0.36
