V-CREDAL
9
4 2 3 4 3 3 4 4 4
9
1 0
2 0 1
2 1 2
2 2 3
2 3 4
2 4 5
2 5 6
2 6 7
2 7 8

16
0.966 0.02 0.009 0.005
0.161 0.662 0.028 0.149
0.053 0.059 0.315 0.573
0.296 0.005 0.601 0.098

4
0.408 0.592
0.92 0.08
4
0.743 0.257
0.61 0.39
4
0.972 0.028
0.561 0.439
4
0.3 0.7
0.719 0.281

12
0.421 0.262 0.317
0.014 0.014 0.972
0.471 0.481 0.048
0.367 0.593 0.04
12
0.788 0.209 0.003
0.537 0.362 0.101
0.494 0.385 0.121
0.011 0.503 0.486

16
0.164 0.534 0.245 0.057
0.058 0.523 0.169 0.25
0.04 0.171 0.673 0.116
0.327 0.666 0.003 0.004
16
0.253 0.016 0.707 0.024
0.126 0.127 0.658 0.089
0.34 0.002 0.059 0.599
0.253 0.011 0.188 0.548
16
0.038 0.032 0.031 0.899
0.001 0.002 0.009 0.988
0.072 0.083 0.031 0.814
0.018 0.127 0.012 0.843

12
0.921 0.007 0.072
0.003 0.946 0.051
0.513 0.067 0.42
0.495 0.498 0.007
12
0.501 0.367 0.132
0.347 0.036 0.617
0.216 0.253 0.531
0.144 0.641 0.215
12
0.461 0.257 0.282
0.382 0.261 0.357
0.011 0.8 0.189
0.464 0.232 0.304
12
0.346 0.433 0.221
0.114 0.061 0.825
0.25 0.651 0.099
0.111 0.403 0.486

12
0.458 0.371 0.171
0.533 0.117 0.35
0.308 0.387 0.305
0.046 0.749 0.205
12
0.008 0.124 0.868
0.001 0.924 0.075
0.419 0.441 0.14
0.424 0.032 0.544
12
0.246 0.212 0.542
0.094 0.853 0.053
0.842 0.002 0.156
0.493 0.084 0.423

16
0.143 0.02 0.048 0.789
0.098 0.687 0.168 0.047
0.477 0.362 0.025 0.136
0.637 0.052 0.194 0.117
16
0.033 0.469 0.44 0.058
0.451 0.017 0.332 0.2
0.169 0.032 0.186 0.613
0.014 0.67 0.085 0.231
16
0.51 0.451 0.037 0.002
0.844 0.014 0.043 0.099
0.157 0.348 0.031 0.464
0.329 0.141 0.099 0.431

16
0.763 0.202 0.028 0.007
0.003 0.918 0.045 0.034
0.493 0.383 0.054 0.07
0.045 0.087 0.255 0.613
16
0.102 0.234 0.28 0.384
0.39 0.099 0.345 0.166
0.018 0.194 0.252 0.536
0.192 0.106 0.331 0.371
16
0.255 0.016 0.344 0.385
0.226 0.176 0.119 0.479
0.055 0.009 0.644 0.292
0.061 0.523 0.231 0.185
16
0.69 0.024 0.262 0.024
0.363 0.422 0.103 0.112
0.046 0.028 0.911 0.015
0.048 0.05 0.511 0.391

16
0.02 0.03 0.005 0.945
0.768 0.072 0.144 0.016
0.099 0.9 0.001 0.0
0.172 0.065 0.47 0.293
16
0.013 0.001 0.112 0.874
0.86 0.034 0.091 0.015
0.551 0.015 0.347 0.087
0.927 0.013 0.031 0.029
16
0.013 0.009 0.3 0.678
0.001 0.855 0.005 0.139
0.02 0.347 0.497 0.136
0.269 0.011 0.696 0.024
16
0.02 0.197 0.385 0.398
0.646 0.064 0.176 0.114
0.083 0.48 0.434 0.003
0.022 0.371 0.481 0.126
