V-CREDAL
9
3 3 2 4 4 4 3 3 3
9
1 0
2 0 1
2 1 2
2 2 3
2 3 4
2 4 5
2 5 6
2 6 7
2 7 8

12
0.198 0.667 0.135
0.767 0.051 0.182
0.0 0.087 0.913
0.13 0.652 0.218

12
0.429 0.566 0.005
0.026 0.974 0.0
0.174 0.63 0.196
0.627 0.266 0.107
12
0.089 0.516 0.395
0.337 0.189 0.474
0.532 0.436 0.032
0.631 0.112 0.257
12
0.458 0.424 0.118
0.063 0.714 0.223
0.322 0.008 0.67
0.093 0.348 0.559

4
0.393 0.607
0.675 0.325
4
0.045 0.955
0.182 0.818
4
0.697 0.303
0.701 0.299

16
0.014 0.013 0.001 0.972
0.069 0.149 0.601 0.181
0.273 0.651 0.02 0.056
0.006 0.918 0.036 0.04
16
0.114 0.447 0.161 0.278
0.089 0.097 0.315 0.499
0.2 0.317 0.006 0.477
0.992 0.001 0.005 0.002

16
0.015 0.028 0.229 0.728
0.071 0.746 0.13 0.053
0.356 0.05 0.295 0.299
0.864 0.01 0.029 0.097
16
0.494 0.323 0.161 0.022
0.032 0.754 0.101 0.113
0.33 0.08 0.079 0.511
0.712 0.039 0.239 0.01
16
0.026 0.235 0.006 0.733
0.768 0.019 0.206 0.007
0.019 0.947 0.011 0.023
0.006 0.017 0.977 0.0
16
0.192 0.783 0.023 0.002
0.001 0.045 0.174 0.78
0.554 0.153 0.144 0.149
0.179 0.35 0.032 0.439

16
0.033 0.507 0.063 0.397
0.505 0.383 0.079 0.033
0.089 0.082 0.489 0.34
0.059 0.151 0.035 0.755
16
0.091 0.303 0.505 0.101
0.001 0.001 0.982 0.016
0.041 0.088 0.867 0.004
0.006 0.002 0.898 0.094
16
0.044 0.223 0.217 0.516
0.202 0.428 0.346 0.024
0.055 0.566 0.093 0.286
0.034 0.697 0.056 0.213
16
0.009 0.001 0.989 0.001
0.082 0.307 0.339 0.272
0.003 0.911 0.001 0.085
0.083 0.078 0.816 0.023

12
0.85 0.022 0.128
0.053 0.232 0.715
0.276 0.615 0.109
0.411 0.062 0.527
12
0.688 0.127 0.185
0.007 0.992 0.001
0.05 0.309 0.641
0.038 0.337 0.625
12
0.883 0.017 0.1
0.196 0.03 0.774
0.733 0.228 0.039
0.0 0.98 0.02
12
0.314 0.34 0.346
0.616 0.276 0.108
0.904 0.021 0.075
0.656 0.005 0.339

12
0.189 0.807 0.004
0.04 0.592 0.368
0.007 0.726 0.267
0.459 0.01 0.531
12
0.588 0.293 0.119
0.601 0.21 0.189
0.108 0.346 0.546
0.32 0.058 0.622
12
0.414 0.457 0.129
0.472 0.123 0.405
0.524 0.199 0.277
0.101 0.614 0.285

12
0.243 0.684 0.073
0.217 0.732 0.051
0.023 0.229 0.748
0.04 0.015 0.945
12
0.034 0.491 0.475
0.757 0.227 0.016
0.033 0.958 0.009
0.806 0.008 0.186
12
0.186 0.678 0.136
0.926 0.019 0.055
0.415 0.306 0.279
0.879 0.112 0.009
