V-CREDAL
6
3 3 2 4 4 4
6
1 0
2 0 1
2 1 2
2 2 3
2 3 4
2 4 5

12
0.431 0.093 0.476
0.216 0.354 0.43
0.655 0.106 0.239
0.138 0.856 0.006

12
0.408 0.496 0.096
0.098 0.565 0.337
0.995 0.001 0.004
0.061 0.131 0.808
12
0.163 0.119 0.718
0.15 0.806 0.044
0.075 0.897 0.028
0.272 0.562 0.166
12
0.411 0.37 0.219
0.945 0.047 0.008
0.039 0.069 0.892
0.944 0.036 0.02

4
0.568 0.432
0.149 0.851
4
0.308 0.692
0.831 0.169
4
0.144 0.856
0.038 0.962

16
0.937 0.005 0.057 0.001
0.046 0.413 0.081 0.46
0.044 0.21 0.017 0.729
0.043 0.692 0.133 0.132
16
0.008 0.281 0.55 0.161
0.248 0.501 0.024 0.227
0.016 0.936 0.022 0.026
0.03 0.478 0.234 0.258

16
0.205 0.012 0.766 0.017
0.883 0.056 0.053 0.008
0.725 0.108 0.084 0.083
0.589 0.029 0.111 0.271
16
0.04 0.2 0.496 0.264
0.034 0.086 0.361 0.519
0.651 0.286 0.01 0.053
0.192 0.249 0.402 0.157
16
0.236 0.046 0.42 0.298
0.503 0.008 0.417 0.072
0.039 0.442 0.021 0.498
0.096 0.001 0.809 0.094
16
0.055 0.146 0.246 0.553
0.005 0.843 0.07 0.082
0.414 0.174 0.13 0.282
0.003 0.448 0.537 0.012

16
0.163 0.002 0.829 0.006
0.487 0.073 0.383 0.057
0.179 0.134 0.036 0.651
0.707 0.048 0.024 0.221
16
0.943 0.023 0.024 0.01
0.156 0.206 0.583 0.055
0.31 0.083 0.599 0.008
0.09 0.092 0.053 0.765
16
0.026 0.055 0.861 0.058
0.493 0.131 0.334 0.042
0.17 0.693 0.021 0.116
0.756 0.049 0.091 0.104
16
0.003 0.032 0.006 0.959
0.01 0.021 0.005 0.964
0.411 0.312 0.215 0.062
0.028 0.654 0.138 0.18
