V-CREDAL
9
2 3 4 2 4 2 2 2 2
9
1 0
2 0 1
2 1 2
2 2 3
2 3 4
2 4 5
2 5 6
2 6 7
2 7 8

4
0.921 0.079
0.368 0.632

12
0.148 0.035 0.817
0.122 0.85 0.028
0.42 0.229 0.351
0.128 0.355 0.517
12
0.955 0.042 0.003
0.512 0.484 0.004
0.382 0.005 0.613
0.345 0.614 0.041

16
0.372 0.121 0.373 0.134
0.138 0.153 0.0 0.709
0.008 0.079 0.048 0.865
0.07 0.243 0.02 0.667
16
0.125 0.789 0.032 0.054
0.019 0.121 0.849 0.011
0.459 0.034 0.189 0.318
0.108 0.049 0.018 0.825
16
0.092 0.775 0.036 0.097
0.344 0.095 0.336 0.225
0.064 0.142 0.439 0.355
0.935 0.024 0.033 0.008

4
0.636 0.364
0.418 0.582
4
0.633 0.367
0.304 0.696
4
0.529 0.471
0.346 0.654
4
0.56 0.44
0.446 0.554

16
0.655 0.033 0.041 0.271
0.254 0.022 0.004 0.72
0.457 0.114 0.005 0.424
0.096 0.398 0.141 0.365
16
0.269 0.245 0.091 0.395
0.02 0.22 0.504 0.256
0.18 0.202 0.554 0.064
0.647 0.156 0.011 0.186

4
0.45 0.55
0.914 0.086
4
0.044 0.956
0.471 0.529
4
0.145 0.855
0.659 0.341
4
0.161 0.839
0.688 0.312

4
0.465 0.535
0.164 0.836
4
0.421 0.579
0.698 0.302

4
0.614 0.386
0.503 0.497
4
0.044 0.956
0.732 0.268

4
0.236 0.764
0.249 0.751
4
0.949 0.051
0.91 0.09
