V-CREDAL
4
4 2 2 4
4
1 0
2 0 1
2 1 2
2 2 3

24
0.01 0.033 0.943 0.014
0.065 0.082 0.558 0.295
0.396 0.012 0.03 0.562
0.024 0.117 0.541 0.318
0.04 0.136 0.791 0.033
0.613 0.012 0.142 0.233

4
0.43 0.57
0.587 0.413
4
0.136 0.864
0.986 0.014
4
0.381 0.619
0.082 0.918
4
0.007 0.993
0.619 0.381

4
0.413 0.587
0.37 0.63
4
0.603 0.397
0.095 0.905

24
0.171 0.004 0.025 0.8
0.006 0.168 0.475 0.351
0.354 0.446 0.159 0.041
0.214 0.395 0.118 0.273
0.121 0.068 0.007 0.804
0.181 0.361 0.047 0.411
24
0.002 0.004 0.178 0.816
0.1 0.068 0.618 0.214
0.002 0.67 0.005 0.323
0.036 0.002 0.002 0.96
0.408 0.099 0.005 0.488
0.7 0.207 0.074 0.019
