V-CREDAL
4
3 3 3 3
4
2 2 0
2 0 1
1 2
2 1 3

12
0.647 0.192 0.161
0.233 0.674 0.093
0.592 0.132 0.276
0.256 0.714 0.03
12
0.156 0.469 0.375
0.047 0.313 0.64
0.387 0.507 0.106
0.259 0.24 0.501
12
0.346 0.565 0.089
0.041 0.331 0.628
0.531 0.149 0.32
0.859 0.052 0.089

12
0.14 0.698 0.162
0.455 0.229 0.316
0.429 0.168 0.403
0.305 0.319 0.376
12
0.269 0.261 0.47
0.195 0.032 0.773
0.834 0.129 0.037
0.652 0.011 0.337
12
0.098 0.026 0.876
0.148 0.233 0.619
0.707 0.101 0.192
0.044 0.09 0.866

12
0.101 0.747 0.152
0.022 0.036 0.942
0.415 0.303 0.282
0.202 0.715 0.083

12
0.694 0.305 0.001
0.188 0.057 0.755
0.181 0.058 0.761
0.114 0.313 0.573
12
0.188 0.274 0.538
0.479 0.115 0.406
0.889 0.019 0.092
0.042 0.229 0.729
12
0.292 0.321 0.387
0.176 0.528 0.296
0.078 0.337 0.585
0.077 0.09 0.833
