V-CREDAL 
4 
5 4 5 2 
4 
1 0 
3 2 3 1 
2 0 2 
1 3 

30 
0.00744 0.96759 0.0108 0.01404 1.3E-4 
0.00502 0.21478 0.08573 0.39178 0.30269 
0.27989 0.23083 4.7E-4 0.10276 0.38605 
0.01743 0.06445 0.03574 0.62933 0.25305 
5.0E-4 0.04869 0.51224 0.07966 0.35891 
0.78363 0.00144 0.05876 0.06907 0.0871 

24 
0.07605 0.33826 0.3957 0.18999 
0.00713 0.00219 0.02443 0.96625 
0.2869 0.14581 0.54244 0.02485 
0.1126 0.06945 0.46576 0.35219 
0.09885 0.14932 0.00949 0.74234 
0.09191 0.34415 0.38162 0.18232 
24 
0.45313 0.34795 0.03887 0.16005 
0.12086 0.00895 0.8675 0.00269 
0.40893 0.07005 0.01075 0.51027 
0.12142 0.58411 0.01799 0.27648 
0.13129 0.07198 0.42444 0.37229 
0.03024 0.27997 0.06215 0.62764 
24 
0.02984 0.1272 0.76694 0.07602 
0.03442 0.81034 0.15182 0.00342 
0.29823 0.3127 0.32557 0.0635 
0.04904 0.23638 0.58307 0.13151 
0.16689 0.19911 0.48038 0.15362 
0.04814 0.65751 0.23739 0.05696 
24 
0.43551 0.24586 0.2258 0.09283 
0.65456 0.20665 0.04526 0.09353 
3.3E-4 0.00156 0.00866 0.98945 
0.0165 0.00861 0.00643 0.96846 
0.87005 0.11906 0.00872 0.00217 
0.01621 0.06519 0.87853 0.04007 
24 
0.53798 0.10645 0.18068 0.17489 
0.73161 0.23512 0.00532 0.02795 
0.01878 0.15355 0.10199 0.72568 
0.8506 0.03001 0.00868 0.11071 
0.18452 0.00657 0.08384 0.72507 
0.83123 0.00477 0.13296 0.03104 
24 
3.8E-4 6.0E-5 0.62487 0.37469 
0.10862 0.04323 0.19491 0.65324 
0.42519 0.38902 0.03163 0.15416 
0.09405 0.62852 0.13214 0.14529 
0.59659 0.22978 0.09183 0.0818 
0.04456 0.42077 0.51348 0.02119 
24 
0.11172 0.10982 0.76698 0.01148 
0.04303 0.698 0.00169 0.25728 
0.59086 0.0324 0.37483 0.00191 
0.15336 0.33393 0.20715 0.30556 
0.22865 0.48825 0.16195 0.12115 
0.03092 0.48969 0.04369 0.4357 
24 
0.25463 0.22428 0.48464 0.03645 
0.0566 0.06774 0.00877 0.86689 
0.02205 0.07148 0.26017 0.6463 
0.34226 0.06624 0.26555 0.32595 
0.48573 0.30682 0.01848 0.18897 
0.28917 0.02375 0.30449 0.38259 
24 
0.94045 0.02611 0.0204 0.01304 
0.4179 0.36793 0.09549 0.11868 
0.11544 0.00233 0.87439 0.00784 
0.89948 0.0707 0.00153 0.02829 
0.14312 0.00621 0.02967 0.821 
0.82972 0.00624 0.10518 0.05886 
24 
0.0236 0.14239 0.78228 0.05173 
0.24468 0.18628 0.15607 0.41297 
0.26524 0.26667 0.2715 0.19659 
0.15036 0.6805 0.11759 0.05155 
0.04194 0.04855 0.40017 0.50934 
0.00827 0.39841 0.59161 0.00171 

30 
0.09697 0.52854 0.13791 0.00508 0.2315 
0.80555 0.08512 0.01936 0.02156 0.06841 
0.03917 0.00954 0.06385 0.02056 0.86688 
0.66398 5.8E-4 0.08128 0.24934 0.00482 
0.99729 0.00115 1.2E-4 9.2E-4 5.2E-4 
0.00539 0.53241 0.32442 0.03272 0.10506 
30 
0.15607 0.02638 0.08409 0.06113 0.67233 
0.0119 0.97224 0.00257 0.00803 0.00526 
0.00525 4.0E-5 0.98931 0.00288 0.00252 
0.55183 0.18568 0.09066 0.15776 0.01407 
0.14019 0.00997 0.05186 0.5759 0.22208 
0.04408 0.02007 0.40388 0.35839 0.17358 
30 
0.35126 0.34594 0.03687 0.22646 0.03947 
0.00847 9.3E-4 0.31873 0.54235 0.12952 
0.42704 0.21165 0.22384 0.08608 0.05139 
0.4432 0.05298 0.44037 0.02529 0.03816 
0.07924 0.05923 0.37417 0.47608 0.01128 
0.45456 0.0027 2.0E-5 0.54258 1.4E-4 
30 
0.02419 0.72723 0.15146 0.08697 0.01015 
0.33583 0.00559 0.09178 0.00218 0.56462 
0.29756 0.00413 0.66137 0.00906 0.02788 
0.67882 0.06652 0.21427 0.03409 0.0063 
0.96847 0.01994 0.00482 1.6E-4 0.00661 
0.08966 0.01289 0.00258 0.4769 0.41797 
30 
4.0E-5 0.01096 0.36688 1.2E-4 0.622 
0.02558 0.03971 0.00126 4.5E-4 0.933 
0.50771 0.00271 0.02912 0.02164 0.43882 
0.88331 0.00955 0.0017 0.09659 0.00885 
0.26484 6.5E-4 0.7291 0.00318 0.00223 
0.47591 0.14019 0.06054 0.18519 0.13817 

4 
0.97469 0.02531 
0.94368 0.05632 
