V-CREDAL
8
2 3 3 3 4 2 4 4
8
1 0
2 0 1
2 1 2
2 2 3
2 3 4
2 4 5
2 5 6
2 6 7

4
0.51 0.49
0.282 0.718

18
0.801 0.082 0.117
0.501 0.469 0.03
0.461 0.025 0.514
0.84 0.005 0.155
0.0 0.844 0.156
0.276 0.261 0.463
18
0.006 0.983 0.011
0.007 0.31 0.683
0.004 0.979 0.017
0.995 0.001 0.004
0.06 0.01 0.93
0.429 0.569 0.002

18
0.427 0.532 0.041
0.636 0.068 0.296
0.035 0.784 0.181
0.025 0.34 0.635
0.577 0.304 0.119
0.175 0.703 0.122
18
0.618 0.319 0.063
0.019 0.024 0.957
0.696 0.285 0.019
0.786 0.129 0.085
0.469 0.078 0.453
0.258 0.265 0.477
18
0.387 0.58 0.033
0.004 0.922 0.074
0.045 0.004 0.951
0.889 0.08 0.031
0.526 0.452 0.022
0.014 0.088 0.898

18
0.528 0.078 0.394
0.042 0.797 0.161
0.074 0.004 0.922
0.726 0.256 0.018
0.282 0.017 0.701
0.183 0.006 0.811
18
0.015 0.787 0.198
0.076 0.165 0.759
0.371 0.07 0.559
0.1 0.791 0.109
0.771 0.014 0.215
0.66 0.294 0.046
18
0.2 0.183 0.617
0.445 0.542 0.013
0.939 0.008 0.053
0.516 0.041 0.443
0.262 0.709 0.029
0.736 0.235 0.029

24
0.679 0.124 0.189 0.008
0.824 0.043 0.13 0.003
0.033 0.001 0.965 0.001
0.268 0.24 0.289 0.203
0.108 0.119 0.305 0.468
0.0 0.002 0.981 0.017
24
0.012 0.036 0.842 0.11
0.015 0.148 0.066 0.771
0.122 0.487 0.191 0.2
0.011 0.102 0.825 0.062
0.231 0.031 0.632 0.106
0.493 0.074 0.211 0.222
24
0.26 0.533 0.151 0.056
0.149 0.019 0.379 0.453
0.383 0.13 0.122 0.365
0.377 0.24 0.038 0.345
0.287 0.018 0.616 0.079
0.316 0.198 0.107 0.379

4
0.364 0.636
0.068 0.932
4
0.922 0.078
0.178 0.822
4
0.545 0.455
0.386 0.614
4
0.203 0.797
0.399 0.601

24
0.838 0.108 0.04 0.014
0.174 0.149 0.648 0.029
0.313 0.061 0.619 0.007
0.336 0.061 0.36 0.243
0.149 0.739 0.043 0.069
0.233 0.084 0.68 0.003
24
0.798 0.038 0.114 0.05
0.042 0.044 0.72 0.194
0.101 0.55 0.308 0.041
0.046 0.883 0.068 0.003
0.29 0.428 0.213 0.069
0.983 0.013 0.002 0.002

24
0.748 0.237 0.004 0.011
0.195 0.329 0.463 0.013
0.384 0.301 0.053 0.262
0.075 0.612 0.3 0.013
0.199 0.267 0.031 0.503
0.667 0.151 0.065 0.117
24
0.05 0.001 0.606 0.343
0.08 0.221 0.047 0.652
0.509 0.168 0.235 0.088
0.011 0.891 0.076 0.022
0.077 0.023 0.896 0.004
0.155 0.678 0.032 0.135
24
0.002 0.022 0.001 0.975
0.085 0.272 0.497 0.146
0.198 0.539 0.204 0.059
0.013 0.962 0.007 0.018
0.7 0.138 0.149 0.013
0.948 0.015 0.032 0.005
24
0.442 0.13 0.178 0.25
0.003 0.005 0.111 0.881
0.198 0.03 0.491 0.281
0.032 0.622 0.036 0.31
0.048 0.144 0.401 0.407
0.266 0.282 0.346 0.106
