V-CREDAL
9
4 3 2 4 2 3 4 3 2
9
2 4 0
3 0 3 1
2 7 2
1 3
1 4
3 0 6 5
2 2 6
1 7
2 6 8

16
0.188 0.052 0.05 0.71
0.346 0.149 0.127 0.378
0.19 0.119 0.498 0.193
0.352 0.009 0.032 0.607
16
0.554 0.002 0.033 0.411
0.014 0.429 0.545 0.012
0.054 0.051 0.174 0.721
0.525 0.044 0.014 0.417

12
0.052 0.879 0.069
0.879 0.11 0.011
0.453 0.544 0.003
0.023 0.834 0.143
12
0.095 0.552 0.353
0.373 0.433 0.194
0.437 0.023 0.54
0.109 0.457 0.434
12
0.931 0.044 0.025
0.059 0.328 0.613
0.03 0.524 0.446
0.857 0.06 0.083
12
0.096 0.08 0.824
0.062 0.667 0.271
0.764 0.229 0.007
0.251 0.713 0.036
12
0.98 0.012 0.008
0.029 0.151 0.82
0.849 0.067 0.084
0.162 0.276 0.562
12
0.032 0.116 0.852
0.319 0.34 0.341
0.126 0.831 0.043
0.339 0.53 0.131
12
0.283 0.152 0.565
0.932 0.015 0.053
0.603 0.117 0.28
0.117 0.13 0.753
12
0.2 0.112 0.688
0.745 0.021 0.234
0.533 0.298 0.169
0.82 0.061 0.119
12
0.144 0.845 0.011
0.071 0.088 0.841
0.088 0.885 0.027
0.183 0.679 0.138
12
0.038 0.52 0.442
0.791 0.099 0.11
0.113 0.215 0.672
0.673 0.211 0.116
12
0.644 0.154 0.202
0.257 0.488 0.255
0.269 0.619 0.112
0.906 0.054 0.04
12
0.369 0.291 0.34
0.127 0.585 0.288
0.218 0.7 0.082
0.438 0.363 0.199
12
0.162 0.818 0.02
0.253 0.176 0.571
0.04 0.128 0.832
0.108 0.028 0.864
12
0.553 0.103 0.344
0.634 0.076 0.29
0.977 0.011 0.012
0.739 0.174 0.087
12
0.546 0.243 0.211
0.057 0.46 0.483
0.184 0.643 0.173
0.259 0.041 0.7
12
0.002 0.998 0.0
0.172 0.25 0.578
0.001 0.997 0.002
0.125 0.531 0.344

4
0.045 0.955
0.357 0.643
4
0.624 0.376
0.518 0.482
4
0.379 0.621
0.645 0.355

16
0.077 0.161 0.066 0.696
0.746 0.059 0.092 0.103
0.012 0.033 0.607 0.348
0.09 0.794 0.069 0.047

4
0.019 0.981
0.588 0.412

12
0.261 0.416 0.323
0.215 0.196 0.589
0.029 0.375 0.596
0.037 0.951 0.012
12
0.457 0.086 0.457
0.586 0.271 0.143
0.261 0.615 0.124
0.212 0.59 0.198
12
0.698 0.057 0.245
0.061 0.746 0.193
0.498 0.384 0.118
0.072 0.891 0.037
12
0.916 0.056 0.028
0.955 0.044 0.001
0.042 0.041 0.917
0.024 0.085 0.891
12
0.15 0.789 0.061
0.189 0.01 0.801
0.318 0.312 0.37
0.094 0.191 0.715
12
0.312 0.212 0.476
0.008 0.37 0.622
0.576 0.222 0.202
0.109 0.511 0.38
12
0.938 0.058 0.004
0.016 0.409 0.575
0.298 0.485 0.217
0.204 0.081 0.715
12
0.088 0.122 0.79
0.101 0.142 0.757
0.076 0.245 0.679
0.12 0.248 0.632
12
0.018 0.167 0.815
0.184 0.769 0.047
0.747 0.248 0.005
0.739 0.229 0.032
12
0.046 0.616 0.338
0.047 0.414 0.539
0.464 0.124 0.412
0.708 0.015 0.277
12
0.937 0.005 0.058
0.512 0.013 0.475
0.038 0.091 0.871
0.015 0.307 0.678
12
0.364 0.039 0.597
0.371 0.517 0.112
0.017 0.395 0.588
0.382 0.344 0.274
12
0.203 0.257 0.54
0.021 0.897 0.082
0.506 0.242 0.252
0.175 0.696 0.129
12
0.601 0.197 0.202
0.062 0.139 0.799
0.009 0.913 0.078
0.172 0.061 0.767
12
0.004 0.828 0.168
0.615 0.146 0.239
0.176 0.018 0.806
0.64 0.111 0.249
12
0.123 0.616 0.261
0.229 0.114 0.657
0.247 0.088 0.665
0.267 0.655 0.078

16
0.003 0.698 0.284 0.015
0.062 0.043 0.782 0.113
0.392 0.258 0.238 0.112
0.003 0.081 0.916 0.0
16
0.069 0.065 0.367 0.499
0.008 0.003 0.014 0.975
0.068 0.099 0.167 0.666
0.116 0.649 0.16 0.075

12
0.16 0.376 0.464
0.952 0.037 0.011
0.323 0.166 0.511
0.744 0.007 0.249

4
0.395 0.605
0.604 0.396
4
0.252 0.748
0.909 0.091
4
0.487 0.513
0.872 0.128
4
0.841 0.159
0.12 0.88
