V-CREDAL 
4 
2 3 2 2 
4 
1 0 
3 0 3 1 
2 3 2 
1 3 

4 
0.15858 0.84142 
0.48902 0.51098 

12 
0.60726 0.18622 0.20652 
0.23022 0.48612 0.28366 
0.42434 0.51918 0.05648 
0.13242 0.84933 0.01825 
12 
0.78769 0.0445 0.16781 
0.19519 0.75354 0.05127 
0.80783 0.11203 0.08014 
0.29017 0.49627 0.21356 
12 
0.03209 0.30341 0.6645 
0.82405 0.00883 0.16712 
0.02534 0.87109 0.10357 
0.72709 0.11583 0.15708 
12 
0.04401 0.82532 0.13067 
0.00839 0.20236 0.78925 
0.71667 0.08288 0.20045 
1.0E-4 0.22519 0.77471 

4 
0.83859 0.16141 
0.07623 0.92377 
4 
0.23574 0.76426 
0.04861 0.95139 

4 
0.73255 0.26745 
0.9675 0.0325 
