V-CREDAL 
8 
3 2 4 3 3 5 3 4 
8 
1 0 
2 3 1 
3 1 6 2 
1 3 
3 0 5 4 
2 6 5 
1 6 
2 5 7 

18 
0.01612 0.02062 0.96326 
0.91805 0.01671 0.06524 
0.89235 0.08218 0.02547 
0.00777 0.98165 0.01058 
0.10645 0.00209 0.89146 
0.64189 0.35101 0.0071 

4 
0.34927 0.65073 
0.08424 0.91576 
4 
0.55693 0.44307 
0.46355 0.53645 
4 
0.48994 0.51006 
0.20988 0.79012 

24 
0.10862 0.85542 0.02647 0.00949 
0.02599 0.65424 0.13563 0.18414 
0.62781 0.023 0.33739 0.0118 
0.14608 0.01954 0.04585 0.78853 
0.06444 0.676 0.04949 0.21007 
0.09399 0.07499 0.63923 0.19179 
24 
0.00483 0.94157 0.04628 0.00732 
0.53366 0.29355 0.03272 0.14007 
0.71949 0.10071 0.07953 0.10027 
1.0E-5 0.06134 0.4586 0.48005 
0.00586 0.13005 0.80751 0.05658 
0.12627 0.16479 0.01152 0.69742 
24 
0.08243 0.05071 0.15807 0.70879 
0.32806 0.07997 0.08141 0.51056 
0.09547 0.30628 0.58832 0.00993 
0.11909 0.08383 0.00971 0.78737 
0.16967 0.50283 0.10745 0.22005 
0.0134 0.64942 0.30114 0.03604 
24 
0.00452 0.53585 0.20541 0.25422 
0.26897 0.15462 0.44411 0.1323 
0.0142 0.96218 0.013 0.01062 
0.29142 0.43737 0.08019 0.19102 
0.3106 0.13126 0.54481 0.01333 
0.00313 0.97183 0.01154 0.0135 
24 
0.22374 0.69002 0.03366 0.05258 
0.21594 0.12001 0.29167 0.37238 
0.03532 0.73441 0.1079 0.12237 
0.23271 0.44994 0.25817 0.05918 
0.07987 0.12416 0.45276 0.34321 
0.23523 0.05192 0.25272 0.46013 
24 
0.06863 0.7123 0.10026 0.11881 
0.06223 0.92538 0.00625 0.00614 
0.93951 0.00491 0.05427 0.00131 
0.88807 0.01004 0.03755 0.06434 
0.39556 0.11829 0.39949 0.08666 
0.29085 0.02099 0.01025 0.67791 

18 
0.72477 0.27462 6.1E-4 
0.79672 0.14234 0.06094 
0.02918 0.26802 0.7028 
0.05684 0.07413 0.86903 
0.07637 0.88457 0.03906 
0.36318 0.05568 0.58114 

18 
0.16559 0.62381 0.2106 
0.04413 0.04999 0.90588 
0.71066 0.02075 0.26859 
0.46483 0.01868 0.51649 
0.95753 0.03109 0.01138 
0.00565 0.45082 0.54353 
18 
0.97532 0.01733 0.00735 
0.0049 0.46858 0.52652 
0.00259 0.02271 0.9747 
0.44312 0.45535 0.10153 
0.17897 0.0095 0.81153 
0.95065 0.0412 0.00815 
18 
0.00786 0.0223 0.96984 
0.09566 0.85906 0.04528 
0.03444 0.75448 0.21108 
0.96738 0.00287 0.02975 
0.39222 0.59161 0.01617 
0.04506 0.88699 0.06795 
18 
0.38709 0.54292 0.06999 
0.17793 0.65974 0.16233 
0.03944 0.60938 0.35118 
0.06589 0.02772 0.90639 
0.64916 0.2178 0.13304 
0.55319 0.17941 0.2674 
18 
0.11342 0.46314 0.42344 
0.12596 0.7283 0.14574 
0.78063 0.02495 0.19442 
0.65399 0.296 0.05001 
0.01803 0.80278 0.17919 
0.56547 0.14763 0.2869 
18 
0.01589 0.97962 0.00449 
0.87383 0.06733 0.05884 
0.19716 0.12051 0.68233 
0.01746 0.30696 0.67558 
0.34824 0.00527 0.64649 
0.92019 0.01251 0.0673 
18 
0.26984 0.57654 0.15362 
0.13379 0.03907 0.82714 
0.48025 0.26466 0.25509 
0.02661 0.77224 0.20115 
0.04259 0.00123 0.95618 
0.00861 0.00879 0.9826 
18 
0.24467 0.07265 0.68268 
0.88553 0.03078 0.08369 
0.42446 0.53204 0.0435 
0.22672 0.58776 0.18552 
0.44088 0.03177 0.52735 
0.68727 0.2724 0.04033 
18 
0.0498 0.0408 0.9094 
0.40425 0.58648 0.00927 
0.31074 0.54904 0.14022 
0.77447 0.09269 0.13284 
0.65614 0.00889 0.33497 
0.75508 0.06603 0.17889 
18 
0.57234 0.15331 0.27435 
0.2521 0.71283 0.03507 
0.02323 0.82256 0.15421 
0.81683 0.0698 0.11337 
0.05863 0.59338 0.34799 
0.50696 0.42562 0.06742 
18 
0.16724 0.69077 0.14199 
0.08066 0.1922 0.72714 
0.71957 0.13591 0.14452 
0.02431 0.23063 0.74506 
0.68504 0.08462 0.23034 
0.20486 0.78797 0.00717 
18 
0.32251 0.21923 0.45826 
0.21587 0.66529 0.11884 
0.09576 0.54656 0.35768 
0.2201 0.08776 0.69214 
0.0371 0.33927 0.62363 
0.10722 0.0182 0.87458 
18 
0.07639 0.15369 0.76992 
0.9221 0.01582 0.06208 
0.01949 0.34607 0.63444 
0.06575 0.813 0.12125 
0.14744 0.84862 0.00394 
0.05533 0.1914 0.75327 
18 
0.43805 0.05736 0.50459 
0.07067 0.06432 0.86501 
0.26516 0.70765 0.02719 
0.04321 0.83722 0.11957 
0.66359 0.10493 0.23148 
0.65978 0.05365 0.28657 
18 
0.68629 0.22701 0.0867 
0.55318 0.44168 0.00514 
6.4E-4 0.78316 0.2162 
0.38254 0.57746 0.04 
0.36388 0.03815 0.59797 
0.00278 0.65302 0.3442 

30 
0.01171 0.0034 0.01815 0.546 0.42074 
0.10758 0.8773 0.00265 0.00608 0.00639 
0.19467 0.01211 0.54363 0.13483 0.11476 
0.06821 0.05344 0.0643 0.04368 0.77037 
0.01533 0.1788 0.05641 0.0409 0.70856 
0.00546 0.02543 0.14876 0.03041 0.78994 
30 
0.01788 0.0535 0.27049 0.46752 0.19061 
0.5712 0.02675 0.00628 0.09462 0.30115 
0.19023 0.15484 0.06407 0.00822 0.58264 
0.08224 0.26773 0.47755 0.13142 0.04106 
0.09807 0.06856 0.10682 0.60374 0.12281 
0.58723 0.01577 0.2108 7.7E-4 0.18543 
30 
0.48219 0.22378 0.23938 0.03349 0.02116 
0.01668 0.18372 0.30599 0.43824 0.05537 
0.66521 0.06395 0.17031 0.03315 0.06738 
0.04619 0.60566 0.15903 0.1631 0.02602 
0.03122 0.15137 0.03138 0.74307 0.04296 
0.00242 0.70027 0.00121 0.29127 0.00483 

18 
0.2099 0.00746 0.78264 
0.04611 0.46291 0.49098 
0.85155 0.05762 0.09083 
0.27015 0.53974 0.19011 
0.07063 0.26937 0.66 
0.46192 0.44521 0.09287 

24 
9.5E-4 0.00414 0.00723 0.98768 
0.09337 0.80025 0.09186 0.01452 
0.03148 0.26356 0.03481 0.67015 
0.39359 0.31657 0.19294 0.0969 
0.19255 0.15195 0.46181 0.19369 
0.01447 0.00485 0.07629 0.90439 
24 
0.17901 0.38468 0.19283 0.24348 
0.18422 0.54177 0.02927 0.24474 
0.01168 0.9402 0.00731 0.04081 
0.04439 0.17445 0.32165 0.45951 
0.0069 0.01422 0.16818 0.8107 
0.0721 0.03463 0.17748 0.71579 
24 
0.35047 0.05154 0.46712 0.13087 
0.44908 0.42866 0.05106 0.0712 
0.11618 0.72397 0.13351 0.02634 
0.64487 0.00764 0.01157 0.33592 
0.08526 0.4428 0.21213 0.25981 
0.01496 0.26564 0.0015 0.7179 
24 
0.01868 0.90797 0.00242 0.07093 
0.10341 0.22626 0.66182 0.00851 
0.01685 0.06479 0.78635 0.13201 
0.65137 0.04587 0.21945 0.08331 
0.50462 0.0215 0.23419 0.23969 
0.42813 0.06228 0.19374 0.31585 
24 
0.28502 0.0182 0.45711 0.23967 
0.12869 0.3452 0.46191 0.0642 
0.4511 0.05113 0.18504 0.31273 
0.27949 0.04272 0.65217 0.02562 
0.82427 0.0492 0.00268 0.12385 
0.08411 0.36528 0.43772 0.11289 
