V-CREDAL
10
2 3 2 2 4 3 2 4 4 3
10
1 0
2 0 1
2 1 2
2 2 3
2 3 4
2 4 5
2 5 6
2 6 7
2 7 8
2 8 9

4
0.8 0.2
0.53 0.47

18
0.36 0.098 0.542
0.363 0.553 0.084
0.574 0.183 0.243
0.017 0.977 0.006
0.069 0.121 0.81
0.551 0.283 0.166
18
0.139 0.633 0.228
0.022 0.217 0.761
0.93 0.01 0.06
0.163 0.044 0.793
0.075 0.541 0.384
0.112 0.049 0.839

4
0.883 0.117
0.059 0.941
4
0.265 0.735
0.34 0.66
4
0.367 0.633
0.588 0.412

4
0.96 0.04
0.242 0.758
4
0.749 0.251
0.945 0.055

24
0.005 0.037 0.894 0.064
0.987 0.005 0.007 0.001
0.001 0.003 0.002 0.994
0.012 0.591 0.003 0.394
0.046 0.789 0.153 0.012
0.327 0.269 0.379 0.025
24
0.091 0.652 0.011 0.246
0.068 0.034 0.11 0.788
0.026 0.018 0.732 0.224
0.274 0.035 0.663 0.028
0.261 0.361 0.371 0.007
0.434 0.033 0.509 0.024

18
0.885 0.056 0.059
0.025 0.536 0.439
0.092 0.162 0.746
0.265 0.057 0.678
0.402 0.482 0.116
0.494 0.424 0.082
18
0.113 0.717 0.17
0.127 0.484 0.389
0.876 0.052 0.072
0.368 0.275 0.357
0.632 0.069 0.299
0.319 0.596 0.085
18
0.867 0.08 0.053
0.491 0.02 0.489
0.063 0.797 0.14
0.089 0.004 0.907
0.015 0.176 0.809
0.196 0.73 0.074
18
0.837 0.045 0.118
0.014 0.029 0.957
0.076 0.865 0.059
0.026 0.908 0.066
0.654 0.338 0.008
0.012 0.846 0.142

4
0.743 0.257
0.992 0.008
4
0.045 0.955
0.021 0.979
4
0.592 0.408
0.309 0.691

24
0.001 0.111 0.016 0.872
0.531 0.127 0.281 0.061
0.191 0.562 0.018 0.229
0.141 0.633 0.015 0.211
0.306 0.191 0.067 0.436
0.16 0.169 0.542 0.129
24
0.107 0.099 0.142 0.652
0.174 0.454 0.099 0.273
0.074 0.728 0.009 0.189
0.001 0.981 0.003 0.015
0.005 0.077 0.185 0.733
0.358 0.072 0.552 0.018

24
0.971 0.004 0.001 0.024
0.049 0.169 0.542 0.24
0.016 0.569 0.199 0.216
0.01 0.218 0.006 0.766
0.1 0.09 0.759 0.051
0.626 0.054 0.177 0.143
24
0.022 0.031 0.432 0.515
0.823 0.006 0.165 0.006
0.035 0.008 0.108 0.849
0.739 0.056 0.059 0.146
0.76 0.185 0.025 0.03
0.349 0.096 0.037 0.518
24
0.094 0.091 0.704 0.111
0.088 0.04 0.816 0.056
0.679 0.225 0.02 0.076
0.264 0.137 0.042 0.557
0.673 0.07 0.16 0.097
0.246 0.054 0.023 0.677
24
0.064 0.232 0.457 0.247
0.116 0.882 0.002 0.0
0.264 0.705 0.0 0.031
0.177 0.119 0.06 0.644
0.8 0.035 0.154 0.011
0.402 0.152 0.347 0.099

18
0.945 0.047 0.008
0.819 0.008 0.173
0.217 0.275 0.508
0.011 0.5 0.489
0.005 0.99 0.005
0.701 0.025 0.274
18
0.072 0.47 0.458
0.329 0.574 0.097
0.886 0.078 0.036
0.236 0.045 0.719
0.741 0.021 0.238
0.078 0.783 0.139
18
0.786 0.052 0.162
0.074 0.009 0.917
0.479 0.027 0.494
0.397 0.554 0.049
0.138 0.637 0.225
0.608 0.339 0.053
18
0.107 0.129 0.764
0.009 0.891 0.1
0.009 0.723 0.268
0.616 0.115 0.269
0.024 0.148 0.828
0.493 0.081 0.426
