V-CREDAL
6
4 3 3 4 2 4
6
1 0
2 0 1
2 1 2
2 2 3
2 3 4
2 4 5

16
0.015 0.002 0.82 0.163
0.57 0.024 0.039 0.367
0.156 0.373 0.089 0.382
0.196 0.156 0.007 0.641

12
0.145 0.516 0.339
0.387 0.453 0.16
0.427 0.102 0.471
0.459 0.073 0.468
12
0.273 0.107 0.62
0.058 0.681 0.261
0.213 0.581 0.206
0.123 0.09 0.787
12
0.88 0.066 0.054
0.121 0.054 0.825
0.08 0.649 0.271
0.078 0.849 0.073
12
0.244 0.004 0.752
0.186 0.34 0.474
0.724 0.271 0.005
0.872 0.072 0.056

12
0.551 0.239 0.21
0.034 0.426 0.54
0.498 0.481 0.021
0.047 0.932 0.021
12
0.185 0.385 0.43
0.324 0.35 0.326
0.524 0.33 0.146
0.375 0.527 0.098
12
0.585 0.116 0.299
0.04 0.489 0.471
0.024 0.344 0.632
0.19 0.579 0.231

16
0.177 0.144 0.409 0.27
0.006 0.616 0.006 0.372
0.136 0.254 0.36 0.25
0.031 0.004 0.935 0.03
16
0.089 0.019 0.118 0.774
0.082 0.09 0.079 0.749
0.299 0.001 0.621 0.079
0.062 0.118 0.753 0.067
16
0.77 0.057 0.019 0.154
0.101 0.139 0.658 0.102
0.293 0.537 0.01 0.16
0.005 0.004 0.009 0.982

4
0.072 0.928
0.209 0.791
4
0.681 0.319
0.238 0.762
4
0.929 0.071
0.725 0.275
4
0.992 0.008
0.046 0.954

16
0.647 0.139 0.171 0.043
0.109 0.033 0.105 0.753
0.004 0.087 0.043 0.866
0.094 0.003 0.004 0.899
16
0.261 0.484 0.076 0.179
0.044 0.379 0.526 0.051
0.122 0.594 0.021 0.263
0.074 0.738 0.053 0.135
