V-CREDAL
10
2 3 3 2 3 2 3 4 2 3
10
4 1 4 5 0
2 6 1
1 2
1 3
1 4
3 2 3 5
1 6
2 0 7
2 0 8
2 4 9

4
0.249 0.751
0.37 0.63
4
0.614 0.386
0.875 0.125
4
0.035 0.965
0.482 0.518
4
0.042 0.958
0.157 0.843
4
0.429 0.571
0.372 0.628
4
0.428 0.572
0.769 0.231
4
0.348 0.652
0.672 0.328
4
0.734 0.266
0.788 0.212
4
0.933 0.067
0.843 0.157
4
0.347 0.653
0.366 0.634
4
0.985 0.015
0.806 0.194
4
0.44 0.56
0.622 0.378
4
0.366 0.634
0.007 0.993
4
0.488 0.512
0.239 0.761
4
0.633 0.367
0.658 0.342
4
0.372 0.628
0.58 0.42
4
0.46 0.54
0.557 0.443
4
0.115 0.885
0.029 0.971

18
0.003 0.996 0.001
0.007 0.028 0.965
0.403 0.462 0.135
0.46 0.371 0.169
0.512 0.037 0.451
0.511 0.133 0.356
18
0.28 0.116 0.604
0.101 0.596 0.303
0.051 0.347 0.602
0.119 0.266 0.615
0.929 0.037 0.034
0.466 0.087 0.447
18
0.992 0.006 0.002
0.035 0.284 0.681
0.007 0.489 0.504
0.121 0.076 0.803
0.149 0.75 0.101
0.1 0.698 0.202

18
0.081 0.731 0.188
0.115 0.879 0.006
0.426 0.572 0.002
0.725 0.051 0.224
0.014 0.315 0.671
0.229 0.155 0.616

4
0.818 0.182
0.188 0.812

18
0.033 0.104 0.863
0.014 0.764 0.222
0.802 0.159 0.039
0.218 0.012 0.77
0.716 0.033 0.251
0.057 0.896 0.047

4
0.773 0.227
0.317 0.683
4
0.701 0.299
0.907 0.093
4
0.728 0.272
0.837 0.163
4
0.716 0.284
0.989 0.011
4
0.007 0.993
0.217 0.783
4
0.054 0.946
0.8 0.2

18
0.989 0.001 0.01
0.012 0.793 0.195
0.005 0.008 0.987
0.134 0.856 0.01
0.004 0.556 0.44
0.027 0.828 0.145

24
0.78 0.005 0.173 0.042
0.371 0.022 0.292 0.315
0.124 0.274 0.598 0.004
0.143 0.187 0.624 0.046
0.586 0.369 0.034 0.011
0.584 0.259 0.071 0.086
24
0.22 0.037 0.491 0.252
0.617 0.02 0.027 0.336
0.004 0.01 0.514 0.472
0.053 0.64 0.179 0.128
0.099 0.513 0.386 0.002
0.798 0.191 0.002 0.009

4
0.066 0.934
0.801 0.199
4
0.851 0.149
0.936 0.064

18
0.093 0.014 0.893
0.016 0.977 0.007
0.012 0.566 0.422
0.963 0.012 0.025
0.613 0.37 0.017
0.924 0.052 0.024
18
0.463 0.321 0.216
0.526 0.221 0.253
0.049 0.005 0.946
0.256 0.529 0.215
0.465 0.069 0.466
0.125 0.648 0.227
18
0.018 0.051 0.931
0.334 0.293 0.373
0.07 0.927 0.003
0.012 0.715 0.273
0.243 0.086 0.671
0.377 0.486 0.137
