V-CREDAL
8
2 4 4 4 3 4 2 4
8
1 0
1 1
1 2
2 1 3
2 3 4
3 0 2 5
3 0 4 6
2 3 7

4
0.796 0.204
0.348 0.652

16
0.047 0.442 0.361 0.15
0.199 0.197 0.582 0.022
0.102 0.384 0.151 0.363
0.797 0.127 0.025 0.051

16
0.003 0.937 0.032 0.028
0.561 0.262 0.056 0.121
0.011 0.359 0.505 0.125
0.033 0.061 0.236 0.67

16
0.194 0.161 0.007 0.638
0.171 0.396 0.412 0.021
0.04 0.243 0.592 0.125
0.004 0.651 0.008 0.337
16
0.154 0.317 0.063 0.466
0.001 0.122 0.209 0.668
0.03 0.841 0.072 0.057
0.727 0.045 0.173 0.055
16
0.379 0.151 0.03 0.44
0.623 0.247 0.016 0.114
0.486 0.417 0.027 0.07
0.085 0.031 0.81 0.074
16
0.455 0.186 0.282 0.077
0.047 0.031 0.296 0.626
0.025 0.473 0.399 0.103
0.11 0.036 0.045 0.809

12
0.196 0.35 0.454
0.475 0.496 0.029
0.051 0.391 0.558
0.206 0.754 0.04
12
0.407 0.418 0.175
0.003 0.098 0.899
0.302 0.632 0.066
0.016 0.891 0.093
12
0.591 0.32 0.089
0.16 0.627 0.213
0.428 0.033 0.539
0.213 0.746 0.041
12
0.214 0.515 0.271
0.176 0.301 0.523
0.751 0.224 0.025
0.136 0.451 0.413

16
0.013 0.16 0.65 0.177
0.07 0.226 0.373 0.331
0.148 0.089 0.39 0.373
0.132 0.228 0.118 0.522
16
0.255 0.057 0.266 0.422
0.466 0.129 0.186 0.219
0.68 0.047 0.127 0.146
0.114 0.112 0.213 0.561
16
0.013 0.956 0.005 0.026
0.694 0.006 0.004 0.296
0.775 0.058 0.114 0.053
0.006 0.106 0.887 0.001
16
0.444 0.067 0.246 0.243
0.275 0.26 0.329 0.136
0.779 0.058 0.019 0.144
0.042 0.071 0.345 0.542
16
0.048 0.382 0.548 0.022
0.453 0.014 0.21 0.323
0.072 0.228 0.075 0.625
0.1 0.646 0.228 0.026
16
0.059 0.007 0.003 0.931
0.014 0.352 0.004 0.63
0.036 0.757 0.063 0.144
0.14 0.434 0.304 0.122
16
0.221 0.124 0.583 0.072
0.032 0.562 0.313 0.093
0.007 0.286 0.683 0.024
0.239 0.052 0.013 0.696
16
0.207 0.207 0.433 0.153
0.298 0.399 0.098 0.205
0.443 0.093 0.369 0.095
0.327 0.028 0.054 0.591

4
0.495 0.505
0.411 0.589
4
0.029 0.971
0.248 0.752
4
0.243 0.757
0.49 0.51
4
0.28 0.72
0.94 0.06
4
0.264 0.736
0.023 0.977
4
0.602 0.398
0.578 0.422

16
0.052 0.782 0.022 0.144
0.125 0.035 0.709 0.131
0.003 0.011 0.886 0.1
0.087 0.251 0.337 0.325
16
0.174 0.741 0.004 0.081
0.006 0.003 0.989 0.002
0.365 0.106 0.371 0.158
0.218 0.358 0.193 0.231
16
0.23 0.749 0.019 0.002
0.037 0.203 0.741 0.019
0.698 0.24 0.044 0.018
0.021 0.108 0.816 0.055
16
0.096 0.135 0.101 0.668
0.984 0.004 0.001 0.011
0.151 0.045 0.426 0.378
0.05 0.941 0.002 0.007
