V-CREDAL
6
4 2 4 2 2 3
6
3 1 4 0
1 1
2 5 2
2 5 3
1 4
2 4 5

24
0.002 0.05 0.012 0.936
0.095 0.065 0.088 0.752
0.104 0.066 0.56 0.27
0.216 0.437 0.126 0.221
0.011 0.978 0.008 0.003
0.289 0.05 0.495 0.166
24
0.153 0.699 0.069 0.079
0.011 0.041 0.887 0.061
0.063 0.104 0.191 0.642
0.424 0.064 0.25 0.262
0.62 0.312 0.047 0.021
0.053 0.017 0.252 0.678
24
0.733 0.024 0.221 0.022
0.182 0.018 0.021 0.779
0.478 0.011 0.498 0.013
0.26 0.104 0.503 0.133
0.602 0.025 0.019 0.354
0.093 0.002 0.001 0.904
24
0.81 0.069 0.038 0.083
0.197 0.044 0.183 0.576
0.043 0.026 0.236 0.695
0.825 0.097 0.033 0.045
0.471 0.145 0.206 0.178
0.649 0.117 0.038 0.196

4
0.539 0.461
0.737 0.263

24
0.046 0.07 0.869 0.015
0.04 0.098 0.736 0.126
0.078 0.099 0.259 0.564
0.679 0.006 0.013 0.302
0.277 0.471 0.19 0.062
0.223 0.596 0.099 0.082
24
0.034 0.1 0.854 0.012
0.15 0.809 0.027 0.014
0.211 0.16 0.02 0.609
0.263 0.021 0.091 0.625
0.024 0.0 0.963 0.013
0.11 0.814 0.011 0.065
24
0.242 0.123 0.196 0.439
0.018 0.037 0.083 0.862
0.21 0.274 0.469 0.047
0.056 0.152 0.356 0.436
0.144 0.039 0.545 0.272
0.0 0.938 0.048 0.014

4
0.211 0.789
0.206 0.794
4
0.511 0.489
0.83 0.17
4
0.416 0.584
0.779 0.221

4
0.56 0.44
0.513 0.487

18
0.113 0.402 0.485
0.665 0.196 0.139
0.263 0.054 0.683
0.689 0.271 0.04
0.046 0.936 0.018
0.021 0.958 0.021
18
0.061 0.755 0.184
0.449 0.364 0.187
0.591 0.021 0.388
0.48 0.294 0.226
0.095 0.055 0.85
0.296 0.569 0.135
