V-CREDAL 
8 
3 2 2 2 3 3 4 4 
8 
1 0 
2 0 1 
2 1 2 
2 2 3 
2 3 4 
2 4 5 
2 5 6 
2 6 7 

12 
0.816 0.017 0.167 
0.049 0.878 0.073 
0.332 0.069 0.599 
0.373 0.557 0.07 

4 
0.394 0.606 
0.825 0.175 
4 
0.964 0.036 
0.027 0.973 
4 
0.682 0.318 
0.979 0.021 

4 
0.407 0.593 
0.159 0.841 
4 
0.414 0.586 
0.113 0.887 

4 
0.451 0.549 
0.74 0.26 
4 
0.608 0.392 
0.544 0.456 

12 
0.419 0.377 0.204 
0.478 0.092 0.43 
0.146 0.007 0.847 
0.634 0.242 0.124 
12 
0.239 0.209 0.552 
0.103 0.865 0.032 
0.798 0.025 0.177 
0.07 0.603 0.327 

12 
0.527 0.015 0.458 
0.756 0.122 0.122 
0.046 0.138 0.816 
0.052 0.087 0.861 
12 
0.344 0.104 0.552 
0.273 0.295 0.432 
0.154 0.027 0.819 
0.339 0.336 0.325 
12 
0.318 0.228 0.454 
0.802 0.172 0.026 
0.123 0.845 0.032 
0.6 0.014 0.386 

16 
0.009 0.281 0.017 0.693 
0.065 0.01 0.899 0.026 
0.446 0.34 0.207 0.007 
0.097 0.015 0.176 0.712 
16 
0.106 0.178 0.082 0.634 
0.297 0.012 0.005 0.686 
0.159 0.573 0.079 0.189 
0.568 0.416 0.012 0.004 
16 
0.137 0.056 0.672 0.135 
0.205 0.244 0.205 0.346 
0.122 0.114 0.192 0.572 
0.011 0.002 0.095 0.892 

16 
0.084 0.316 0.19 0.41 
0.132 0.324 0.238 0.306 
0.466 0.099 0.021 0.414 
0.172 0.625 0.123 0.08 
16 
0.034 0.815 0.143 0.008 
0.417 0.108 0.344 0.131 
0.22 0.023 0.114 0.643 
0.17 0.196 0.125 0.509 
16 
0.022 0.75 0.225 0.003 
0.291 0.145 0.031 0.533 
0.013 0.401 0.491 0.095 
0.027 0.917 0.042 0.014 
16 
0.16 0.24 0.017 0.583 
0.715 0.024 0.12 0.141 
0.024 0.196 0.035 0.745 
0.037 0.498 0.154 0.311 
