V-CREDAL
10
4 4 3 2 4 4 2 3 2 2
10
1 0
2 0 1
2 1 2
2 2 3
2 3 4
2 4 5
2 5 6
2 6 7
2 7 8
2 8 9

16
0.02 0.893 0.05 0.037
0.539 0.029 0.303 0.129
0.039 0.269 0.202 0.49
0.081 0.181 0.542 0.196

16
0.819 0.037 0.034 0.11
0.368 0.48 0.003 0.149
0.556 0.091 0.066 0.287
0.42 0.17 0.374 0.036
16
0.324 0.028 0.624 0.024
0.014 0.882 0.074 0.03
0.02 0.023 0.21 0.747
0.019 0.2 0.701 0.08
16
0.006 0.651 0.02 0.323
0.034 0.368 0.571 0.027
0.431 0.025 0.097 0.447
0.009 0.162 0.813 0.016
16
0.046 0.03 0.767 0.157
0.095 0.623 0.244 0.038
0.043 0.071 0.017 0.869
0.252 0.111 0.004 0.633

12
0.061 0.284 0.655
0.111 0.023 0.866
0.092 0.094 0.814
0.892 0.018 0.09
12
0.002 0.324 0.674
0.018 0.035 0.947
0.078 0.001 0.921
0.056 0.102 0.842
12
0.083 0.037 0.88
0.82 0.131 0.049
0.564 0.425 0.011
0.05 0.12 0.83
12
0.015 0.59 0.395
0.07 0.809 0.121
0.157 0.105 0.738
0.051 0.825 0.124

4
0.639 0.361
0.25 0.75
4
0.714 0.286
0.618 0.382
4
0.654 0.346
0.367 0.633

16
0.016 0.238 0.407 0.339
0.017 0.022 0.911 0.05
0.234 0.152 0.369 0.245
0.043 0.793 0.024 0.14
16
0.784 0.174 0.027 0.015
0.35 0.596 0.016 0.038
0.046 0.815 0.131 0.008
0.117 0.047 0.817 0.019

16
0.024 0.397 0.336 0.243
0.8 0.044 0.144 0.012
0.026 0.154 0.017 0.803
0.225 0.262 0.071 0.442
16
0.01 0.011 0.976 0.003
0.144 0.631 0.096 0.129
0.281 0.59 0.069 0.06
0.957 0.007 0.02 0.016
16
0.09 0.864 0.027 0.019
0.454 0.454 0.041 0.051
0.139 0.354 0.349 0.158
0.109 0.052 0.078 0.761
16
0.175 0.365 0.454 0.006
0.379 0.024 0.024 0.573
0.442 0.337 0.123 0.098
0.016 0.846 0.018 0.12

4
0.47 0.53
0.107 0.893
4
0.914 0.086
0.463 0.537
4
0.892 0.108
0.064 0.936
4
0.418 0.582
0.395 0.605

12
0.903 0.034 0.063
0.203 0.233 0.564
0.017 0.806 0.177
0.691 0.223 0.086
12
0.267 0.331 0.402
0.025 0.886 0.089
0.06 0.03 0.91
0.201 0.148 0.651

4
0.134 0.866
0.47 0.53
4
0.05 0.95
0.711 0.289
4
0.073 0.927
0.042 0.958

4
0.943 0.057
0.976 0.024
4
0.136 0.864
0.348 0.652
