V-CREDAL 
4 
3 4 2 3 
4 
3 2 3 0 
2 3 1 
1 2 
1 3 

18 
0.98312 0.00295 0.01393 
0.26747 0.69615 0.03638 
0.01386 0.0051 0.98104 
0.03805 0.9154 0.04655 
0.0018 0.47587 0.52233 
0.02119 0.79974 0.17907 
18 
0.48137 0.13026 0.38837 
0.02942 0.45551 0.51507 
0.00682 0.6904 0.30278 
0.3414 0.51995 0.13865 
0.20105 0.79582 0.00313 
0.02203 0.72855 0.24942 
18 
6.2E-4 0.00277 0.99661 
0.1474 0.84965 0.00295 
0.70291 0.0216 0.27549 
0.03572 0.28311 0.68117 
0.94498 0.04225 0.01277 
0.92572 0.0682 0.00608 
18 
0.00958 0.87438 0.11604 
0.18491 0.06727 0.74782 
0.02742 0.09531 0.87727 
0.94709 0.03513 0.01778 
0.00677 0.86618 0.12705 
0.09002 0.84861 0.06137 
18 
0.91805 0.0625 0.01945 
0.71362 0.01695 0.26943 
0.01545 0.01342 0.97113 
0.01481 0.934 0.05119 
0.16598 0.81736 0.01666 
0.04375 0.9333 0.02295 
18 
0.20937 0.0276 0.76303 
0.82802 0.05395 0.11803 
0.04204 0.82525 0.13271 
0.00948 0.56898 0.42154 
0.01363 0.04925 0.93712 
0.27283 0.65386 0.07331 

24 
0.91388 0.00404 0.00633 0.07575 
0.77617 0.00116 0.14957 0.0731 
0.56715 0.00612 0.2636 0.16313 
0.26429 0.37747 0.26112 0.09712 
0.04315 0.00588 0.06359 0.88738 
0.53099 0.13989 0.23819 0.09093 
24 
0.59898 0.0164 0.02053 0.36409 
0.14716 0.0219 0.82712 0.00382 
0.04534 0.01097 2.2E-4 0.94347 
0.03012 0.50062 0.0355 0.43376 
0.47519 0.4941 0.01324 0.01747 
0.85963 0.11114 0.01177 0.01746 
24 
0.05576 0.10427 0.78921 0.05076 
0.58125 0.0844 0.31366 0.02069 
0.01385 0.27606 0.14182 0.56827 
0.08445 0.32273 0.19923 0.39359 
0.00265 0.22377 0.00631 0.76727 
0.32001 0.432 0.00598 0.24201 

4 
0.46075 0.53925 
0.75349 0.24651 

18 
0.50657 0.46189 0.03154 
0.67834 0.3005 0.02116 
0.04389 0.56868 0.38743 
0.32968 0.26463 0.40569 
0.1591 0.67042 0.17048 
0.26831 0.65593 0.07576 
