V-CREDAL 
8 
3 2 2 3 3 3 2 2 
8 
2 2 0 
2 6 1 
1 2 
1 3 
1 4 
3 1 3 5 
2 4 6 
3 0 6 7 

12 
0.1004 0.00609 0.89351 
0.02123 0.92403 0.05474 
0.61733 0.19711 0.18556 
0.02541 0.02129 0.9533 
12 
0.028 0.95101 0.02099 
0.08236 0.0422 0.87544 
0.52802 0.13623 0.33575 
0.00525 0.85987 0.13488 

4 
0.98987 0.01013 
0.15836 0.84164 
4 
0.9015 0.0985 
0.75235 0.24765 

4 
0.21487 0.78513 
0.98755 0.01245 

12 
0.52627 0.16553 0.3082 
0.05989 0.90053 0.03958 
0.72353 0.20589 0.07058 
0.2554 0.11878 0.62582 

12 
0.7186 0.23883 0.04257 
0.44557 0.43768 0.11675 
0.23487 0.22634 0.53879 
0.32063 0.47052 0.20885 

12 
0.16737 0.02515 0.80748 
0.64471 0.0718 0.28349 
0.04739 0.37818 0.57443 
0.0111 0.92306 0.06584 
12 
0.12792 0.78894 0.08314 
0.77768 0.16061 0.06171 
0.00863 0.0141 0.97727 
0.04412 0.69475 0.26113 
12 
0.1397 0.78982 0.07048 
0.33276 0.52069 0.14655 
0.02603 0.01358 0.96039 
0.09557 0.12744 0.77699 
12 
0.24431 0.24425 0.51144 
0.92004 0.04756 0.0324 
0.43383 0.51502 0.05115 
0.77124 0.07854 0.15022 
12 
0.12347 0.05874 0.81779 
0.49102 0.28724 0.22174 
0.70885 0.22403 0.06712 
0.27 0.00975 0.72025 
12 
0.26603 0.03805 0.69592 
0.10919 0.369 0.52181 
0.08715 0.35118 0.56167 
0.71077 9.2E-4 0.28831 

4 
0.97395 0.02605 
0.77736 0.22264 
4 
0.53913 0.46087 
0.90883 0.09117 
4 
0.06257 0.93743 
0.52557 0.47443 

4 
0.03788 0.96212 
0.65075 0.34925 
4 
0.78523 0.21477 
0.07021 0.92979 
4 
0.27745 0.72255 
0.77046 0.22954 
4 
0.04403 0.95597 
0.36333 0.63667 
4 
0.04913 0.95087 
0.60404 0.39596 
4 
0.25262 0.74738 
0.51213 0.48787 
