V-CREDAL 
8 
4 3 4 3 2 3 3 2 
8 
1 0 
2 0 1 
2 1 2 
2 2 3 
2 3 4 
2 4 5 
2 5 6 
2 6 7 

24 
0.51333 0.09267 0.36096 0.03304 
0.13217 0.84329 0.00608 0.01846 
0.60503 0.11423 0.22479 0.05595 
0.05695 0.05189 0.03483 0.85633 
0.5675 0.14169 0.14083 0.14998 
0.10372 0.07328 0.8199 0.0031 

18 
0.00445 0.95874 0.03681 
0.0298 0.02398 0.94622 
0.9409 0.05459 0.00451 
0.15959 0.81615 0.02426 
0.83494 0.03605 0.12901 
0.04035 0.02039 0.93926 
18 
0.09777 0.12787 0.77436 
0.02342 0.41639 0.56019 
0.02581 0.93022 0.04397 
0.26843 0.08058 0.65099 
0.86639 0.07417 0.05944 
0.40294 0.0444 0.55266 
18 
0.89287 0.04006 0.06707 
0.49692 0.27917 0.22391 
0.00806 0.05882 0.93312 
0.24653 0.36307 0.3904 
0.04552 0.28082 0.67366 
0.1106 0.38362 0.50578 
18 
0.58262 0.09959 0.31779 
0.03615 0.92534 0.03851 
0.04915 0.2099 0.74095 
0.65101 0.237 0.11199 
0.01387 0.83059 0.15554 
0.474 0.07313 0.45287 

24 
0.27933 0.34691 0.26903 0.10473 
0.06475 0.18542 0.63933 0.1105 
0.58458 0.19395 0.03081 0.19066 
0.13334 0.01229 0.5068 0.34757 
0.04239 4.0E-4 0.03838 0.91883 
0.01615 0.96333 6.2E-4 0.0199 
24 
0.0247 0.08775 0.31164 0.57591 
0.01282 0.00356 0.95535 0.02827 
0.45005 0.10812 0.15553 0.2863 
0.05213 0.7906 0.13895 0.01832 
0.31623 0.02594 0.54236 0.11547 
0.64201 0.33734 0.00212 0.01853 
24 
0.52747 0.06298 0.14322 0.26633 
0.6058 0.33655 0.03243 0.02522 
0.04849 0.08763 0.64521 0.21867 
0.14582 0.39935 0.41679 0.03804 
0.47786 0.38845 0.11807 0.01562 
0.80104 0.02359 0.0031 0.17227 

18 
0.05198 0.10389 0.84413 
0.07914 0.80146 0.1194 
0.71229 0.13174 0.15597 
0.61154 0.05889 0.32957 
0.29676 0.68217 0.02107 
0.67491 0.0812 0.24389 
18 
0.01195 0.97386 0.01419 
0.0066 0.00492 0.98848 
0.98434 0.00571 0.00995 
0.78828 0.20834 0.00338 
0.01347 0.98361 0.00292 
0.00549 0.24006 0.75445 
18 
0.19534 0.51894 0.28572 
0.19146 0.42418 0.38436 
0.80979 0.18746 0.00275 
0.90611 0.04878 0.04511 
0.72107 0.09159 0.18734 
0.73986 0.08079 0.17935 
18 
0.06593 0.36155 0.57252 
0.47251 0.19913 0.32836 
0.24511 0.75084 0.00405 
0.98226 0.00682 0.01092 
0.18314 0.70853 0.10833 
0.9801 0.01374 0.00616 

4 
0.63297 0.36703 
0.95176 0.04824 
4 
0.45319 0.54681 
0.97721 0.02279 
4 
0.46232 0.53768 
0.19847 0.80153 

18 
0.06439 0.73966 0.19595 
0.90563 0.05049 0.04388 
0.01332 0.0132 0.97348 
0.84352 0.1417 0.01478 
0.01489 0.07659 0.90852 
0.75269 0.23233 0.01498 
18 
0.12107 0.7621 0.11683 
0.17875 0.73538 0.08587 
0.28074 0.05687 0.66239 
0.0709 0.58216 0.34694 
0.63872 0.03794 0.32334 
0.33661 0.00516 0.65823 

18 
0.51895 0.21525 0.2658 
0.0748 0.86632 0.05888 
0.32683 0.24699 0.42618 
0.74425 0.21459 0.04116 
0.05558 0.86506 0.07936 
0.19966 0.33509 0.46525 
18 
0.0293 0.91388 0.05682 
0.7157 0.25769 0.02661 
0.31227 0.13047 0.55726 
3.2E-4 0.4294 0.57028 
0.68397 0.05191 0.26412 
0.11213 0.87148 0.01639 
18 
0.26043 0.73872 8.5E-4 
0.36614 0.52943 0.10443 
0.09351 0.53998 0.36651 
0.02379 0.08756 0.88865 
0.16868 0.20545 0.62587 
0.16275 0.80702 0.03023 

4 
0.46944 0.53056 
0.9191 0.0809 
4 
0.63069 0.36931 
0.68884 0.31116 
4 
0.81158 0.18842 
0.84903 0.15097 
