V-CREDAL
8
3 4 4 3 4 3 3 4
8
1 0
3 0 2 1
1 2
2 5 3
2 6 4
2 2 5
2 2 6
2 5 7

18
0.0 0.99 0.01
0.676 0.046 0.278
0.01 0.001 0.989
0.078 0.004 0.918
0.674 0.228 0.098
0.035 0.964 0.001

24
0.366 0.193 0.196 0.245
0.776 0.081 0.067 0.076
0.745 0.032 0.01 0.213
0.004 0.012 0.965 0.019
0.057 0.047 0.886 0.01
0.295 0.056 0.233 0.416
24
0.271 0.019 0.023 0.687
0.651 0.074 0.172 0.103
0.142 0.011 0.172 0.675
0.001 0.248 0.121 0.63
0.679 0.136 0.121 0.064
0.223 0.049 0.001 0.727
24
0.035 0.903 0.022 0.04
0.373 0.074 0.04 0.513
0.036 0.188 0.048 0.728
0.921 0.007 0.069 0.003
0.144 0.149 0.626 0.081
0.409 0.037 0.047 0.507
24
0.002 0.934 0.055 0.009
0.076 0.723 0.196 0.005
0.005 0.85 0.066 0.079
0.011 0.943 0.027 0.019
0.12 0.774 0.07 0.036
0.261 0.428 0.028 0.283
24
0.271 0.255 0.272 0.202
0.288 0.074 0.048 0.59
0.01 0.647 0.334 0.009
0.003 0.959 0.019 0.019
0.402 0.222 0.155 0.221
0.087 0.041 0.392 0.48
24
0.983 0.012 0.002 0.003
0.093 0.864 0.042 0.001
0.103 0.252 0.005 0.64
0.118 0.107 0.658 0.117
0.37 0.069 0.003 0.558
0.005 0.074 0.047 0.874
24
0.079 0.716 0.021 0.184
0.751 0.2 0.031 0.018
0.01 0.226 0.109 0.655
0.48 0.036 0.471 0.013
0.031 0.098 0.02 0.851
0.028 0.078 0.193 0.701
24
0.031 0.372 0.379 0.218
0.022 0.458 0.505 0.015
0.048 0.245 0.402 0.305
0.9 0.019 0.07 0.011
0.03 0.93 0.038 0.002
0.06 0.134 0.67 0.136
24
0.111 0.064 0.227 0.598
0.515 0.155 0.135 0.195
0.398 0.347 0.229 0.026
0.003 0.014 0.024 0.959
0.249 0.282 0.212 0.257
0.031 0.181 0.635 0.153
24
0.002 0.04 0.792 0.166
0.002 0.965 0.029 0.004
0.312 0.121 0.123 0.444
0.619 0.094 0.053 0.234
0.472 0.421 0.059 0.048
0.05 0.426 0.516 0.008
24
0.457 0.112 0.417 0.014
0.054 0.066 0.371 0.509
0.009 0.598 0.139 0.254
0.068 0.489 0.29 0.153
0.153 0.046 0.209 0.592
0.079 0.362 0.016 0.543
24
0.169 0.233 0.361 0.237
0.065 0.535 0.024 0.376
0.002 0.056 0.001 0.941
0.492 0.393 0.036 0.079
0.631 0.056 0.019 0.294
0.138 0.582 0.081 0.199

24
0.93 0.01 0.045 0.015
0.0 0.162 0.637 0.201
0.033 0.004 0.024 0.939
0.007 0.267 0.003 0.723
0.053 0.027 0.887 0.033
0.811 0.078 0.064 0.047

18
0.13 0.505 0.365
0.477 0.117 0.406
0.356 0.533 0.111
0.063 0.722 0.215
0.006 0.975 0.019
0.464 0.332 0.204
18
0.407 0.59 0.003
0.842 0.101 0.057
0.041 0.324 0.635
0.103 0.073 0.824
0.058 0.176 0.766
0.551 0.058 0.391
18
0.278 0.707 0.015
0.03 0.902 0.068
0.013 0.04 0.947
0.94 0.016 0.044
0.004 0.142 0.854
0.072 0.908 0.02

24
0.791 0.017 0.183 0.009
0.56 0.32 0.027 0.093
0.714 0.117 0.155 0.014
0.107 0.629 0.077 0.187
0.112 0.884 0.002 0.002
0.048 0.088 0.054 0.81
24
0.207 0.461 0.009 0.323
0.063 0.682 0.247 0.008
0.034 0.806 0.127 0.033
0.065 0.055 0.245 0.635
0.069 0.295 0.505 0.131
0.208 0.068 0.217 0.507
24
0.153 0.283 0.417 0.147
0.089 0.216 0.139 0.556
0.843 0.122 0.03 0.005
0.012 0.89 0.002 0.096
0.072 0.295 0.196 0.437
0.168 0.302 0.103 0.427

18
0.108 0.316 0.576
0.372 0.037 0.591
0.729 0.045 0.226
0.089 0.779 0.132
0.748 0.241 0.011
0.689 0.032 0.279
18
0.96 0.017 0.023
0.047 0.017 0.936
0.042 0.722 0.236
0.26 0.707 0.033
0.409 0.563 0.028
0.89 0.092 0.018
18
0.589 0.219 0.192
0.174 0.055 0.771
0.034 0.044 0.922
0.051 0.91 0.039
0.601 0.376 0.023
0.134 0.848 0.018
18
0.091 0.022 0.887
0.561 0.01 0.429
0.886 0.032 0.082
0.924 0.048 0.028
0.118 0.649 0.233
0.081 0.267 0.652

18
0.191 0.093 0.716
0.082 0.442 0.476
0.023 0.931 0.046
0.93 0.023 0.047
0.759 0.038 0.203
0.131 0.857 0.012
18
0.599 0.315 0.086
0.344 0.606 0.05
0.736 0.104 0.16
0.638 0.077 0.285
0.161 0.222 0.617
0.158 0.643 0.199
18
0.022 0.953 0.025
0.338 0.643 0.019
0.892 0.059 0.049
0.003 0.009 0.988
0.637 0.017 0.346
0.834 0.155 0.011
18
0.069 0.492 0.439
0.945 0.044 0.011
0.384 0.544 0.072
0.985 0.003 0.012
0.582 0.386 0.032
0.133 0.251 0.616

24
0.195 0.176 0.314 0.315
0.04 0.132 0.782 0.046
0.005 0.982 0.002 0.011
0.123 0.437 0.056 0.384
0.068 0.148 0.462 0.322
0.443 0.454 0.043 0.06
24
0.154 0.065 0.179 0.602
0.656 0.031 0.009 0.304
0.257 0.354 0.243 0.146
0.018 0.852 0.006 0.124
0.606 0.063 0.082 0.249
0.006 0.289 0.566 0.139
24
0.034 0.045 0.92 0.001
0.005 0.041 0.008 0.946
0.169 0.051 0.382 0.398
0.576 0.064 0.034 0.326
0.328 0.009 0.371 0.292
0.609 0.006 0.363 0.022
