V-CREDAL 
10 
2 4 3 3 2 3 2 2 2 2 
10 
1 0 
2 0 1 
2 1 2 
2 2 3 
2 3 4 
2 4 5 
2 5 6 
2 6 7 
2 7 8 
2 8 9 

4 
0.53137 0.46863 
0.7954 0.2046 

16 
0.14264 0.02599 0.62192 0.20945 
0.03014 0.82048 0.1395 0.00988 
0.37896 0.24543 0.26359 0.11202 
0.49528 0.18058 0.0691 0.25504 
16 
0.24884 0.13257 0.54317 0.07542 
0.25246 0.3884 0.19934 0.1598 
0.15151 0.6737 0.07919 0.0956 
0.20729 0.05218 0.26043 0.4801 

12 
0.48757 0.23418 0.27825 
0.05075 0.76009 0.18916 
0.01284 0.41277 0.57439 
0.50698 0.1693 0.32372 
12 
0.34395 0.20984 0.44621 
0.38362 0.23165 0.38473 
0.61163 0.14705 0.24132 
0.9168 0.0309 0.0523 
12 
0.00115 0.80505 0.1938 
0.74851 0.01245 0.23904 
0.69445 0.07246 0.23309 
0.47121 0.13953 0.38926 
12 
0.96238 0.00224 0.03538 
0.47976 0.46382 0.05642 
0.2976 0.0393 0.6631 
2.5E-4 0.35246 0.64729 

12 
0.44976 0.44934 0.1009 
0.31092 0.00713 0.68195 
0.91833 0.02975 0.05192 
0.30582 0.1066 0.58758 
12 
0.66692 0.0532 0.27988 
0.09087 0.71778 0.19135 
0.1244 0.52046 0.35514 
0.33925 0.47336 0.18739 
12 
0.00617 0.87411 0.11972 
0.04413 0.66434 0.29153 
0.22389 0.39638 0.37973 
0.88627 0.03934 0.07439 

4 
0.6328 0.3672 
0.91266 0.08734 
4 
0.32083 0.67917 
0.67279 0.32721 
4 
0.73714 0.26286 
0.56631 0.43369 

12 
0.74107 0.25333 0.0056 
0.55091 0.06344 0.38565 
0.04991 0.66684 0.28325 
0.5314 0.42276 0.04584 
12 
0.59266 0.399 0.00834 
0.05045 0.92182 0.02773 
0.25115 0.23041 0.51844 
0.11924 0.86758 0.01318 

4 
0.47202 0.52798 
0.05039 0.94961 
4 
0.71874 0.28126 
0.9988 0.0012 
4 
0.01138 0.98862 
0.13442 0.86558 

4 
0.72707 0.27293 
0.91032 0.08968 
4 
0.9933 0.0067 
0.17415 0.82585 

4 
0.50832 0.49168 
0.64856 0.35144 
4 
0.334 0.666 
0.15953 0.84047 

4 
0.13885 0.86115 
0.28705 0.71295 
4 
0.84676 0.15324 
0.70545 0.29455 
