V-CREDAL
7
4 3 3 4 2 2 4
7
1 0
2 0 1
2 1 2
2 2 3
2 3 4
2 4 5
2 5 6

24
0.085 0.496 0.417 0.002
0.865 0.017 0.007 0.111
0.04 0.09 0.835 0.035
0.002 0.991 0.002 0.005
0.117 0.384 0.165 0.334
0.005 0.001 0.394 0.6

18
0.053 0.23 0.717
0.883 0.085 0.032
0.341 0.091 0.568
0.016 0.341 0.643
0.069 0.736 0.195
0.518 0.464 0.018
18
0.443 0.521 0.036
0.481 0.482 0.037
0.261 0.68 0.059
0.509 0.191 0.3
0.009 0.09 0.901
0.043 0.847 0.11
18
0.679 0.215 0.106
0.305 0.521 0.174
0.024 0.261 0.715
0.131 0.046 0.823
0.595 0.299 0.106
0.147 0.388 0.465
18
0.018 0.774 0.208
0.895 0.092 0.013
0.791 0.048 0.161
0.446 0.037 0.517
0.014 0.964 0.022
0.583 0.404 0.013

18
0.998 0.001 0.001
0.005 0.972 0.023
0.017 0.298 0.685
0.008 0.988 0.004
0.023 0.008 0.969
0.797 0.002 0.201
18
0.022 0.466 0.512
0.19 0.672 0.138
0.341 0.532 0.127
0.009 0.131 0.86
0.721 0.084 0.195
0.75 0.141 0.109
18
0.511 0.399 0.09
0.512 0.082 0.406
0.54 0.348 0.112
0.02 0.441 0.539
0.124 0.01 0.866
0.097 0.597 0.306

24
0.116 0.784 0.031 0.069
0.212 0.101 0.583 0.104
0.007 0.291 0.363 0.339
0.015 0.808 0.161 0.016
0.058 0.056 0.385 0.501
0.21 0.061 0.646 0.083
24
0.226 0.565 0.08 0.129
0.037 0.264 0.355 0.344
0.155 0.011 0.045 0.789
0.038 0.761 0.001 0.2
0.274 0.238 0.206 0.282
0.577 0.173 0.007 0.243
24
0.184 0.148 0.567 0.101
0.081 0.206 0.293 0.42
0.672 0.247 0.061 0.02
0.006 0.959 0.019 0.016
0.221 0.089 0.038 0.652
0.209 0.377 0.414 0.0

4
0.664 0.336
0.331 0.669
4
0.084 0.916
0.148 0.852
4
0.692 0.308
0.829 0.171
4
0.158 0.842
0.629 0.371

4
0.463 0.537
0.32 0.68
4
0.531 0.469
0.62 0.38

24
0.055 0.394 0.12 0.431
0.885 0.066 0.042 0.007
0.041 0.213 0.424 0.322
0.008 0.026 0.048 0.918
0.185 0.311 0.463 0.041
0.095 0.043 0.012 0.85
24
0.004 0.011 0.824 0.161
0.057 0.008 0.175 0.76
0.018 0.141 0.11 0.731
0.014 0.151 0.382 0.453
0.175 0.42 0.208 0.197
0.264 0.239 0.052 0.445
