V-CREDAL
6
4 3 2 3 3 3
6
1 0
2 0 1
2 1 2
2 2 3
2 3 4
2 4 5

16
0.106 0.113 0.532 0.249
0.227 0.105 0.658 0.01
0.014 0.86 0.124 0.002
0.014 0.318 0.587 0.081

12
0.973 0.006 0.021
0.048 0.335 0.617
0.11 0.299 0.591
0.782 0.065 0.153
12
0.067 0.689 0.244
0.554 0.025 0.421
0.412 0.523 0.065
0.075 0.874 0.051
12
0.078 0.122 0.8
0.246 0.149 0.605
0.509 0.38 0.111
0.446 0.546 0.008
12
0.13 0.032 0.838
0.005 0.539 0.456
0.003 0.892 0.105
0.895 0.045 0.06

4
0.6 0.4
0.238 0.762
4
0.687 0.313
0.513 0.487
4
0.428 0.572
0.978 0.022

12
0.02 0.154 0.826
0.12 0.811 0.069
0.403 0.368 0.229
0.318 0.276 0.406
12
0.631 0.192 0.177
0.862 0.06 0.078
0.125 0.729 0.146
0.448 0.481 0.071

12
0.377 0.581 0.042
0.085 0.884 0.031
0.757 0.138 0.105
0.085 0.646 0.269
12
0.784 0.1 0.116
0.235 0.262 0.503
0.177 0.448 0.375
0.465 0.436 0.099
12
0.357 0.222 0.421
0.678 0.147 0.175
0.023 0.942 0.035
0.244 0.305 0.451

12
0.008 0.962 0.03
0.005 0.958 0.037
0.052 0.535 0.413
0.112 0.797 0.091
12
0.828 0.008 0.164
0.035 0.121 0.844
0.179 0.061 0.76
0.385 0.009 0.606
12
0.085 0.896 0.019
0.534 0.177 0.289
0.341 0.228 0.431
0.149 0.543 0.308
