V-CREDAL
9
4 3 2 2 2 3 3 4 3
9
3 2 4 0
1 1
2 8 2
2 4 3
2 5 4
1 5
1 6
3 5 6 7
2 1 8

16
0.338 0.263 0.046 0.353
0.029 0.114 0.336 0.521
0.044 0.196 0.548 0.212
0.169 0.241 0.246 0.344
16
0.171 0.122 0.086 0.621
0.117 0.658 0.046 0.179
0.056 0.026 0.028 0.89
0.005 0.008 0.732 0.255
16
0.911 0.07 0.018 0.001
0.261 0.069 0.325 0.345
0.048 0.005 0.008 0.939
0.329 0.455 0.068 0.148
16
0.212 0.042 0.072 0.674
0.046 0.703 0.079 0.172
0.11 0.066 0.572 0.252
0.347 0.185 0.138 0.33

12
0.363 0.128 0.509
0.066 0.588 0.346
0.027 0.037 0.936
0.173 0.03 0.797

4
0.498 0.502
0.423 0.577
4
0.815 0.185
0.313 0.687
4
0.125 0.875
0.272 0.728

4
0.464 0.536
0.245 0.755
4
0.693 0.307
0.225 0.775

4
0.685 0.315
0.042 0.958
4
0.956 0.044
0.466 0.534
4
0.985 0.015
0.505 0.495

12
0.221 0.467 0.312
0.009 0.738 0.253
0.246 0.017 0.737
0.18 0.597 0.223

12
0.115 0.579 0.306
0.114 0.712 0.174
0.476 0.091 0.433
0.907 0.069 0.024

16
0.271 0.116 0.569 0.044
0.077 0.019 0.891 0.013
0.008 0.081 0.037 0.874
0.221 0.264 0.001 0.514
16
0.888 0.042 0.066 0.004
0.022 0.072 0.104 0.802
0.699 0.068 0.105 0.128
0.424 0.418 0.078 0.08
16
0.37 0.209 0.237 0.184
0.056 0.1 0.666 0.178
0.001 0.021 0.978 0.0
0.184 0.467 0.007 0.342
16
0.019 0.383 0.027 0.571
0.005 0.801 0.189 0.005
0.196 0.624 0.024 0.156
0.01 0.224 0.136 0.63
16
0.026 0.013 0.575 0.386
0.269 0.461 0.2 0.07
0.413 0.379 0.108 0.1
0.049 0.081 0.855 0.015
16
0.764 0.093 0.025 0.118
0.28 0.065 0.342 0.313
0.765 0.001 0.181 0.053
0.893 0.029 0.036 0.042
16
0.02 0.105 0.835 0.04
0.082 0.089 0.162 0.667
0.687 0.034 0.053 0.226
0.097 0.79 0.079 0.034
16
0.009 0.001 0.989 0.001
0.682 0.064 0.133 0.121
0.245 0.006 0.485 0.264
0.045 0.01 0.141 0.804
16
0.105 0.005 0.081 0.809
0.039 0.006 0.516 0.439
0.011 0.388 0.089 0.512
0.357 0.479 0.13 0.034

12
0.597 0.085 0.318
0.445 0.536 0.019
0.208 0.744 0.048
0.915 0.049 0.036
12
0.947 0.022 0.031
0.421 0.052 0.527
0.331 0.583 0.086
0.151 0.261 0.588
12
0.288 0.411 0.301
0.575 0.301 0.124
0.663 0.077 0.26
0.996 0.003 0.001
