V-CREDAL 
4 
5 2 2 3 
4 
2 3 0 
1 1 
2 3 2 
2 1 3 

20 
0.32505 0.00236 0.48202 0.18873 0.00184 
0.18576 0.00738 0.48863 0.27824 0.03999 
0.03239 0.78632 0.14133 0.0292 0.01076 
0.0324 0.26205 0.64647 0.01319 0.04589 
20 
0.01712 0.94242 0.00512 0.00572 0.02962 
0.08802 0.13242 0.04667 0.00902 0.72387 
0.04988 0.01145 0.00147 0.93709 1.1E-4 
0.03842 0.07821 0.80314 0.016 0.06423 
20 
0.07605 0.20182 0.10526 0.57456 0.04231 
0.13757 0.00127 0.01036 0.01227 0.83853 
0.05048 0.05159 0.01925 0.26265 0.61603 
0.00163 0.14483 0.05506 0.79699 0.00149 

4 
0.87948 0.12052 
0.61986 0.38014 

4 
0.51152 0.48848 
0.04221 0.95779 
4 
0.67295 0.32705 
0.54073 0.45927 
4 
0.51032 0.48968 
0.39183 0.60817 

12 
0.65601 0.16794 0.17605 
0.00877 0.01245 0.97878 
0.062 0.3485 0.5895 
0.59036 0.09249 0.31715 
12 
0.63061 0.08494 0.28445 
0.34819 0.42597 0.22584 
0.16168 0.1427 0.69562 
0.30631 0.4324 0.26129 
