V-CREDAL
5
2 4 2 4 3
5
1 0
2 3 1
2 4 2
2 0 3
2 0 4

4
0.113 0.887
0.805 0.195

24
0.011 0.022 0.903 0.064
0.019 0.688 0.249 0.044
0.259 0.057 0.369 0.315
0.182 0.801 0.015 0.002
0.021 0.147 0.803 0.029
0.03 0.008 0.953 0.009
24
0.597 0.059 0.187 0.157
0.003 0.001 0.002 0.994
0.12 0.77 0.084 0.026
0.024 0.005 0.953 0.018
0.337 0.342 0.263 0.058
0.035 0.48 0.055 0.43
24
0.019 0.018 0.961 0.002
0.134 0.453 0.343 0.07
0.054 0.303 0.497 0.146
0.088 0.105 0.172 0.635
0.007 0.025 0.813 0.155
0.189 0.773 0.007 0.031
24
0.691 0.029 0.277 0.003
0.108 0.106 0.454 0.332
0.013 0.19 0.464 0.333
0.038 0.805 0.027 0.13
0.107 0.249 0.331 0.313
0.081 0.281 0.4 0.238

4
0.069 0.931
0.293 0.707
4
0.838 0.162
0.037 0.963
4
0.188 0.812
0.706 0.294

24
0.073 0.118 0.013 0.796
0.411 0.297 0.176 0.116
0.569 0.148 0.123 0.16
0.037 0.813 0.139 0.011
0.004 0.979 0.004 0.013
0.168 0.206 0.381 0.245
24
0.158 0.633 0.124 0.085
0.087 0.467 0.016 0.43
0.165 0.255 0.164 0.416
0.126 0.292 0.186 0.396
0.055 0.407 0.013 0.525
0.06 0.076 0.137 0.727

18
0.18 0.034 0.786
0.541 0.046 0.413
0.267 0.708 0.025
0.0 0.051 0.949
0.089 0.307 0.604
0.446 0.286 0.268
18
0.159 0.105 0.736
0.355 0.205 0.44
0.631 0.346 0.023
0.025 0.925 0.05
0.061 0.907 0.032
0.082 0.342 0.576
