V-CREDAL 
4 
2 3 2 2 
4 
1 0 
2 0 1 
2 1 2 
2 2 3 

4 
0.70876 0.29124 
0.05442 0.94558 

18 
0.0201 0.92936 0.05054 
0.02705 0.26256 0.71039 
0.18075 0.18647 0.63278 
0.51082 0.45497 0.03421 
0.58931 0.03476 0.37593 
0.29265 0.67375 0.0336 
18 
0.42901 0.02393 0.54706 
0.02065 0.23001 0.74934 
0.15945 0.763 0.07755 
0.75784 0.01066 0.2315 
0.03339 0.05366 0.91295 
0.03918 0.32624 0.63458 

4 
0.34704 0.65296 
0.70205 0.29795 
4 
0.94011 0.05989 
0.5232 0.4768 
4 
0.43164 0.56836 
0.25227 0.74773 

4 
0.2881 0.7119 
0.67982 0.32018 
4 
0.53169 0.46831 
0.48832 0.51168 
