V-CREDAL
5
2 4 4 3 3
5
2 4 0
1 1
2 1 2
1 3
3 2 3 4

4
0.694 0.306
0.428 0.572
4
0.337 0.663
0.827 0.173
4
0.871 0.129
0.916 0.084

24
0.885 0.03 0.026 0.059
0.882 0.0 0.008 0.11
0.709 0.114 0.09 0.087
0.022 0.009 0.007 0.962
0.34 0.053 0.166 0.441
0.046 0.662 0.035 0.257

24
0.057 0.005 0.479 0.459
0.095 0.098 0.179 0.628
0.021 0.007 0.948 0.024
0.151 0.187 0.259 0.403
0.001 0.718 0.15 0.131
0.238 0.316 0.438 0.008
24
0.01 0.156 0.002 0.832
0.006 0.771 0.199 0.024
0.66 0.208 0.002 0.13
0.179 0.16 0.193 0.468
0.114 0.748 0.054 0.084
0.24 0.26 0.399 0.101
24
0.131 0.126 0.407 0.336
0.025 0.156 0.438 0.381
0.497 0.049 0.067 0.387
0.025 0.095 0.042 0.838
0.007 0.628 0.267 0.098
0.171 0.809 0.002 0.018
24
0.088 0.31 0.01 0.592
0.554 0.244 0.124 0.078
0.4 0.206 0.324 0.07
0.038 0.248 0.61 0.104
0.095 0.355 0.546 0.004
0.046 0.201 0.029 0.724

18
0.036 0.958 0.006
0.088 0.219 0.693
0.136 0.019 0.845
0.831 0.146 0.023
0.895 0.022 0.083
0.006 0.911 0.083

18
0.005 0.982 0.013
0.028 0.031 0.941
0.226 0.008 0.766
0.994 0.0 0.006
0.01 0.474 0.516
0.004 0.912 0.084
18
0.389 0.555 0.056
0.323 0.077 0.6
0.221 0.175 0.604
0.146 0.712 0.142
0.94 0.059 0.001
0.638 0.03 0.332
18
0.955 0.005 0.04
0.073 0.011 0.916
0.028 0.904 0.068
0.005 0.013 0.982
0.976 0.01 0.014
0.682 0.292 0.026
18
0.049 0.075 0.876
0.038 0.931 0.031
0.645 0.312 0.043
0.093 0.045 0.862
0.541 0.042 0.417
0.002 0.208 0.79
18
0.662 0.213 0.125
0.21 0.687 0.103
0.105 0.19 0.705
0.707 0.005 0.288
0.632 0.028 0.34
0.047 0.294 0.659
18
0.118 0.115 0.767
0.358 0.053 0.589
0.228 0.704 0.068
0.859 0.073 0.068
0.146 0.069 0.785
0.851 0.069 0.08
18
0.62 0.119 0.261
0.116 0.222 0.662
0.261 0.041 0.698
0.013 0.937 0.05
0.718 0.169 0.113
0.048 0.455 0.497
18
0.134 0.802 0.064
0.664 0.064 0.272
0.631 0.067 0.302
0.166 0.152 0.682
0.497 0.488 0.015
0.231 0.758 0.011
18
0.836 0.126 0.038
0.041 0.388 0.571
0.052 0.914 0.034
0.846 0.019 0.135
0.845 0.034 0.121
0.27 0.09 0.64
18
0.966 0.031 0.003
0.176 0.744 0.08
0.016 0.024 0.96
0.005 0.427 0.568
0.652 0.315 0.033
0.102 0.004 0.894
18
0.014 0.035 0.951
0.015 0.627 0.358
0.182 0.72 0.098
0.861 0.04 0.099
0.923 0.045 0.032
0.036 0.845 0.119
18
0.129 0.347 0.524
0.562 0.001 0.437
0.861 0.011 0.128
0.029 0.793 0.178
0.308 0.565 0.127
0.201 0.135 0.664
