V-CREDAL
4
4 4 4 2
4
3 1 2 0
1 1
2 3 2
1 3

16
0.523 0.012 0.298 0.167
0.148 0.062 0.777 0.013
0.09 0.07 0.723 0.117
0.015 0.51 0.109 0.366
16
0.207 0.388 0.385 0.02
0.017 0.246 0.609 0.128
0.955 0.024 0.014 0.007
0.371 0.348 0.002 0.279
16
0.405 0.032 0.33 0.233
0.785 0.198 0.013 0.004
0.139 0.28 0.091 0.49
0.023 0.248 0.402 0.327
16
0.438 0.237 0.126 0.199
0.206 0.298 0.407 0.089
0.616 0.182 0.122 0.08
0.256 0.399 0.215 0.13
16
0.21 0.19 0.599 0.001
0.008 0.025 0.912 0.055
0.015 0.003 0.001 0.981
0.537 0.203 0.028 0.232
16
0.248 0.179 0.261 0.312
0.106 0.164 0.431 0.299
0.526 0.002 0.06 0.412
0.003 0.988 0.003 0.006
16
0.081 0.161 0.612 0.146
0.988 0.005 0.004 0.003
0.001 0.002 0.001 0.996
0.068 0.476 0.309 0.147
16
0.104 0.564 0.076 0.256
0.167 0.009 0.549 0.275
0.609 0.148 0.227 0.016
0.101 0.039 0.003 0.857
16
0.08 0.196 0.513 0.211
0.245 0.187 0.523 0.045
0.049 0.672 0.135 0.144
0.03 0.053 0.043 0.874
16
0.652 0.066 0.041 0.241
0.046 0.057 0.711 0.186
0.821 0.055 0.031 0.093
0.043 0.096 0.413 0.448
16
0.11 0.107 0.602 0.181
0.312 0.253 0.389 0.046
0.504 0.118 0.203 0.175
0.183 0.359 0.054 0.404
16
0.364 0.225 0.386 0.025
0.053 0.247 0.46 0.24
0.515 0.319 0.139 0.027
0.664 0.257 0.038 0.041
16
0.91 0.042 0.039 0.009
0.234 0.535 0.084 0.147
0.07 0.049 0.103 0.778
0.648 0.106 0.241 0.005
16
0.003 0.071 0.841 0.085
0.272 0.219 0.077 0.432
0.192 0.008 0.698 0.102
0.26 0.258 0.463 0.019
16
0.697 0.11 0.175 0.018
0.915 0.041 0.022 0.022
0.487 0.101 0.392 0.02
0.008 0.032 0.939 0.021
16
0.867 0.072 0.021 0.04
0.018 0.512 0.427 0.043
0.85 0.108 0.032 0.01
0.236 0.108 0.129 0.527

16
0.691 0.131 0.141 0.037
0.023 0.691 0.198 0.088
0.031 0.21 0.123 0.636
0.387 0.384 0.176 0.053

16
0.013 0.542 0.061 0.384
0.443 0.259 0.12 0.178
0.059 0.766 0.153 0.022
0.376 0.191 0.152 0.281
16
0.234 0.652 0.04 0.074
0.647 0.312 0.007 0.034
0.036 0.044 0.005 0.915
0.017 0.827 0.135 0.021

4
0.641 0.359
0.96 0.04
