V-CREDAL
5
2 4 3 4 2
5
2 1 0
2 2 1
2 3 2
1 3
2 1 4

4
0.51 0.49
0.202 0.798
4
0.058 0.942
0.731 0.269
4
0.612 0.388
0.186 0.814
4
0.565 0.435
0.001 0.999

16
0.06 0.391 0.005 0.544
0.323 0.014 0.586 0.077
0.013 0.129 0.569 0.289
0.064 0.033 0.013 0.89
16
0.981 0.014 0.004 0.001
0.273 0.038 0.12 0.569
0.048 0.007 0.14 0.805
0.003 0.15 0.245 0.602
16
0.293 0.019 0.003 0.685
0.064 0.326 0.073 0.537
0.002 0.001 0.005 0.992
0.096 0.085 0.757 0.062

12
0.229 0.261 0.51
0.078 0.257 0.665
0.856 0.002 0.142
0.052 0.046 0.902
12
0.656 0.013 0.331
0.003 0.073 0.924
0.072 0.273 0.655
0.531 0.268 0.201
12
0.131 0.034 0.835
0.356 0.177 0.467
0.659 0.06 0.281
0.616 0.041 0.343
12
0.031 0.349 0.62
0.608 0.199 0.193
0.156 0.174 0.67
0.723 0.153 0.124

16
0.159 0.786 0.003 0.052
0.528 0.282 0.029 0.161
0.181 0.7 0.105 0.014
0.0 0.002 0.037 0.961

4
0.451 0.549
0.981 0.019
4
0.305 0.695
0.757 0.243
4
0.306 0.694
0.356 0.644
4
0.253 0.747
0.183 0.817
