V-CREDAL 
10 
3 2 3 2 3 3 2 3 3 2 
10 
1 0 
2 0 1 
2 1 2 
2 2 3 
2 3 4 
2 4 5 
2 5 6 
2 6 7 
2 7 8 
2 8 9 

18 
0.16897 0.74508 0.08595 
0.32547 0.03877 0.63576 
0.94995 0.02871 0.02134 
0.09577 0.05044 0.85379 
0.08638 0.27275 0.64087 
0.47375 0.51071 0.01554 

4 
0.73191 0.26809 
0.47495 0.52505 
4 
0.71858 0.28142 
0.08649 0.91351 
4 
0.40842 0.59158 
0.65989 0.34011 

18 
0.15978 0.81385 0.02637 
0.7434 0.06881 0.18779 
0.02192 0.94653 0.03155 
0.00267 0.79543 0.2019 
0.06994 0.21581 0.71425 
0.31071 0.02994 0.65935 
18 
0.991 0.00348 0.00552 
0.16206 0.20609 0.63185 
0.10296 0.0864 0.81064 
0.1297 0.01561 0.85469 
0.342 0.54521 0.11279 
0.07544 0.02509 0.89947 

4 
0.8814 0.1186 
0.34547 0.65453 
4 
0.67926 0.32074 
0.52603 0.47397 
4 
0.87299 0.12701 
0.22167 0.77833 

18 
0.51282 0.45475 0.03243 
0.13899 0.17588 0.68513 
0.8783 0.0435 0.0782 
0.16855 0.06439 0.76706 
0.18312 0.36786 0.44902 
0.38177 0.04181 0.57642 
18 
0.86108 0.0852 0.05372 
0.90983 0.03211 0.05806 
0.05093 0.63759 0.31148 
0.24611 0.02788 0.72601 
0.14273 0.76 0.09727 
0.04474 0.83327 0.12199 

18 
0.22174 0.70517 0.07309 
0.04564 0.18801 0.76635 
0.77939 0.12349 0.09712 
0.66722 0.27699 0.05579 
0.4502 0.50094 0.04886 
0.13816 0.02675 0.83509 
18 
0.88485 0.03599 0.07916 
0.01908 0.85605 0.12487 
0.10426 0.23455 0.66119 
0.36171 0.1565 0.48179 
0.34581 0.64095 0.01324 
0.02917 0.64542 0.32541 
18 
0.50848 0.48023 0.01129 
0.01104 0.76575 0.22321 
0.02628 0.92987 0.04385 
0.95011 0.04884 0.00105 
0.04199 0.02904 0.92897 
0.04349 0.92552 0.03099 

4 
0.27859 0.72141 
0.76726 0.23274 
4 
0.00635 0.99365 
0.14925 0.85075 
4 
0.98572 0.01428 
0.46682 0.53318 

18 
0.00871 0.95237 0.03892 
0.00618 0.88507 0.10875 
0.05389 0.06978 0.87633 
0.50753 0.41026 0.08221 
0.84128 0.01569 0.14303 
0.15325 0.01577 0.83098 
18 
0.10327 0.64938 0.24735 
0.31223 0.04286 0.64491 
0.00258 0.58135 0.41607 
0.09845 0.29696 0.60459 
0.77456 0.13327 0.09217 
0.53066 0.40182 0.06752 

18 
0.8815 0.0817 0.0368 
0.15229 0.20157 0.64614 
0.06419 0.42353 0.51228 
0.26 0.73365 0.00635 
0.23639 0.09935 0.66426 
0.14532 0.8288 0.02588 
18 
0.61661 0.09095 0.29244 
0.70688 0.20767 0.08545 
0.07187 0.1228 0.80533 
0.23039 0.06252 0.70709 
0.07042 0.21295 0.71663 
0.81267 0.11432 0.07301 
18 
0.12097 0.87204 0.00699 
0.01064 0.97719 0.01217 
0.1313 0.40767 0.46103 
0.61218 0.22926 0.15856 
0.54596 0.4369 0.01714 
0.21146 0.31507 0.47347 

4 
0.8142 0.1858 
0.99402 0.00598 
4 
0.53475 0.46525 
0.37131 0.62869 
4 
0.49145 0.50855 
0.22508 0.77492 
