V-CREDAL 
8 
3 2 3 2 3 2 3 2 
8 
2 5 0 
3 5 6 1 
1 2 
1 3 
2 0 4 
1 5 
3 2 3 6 
2 2 7 

18 
0.06733 0.91806 0.01461 
0.00851 0.00125 0.99024 
0.56753 0.42358 0.00889 
0.72557 0.24746 0.02697 
0.73876 0.06878 0.19246 
0.25534 0.01097 0.73369 
18 
0.00616 0.00304 0.9908 
0.67725 0.02561 0.29714 
0.74938 0.10093 0.14969 
0.37241 0.4394 0.18819 
0.20302 0.38113 0.41585 
0.09904 0.2263 0.67466 

4 
0.52359 0.47641 
0.97975 0.02025 
4 
0.14136 0.85864 
0.54776 0.45224 
4 
0.65934 0.34066 
0.9235 0.0765 
4 
0.577 0.423 
0.76705 0.23295 
4 
0.04879 0.95121 
0.87384 0.12616 
4 
0.92996 0.07004 
0.43828 0.56172 

18 
0.42305 0.03589 0.54106 
0.62062 0.3751 0.00428 
0.0086 0.8947 0.0967 
0.02459 0.24878 0.72663 
0.82974 0.11878 0.05148 
0.70234 0.29241 0.00525 

4 
0.86171 0.13829 
0.62951 0.37049 

18 
0.66704 0.31972 0.01324 
0.95593 0.0327 0.01137 
0.05199 0.51813 0.42988 
0.13087 0.06956 0.79957 
1.7E-4 0.94554 0.05429 
0.72654 0.02252 0.25094 
18 
0.01526 0.95207 0.03267 
0.02894 0.96893 0.00213 
0.14198 0.01094 0.84708 
0.01636 0.51606 0.46758 
0.11622 0.41979 0.46399 
0.08843 0.59946 0.31211 
18 
0.033 0.93693 0.03007 
0.09908 0.08835 0.81257 
0.09132 0.14176 0.76692 
0.94714 0.04909 0.00377 
0.27284 0.03211 0.69505 
0.78625 2.2E-4 0.21353 

4 
0.96082 0.03918 
0.29027 0.70973 

18 
0.01691 0.1429 0.84019 
0.14239 0.79741 0.0602 
0.00451 0.47591 0.51958 
0.81486 0.06097 0.12417 
0.51191 0.47562 0.01247 
0.04583 0.61236 0.34181 
18 
0.08532 0.36314 0.55154 
0.26074 0.62066 0.1186 
0.0394 0.25434 0.70626 
0.14876 0.4893 0.36194 
0.76703 0.21085 0.02212 
0.84678 0.09336 0.05986 
18 
0.0623 0.02021 0.91749 
0.71071 0.01776 0.27153 
0.0371 0.03578 0.92712 
0.00388 0.98537 0.01075 
0.96302 0.02065 0.01633 
0.03125 0.96646 0.00229 
18 
0.0091 0.98786 0.00304 
0.53511 0.12916 0.33573 
0.37776 0.55445 0.06779 
0.15267 0.18948 0.65785 
0.56885 0.02118 0.40997 
0.04503 0.55528 0.39969 
18 
0.72283 0.25583 0.02134 
0.01031 0.89858 0.09111 
0.37469 0.23111 0.3942 
0.53714 0.4456 0.01726 
0.89743 0.06964 0.03293 
0.21376 0.45332 0.33292 
18 
0.97379 0.00509 0.02112 
0.36268 0.62691 0.01041 
0.08709 0.04284 0.87007 
0.14706 0.76043 0.09251 
0.11223 0.63242 0.25535 
0.19331 0.79472 0.01197 

4 
0.08633 0.91367 
0.22931 0.77069 
4 
0.80944 0.19056 
0.59932 0.40068 
4 
0.37971 0.62029 
0.7961 0.2039 
