V-CREDAL
10
4 2 4 2 4 4 4 3 4 2
10
1 0
2 6 1
1 2
2 0 3
5 2 5 6 7 4
3 8 9 5
1 6
2 0 7
1 8
1 9

24
0.612 0.09 0.095 0.203
0.116 0.012 0.576 0.296
0.425 0.566 0.005 0.004
0.752 0.114 0.102 0.032
0.23 0.352 0.247 0.171
0.42 0.008 0.407 0.165

4
0.658 0.342
0.966 0.034
4
0.707 0.293
0.156 0.844
4
0.264 0.736
0.67 0.33
4
0.415 0.585
0.077 0.923

24
0.206 0.018 0.634 0.142
0.557 0.235 0.064 0.144
0.291 0.019 0.13 0.56
0.006 0.003 0.845 0.146
0.002 0.899 0.087 0.012
0.157 0.01 0.003 0.83

4
0.179 0.821
0.278 0.722
4
0.194 0.806
0.262 0.738
4
0.158 0.842
0.046 0.954
4
0.906 0.094
0.039 0.961

24
0.08 0.79 0.042 0.088
0.401 0.14 0.201 0.258
0.018 0.393 0.584 0.005
0.533 0.047 0.412 0.008
0.216 0.163 0.356 0.265
0.086 0.015 0.869 0.03
24
0.504 0.186 0.167 0.143
0.526 0.035 0.127 0.312
0.005 0.047 0.743 0.205
0.056 0.212 0.435 0.297
0.979 0.018 0.001 0.002
0.343 0.308 0.342 0.007
24
0.334 0.48 0.116 0.07
0.003 0.977 0.017 0.003
0.487 0.297 0.017 0.199
0.057 0.202 0.61 0.131
0.47 0.184 0.084 0.262
0.193 0.044 0.721 0.042
24
0.529 0.016 0.44 0.015
0.316 0.163 0.001 0.52
0.198 0.614 0.076 0.112
0.715 0.018 0.112 0.155
0.391 0.343 0.255 0.011
0.76 0.181 0.008 0.051
24
0.401 0.406 0.132 0.061
0.127 0.246 0.025 0.602
0.003 0.993 0.003 0.001
0.396 0.135 0.118 0.351
0.075 0.842 0.071 0.012
0.438 0.349 0.142 0.071
24
0.099 0.118 0.765 0.018
0.05 0.471 0.257 0.222
0.09 0.116 0.726 0.068
0.425 0.104 0.391 0.08
0.15 0.645 0.182 0.023
0.283 0.369 0.313 0.035
24
0.947 0.027 0.007 0.019
0.144 0.492 0.139 0.225
0.995 0.001 0.002 0.002
0.355 0.02 0.346 0.279
0.311 0.291 0.397 0.001
0.59 0.111 0.146 0.153
24
0.684 0.18 0.005 0.131
0.003 0.954 0.001 0.042
0.247 0.308 0.429 0.016
0.011 0.131 0.002 0.856
0.286 0.033 0.388 0.293
0.639 0.047 0.239 0.075
24
0.132 0.016 0.659 0.193
0.153 0.207 0.175 0.465
0.088 0.814 0.011 0.087
0.025 0.174 0.78 0.021
0.159 0.177 0.096 0.568
0.093 0.233 0.053 0.621
24
0.284 0.003 0.478 0.235
0.462 0.303 0.204 0.031
0.034 0.012 0.611 0.343
0.179 0.171 0.11 0.54
0.244 0.101 0.575 0.08
0.055 0.109 0.451 0.385
24
0.458 0.067 0.404 0.071
0.026 0.881 0.006 0.087
0.009 0.655 0.297 0.039
0.35 0.141 0.089 0.42
0.921 0.007 0.012 0.06
0.052 0.168 0.538 0.242
24
0.717 0.094 0.1 0.089
0.016 0.441 0.538 0.005
0.164 0.037 0.037 0.762
0.432 0.33 0.161 0.077
0.187 0.201 0.61 0.002
0.066 0.01 0.877 0.047
24
0.717 0.206 0.066 0.011
0.555 0.394 0.035 0.016
0.065 0.411 0.478 0.046
0.171 0.063 0.702 0.064
0.139 0.098 0.014 0.749
0.005 0.008 0.013 0.974
24
0.119 0.402 0.402 0.077
0.052 0.119 0.316 0.513
0.483 0.011 0.496 0.01
0.147 0.386 0.263 0.204
0.043 0.275 0.121 0.561
0.198 0.321 0.062 0.419
24
0.095 0.875 0.02 0.01
0.93 0.013 0.016 0.041
0.395 0.087 0.101 0.417
0.461 0.266 0.006 0.267
0.009 0.225 0.001 0.765
0.02 0.014 0.827 0.139
24
0.126 0.09 0.37 0.414
0.315 0.172 0.392 0.121
0.324 0.057 0.547 0.072
0.086 0.303 0.405 0.206
0.27 0.323 0.138 0.269
0.042 0.077 0.051 0.83
24
0.608 0.378 0.004 0.01
0.005 0.543 0.445 0.007
0.484 0.149 0.004 0.363
0.419 0.218 0.139 0.224
0.1 0.789 0.059 0.052
0.037 0.652 0.193 0.118
24
0.012 0.017 0.005 0.966
0.001 0.401 0.005 0.593
0.04 0.065 0.814 0.081
0.258 0.071 0.605 0.066
0.066 0.024 0.036 0.874
0.034 0.176 0.759 0.031
24
0.521 0.245 0.212 0.022
0.347 0.525 0.1 0.028
0.752 0.027 0.038 0.183
0.332 0.19 0.35 0.128
0.007 0.739 0.179 0.075
0.607 0.229 0.066 0.098
24
0.061 0.134 0.605 0.2
0.572 0.042 0.025 0.361
0.05 0.649 0.114 0.187
0.036 0.111 0.028 0.825
0.029 0.003 0.018 0.95
0.346 0.045 0.002 0.607
24
0.287 0.006 0.234 0.473
0.574 0.125 0.252 0.049
0.596 0.254 0.013 0.137
0.136 0.061 0.104 0.699
0.033 0.012 0.288 0.667
0.668 0.201 0.016 0.115
24
0.02 0.04 0.05 0.89
0.157 0.788 0.031 0.024
0.054 0.031 0.86 0.055
0.282 0.054 0.393 0.271
0.016 0.717 0.102 0.165
0.048 0.102 0.831 0.019
24
0.025 0.27 0.632 0.073
0.672 0.02 0.148 0.16
0.329 0.137 0.317 0.217
0.81 0.002 0.185 0.003
0.328 0.048 0.511 0.113
0.236 0.671 0.071 0.022
24
0.35 0.048 0.22 0.382
0.246 0.538 0.117 0.099
0.007 0.031 0.945 0.017
0.021 0.337 0.007 0.635
0.107 0.565 0.086 0.242
0.282 0.026 0.111 0.581
24
0.108 0.508 0.152 0.232
0.013 0.247 0.737 0.003
0.961 0.01 0.02 0.009
0.247 0.01 0.74 0.003
0.003 0.816 0.008 0.173
0.254 0.379 0.061 0.306
24
0.507 0.172 0.278 0.043
0.008 0.987 0.004 0.001
0.094 0.037 0.857 0.012
0.267 0.001 0.718 0.014
0.028 0.368 0.092 0.512
0.047 0.097 0.122 0.734
24
0.463 0.516 0.019 0.002
0.002 0.066 0.008 0.924
0.459 0.003 0.218 0.32
0.474 0.042 0.466 0.018
0.013 0.108 0.762 0.117
0.099 0.059 0.656 0.186
24
0.541 0.027 0.262 0.17
0.008 0.073 0.497 0.422
0.007 0.002 0.981 0.01
0.591 0.034 0.267 0.108
0.057 0.559 0.338 0.046
0.777 0.07 0.071 0.082
24
0.099 0.018 0.848 0.035
0.075 0.75 0.069 0.106
0.05 0.1 0.78 0.07
0.249 0.282 0.254 0.215
0.053 0.194 0.414 0.339
0.085 0.19 0.009 0.716
24
0.468 0.529 0.001 0.002
0.084 0.269 0.06 0.587
0.124 0.787 0.04 0.049
0.087 0.029 0.626 0.258
0.002 0.004 0.747 0.247
0.019 0.779 0.005 0.197
24
0.988 0.001 0.003 0.008
0.679 0.016 0.018 0.287
0.223 0.734 0.015 0.028
0.198 0.023 0.233 0.546
0.384 0.042 0.554 0.02
0.295 0.044 0.052 0.609
24
0.092 0.111 0.442 0.355
0.007 0.459 0.413 0.121
0.01 0.015 0.448 0.527
0.019 0.594 0.02 0.367
0.091 0.56 0.325 0.024
0.494 0.046 0.009 0.451
24
0.695 0.107 0.188 0.01
0.004 0.968 0.025 0.003
0.626 0.043 0.011 0.32
0.357 0.417 0.008 0.218
0.51 0.269 0.162 0.059
0.151 0.805 0.017 0.027
24
0.029 0.761 0.117 0.093
0.26 0.721 0.004 0.015
0.35 0.339 0.072 0.239
0.074 0.155 0.724 0.047
0.038 0.062 0.675 0.225
0.278 0.535 0.136 0.051
24
0.116 0.167 0.646 0.071
0.119 0.024 0.005 0.852
0.045 0.834 0.03 0.091
0.299 0.007 0.144 0.55
0.732 0.012 0.07 0.186
0.068 0.025 0.844 0.063
24
0.62 0.135 0.035 0.21
0.349 0.422 0.215 0.014
0.221 0.09 0.311 0.378
0.953 0.001 0.011 0.035
0.237 0.185 0.26 0.318
0.931 0.02 0.003 0.046
24
0.031 0.494 0.388 0.087
0.819 0.173 0.002 0.006
0.217 0.507 0.156 0.12
0.406 0.134 0.245 0.215
0.182 0.149 0.569 0.1
0.883 0.085 0.01 0.022
24
0.005 0.016 0.189 0.79
0.011 0.038 0.947 0.004
0.252 0.291 0.103 0.354
0.973 0.021 0.002 0.004
0.002 0.006 0.667 0.325
0.009 0.048 0.933 0.01
24
0.001 0.892 0.027 0.08
0.064 0.457 0.146 0.333
0.037 0.033 0.736 0.194
0.113 0.064 0.813 0.01
0.079 0.843 0.014 0.064
0.19 0.221 0.314 0.275
24
0.307 0.204 0.384 0.105
0.362 0.574 0.055 0.009
0.01 0.286 0.172 0.532
0.791 0.128 0.064 0.017
0.842 0.057 0.086 0.015
0.548 0.199 0.234 0.019
24
0.509 0.248 0.002 0.241
0.72 0.242 0.004 0.034
0.15 0.537 0.024 0.289
0.423 0.085 0.027 0.465
0.24 0.023 0.67 0.067
0.005 0.042 0.951 0.002
24
0.549 0.408 0.035 0.008
0.09 0.677 0.187 0.046
0.037 0.01 0.948 0.005
0.435 0.32 0.005 0.24
0.337 0.027 0.632 0.004
0.045 0.385 0.538 0.032
24
0.214 0.136 0.082 0.568
0.927 0.031 0.028 0.014
0.09 0.739 0.131 0.04
0.748 0.051 0.106 0.095
0.105 0.166 0.521 0.208
0.563 0.231 0.051 0.155
24
0.096 0.156 0.416 0.332
0.074 0.101 0.165 0.66
0.117 0.578 0.266 0.039
0.146 0.062 0.074 0.718
0.485 0.114 0.051 0.35
0.149 0.091 0.221 0.539
24
0.312 0.072 0.545 0.071
0.005 0.987 0.001 0.007
0.592 0.126 0.11 0.172
0.011 0.449 0.321 0.219
0.013 0.001 0.521 0.465
0.547 0.03 0.387 0.036
24
0.83 0.029 0.054 0.087
0.09 0.142 0.57 0.198
0.302 0.053 0.442 0.203
0.465 0.13 0.009 0.396
0.081 0.467 0.138 0.314
0.005 0.474 0.51 0.011
24
0.187 0.332 0.063 0.418
0.08 0.049 0.658 0.213
0.054 0.041 0.872 0.033
0.341 0.254 0.379 0.026
0.02 0.022 0.951 0.007
0.075 0.908 0.015 0.002
24
0.124 0.286 0.382 0.208
0.741 0.017 0.066 0.176
0.004 0.217 0.694 0.085
0.655 0.025 0.017 0.303
0.195 0.12 0.567 0.118
0.027 0.122 0.064 0.787
24
0.003 0.238 0.177 0.582
0.212 0.085 0.197 0.506
0.181 0.77 0.039 0.01
0.329 0.459 0.12 0.092
0.492 0.03 0.373 0.105
0.145 0.303 0.041 0.511
24
0.352 0.18 0.103 0.365
0.486 0.039 0.13 0.345
0.069 0.895 0.034 0.002
0.341 0.165 0.394 0.1
0.034 0.224 0.557 0.185
0.449 0.048 0.381 0.122
24
0.011 0.091 0.179 0.719
0.019 0.594 0.381 0.006
0.06 0.025 0.542 0.373
0.005 0.076 0.002 0.917
0.337 0.117 0.505 0.041
0.375 0.019 0.569 0.037
24
0.016 0.002 0.001 0.981
0.592 0.317 0.075 0.016
0.185 0.592 0.078 0.145
0.905 0.002 0.003 0.09
0.667 0.023 0.155 0.155
0.015 0.18 0.592 0.213
24
0.038 0.038 0.916 0.008
0.016 0.476 0.094 0.414
0.813 0.015 0.077 0.095
0.163 0.17 0.639 0.028
0.729 0.072 0.066 0.133
0.081 0.116 0.254 0.549
24
0.002 0.004 0.99 0.004
0.21 0.291 0.435 0.064
0.548 0.03 0.194 0.228
0.162 0.214 0.094 0.53
0.136 0.17 0.156 0.538
0.044 0.361 0.008 0.587
24
0.009 0.011 0.01 0.97
0.056 0.014 0.826 0.104
0.07 0.499 0.177 0.254
0.424 0.193 0.005 0.378
0.584 0.001 0.014 0.401
0.257 0.119 0.565 0.059
24
0.126 0.034 0.269 0.571
0.199 0.075 0.002 0.724
0.228 0.099 0.651 0.022
0.639 0.088 0.137 0.136
0.153 0.84 0.002 0.005
0.523 0.333 0.117 0.027
24
0.083 0.149 0.693 0.075
0.008 0.119 0.015 0.858
0.264 0.049 0.011 0.676
0.008 0.94 0.01 0.042
0.023 0.009 0.024 0.944
0.127 0.021 0.029 0.823
24
0.023 0.448 0.513 0.016
0.82 0.013 0.153 0.014
0.677 0.007 0.112 0.204
0.042 0.219 0.131 0.608
0.069 0.059 0.204 0.668
0.048 0.602 0.058 0.292
24
0.188 0.611 0.193 0.008
0.097 0.067 0.749 0.087
0.861 0.085 0.028 0.026
0.004 0.002 0.011 0.983
0.073 0.823 0.018 0.086
0.006 0.917 0.064 0.013
24
0.426 0.089 0.376 0.109
0.001 0.884 0.085 0.03
0.315 0.115 0.366 0.204
0.535 0.424 0.028 0.013
0.427 0.137 0.381 0.055
0.057 0.755 0.082 0.106
24
0.088 0.251 0.476 0.185
0.182 0.608 0.17 0.04
0.196 0.462 0.069 0.273
0.342 0.358 0.262 0.038
0.042 0.119 0.261 0.578
0.148 0.119 0.008 0.725
24
0.833 0.095 0.039 0.033
0.024 0.064 0.88 0.032
0.113 0.141 0.011 0.735
0.009 0.444 0.011 0.536
0.04 0.02 0.044 0.896
0.031 0.629 0.201 0.139
24
0.063 0.141 0.118 0.678
0.025 0.113 0.169 0.693
0.167 0.173 0.032 0.628
0.164 0.063 0.385 0.388
0.822 0.024 0.132 0.022
0.304 0.651 0.021 0.024
24
0.024 0.024 0.184 0.768
0.105 0.167 0.686 0.042
0.146 0.01 0.654 0.19
0.434 0.002 0.561 0.003
0.167 0.221 0.523 0.089
0.513 0.184 0.103 0.2
24
0.012 0.018 0.317 0.653
0.231 0.031 0.681 0.057
0.813 0.147 0.018 0.022
0.172 0.287 0.453 0.088
0.02 0.216 0.236 0.528
0.195 0.589 0.147 0.069
24
0.081 0.554 0.363 0.002
0.01 0.025 0.307 0.658
0.21 0.555 0.006 0.229
0.008 0.005 0.878 0.109
0.842 0.001 0.073 0.084
0.06 0.347 0.177 0.416
24
0.331 0.316 0.229 0.124
0.037 0.758 0.185 0.02
0.125 0.705 0.035 0.135
0.136 0.061 0.056 0.747
0.797 0.154 0.008 0.041
0.878 0.064 0.015 0.043
24
0.418 0.568 0.002 0.012
0.223 0.123 0.004 0.65
0.047 0.371 0.032 0.55
0.033 0.042 0.107 0.818
0.161 0.078 0.511 0.25
0.022 0.046 0.913 0.019
24
0.066 0.052 0.796 0.086
0.074 0.731 0.127 0.068
0.015 0.974 0.001 0.01
0.009 0.044 0.865 0.082
0.376 0.506 0.115 0.003
0.97 0.001 0.009 0.02
24
0.69 0.149 0.118 0.043
0.013 0.219 0.529 0.239
0.007 0.035 0.922 0.036
0.157 0.636 0.163 0.044
0.16 0.4 0.083 0.357
0.751 0.045 0.018 0.186
24
0.033 0.247 0.64 0.08
0.009 0.008 0.682 0.301
0.034 0.015 0.009 0.942
0.626 0.005 0.226 0.143
0.739 0.227 0.018 0.016
0.813 0.014 0.043 0.13
24
0.551 0.225 0.11 0.114
0.097 0.767 0.032 0.104
0.027 0.564 0.29 0.119
0.1 0.188 0.002 0.71
0.366 0.196 0.116 0.322
0.21 0.019 0.765 0.006
24
0.952 0.003 0.006 0.039
0.611 0.02 0.059 0.31
0.008 0.74 0.043 0.209
0.006 0.028 0.813 0.153
0.194 0.178 0.602 0.026
0.024 0.929 0.021 0.026
24
0.123 0.324 0.548 0.005
0.111 0.724 0.076 0.089
0.2 0.389 0.014 0.397
0.421 0.106 0.134 0.339
0.061 0.048 0.448 0.443
0.123 0.805 0.052 0.02
24
0.645 0.103 0.028 0.224
0.089 0.076 0.487 0.348
0.321 0.022 0.586 0.071
0.082 0.125 0.474 0.319
0.144 0.181 0.072 0.603
0.015 0.781 0.116 0.088
24
0.499 0.088 0.273 0.14
0.023 0.496 0.101 0.38
0.372 0.015 0.505 0.108
0.054 0.081 0.541 0.324
0.012 0.979 0.001 0.008
0.242 0.087 0.155 0.516
24
0.238 0.617 0.119 0.026
0.646 0.053 0.079 0.222
0.079 0.873 0.037 0.011
0.024 0.501 0.311 0.164
0.027 0.04 0.784 0.149
0.318 0.028 0.638 0.016
24
0.223 0.316 0.148 0.313
0.192 0.004 0.073 0.731
0.141 0.262 0.596 0.001
0.71 0.012 0.19 0.088
0.209 0.074 0.68 0.037
0.056 0.145 0.718 0.081
24
0.173 0.15 0.442 0.235
0.586 0.176 0.195 0.043
0.192 0.215 0.416 0.177
0.109 0.01 0.053 0.828
0.23 0.733 0.025 0.012
0.024 0.034 0.102 0.84
24
0.497 0.49 0.01 0.003
0.016 0.007 0.646 0.331
0.036 0.851 0.098 0.015
0.445 0.367 0.142 0.046
0.002 0.379 0.002 0.617
0.532 0.005 0.004 0.459
24
0.068 0.367 0.177 0.388
0.508 0.216 0.272 0.004
0.1 0.726 0.155 0.019
0.947 0.05 0.002 0.001
0.651 0.006 0.031 0.312
0.628 0.319 0.043 0.01
24
0.566 0.06 0.294 0.08
0.246 0.686 0.031 0.037
0.237 0.02 0.043 0.7
0.731 0.014 0.12 0.135
0.609 0.312 0.016 0.063
0.859 0.032 0.099 0.01
24
0.053 0.253 0.19 0.504
0.113 0.163 0.696 0.028
0.388 0.086 0.279 0.247
0.815 0.14 0.024 0.021
0.033 0.41 0.102 0.455
0.23 0.059 0.076 0.635
24
0.539 0.087 0.041 0.333
0.664 0.313 0.005 0.018
0.343 0.006 0.644 0.007
0.108 0.566 0.188 0.138
0.039 0.514 0.132 0.315
0.05 0.003 0.324 0.623
24
0.881 0.025 0.09 0.004
0.622 0.237 0.138 0.003
0.412 0.344 0.112 0.132
0.007 0.005 0.979 0.009
0.009 0.796 0.136 0.059
0.26 0.289 0.145 0.306
24
0.078 0.142 0.283 0.497
0.147 0.036 0.503 0.314
0.151 0.346 0.286 0.217
0.164 0.066 0.317 0.453
0.291 0.174 0.057 0.478
0.787 0.035 0.068 0.11
24
0.488 0.003 0.026 0.483
0.09 0.014 0.188 0.708
0.113 0.27 0.492 0.125
0.776 0.14 0.007 0.077
0.967 0.008 0.009 0.016
0.24 0.459 0.042 0.259
24
0.076 0.758 0.03 0.136
0.69 0.002 0.297 0.011
0.208 0.376 0.337 0.079
0.583 0.107 0.09 0.22
0.006 0.073 0.213 0.708
0.159 0.525 0.215 0.101
24
0.687 0.061 0.085 0.167
0.014 0.068 0.024 0.894
0.119 0.485 0.144 0.252
0.513 0.012 0.409 0.066
0.818 0.08 0.08 0.022
0.125 0.007 0.83 0.038
24
0.093 0.169 0.076 0.662
0.098 0.014 0.669 0.219
0.604 0.106 0.226 0.064
0.89 0.055 0.028 0.027
0.314 0.251 0.027 0.408
0.558 0.142 0.207 0.093
24
0.024 0.521 0.053 0.402
0.553 0.035 0.193 0.219
0.086 0.226 0.325 0.363
0.437 0.017 0.278 0.268
0.07 0.023 0.878 0.029
0.011 0.927 0.038 0.024
24
0.002 0.003 0.994 0.001
0.73 0.013 0.092 0.165
0.006 0.036 0.025 0.933
0.905 0.034 0.018 0.043
0.001 0.844 0.099 0.056
0.049 0.048 0.902 0.001
24
0.211 0.046 0.725 0.018
0.316 0.513 0.016 0.155
0.036 0.133 0.315 0.516
0.012 0.718 0.035 0.235
0.318 0.02 0.08 0.582
0.496 0.031 0.118 0.355
24
0.015 0.044 0.858 0.083
0.945 0.002 0.004 0.049
0.263 0.048 0.014 0.675
0.384 0.575 0.013 0.028
0.015 0.896 0.084 0.005
0.745 0.175 0.057 0.023
24
0.954 0.001 0.043 0.002
0.042 0.255 0.337 0.366
0.062 0.001 0.875 0.062
0.348 0.256 0.051 0.345
0.157 0.55 0.282 0.011
0.792 0.025 0.066 0.117
24
0.001 0.002 0.995 0.002
0.02 0.629 0.346 0.005
0.586 0.017 0.319 0.078
0.317 0.405 0.081 0.197
0.674 0.05 0.015 0.261
0.103 0.823 0.038 0.036
24
0.208 0.4 0.211 0.181
0.641 0.172 0.118 0.069
0.205 0.001 0.221 0.573
0.44 0.05 0.495 0.015
0.315 0.141 0.008 0.536
0.64 0.268 0.006 0.086
24
0.009 0.906 0.074 0.011
0.346 0.012 0.007 0.635
0.587 0.051 0.354 0.008
0.474 0.028 0.032 0.466
0.039 0.239 0.257 0.465
0.123 0.813 0.017 0.047
24
0.004 0.824 0.072 0.1
0.041 0.228 0.15 0.581
0.259 0.168 0.466 0.107
0.679 0.06 0.097 0.164
0.786 0.075 0.036 0.103
0.02 0.3 0.01 0.67
24
0.522 0.464 0.011 0.003
0.86 0.03 0.063 0.047
0.107 0.159 0.13 0.604
0.169 0.079 0.699 0.053
0.492 0.04 0.042 0.426
0.113 0.012 0.815 0.06
24
0.105 0.037 0.668 0.19
0.037 0.928 0.031 0.004
0.337 0.131 0.531 0.001
0.294 0.002 0.611 0.093
0.369 0.363 0.106 0.162
0.391 0.016 0.128 0.465
24
0.097 0.645 0.103 0.155
0.409 0.09 0.008 0.493
0.96 0.008 0.028 0.004
0.622 0.007 0.254 0.117
0.649 0.011 0.034 0.306
0.228 0.058 0.014 0.7
24
0.004 0.52 0.044 0.432
0.485 0.189 0.094 0.232
0.038 0.195 0.65 0.117
0.019 0.196 0.006 0.779
0.057 0.062 0.392 0.489
0.304 0.513 0.154 0.029
24
0.117 0.549 0.135 0.199
0.007 0.162 0.829 0.002
0.019 0.066 0.046 0.869
0.041 0.931 0.007 0.021
0.034 0.25 0.654 0.062
0.082 0.124 0.031 0.763
24
0.095 0.477 0.416 0.012
0.008 0.023 0.94 0.029
0.064 0.065 0.831 0.04
0.005 0.677 0.072 0.246
0.125 0.147 0.437 0.291
0.007 0.004 0.633 0.356
24
0.003 0.214 0.119 0.664
0.84 0.079 0.003 0.078
0.038 0.171 0.426 0.365
0.004 0.003 0.936 0.057
0.398 0.559 0.002 0.041
0.054 0.13 0.092 0.724
24
0.498 0.307 0.154 0.041
0.356 0.197 0.411 0.036
0.109 0.528 0.263 0.1
0.004 0.002 0.004 0.99
0.026 0.437 0.206 0.331
0.58 0.223 0.148 0.049
24
0.111 0.704 0.161 0.024
0.213 0.697 0.064 0.026
0.136 0.341 0.118 0.405
0.605 0.057 0.336 0.002
0.437 0.123 0.404 0.036
0.3 0.521 0.047 0.132
24
0.102 0.742 0.124 0.032
0.167 0.003 0.053 0.777
0.646 0.153 0.037 0.164
0.053 0.153 0.353 0.441
0.061 0.032 0.865 0.042
0.031 0.032 0.64 0.297
24
0.04 0.836 0.089 0.035
0.195 0.032 0.544 0.229
0.544 0.199 0.201 0.056
0.185 0.592 0.212 0.011
0.08 0.034 0.041 0.845
0.078 0.123 0.299 0.5
24
0.15 0.27 0.541 0.039
0.25 0.148 0.116 0.486
0.043 0.303 0.037 0.617
0.047 0.22 0.08 0.653
0.206 0.173 0.275 0.346
0.019 0.144 0.124 0.713
24
0.086 0.779 0.017 0.118
0.174 0.393 0.21 0.223
0.583 0.099 0.009 0.309
0.025 0.776 0.109 0.09
0.039 0.18 0.766 0.015
0.34 0.275 0.084 0.301
24
0.615 0.324 0.003 0.058
0.105 0.328 0.056 0.511
0.276 0.097 0.405 0.222
0.01 0.007 0.886 0.097
0.965 0.003 0.003 0.029
0.519 0.438 0.036 0.007
24
0.078 0.317 0.532 0.073
0.315 0.071 0.05 0.564
0.223 0.237 0.3 0.24
0.005 0.829 0.062 0.104
0.071 0.704 0.017 0.208
0.077 0.102 0.118 0.703
24
0.898 0.062 0.009 0.031
0.862 0.092 0.044 0.002
0.051 0.022 0.621 0.306
0.963 0.011 0.013 0.013
0.055 0.302 0.604 0.039
0.146 0.45 0.248 0.156
24
0.009 0.221 0.769 0.001
0.191 0.082 0.594 0.133
0.044 0.03 0.825 0.101
0.25 0.28 0.167 0.303
0.015 0.083 0.555 0.347
0.057 0.023 0.142 0.778
24
0.427 0.052 0.153 0.368
0.287 0.357 0.197 0.159
0.084 0.192 0.703 0.021
0.845 0.096 0.005 0.054
0.203 0.358 0.1 0.339
0.066 0.033 0.625 0.276
24
0.16 0.036 0.798 0.006
0.121 0.582 0.209 0.088
0.09 0.056 0.091 0.763
0.945 0.004 0.022 0.029
0.174 0.639 0.076 0.111
0.911 0.004 0.048 0.037
24
0.001 0.599 0.002 0.398
0.26 0.012 0.019 0.709
0.032 0.222 0.015 0.731
0.313 0.101 0.565 0.021
0.317 0.189 0.49 0.004
0.008 0.01 0.155 0.827
24
0.062 0.097 0.645 0.196
0.3 0.069 0.031 0.6
0.972 0.016 0.006 0.006
0.101 0.018 0.825 0.056
0.641 0.139 0.205 0.015
0.175 0.165 0.457 0.203
24
0.232 0.303 0.125 0.34
0.057 0.424 0.23 0.289
0.124 0.703 0.059 0.114
0.02 0.004 0.96 0.016
0.086 0.446 0.023 0.445
0.036 0.137 0.478 0.349
24
0.062 0.24 0.484 0.214
0.035 0.722 0.023 0.22
0.044 0.337 0.556 0.063
0.441 0.488 0.052 0.019
0.823 0.007 0.036 0.134
0.008 0.129 0.122 0.741
24
0.043 0.574 0.375 0.008
0.075 0.916 0.006 0.003
0.256 0.039 0.159 0.546
0.058 0.062 0.052 0.828
0.001 0.382 0.075 0.542
0.006 0.334 0.654 0.006
24
0.026 0.132 0.263 0.579
0.019 0.8 0.158 0.023
0.072 0.53 0.243 0.155
0.42 0.213 0.306 0.061
0.236 0.731 0.009 0.024
0.354 0.209 0.005 0.432
24
0.492 0.059 0.37 0.079
0.669 0.155 0.147 0.029
0.387 0.604 0.007 0.002
0.617 0.217 0.003 0.163
0.632 0.004 0.319 0.045
0.034 0.217 0.083 0.666
24
0.022 0.111 0.758 0.109
0.132 0.475 0.072 0.321
0.304 0.506 0.146 0.044
0.49 0.387 0.063 0.06
0.01 0.229 0.068 0.693
0.231 0.437 0.06 0.272
24
0.135 0.192 0.137 0.536
0.371 0.359 0.226 0.044
0.41 0.233 0.031 0.326
0.248 0.069 0.159 0.524
0.046 0.54 0.38 0.034
0.491 0.452 0.049 0.008
24
0.008 0.519 0.043 0.43
0.677 0.047 0.12 0.156
0.115 0.071 0.278 0.536
0.284 0.072 0.101 0.543
0.027 0.174 0.02 0.779
0.03 0.016 0.318 0.636
24
0.066 0.716 0.214 0.004
0.079 0.779 0.079 0.063
0.022 0.866 0.105 0.007
0.119 0.335 0.415 0.131
0.33 0.029 0.536 0.105
0.057 0.553 0.375 0.015
24
0.013 0.054 0.041 0.892
0.042 0.23 0.009 0.719
0.161 0.002 0.826 0.011
0.343 0.149 0.424 0.084
0.298 0.099 0.145 0.458
0.322 0.103 0.42 0.155
24
0.45 0.277 0.268 0.005
0.447 0.221 0.167 0.165
0.155 0.016 0.608 0.221
0.553 0.002 0.235 0.21
0.002 0.002 0.014 0.982
0.888 0.036 0.047 0.029
24
0.579 0.152 0.137 0.132
0.069 0.165 0.311 0.455
0.008 0.731 0.042 0.219
0.056 0.909 0.004 0.031
0.806 0.053 0.135 0.006
0.399 0.425 0.075 0.101
24
0.614 0.077 0.279 0.03
0.024 0.009 0.302 0.665
0.422 0.014 0.52 0.044
0.051 0.437 0.336 0.176
0.428 0.377 0.01 0.185
0.242 0.009 0.219 0.53
24
0.528 0.383 0.024 0.065
0.002 0.737 0.031 0.23
0.127 0.04 0.561 0.272
0.457 0.03 0.483 0.03
0.162 0.752 0.045 0.041
0.037 0.389 0.349 0.225
24
0.937 0.045 0.015 0.003
0.419 0.096 0.384 0.101
0.37 0.517 0.104 0.009
0.022 0.741 0.228 0.009
0.501 0.385 0.085 0.029
0.085 0.15 0.626 0.139
24
0.708 0.194 0.08 0.018
0.689 0.091 0.033 0.187
0.659 0.049 0.114 0.178
0.406 0.275 0.129 0.19
0.176 0.008 0.774 0.042
0.001 0.945 0.03 0.024
24
0.22 0.068 0.274 0.438
0.044 0.222 0.662 0.072
0.058 0.123 0.004 0.815
0.615 0.064 0.104 0.217
0.005 0.2 0.358 0.437
0.172 0.155 0.497 0.176
24
0.051 0.295 0.02 0.634
0.107 0.712 0.176 0.005
0.014 0.252 0.078 0.656
0.326 0.355 0.151 0.168
0.038 0.007 0.006 0.949
0.042 0.583 0.082 0.293
24
0.03 0.058 0.845 0.067
0.399 0.212 0.281 0.108
0.506 0.034 0.106 0.354
0.14 0.121 0.087 0.652
0.125 0.038 0.591 0.246
0.221 0.212 0.49 0.077
24
0.308 0.119 0.116 0.457
0.001 0.037 0.76 0.202
0.135 0.239 0.444 0.182
0.155 0.06 0.706 0.079
0.018 0.056 0.313 0.613
0.534 0.327 0.027 0.112
24
0.297 0.197 0.318 0.188
0.261 0.082 0.483 0.174
0.039 0.686 0.264 0.011
0.024 0.059 0.099 0.818
0.291 0.062 0.31 0.337
0.005 0.025 0.141 0.829
24
0.042 0.004 0.013 0.941
0.976 0.001 0.017 0.006
0.854 0.001 0.059 0.086
0.303 0.129 0.558 0.01
0.034 0.018 0.07 0.878
0.19 0.315 0.052 0.443
24
0.092 0.477 0.035 0.396
0.044 0.42 0.381 0.155
0.014 0.012 0.029 0.945
0.342 0.119 0.384 0.155
0.047 0.035 0.774 0.144
0.126 0.746 0.099 0.029
24
0.098 0.454 0.148 0.3
0.051 0.134 0.021 0.794
0.783 0.151 0.012 0.054
0.12 0.317 0.342 0.221
0.419 0.099 0.294 0.188
0.338 0.12 0.434 0.108
24
0.909 0.011 0.005 0.075
0.085 0.001 0.098 0.816
0.266 0.595 0.129 0.01
0.085 0.075 0.821 0.019
0.007 0.169 0.61 0.214
0.03 0.268 0.449 0.253
24
0.52 0.078 0.353 0.049
0.095 0.624 0.148 0.133
0.002 0.011 0.04 0.947
0.062 0.019 0.017 0.902
0.456 0.012 0.386 0.146
0.004 0.001 0.991 0.004
24
0.173 0.367 0.248 0.212
0.404 0.495 0.008 0.093
0.609 0.098 0.292 0.001
0.157 0.027 0.034 0.782
0.491 0.083 0.044 0.382
0.136 0.22 0.185 0.459
24
0.358 0.288 0.323 0.031
0.228 0.176 0.177 0.419
0.857 0.048 0.074 0.021
0.073 0.292 0.538 0.097
0.458 0.089 0.081 0.372
0.097 0.078 0.401 0.424
24
0.028 0.013 0.944 0.015
0.12 0.221 0.048 0.611
0.201 0.531 0.234 0.034
0.02 0.403 0.216 0.361
0.029 0.771 0.131 0.069
0.268 0.361 0.113 0.258
24
0.331 0.623 0.011 0.035
0.071 0.659 0.092 0.178
0.007 0.077 0.001 0.915
0.164 0.026 0.749 0.061
0.256 0.388 0.316 0.04
0.014 0.123 0.847 0.016
24
0.018 0.163 0.721 0.098
0.731 0.073 0.011 0.185
0.424 0.044 0.394 0.138
0.319 0.138 0.048 0.495
0.008 0.016 0.965 0.011
0.059 0.575 0.338 0.028
24
0.989 0.004 0.002 0.005
0.317 0.007 0.67 0.006
0.012 0.901 0.041 0.046
0.15 0.316 0.425 0.109
0.132 0.048 0.022 0.798
0.062 0.266 0.396 0.276
24
0.023 0.916 0.023 0.038
0.24 0.013 0.065 0.682
0.824 0.019 0.019 0.138
0.175 0.817 0.005 0.003
0.462 0.041 0.271 0.226
0.009 0.586 0.134 0.271
24
0.217 0.3 0.317 0.166
0.92 0.053 0.005 0.022
0.968 0.015 0.014 0.003
0.392 0.002 0.003 0.603
0.107 0.737 0.139 0.017
0.211 0.141 0.099 0.549
24
0.002 0.008 0.004 0.986
0.369 0.454 0.022 0.155
0.688 0.014 0.283 0.015
0.11 0.122 0.045 0.723
0.495 0.019 0.328 0.158
0.212 0.091 0.328 0.369
24
0.679 0.118 0.06 0.143
0.149 0.113 0.137 0.601
0.958 0.012 0.002 0.028
0.143 0.262 0.409 0.186
0.133 0.046 0.423 0.398
0.049 0.036 0.559 0.356
24
0.306 0.003 0.613 0.078
0.081 0.728 0.104 0.087
0.332 0.654 0.012 0.002
0.077 0.052 0.721 0.15
0.016 0.022 0.007 0.955
0.28 0.015 0.147 0.558
24
0.024 0.364 0.366 0.246
0.044 0.157 0.156 0.643
0.34 0.117 0.537 0.006
0.517 0.341 0.105 0.037
0.084 0.069 0.01 0.837
0.076 0.056 0.24 0.628
24
0.448 0.095 0.131 0.326
0.132 0.009 0.007 0.852
0.571 0.152 0.158 0.119
0.09 0.186 0.299 0.425
0.002 0.505 0.43 0.063
0.428 0.17 0.227 0.175
24
0.047 0.034 0.172 0.747
0.212 0.402 0.189 0.197
0.202 0.664 0.016 0.118
0.19 0.677 0.055 0.078
0.289 0.123 0.03 0.558
0.002 0.872 0.123 0.003
24
0.151 0.12 0.399 0.33
0.017 0.226 0.017 0.74
0.007 0.351 0.011 0.631
0.046 0.048 0.838 0.068
0.078 0.606 0.27 0.046
0.511 0.229 0.052 0.208
24
0.246 0.472 0.269 0.013
0.549 0.126 0.249 0.076
0.624 0.205 0.093 0.078
0.016 0.035 0.777 0.172
0.025 0.003 0.002 0.97
0.183 0.247 0.049 0.521
24
0.053 0.578 0.125 0.244
0.447 0.008 0.534 0.011
0.147 0.432 0.033 0.388
0.056 0.017 0.05 0.877
0.004 0.137 0.844 0.015
0.285 0.099 0.143 0.473
24
0.128 0.057 0.505 0.31
0.096 0.011 0.018 0.875
0.103 0.088 0.401 0.408
0.223 0.064 0.652 0.061
0.975 0.001 0.01 0.014
0.396 0.024 0.09 0.49
24
0.033 0.215 0.71 0.042
0.862 0.018 0.094 0.026
0.443 0.214 0.159 0.184
0.051 0.026 0.747 0.176
0.017 0.02 0.773 0.19
0.253 0.417 0.128 0.202
24
0.519 0.098 0.168 0.215
0.015 0.02 0.942 0.023
0.137 0.206 0.067 0.59
0.087 0.015 0.671 0.227
0.056 0.741 0.024 0.179
0.047 0.012 0.587 0.354
24
0.209 0.418 0.063 0.31
0.164 0.126 0.196 0.514
0.349 0.084 0.431 0.136
0.071 0.568 0.204 0.157
0.033 0.086 0.301 0.58
0.171 0.103 0.503 0.223
24
0.053 0.272 0.533 0.142
0.037 0.251 0.116 0.596
0.051 0.798 0.032 0.119
0.085 0.19 0.329 0.396
0.425 0.097 0.295 0.183
0.547 0.227 0.187 0.039
24
0.655 0.272 0.068 0.005
0.241 0.106 0.228 0.425
0.003 0.003 0.988 0.006
0.143 0.123 0.147 0.587
0.128 0.115 0.381 0.376
0.361 0.229 0.295 0.115
24
0.288 0.009 0.01 0.693
0.627 0.277 0.022 0.074
0.335 0.548 0.087 0.03
0.058 0.006 0.101 0.835
0.004 0.194 0.408 0.394
0.076 0.147 0.032 0.745
24
0.041 0.055 0.001 0.903
0.041 0.418 0.46 0.081
0.45 0.394 0.079 0.077
0.679 0.07 0.062 0.189
0.003 0.023 0.763 0.211
0.566 0.006 0.418 0.01
24
0.443 0.182 0.065 0.31
0.335 0.291 0.005 0.369
0.095 0.849 0.054 0.002
0.213 0.734 0.034 0.019
0.393 0.086 0.092 0.429
0.282 0.089 0.317 0.312
24
0.231 0.597 0.099 0.073
0.847 0.087 0.038 0.028
0.368 0.033 0.551 0.048
0.659 0.065 0.017 0.259
0.862 0.097 0.039 0.002
0.296 0.005 0.006 0.693
24
0.791 0.022 0.133 0.054
0.081 0.072 0.772 0.075
0.021 0.097 0.791 0.091
0.043 0.81 0.129 0.018
0.031 0.045 0.909 0.015
0.007 0.736 0.05 0.207
24
0.58 0.227 0.002 0.191
0.168 0.023 0.776 0.033
0.045 0.681 0.271 0.003
0.01 0.136 0.169 0.685
0.432 0.119 0.337 0.112
0.107 0.049 0.024 0.82
24
0.136 0.029 0.668 0.167
0.224 0.176 0.424 0.176
0.003 0.682 0.312 0.003
0.093 0.048 0.845 0.014
0.791 0.112 0.08 0.017
0.979 0.003 0.012 0.006
24
0.011 0.005 0.298 0.686
0.884 0.01 0.096 0.01
0.008 0.128 0.597 0.267
0.572 0.072 0.11 0.246
0.881 0.005 0.012 0.102
0.089 0.066 0.461 0.384
24
0.393 0.006 0.214 0.387
0.194 0.547 0.018 0.241
0.008 0.21 0.623 0.159
0.606 0.177 0.048 0.169
0.012 0.08 0.899 0.009
0.175 0.088 0.383 0.354
24
0.073 0.024 0.663 0.24
0.021 0.48 0.177 0.322
0.12 0.183 0.572 0.125
0.866 0.079 0.049 0.006
0.679 0.209 0.064 0.048
0.099 0.095 0.095 0.711
24
0.794 0.059 0.088 0.059
0.108 0.007 0.614 0.271
0.369 0.06 0.229 0.342
0.093 0.145 0.551 0.211
0.45 0.202 0.313 0.035
0.005 0.001 0.953 0.041
24
0.104 0.665 0.161 0.07
0.4 0.116 0.242 0.242
0.042 0.069 0.719 0.17
0.12 0.041 0.412 0.427
0.337 0.273 0.186 0.204
0.278 0.061 0.107 0.554
24
0.349 0.322 0.024 0.305
0.094 0.154 0.674 0.078
0.748 0.067 0.103 0.082
0.697 0.045 0.154 0.104
0.774 0.059 0.156 0.011
0.036 0.344 0.03 0.59
24
0.131 0.143 0.204 0.522
0.781 0.133 0.075 0.011
0.446 0.443 0.006 0.105
0.029 0.875 0.033 0.063
0.245 0.081 0.673 0.001
0.221 0.09 0.174 0.515
24
0.313 0.209 0.46 0.018
0.357 0.186 0.376 0.081
0.144 0.627 0.126 0.103
0.363 0.471 0.11 0.056
0.979 0.01 0.009 0.002
0.131 0.074 0.686 0.109
24
0.262 0.329 0.213 0.196
0.878 0.007 0.107 0.008
0.052 0.052 0.577 0.319
0.159 0.665 0.126 0.05
0.302 0.287 0.376 0.035
0.091 0.741 0.008 0.16
24
0.72 0.014 0.184 0.082
0.663 0.023 0.031 0.283
0.079 0.018 0.325 0.578
0.032 0.009 0.94 0.019
0.065 0.276 0.322 0.337
0.328 0.471 0.196 0.005
24
0.071 0.15 0.057 0.722
0.893 0.048 0.021 0.038
0.024 0.343 0.017 0.616
0.1 0.292 0.197 0.411
0.008 0.97 0.013 0.009
0.945 0.023 0.029 0.003
24
0.031 0.08 0.037 0.852
0.103 0.798 0.042 0.057
0.032 0.732 0.022 0.214
0.868 0.009 0.004 0.119
0.018 0.006 0.141 0.835
0.565 0.125 0.085 0.225
24
0.212 0.022 0.217 0.549
0.019 0.123 0.1 0.758
0.005 0.966 0.024 0.005
0.083 0.334 0.539 0.044
0.02 0.621 0.162 0.197
0.485 0.022 0.134 0.359
24
0.198 0.795 0.005 0.002
0.032 0.081 0.634 0.253
0.006 0.141 0.022 0.831
0.681 0.123 0.082 0.114
0.055 0.074 0.484 0.387
0.106 0.056 0.072 0.766
24
0.059 0.119 0.041 0.781
0.654 0.232 0.014 0.1
0.154 0.112 0.084 0.65
0.155 0.037 0.488 0.32
0.101 0.834 0.034 0.031
0.004 0.005 0.417 0.574
24
0.222 0.268 0.094 0.416
0.05 0.945 0.001 0.004
0.19 0.544 0.162 0.104
0.258 0.018 0.374 0.35
0.028 0.31 0.275 0.387
0.916 0.05 0.012 0.022

24
0.318 0.499 0.097 0.086
0.739 0.018 0.232 0.011
0.384 0.163 0.211 0.242
0.041 0.745 0.121 0.093
0.065 0.032 0.058 0.845
0.02 0.643 0.163 0.174
24
0.297 0.689 0.002 0.012
0.359 0.114 0.295 0.232
0.586 0.094 0.164 0.156
0.374 0.293 0.211 0.122
0.972 0.002 0.011 0.015
0.83 0.001 0.075 0.094
24
0.375 0.29 0.329 0.006
0.006 0.69 0.093 0.211
0.128 0.642 0.199 0.031
0.425 0.212 0.17 0.193
0.062 0.03 0.819 0.089
0.014 0.279 0.55 0.157
24
0.484 0.002 0.135 0.379
0.002 0.004 0.458 0.536
0.028 0.005 0.965 0.002
0.017 0.512 0.383 0.088
0.417 0.083 0.38 0.12
0.07 0.408 0.028 0.494
24
0.051 0.237 0.495 0.217
0.025 0.735 0.213 0.027
0.362 0.056 0.55 0.032
0.026 0.658 0.313 0.003
0.068 0.424 0.484 0.024
0.189 0.075 0.147 0.589
24
0.571 0.022 0.313 0.094
0.149 0.498 0.034 0.319
0.869 0.043 0.052 0.036
0.03 0.026 0.77 0.174
0.027 0.195 0.676 0.102
0.021 0.781 0.152 0.046
24
0.882 0.061 0.035 0.022
0.081 0.536 0.122 0.261
0.772 0.029 0.092 0.107
0.139 0.33 0.034 0.497
0.022 0.535 0.191 0.252
0.005 0.196 0.441 0.358
24
0.02 0.334 0.011 0.635
0.668 0.022 0.027 0.283
0.009 0.134 0.756 0.101
0.094 0.325 0.443 0.138
0.205 0.437 0.142 0.216
0.038 0.066 0.823 0.073

24
0.222 0.345 0.266 0.167
0.011 0.605 0.216 0.168
0.85 0.102 0.046 0.002
0.307 0.301 0.369 0.023
0.015 0.94 0.041 0.004
0.281 0.247 0.231 0.241

18
0.057 0.685 0.258
0.766 0.149 0.085
0.002 0.363 0.635
0.079 0.771 0.15
0.264 0.066 0.67
0.717 0.104 0.179
18
0.027 0.026 0.947
0.013 0.412 0.575
0.935 0.005 0.06
0.084 0.896 0.02
0.324 0.662 0.014
0.761 0.222 0.017
18
0.067 0.533 0.4
0.915 0.061 0.024
0.114 0.106 0.78
0.059 0.879 0.062
0.285 0.702 0.013
0.323 0.03 0.647
18
0.285 0.424 0.291
0.984 0.002 0.014
0.427 0.224 0.349
0.435 0.387 0.178
0.832 0.135 0.033
0.619 0.053 0.328

24
0.054 0.645 0.27 0.031
0.64 0.353 0.001 0.006
0.325 0.036 0.066 0.573
0.128 0.001 0.716 0.155
0.001 0.003 0.032 0.964
0.039 0.854 0.03 0.077

4
0.857 0.143
0.231 0.769
