V-CREDAL 
8 
4 3 4 3 2 3 3 2 
8 
1 0 
2 0 1 
2 1 2 
2 2 3 
2 3 4 
2 4 5 
2 5 6 
2 6 7 

16 
0.45312 0.32871 0.01915 0.19902 
0.00657 0.3909 0.41031 0.19222 
0.48101 0.1528 0.01869 0.3475 
0.59519 0.10331 0.03641 0.26509 

12 
0.12579 0.64083 0.23338 
0.68549 0.08293 0.23158 
0.01126 0.63699 0.35175 
0.03105 0.65481 0.31414 
12 
0.34541 0.33858 0.31601 
6.6E-4 0.01237 0.98697 
0.41815 0.10526 0.47659 
0.09577 0.73746 0.16677 
12 
0.11743 0.75717 0.1254 
0.81092 0.02706 0.16202 
0.32664 0.18771 0.48565 
0.55337 0.01726 0.42937 
12 
0.12777 0.84481 0.02742 
0.01705 0.97743 0.00552 
0.14751 0.11352 0.73897 
0.10327 0.13079 0.76594 

16 
0.31644 0.43115 0.03965 0.21276 
0.03809 0.08467 0.77349 0.10375 
0.49286 0.24531 0.20311 0.05872 
0.36095 0.05674 0.35808 0.22423 
16 
0.00111 7.1E-4 0.99751 6.7E-4 
0.13135 0.02193 0.83971 0.00701 
0.00386 2.3E-4 0.99364 0.00227 
0.21283 0.56836 0.01329 0.20552 
16 
0.9849 0.00169 0.0088 0.00461 
0.16368 0.31987 0.38387 0.13258 
0.01847 0.49558 0.39593 0.09002 
0.05738 0.06123 0.87925 0.00214 

12 
0.19904 0.5135 0.28746 
0.19048 0.12542 0.6841 
0.42957 0.4367 0.13373 
0.26243 0.03405 0.70352 
12 
0.78648 0.1994 0.01412 
0.1527 0.68661 0.16069 
0.26939 0.04066 0.68995 
0.02834 0.46813 0.50353 
12 
0.87595 0.10712 0.01693 
0.00506 0.93367 0.06127 
0.20278 0.16677 0.63045 
0.15417 0.79229 0.05354 
12 
0.2254 0.52676 0.24784 
0.69487 0.18761 0.11752 
0.0254 0.24658 0.72802 
0.02799 0.18146 0.79055 

4 
0.24042 0.75958 
0.27743 0.72257 
4 
0.62278 0.37722 
0.99763 0.00237 
4 
0.5565 0.4435 
0.76017 0.23983 

12 
0.0343 0.85114 0.11456 
0.85944 0.12041 0.02015 
0.87324 0.00261 0.12415 
0.01511 0.20877 0.77612 
12 
0.06034 0.02091 0.91875 
0.23184 0.64241 0.12575 
0.40006 0.25695 0.34299 
0.02786 0.45558 0.51656 

12 
0.15984 0.37023 0.46993 
0.90983 0.0031 0.08707 
0.07581 0.05779 0.8664 
0.19193 0.02259 0.78548 
12 
0.61285 0.07242 0.31473 
0.42705 0.30156 0.27139 
0.05566 0.61837 0.32597 
0.08403 6.0E-5 0.91591 
12 
0.0467 0.13451 0.81879 
0.4461 0.44141 0.11249 
0.53999 0.23953 0.22048 
0.04312 0.35038 0.6065 

4 
0.66694 0.33306 
0.06929 0.93071 
4 
0.08436 0.91564 
0.8122 0.1878 
4 
0.87344 0.12656 
0.60183 0.39817 
