V-CREDAL
4
3 4 2 2
4
2 2 0
2 2 1
1 2
2 2 3

18
0.009 0.933 0.058
0.048 0.937 0.015
0.005 0.118 0.877
0.999 0.001 0.0
0.013 0.016 0.971
0.001 0.511 0.488
18
0.781 0.094 0.125
0.459 0.262 0.279
0.007 0.001 0.992
0.214 0.145 0.641
0.765 0.195 0.04
0.632 0.301 0.067

24
0.368 0.631 0.0 0.001
0.25 0.08 0.567 0.103
0.476 0.015 0.493 0.016
0.052 0.929 0.012 0.007
0.533 0.222 0.009 0.236
0.449 0.017 0.025 0.509
24
0.052 0.178 0.299 0.471
0.097 0.463 0.229 0.211
0.008 0.526 0.465 0.001
0.741 0.004 0.008 0.247
0.088 0.257 0.488 0.167
0.018 0.167 0.531 0.284

4
0.377 0.623
0.77 0.23

4
0.579 0.421
0.778 0.222
4
0.806 0.194
0.392 0.608
