V-CREDAL 
4 
3 3 3 2 
4 
1 0 
3 0 2 1 
1 2 
2 1 3 

12 
0.34387 0.21336 0.44277 
0.10389 0.69771 0.1984 
0.27057 0.3316 0.39783 
0.36938 0.60116 0.02946 

12 
0.44094 0.29474 0.26432 
0.60631 0.28206 0.11163 
0.07343 0.78166 0.14491 
0.49562 0.23153 0.27285 
12 
0.00739 0.98329 0.00932 
0.23022 0.65067 0.11911 
0.35072 0.22316 0.42612 
0.22307 0.11095 0.66598 
12 
0.02263 0.26556 0.71181 
0.23607 0.74688 0.01705 
0.46022 0.00135 0.53843 
0.26137 0.05272 0.68591 
12 
0.21375 0.23436 0.55189 
0.35605 0.62836 0.01559 
0.1061 0.77188 0.12202 
0.97754 0.01098 0.01148 
12 
0.26354 0.10644 0.63002 
0.23741 0.18054 0.58205 
0.645 0.24991 0.10509 
0.19453 0.4002 0.40527 
12 
0.61846 0.33941 0.04213 
0.04639 0.02994 0.92367 
0.21602 0.65657 0.12741 
0.59502 0.21837 0.18661 
12 
0.4379 0.43396 0.12814 
0.76245 0.01216 0.22539 
0.00611 0.55989 0.434 
0.03769 0.16306 0.79925 
12 
0.97336 0.00783 0.01881 
0.00414 0.64034 0.35552 
0.28685 0.67411 0.03904 
0.51753 0.04219 0.44028 
12 
0.02966 0.03777 0.93257 
0.19 0.47701 0.33299 
0.19334 0.16096 0.6457 
0.27702 0.49526 0.22772 

12 
0.07145 0.01704 0.91151 
0.34329 0.30509 0.35162 
0.51549 0.27743 0.20708 
0.12929 0.09183 0.77888 

4 
0.14887 0.85113 
0.24493 0.75507 
4 
0.54258 0.45742 
0.1154 0.8846 
4 
0.21559 0.78441 
0.39247 0.60753 
