V-CREDAL
6
4 4 4 2 2 4
6
1 0
2 0 1
2 1 2
2 2 3
2 3 4
2 4 5

16
0.115 0.159 0.228 0.498
0.259 0.005 0.222 0.514
0.377 0.047 0.009 0.567
0.523 0.345 0.015 0.117

16
0.569 0.008 0.274 0.149
0.835 0.056 0.085 0.024
0.018 0.497 0.475 0.01
0.275 0.08 0.405 0.24
16
0.125 0.031 0.553 0.291
0.088 0.115 0.566 0.231
0.347 0.27 0.298 0.085
0.368 0.02 0.492 0.12
16
0.337 0.121 0.123 0.419
0.61 0.059 0.013 0.318
0.183 0.146 0.258 0.413
0.064 0.002 0.573 0.361
16
0.039 0.127 0.83 0.004
0.37 0.079 0.419 0.132
0.379 0.048 0.138 0.435
0.214 0.301 0.338 0.147

16
0.07 0.812 0.092 0.026
0.728 0.003 0.005 0.264
0.079 0.163 0.671 0.087
0.158 0.085 0.697 0.06
16
0.049 0.498 0.004 0.449
0.059 0.195 0.591 0.155
0.015 0.946 0.016 0.023
0.4 0.368 0.104 0.128
16
0.004 0.012 0.58 0.404
0.085 0.375 0.226 0.314
0.079 0.66 0.042 0.219
0.046 0.254 0.053 0.647
16
0.445 0.437 0.031 0.087
0.833 0.004 0.124 0.039
0.028 0.083 0.122 0.767
0.007 0.004 0.868 0.121

4
0.107 0.893
0.832 0.168
4
0.888 0.112
0.268 0.732
4
0.144 0.856
0.271 0.729
4
0.127 0.873
0.887 0.113

4
0.67 0.33
0.683 0.317
4
0.009 0.991
0.156 0.844

16
0.051 0.63 0.286 0.033
0.009 0.007 0.155 0.829
0.052 0.001 0.185 0.762
0.108 0.447 0.29 0.155
16
0.035 0.141 0.058 0.766
0.806 0.038 0.089 0.067
0.002 0.172 0.295 0.531
0.476 0.317 0.064 0.143
