V-CREDAL
9
3 2 4 3 3 3 2 3 2
9
1 0
2 0 1
2 1 2
2 2 3
2 3 4
2 4 5
2 5 6
2 6 7
2 7 8

18
0.459 0.034 0.507
0.623 0.293 0.084
0.034 0.142 0.824
0.091 0.373 0.536
0.92 0.056 0.024
0.06 0.285 0.655

4
0.993 0.007
0.304 0.696
4
0.485 0.515
0.672 0.328
4
0.906 0.094
0.109 0.891

24
0.584 0.243 0.009 0.164
0.107 0.453 0.015 0.425
0.518 0.053 0.209 0.22
0.099 0.027 0.024 0.85
0.063 0.018 0.911 0.008
0.612 0.088 0.29 0.01
24
0.001 0.103 0.01 0.886
0.004 0.027 0.965 0.004
0.006 0.887 0.003 0.104
0.951 0.009 0.006 0.034
0.033 0.79 0.116 0.061
0.091 0.313 0.574 0.022

18
0.025 0.565 0.41
0.283 0.658 0.059
0.866 0.031 0.103
0.923 0.065 0.012
0.433 0.201 0.366
0.116 0.383 0.501
18
0.027 0.093 0.88
0.868 0.066 0.066
0.868 0.024 0.108
0.141 0.848 0.011
0.041 0.017 0.942
0.049 0.483 0.468
18
0.917 0.011 0.072
0.857 0.143 0.0
0.014 0.083 0.903
0.006 0.92 0.074
0.126 0.833 0.041
0.122 0.063 0.815
18
0.003 0.938 0.059
0.905 0.003 0.092
0.02 0.035 0.945
0.004 0.996 0.0
0.593 0.397 0.01
0.837 0.134 0.029

18
0.019 0.049 0.932
0.637 0.044 0.319
0.539 0.419 0.042
0.078 0.527 0.395
0.123 0.661 0.216
0.663 0.169 0.168
18
0.015 0.084 0.901
0.848 0.028 0.124
0.07 0.001 0.929
0.829 0.134 0.037
0.069 0.925 0.006
0.826 0.139 0.035
18
0.006 0.994 0.0
0.989 0.01 0.001
0.026 0.004 0.97
0.011 0.023 0.966
0.966 0.003 0.031
0.005 0.992 0.003

18
0.021 0.023 0.956
0.024 0.678 0.298
0.361 0.015 0.624
0.773 0.184 0.043
0.05 0.937 0.013
0.023 0.565 0.412
18
0.082 0.067 0.851
0.003 0.297 0.7
0.732 0.073 0.195
0.034 0.943 0.023
0.028 0.866 0.106
0.515 0.416 0.069
18
0.97 0.023 0.007
0.046 0.021 0.933
0.001 0.149 0.85
0.002 0.846 0.152
0.059 0.917 0.024
0.859 0.137 0.004

4
0.992 0.008
0.176 0.824
4
0.918 0.082
0.209 0.791
4
0.649 0.351
0.871 0.129

18
0.031 0.101 0.868
0.987 0.007 0.006
0.036 0.89 0.074
0.809 0.01 0.181
0.446 0.548 0.006
0.758 0.24 0.002
18
0.881 0.079 0.04
0.038 0.032 0.93
0.006 0.969 0.025
0.061 0.002 0.937
0.451 0.521 0.028
0.023 0.252 0.725

4
0.216 0.784
0.396 0.604
4
0.664 0.336
0.775 0.225
4
0.796 0.204
0.753 0.247
