V-CREDAL
7
4 3 2 4 4 2 2
7
1 0
2 0 1
2 1 2
2 2 3
2 3 4
2 4 5
2 5 6

24
0.051 0.032 0.257 0.66
0.059 0.03 0.034 0.877
0.193 0.02 0.324 0.463
0.012 0.228 0.304 0.456
0.089 0.672 0.155 0.084
0.316 0.054 0.543 0.087

18
0.443 0.016 0.541
0.833 0.165 0.002
0.006 0.94 0.054
0.026 0.961 0.013
0.093 0.179 0.728
0.474 0.025 0.501
18
0.394 0.037 0.569
0.875 0.03 0.095
0.412 0.524 0.064
0.06 0.703 0.237
0.339 0.113 0.548
0.168 0.43 0.402
18
0.12 0.031 0.849
0.945 0.013 0.042
0.064 0.93 0.006
0.06 0.15 0.79
0.774 0.009 0.217
0.245 0.008 0.747
18
0.681 0.051 0.268
0.01 0.032 0.958
0.196 0.021 0.783
0.019 0.908 0.073
0.852 0.101 0.047
0.487 0.509 0.004

4
0.883 0.117
0.068 0.932
4
0.843 0.157
0.588 0.412
4
0.074 0.926
0.367 0.633

24
0.084 0.227 0.075 0.614
0.595 0.264 0.114 0.027
0.24 0.667 0.019 0.074
0.498 0.017 0.469 0.016
0.074 0.099 0.805 0.022
0.119 0.438 0.395 0.048
24
0.01 0.098 0.595 0.297
0.023 0.294 0.661 0.022
0.016 0.08 0.103 0.801
0.306 0.115 0.038 0.541
0.019 0.107 0.734 0.14
0.156 0.004 0.588 0.252

24
0.959 0.007 0.0 0.034
0.123 0.077 0.035 0.765
0.555 0.208 0.194 0.043
0.717 0.009 0.021 0.253
0.006 0.888 0.092 0.014
0.231 0.047 0.04 0.682
24
0.027 0.574 0.296 0.103
0.021 0.898 0.049 0.032
0.162 0.157 0.036 0.645
0.196 0.077 0.722 0.005
0.184 0.381 0.433 0.002
0.156 0.46 0.203 0.181
24
0.03 0.005 0.064 0.901
0.311 0.039 0.25 0.4
0.121 0.065 0.702 0.112
0.033 0.077 0.678 0.212
0.364 0.382 0.107 0.147
0.112 0.02 0.415 0.453
24
0.006 0.004 0.99 0.0
0.382 0.022 0.001 0.595
0.002 0.211 0.781 0.006
0.133 0.046 0.331 0.49
0.427 0.466 0.072 0.035
0.004 0.545 0.449 0.002

4
0.285 0.715
0.437 0.563
4
0.458 0.542
0.25 0.75
4
0.628 0.372
0.369 0.631
4
0.677 0.323
0.696 0.304

4
0.582 0.418
0.104 0.896
4
0.198 0.802
0.413 0.587
