V-CREDAL
6
2 2 4 2 2 4
6
3 1 5 0
2 3 1
3 3 4 2
1 3
1 4
1 5

4
0.806 0.194
0.114 0.886
4
0.148 0.852
0.256 0.744
4
0.304 0.696
0.665 0.335
4
0.427 0.573
0.953 0.047
4
0.984 0.016
0.561 0.439
4
0.984 0.016
0.293 0.707
4
0.061 0.939
0.368 0.632
4
0.888 0.112
0.126 0.874

4
0.613 0.387
0.081 0.919
4
0.256 0.744
0.412 0.588

24
0.421 0.214 0.048 0.317
0.038 0.263 0.33 0.369
0.1 0.243 0.047 0.61
0.205 0.007 0.773 0.015
0.396 0.305 0.195 0.104
0.105 0.796 0.096 0.003
24
0.019 0.822 0.109 0.05
0.027 0.957 0.01 0.006
0.012 0.002 0.886 0.1
0.054 0.579 0.203 0.164
0.551 0.039 0.036 0.374
0.283 0.665 0.026 0.026
24
0.109 0.631 0.009 0.251
0.098 0.893 0.007 0.002
0.274 0.16 0.525 0.041
0.144 0.213 0.03 0.613
0.343 0.091 0.276 0.29
0.259 0.38 0.153 0.208
24
0.106 0.548 0.129 0.217
0.664 0.126 0.072 0.138
0.442 0.026 0.475 0.057
0.193 0.353 0.376 0.078
0.096 0.092 0.05 0.762
0.261 0.611 0.109 0.019

4
0.41 0.59
0.688 0.312

4
0.494 0.506
0.887 0.113

24
0.066 0.057 0.863 0.014
0.08 0.07 0.125 0.725
0.014 0.887 0.064 0.035
0.587 0.118 0.179 0.116
0.003 0.107 0.595 0.295
0.705 0.03 0.22 0.045
