V-CREDAL 
8 
3 2 2 3 3 3 2 2 
8 
1 0 
2 0 1 
2 1 2 
2 2 3 
2 3 4 
2 4 5 
2 5 6 
2 6 7 

18 
0.93025 0.05757 0.01218 
0.0857 0.02464 0.88966 
0.03524 0.74959 0.21517 
0.65428 0.03618 0.30954 
0.02232 0.96826 0.00942 
0.92399 0.0526 0.02341 

4 
0.98649 0.01351 
0.1085 0.8915 
4 
0.26992 0.73008 
0.87678 0.12322 
4 
0.58268 0.41732 
0.6238 0.3762 

4 
0.54423 0.45577 
0.97574 0.02426 
4 
0.35257 0.64743 
0.92765 0.07235 

18 
0.39428 0.09409 0.51163 
0.06681 0.59755 0.33564 
0.27077 0.60091 0.12832 
0.05428 0.23252 0.7132 
0.707 0.07628 0.21672 
0.88894 0.11049 5.7E-4 
18 
0.07539 0.14434 0.78027 
0.09043 0.6266 0.28297 
0.80853 0.19055 9.2E-4 
0.29868 0.53756 0.16376 
0.13322 0.01759 0.84919 
0.0367 0.32078 0.64252 

18 
0.6228 0.28208 0.09512 
0.45245 0.36383 0.18372 
0.09568 8.6E-4 0.90346 
0.64367 0.04043 0.3159 
0.00923 0.01534 0.97543 
0.02977 0.06763 0.9026 
18 
0.9315 0.04513 0.02337 
0.93896 0.0205 0.04054 
0.22814 0.54132 0.23054 
0.07065 0.33637 0.59298 
0.1361 0.21947 0.64443 
0.0455 0.6439 0.3106 
18 
0.07009 0.78046 0.14945 
0.359 0.02327 0.61773 
0.02554 0.00319 0.97127 
0.6131 0.13635 0.25055 
0.76426 0.21857 0.01717 
0.00566 0.03599 0.95835 

18 
0.90668 0.08477 0.00855 
0.15839 0.54647 0.29514 
0.00763 0.03289 0.95948 
0.1923 0.57867 0.22903 
0.88025 0.01758 0.10217 
0.56592 0.38231 0.05177 
18 
0.12296 0.67269 0.20435 
0.4557 0.5407 0.0036 
0.68406 0.02739 0.28855 
0.02854 0.02579 0.94567 
0.25159 0.7378 0.01061 
0.70714 0.13908 0.15378 
18 
0.84657 0.131 0.02243 
0.14093 0.42722 0.43185 
0.01248 0.01439 0.97313 
0.33425 0.65833 0.00742 
0.67123 0.09193 0.23684 
0.39703 0.03763 0.56534 

4 
0.63305 0.36695 
0.9247 0.0753 
4 
0.55587 0.44413 
0.72403 0.27597 
4 
0.82759 0.17241 
0.71815 0.28185 

4 
0.50567 0.49433 
0.38492 0.61508 
4 
0.06037 0.93963 
0.18752 0.81248 
