V-CREDAL
4
3 4 3 3
4
1 0
2 0 1
2 1 2
2 2 3

12
0.632 0.049 0.319
0.011 0.073 0.916
0.128 0.708 0.164
0.321 0.566 0.113

16
0.912 0.027 0.04 0.021
0.487 0.004 0.504 0.005
0.001 0.941 0.031 0.027
0.029 0.005 0.499 0.467
16
0.032 0.509 0.306 0.153
0.334 0.262 0.335 0.069
0.088 0.114 0.367 0.431
0.018 0.012 0.116 0.854
16
0.013 0.605 0.05 0.332
0.003 0.222 0.758 0.017
0.305 0.055 0.558 0.082
0.449 0.174 0.189 0.188

12
0.012 0.394 0.594
0.399 0.089 0.512
0.062 0.375 0.563
0.064 0.286 0.65
12
0.165 0.812 0.023
0.38 0.079 0.541
0.625 0.118 0.257
0.14 0.134 0.726
12
0.038 0.626 0.336
0.071 0.913 0.016
0.306 0.02 0.674
0.418 0.384 0.198
12
0.022 0.547 0.431
0.331 0.142 0.527
0.607 0.11 0.283
0.731 0.001 0.268

12
0.394 0.474 0.132
0.129 0.795 0.076
0.043 0.011 0.946
0.203 0.778 0.019
12
0.072 0.807 0.121
0.6 0.306 0.094
0.2 0.099 0.701
0.017 0.054 0.929
12
0.427 0.406 0.167
0.257 0.599 0.144
0.019 0.889 0.092
0.22 0.683 0.097
