V-CREDAL 
4 
4 4 3 3 
4 
1 0 
2 0 1 
3 1 3 2 
1 3 

16 
0.13849 0.06031 0.04552 0.75568 
0.15782 0.66008 0.10545 0.07665 
0.43634 0.01612 0.53173 0.01581 
0.04147 0.328 0.60649 0.02404 

16 
0.24395 0.07715 0.60612 0.07278 
0.0127 0.01611 0.63091 0.34028 
0.62481 0.13348 0.22295 0.01876 
0.61438 0.28663 0.09517 0.00382 
16 
0.00604 0.92125 0.00127 0.07144 
0.06915 0.14081 0.12732 0.66272 
0.02274 0.00782 0.19961 0.76983 
0.51971 0.32995 0.03697 0.11337 
16 
0.67081 0.02372 0.02362 0.28185 
0.35876 0.00315 0.04797 0.59012 
0.16897 0.08975 0.68236 0.05892 
0.08356 0.81226 0.06097 0.04321 
16 
0.0046 0.35294 0.02326 0.6192 
0.04066 0.27424 0.508 0.1771 
0.18629 0.36241 0.39197 0.05933 
0.26472 0.12063 0.26708 0.34757 

12 
0.66991 0.18911 0.14098 
0.1492 0.33357 0.51723 
0.18577 0.51007 0.30416 
0.61561 0.0334 0.35099 
12 
0.74721 0.02841 0.22438 
0.43932 0.41748 0.1432 
0.08086 0.02036 0.89878 
0.13028 0.64809 0.22163 
12 
0.03603 0.47103 0.49294 
0.23934 0.51976 0.2409 
0.19572 0.31401 0.49027 
0.6362 0.23528 0.12852 
12 
0.53777 0.10087 0.36136 
0.3381 0.39491 0.26699 
0.14471 0.57179 0.2835 
0.14875 0.16364 0.68761 
12 
0.26843 0.09124 0.64033 
0.45424 0.21315 0.33261 
0.58015 0.03295 0.3869 
0.14978 0.32616 0.52406 
12 
0.113 0.80356 0.08344 
0.5159 0.16926 0.31484 
0.0424 0.1954 0.7622 
0.72329 0.21424 0.06247 
12 
0.67424 0.04482 0.28094 
0.03364 0.96301 0.00335 
0.00355 0.33459 0.66186 
0.38014 0.539 0.08086 
12 
0.48144 0.42319 0.09537 
0.54352 0.27373 0.18275 
0.15921 0.40042 0.44037 
0.15629 0.75206 0.09165 
12 
0.2914 0.64208 0.06652 
0.03181 0.94858 0.01961 
0.2867 0.08512 0.62818 
0.01787 0.4265 0.55563 
12 
0.01014 0.16409 0.82577 
0.47717 0.38202 0.14081 
0.00111 0.02098 0.97791 
0.348 0.1924 0.4596 
12 
0.48683 0.48951 0.02366 
0.04879 0.17395 0.77726 
0.08916 0.76199 0.14885 
0.30371 0.11217 0.58412 
12 
0.11514 0.0375 0.84736 
0.55223 0.19454 0.25323 
0.6826 0.14054 0.17686 
0.82621 0.0511 0.12269 

12 
0.7856 0.08542 0.12898 
0.44534 0.51717 0.03749 
0.44625 0.04874 0.50501 
0.04699 0.94688 0.00613 
