V-CREDAL
8
4 3 4 3 2 3 3 2
8
1 0
2 0 1
2 1 2
2 2 3
2 3 4
2 4 5
2 5 6
2 6 7

16
0.071 0.818 0.058 0.053
0.472 0.219 0.298 0.011
0.144 0.068 0.247 0.541
0.226 0.466 0.192 0.116

12
0.271 0.586 0.143
0.356 0.142 0.502
0.169 0.556 0.275
0.003 0.992 0.005
12
0.166 0.447 0.387
0.679 0.114 0.207
0.443 0.397 0.16
0.237 0.097 0.666
12
0.262 0.546 0.192
0.024 0.913 0.063
0.089 0.625 0.286
0.04 0.906 0.054
12
0.075 0.218 0.707
0.87 0.091 0.039
0.908 0.048 0.044
0.002 0.01 0.988

16
0.01 0.022 0.968 0.0
0.007 0.982 0.008 0.003
0.134 0.008 0.223 0.635
0.073 0.036 0.179 0.712
16
0.741 0.016 0.147 0.096
0.531 0.205 0.044 0.22
0.096 0.461 0.304 0.139
0.177 0.464 0.149 0.21
16
0.014 0.051 0.061 0.874
0.286 0.262 0.115 0.337
0.012 0.867 0.051 0.07
0.164 0.638 0.133 0.065

12
0.858 0.142 0.0
0.677 0.169 0.154
0.226 0.522 0.252
0.077 0.814 0.109
12
0.42 0.099 0.481
0.767 0.198 0.035
0.735 0.214 0.051
0.531 0.223 0.246
12
0.014 0.149 0.837
0.005 0.988 0.007
0.479 0.369 0.152
0.593 0.064 0.343
12
0.36 0.086 0.554
0.835 0.023 0.142
0.664 0.044 0.292
0.1 0.183 0.717

4
0.282 0.718
0.942 0.058
4
0.618 0.382
0.421 0.579
4
0.486 0.514
0.627 0.373

12
0.057 0.923 0.02
0.609 0.376 0.015
0.065 0.178 0.757
0.495 0.047 0.458
12
0.05 0.841 0.109
0.445 0.402 0.153
0.3 0.044 0.656
0.277 0.615 0.108

12
0.142 0.855 0.003
0.255 0.203 0.542
0.713 0.193 0.094
0.15 0.527 0.323
12
0.017 0.451 0.532
0.079 0.785 0.136
0.646 0.152 0.202
0.288 0.011 0.701
12
0.321 0.08 0.599
0.574 0.285 0.141
0.1 0.458 0.442
0.149 0.353 0.498

4
0.469 0.531
0.055 0.945
4
0.756 0.244
0.979 0.021
4
0.353 0.647
0.343 0.657
