V-CREDAL
7
2 3 2 3 2 2 3
7
1 0
2 0 1
2 1 2
2 2 3
2 3 4
2 4 5
2 5 6

4
0.221 0.779
0.158 0.842

12
0.885 0.075 0.04
0.741 0.106 0.153
0.06 0.699 0.241
0.257 0.642 0.101
12
0.041 0.145 0.814
0.031 0.366 0.603
0.281 0.433 0.286
0.764 0.042 0.194

4
0.28 0.72
0.889 0.111
4
0.436 0.564
0.969 0.031
4
0.326 0.674
0.601 0.399

12
0.064 0.88 0.056
0.081 0.032 0.887
0.582 0.254 0.164
0.017 0.881 0.102
12
0.076 0.918 0.006
0.882 0.095 0.023
0.082 0.496 0.422
0.184 0.324 0.492

4
0.416 0.584
0.382 0.618
4
0.483 0.517
0.527 0.473
4
0.173 0.827
0.905 0.095

4
0.565 0.435
0.22 0.78
4
0.107 0.893
0.738 0.262

12
0.077 0.657 0.266
0.189 0.156 0.655
0.518 0.161 0.321
0.607 0.339 0.054
12
0.192 0.563 0.245
0.418 0.004 0.578
0.27 0.544 0.186
0.952 0.013 0.035
