V-CREDAL 
10 
2 2 3 3 2 4 2 3 2 4 
10 
2 7 0 
2 4 1 
2 0 2 
1 3 
2 5 4 
3 0 6 5 
1 6 
1 7 
4 3 5 9 8 
1 9 

4 
0.28785 0.71215 
0.28701 0.71299 
4 
0.52903 0.47097 
0.78373 0.21627 
4 
0.97395 0.02605 
0.01946 0.98054 

4 
0.85565 0.14435 
0.55603 0.44397 
4 
0.50234 0.49766 
0.41011 0.58989 

18 
0.05853 0.84253 0.09894 
0.10493 0.0611 0.83397 
0.84002 0.12102 0.03896 
0.87099 0.04874 0.08027 
0.28052 0.66544 0.05404 
0.44038 0.05346 0.50616 
18 
0.01594 0.75233 0.23173 
0.49123 0.12905 0.37972 
0.03442 0.87125 0.09433 
0.63773 0.28897 0.0733 
0.02686 0.51071 0.46243 
0.37436 0.20223 0.42341 

18 
0.02696 0.01048 0.96256 
0.67102 0.00391 0.32507 
0.72135 0.08324 0.19541 
0.68629 0.13572 0.17799 
0.23796 0.69009 0.07195 
0.05534 0.12036 0.8243 

4 
0.76943 0.23057 
0.58061 0.41939 
4 
0.14367 0.85633 
0.53543 0.46457 
4 
0.90229 0.09771 
0.75516 0.24484 
4 
0.72642 0.27358 
0.09211 0.90789 

24 
0.95443 0.01651 0.00376 0.0253 
0.04052 0.64061 0.23587 0.083 
0.01504 0.00412 0.68107 0.29977 
0.11339 0.07389 0.80656 0.00616 
0.02416 0.04365 0.15886 0.77333 
0.02264 0.12463 0.24453 0.6082 
24 
0.71145 0.00903 0.243 0.03652 
4.7E-4 4.0E-5 0.96518 0.03431 
0.57526 0.32453 0.09693 0.00328 
0.29118 0.02163 0.02176 0.66543 
0.3151 0.29382 0.00797 0.38311 
0.01002 0.24381 0.00152 0.74465 
24 
7.9E-4 0.02756 0.0356 0.93605 
0.07479 0.32321 0.24596 0.35604 
0.40772 0.01031 0.11851 0.46346 
0.05062 0.02315 0.85996 0.06627 
0.1136 0.36506 0.04105 0.48029 
0.00361 0.14422 0.84633 0.00584 
24 
0.26243 0.22072 0.18812 0.32873 
0.05608 0.19959 0.14999 0.59434 
0.06021 0.67605 0.10035 0.16339 
0.06129 0.93213 0.00551 0.00107 
0.11984 0.19412 0.16717 0.51887 
0.24523 0.05763 0.01839 0.67875 

4 
0.86181 0.13819 
0.75699 0.24301 

18 
0.03272 0.94688 0.0204 
0.54209 0.0845 0.37341 
0.04444 0.15349 0.80207 
0.77346 0.22149 0.00505 
0.00897 0.42354 0.56749 
0.09849 0.04381 0.8577 

4 
0.54714 0.45286 
0.87236 0.12764 
4 
0.55362 0.44638 
0.3296 0.6704 
4 
0.16481 0.83519 
0.66442 0.33558 
4 
0.72039 0.27961 
0.10829 0.89171 
4 
0.2195 0.7805 
0.62891 0.37109 
4 
0.57518 0.42482 
0.60454 0.39546 
4 
0.24624 0.75376 
0.75487 0.24513 
4 
0.44425 0.55575 
0.94928 0.05072 
4 
0.0387 0.9613 
0.97916 0.02084 
4 
0.56726 0.43274 
0.05985 0.94015 
4 
0.36296 0.63704 
0.26072 0.73928 
4 
0.51155 0.48845 
0.21972 0.78028 
4 
0.35548 0.64452 
0.66888 0.33112 
4 
0.1791 0.8209 
0.50476 0.49524 
4 
0.47932 0.52068 
0.79828 0.20172 
4 
0.3972 0.6028 
0.80793 0.19207 
4 
0.37438 0.62562 
0.31779 0.68221 
4 
0.88873 0.11127 
0.45605 0.54395 
4 
0.71398 0.28602 
0.26612 0.73388 
4 
0.14815 0.85185 
0.73159 0.26841 
4 
0.01499 0.98501 
0.754 0.246 
4 
0.74103 0.25897 
0.41676 0.58324 
4 
0.48749 0.51251 
0.49593 0.50407 
4 
0.90698 0.09302 
0.36099 0.63901 
4 
0.5648 0.4352 
0.83565 0.16435 
4 
0.90555 0.09445 
0.90025 0.09975 
4 
0.04977 0.95023 
0.06291 0.93709 
4 
0.54611 0.45389 
0.22678 0.77322 
4 
0.69234 0.30766 
0.39323 0.60677 
4 
0.50196 0.49804 
0.26303 0.73697 
4 
0.38453 0.61547 
0.52673 0.47327 
4 
0.64254 0.35746 
0.37861 0.62139 
4 
0.09371 0.90629 
0.19415 0.80585 
4 
0.62657 0.37343 
0.72324 0.27676 
4 
0.22149 0.77851 
0.16251 0.83749 
4 
0.49655 0.50345 
0.10804 0.89196 
4 
0.41425 0.58575 
0.91874 0.08126 
4 
0.18837 0.81163 
0.65105 0.34895 
4 
0.73382 0.26618 
0.42461 0.57539 
4 
0.2039 0.7961 
0.85454 0.14546 
4 
0.2451 0.7549 
0.84003 0.15997 
4 
0.33062 0.66938 
0.77417 0.22583 
4 
0.722 0.278 
0.13168 0.86832 
4 
0.04188 0.95812 
0.05161 0.94839 
4 
0.98955 0.01045 
0.25518 0.74482 
4 
0.74636 0.25364 
0.3274 0.6726 
4 
0.38548 0.61452 
0.31027 0.68973 
4 
0.55312 0.44688 
0.32003 0.67997 

24 
0.08054 0.11417 0.5471 0.25819 
0.76518 0.0438 0.02404 0.16698 
0.20403 0.07089 0.41324 0.31184 
0.03806 0.87529 0.07031 0.01634 
0.14236 0.21761 0.02026 0.61977 
1.7E-4 0.84173 0.04674 0.11136 
