V-CREDAL
7
2 2 4 3 2 2 2
7
1 0
2 0 1
2 1 2
2 2 3
2 3 4
2 4 5
2 5 6

4
0.07 0.93
0.095 0.905

4
0.48 0.52
0.888 0.112
4
0.943 0.057
0.584 0.416

24
0.028 0.111 0.043 0.818
0.422 0.032 0.537 0.009
0.061 0.925 0.008 0.006
0.842 0.027 0.083 0.048
0.02 0.207 0.644 0.129
0.248 0.057 0.609 0.086
24
0.143 0.091 0.06 0.706
0.314 0.096 0.288 0.302
0.621 0.184 0.022 0.173
0.971 0.005 0.024 0.0
0.002 0.992 0.006 0.0
0.038 0.145 0.29 0.527

18
0.582 0.085 0.333
0.824 0.142 0.034
0.018 0.0 0.982
0.308 0.644 0.048
0.038 0.496 0.466
0.379 0.596 0.025
18
0.166 0.467 0.367
0.706 0.253 0.041
0.348 0.02 0.632
0.478 0.52 0.002
0.055 0.874 0.071
0.776 0.151 0.073
18
0.002 0.046 0.952
0.028 0.96 0.012
0.196 0.015 0.789
0.288 0.653 0.059
0.507 0.197 0.296
0.243 0.01 0.747
18
0.035 0.527 0.438
0.42 0.553 0.027
0.037 0.882 0.081
0.766 0.208 0.026
0.345 0.077 0.578
0.119 0.82 0.061

4
0.255 0.745
0.646 0.354
4
0.376 0.624
0.079 0.921
4
0.651 0.349
0.624 0.376

4
0.231 0.769
0.887 0.113
4
0.032 0.968
0.846 0.154

4
0.802 0.198
0.852 0.148
4
0.672 0.328
0.645 0.355
