V-CREDAL
8
4 3 3 4 3 4 3 2
8
1 0
2 0 1
2 1 2
2 2 3
2 3 4
2 4 5
2 5 6
2 6 7

16
0.682 0.063 0.099 0.156
0.063 0.789 0.119 0.029
0.78 0.104 0.073 0.043
0.106 0.428 0.116 0.35

12
0.535 0.321 0.144
0.016 0.374 0.61
0.639 0.243 0.118
0.014 0.037 0.949
12
0.0 0.024 0.976
0.218 0.758 0.024
0.751 0.186 0.063
0.096 0.034 0.87
12
0.449 0.507 0.044
0.171 0.366 0.463
0.412 0.017 0.571
0.802 0.056 0.142
12
0.034 0.893 0.073
0.027 0.665 0.308
0.109 0.148 0.743
0.057 0.731 0.212

12
0.169 0.815 0.016
0.956 0.01 0.034
0.349 0.043 0.608
0.773 0.211 0.016
12
0.907 0.008 0.085
0.898 0.08 0.022
0.353 0.445 0.202
0.061 0.075 0.864
12
0.12 0.048 0.832
0.612 0.053 0.335
0.067 0.251 0.682
0.114 0.237 0.649

16
0.223 0.487 0.05 0.24
0.008 0.003 0.022 0.967
0.274 0.381 0.295 0.05
0.036 0.001 0.007 0.956
16
0.0 0.101 0.018 0.881
0.03 0.022 0.833 0.115
0.035 0.107 0.559 0.299
0.002 0.956 0.041 0.001
16
0.016 0.839 0.072 0.073
0.001 0.126 0.008 0.865
0.542 0.16 0.276 0.022
0.373 0.032 0.503 0.092

12
0.105 0.893 0.002
0.28 0.004 0.716
0.99 0.002 0.008
0.112 0.887 0.001
12
0.032 0.777 0.191
0.568 0.419 0.013
0.998 0.002 0.0
0.363 0.085 0.552
12
0.155 0.778 0.067
0.15 0.358 0.492
0.385 0.029 0.586
0.977 0.017 0.006
12
0.336 0.228 0.436
0.015 0.667 0.318
0.516 0.111 0.373
0.627 0.252 0.121

16
0.362 0.206 0.344 0.088
0.412 0.18 0.215 0.193
0.081 0.371 0.212 0.336
0.278 0.569 0.143 0.01
16
0.268 0.058 0.108 0.566
0.492 0.157 0.304 0.047
0.014 0.705 0.106 0.175
0.028 0.213 0.113 0.646
16
0.728 0.022 0.127 0.123
0.03 0.05 0.03 0.89
0.042 0.023 0.925 0.01
0.014 0.001 0.703 0.282

12
0.665 0.167 0.168
0.425 0.366 0.209
0.236 0.667 0.097
0.054 0.732 0.214
12
0.027 0.963 0.01
0.655 0.013 0.332
0.515 0.273 0.212
0.125 0.072 0.803
12
0.007 0.3 0.693
0.617 0.185 0.198
0.199 0.569 0.232
0.513 0.088 0.399
12
0.89 0.031 0.079
0.525 0.071 0.404
0.484 0.434 0.082
0.238 0.39 0.372

4
0.01 0.99
0.472 0.528
4
0.846 0.154
0.475 0.525
4
0.33 0.67
0.594 0.406
