V-CREDAL
4
3 4 4 4
4
1 0
2 0 1
2 1 2
2 2 3

12
0.388 0.231 0.381
0.144 0.031 0.825
0.285 0.631 0.084
0.037 0.023 0.94

16
0.257 0.015 0.216 0.512
0.026 0.001 0.523 0.45
0.151 0.091 0.465 0.293
0.662 0.316 0.009 0.013
16
0.188 0.75 0.015 0.047
0.514 0.289 0.007 0.19
0.047 0.149 0.359 0.445
0.022 0.132 0.632 0.214
16
0.261 0.107 0.017 0.615
0.061 0.8 0.031 0.108
0.484 0.097 0.009 0.41
0.002 0.002 0.996 0.0

16
0.278 0.045 0.474 0.203
0.058 0.45 0.343 0.149
0.183 0.403 0.332 0.082
0.025 0.481 0.067 0.427
16
0.322 0.309 0.298 0.071
0.064 0.062 0.071 0.803
0.017 0.08 0.874 0.029
0.052 0.029 0.899 0.02
16
0.336 0.421 0.24 0.003
0.014 0.976 0.007 0.003
0.067 0.065 0.018 0.85
0.048 0.05 0.078 0.824
16
0.213 0.551 0.135 0.101
0.191 0.235 0.439 0.135
0.02 0.329 0.006 0.645
0.044 0.021 0.803 0.132

16
0.421 0.04 0.318 0.221
0.202 0.267 0.193 0.338
0.094 0.658 0.168 0.08
0.136 0.093 0.278 0.493
16
0.213 0.363 0.252 0.172
0.036 0.497 0.112 0.355
0.019 0.231 0.654 0.096
0.722 0.161 0.047 0.07
16
0.64 0.16 0.17 0.03
0.007 0.218 0.136 0.639
0.056 0.146 0.041 0.757
0.258 0.071 0.153 0.518
16
0.44 0.287 0.137 0.136
0.465 0.277 0.027 0.231
0.046 0.209 0.275 0.47
0.232 0.06 0.195 0.513
