V-CREDAL
7
3 3 4 3 4 4 2
7
1 0
2 0 1
2 1 2
2 2 3
2 3 4
2 4 5
2 5 6

12
0.01 0.944 0.046
0.062 0.054 0.884
0.019 0.099 0.882
0.074 0.088 0.838

12
0.465 0.074 0.461
0.246 0.068 0.686
0.015 0.961 0.024
0.026 0.972 0.002
12
0.232 0.592 0.176
0.324 0.269 0.407
0.373 0.257 0.37
0.144 0.478 0.378
12
0.151 0.835 0.014
0.838 0.068 0.094
0.087 0.628 0.285
0.351 0.629 0.02

16
0.021 0.025 0.942 0.012
0.031 0.468 0.04 0.461
0.351 0.016 0.593 0.04
0.102 0.891 0.002 0.005
16
0.039 0.442 0.445 0.074
0.031 0.083 0.747 0.139
0.985 0.0 0.007 0.008
0.047 0.137 0.234 0.582
16
0.548 0.415 0.008 0.029
0.179 0.065 0.029 0.727
0.061 0.128 0.788 0.023
0.011 0.753 0.041 0.195

12
0.265 0.158 0.577
0.402 0.202 0.396
0.425 0.21 0.365
0.43 0.289 0.281
12
0.055 0.081 0.864
0.083 0.799 0.118
0.756 0.193 0.051
0.047 0.6 0.353
12
0.033 0.792 0.175
0.061 0.888 0.051
0.691 0.089 0.22
0.113 0.481 0.406
12
0.686 0.032 0.282
0.017 0.964 0.019
0.092 0.868 0.04
0.167 0.417 0.416

16
0.116 0.002 0.881 0.001
0.213 0.197 0.538 0.052
0.44 0.03 0.027 0.503
0.248 0.063 0.029 0.66
16
0.72 0.12 0.065 0.095
0.136 0.083 0.186 0.595
0.001 0.187 0.812 0.0
0.002 0.789 0.008 0.201
16
0.003 0.115 0.277 0.605
0.134 0.744 0.041 0.081
0.056 0.67 0.094 0.18
0.031 0.523 0.108 0.338

16
0.004 0.031 0.031 0.934
0.863 0.018 0.051 0.068
0.454 0.494 0.042 0.01
0.003 0.536 0.403 0.058
16
0.101 0.798 0.087 0.014
0.017 0.022 0.759 0.202
0.103 0.419 0.373 0.105
0.312 0.143 0.16 0.385
16
0.093 0.031 0.858 0.018
0.038 0.202 0.647 0.113
0.24 0.534 0.217 0.009
0.017 0.023 0.072 0.888
16
0.607 0.027 0.336 0.03
0.05 0.073 0.019 0.858
0.241 0.562 0.078 0.119
0.802 0.033 0.153 0.012

4
0.995 0.005
0.225 0.775
4
0.218 0.782
0.829 0.171
4
0.874 0.126
0.313 0.687
4
0.976 0.024
0.376 0.624
