V-CREDAL 
4 
5 2 2 3 
4 
2 3 0 
1 1 
2 3 2 
2 1 3 

30 
0.01042 0.71894 0.03015 0.19909 0.0414 
0.93417 7.5E-4 0.00919 0.0078 0.04809 
0.14074 0.85494 4.0E-4 4.4E-4 0.00348 
0.11654 0.16895 0.06304 0.49223 0.15924 
0.0345 0.12276 0.07277 0.76957 4.0E-4 
0.86107 0.01368 0.00341 0.00941 0.11243 
30 
0.31991 0.23169 8.0E-4 0.00602 0.44158 
0.01064 0.7016 0.00136 0.00224 0.28416 
0.0214 0.78372 0.03173 0.03697 0.12618 
0.53678 0.23734 0.04259 0.0418 0.14149 
0.33986 0.05908 0.5004 0.0677 0.03296 
0.3004 0.32376 0.03632 0.06264 0.27688 
30 
0.00559 5.9E-4 2.6E-4 0.16012 0.83344 
0.57051 2.1E-4 3.2E-4 0.302 0.12696 
0.6051 9.3E-4 0.07808 0.2104 0.10549 
2.2E-4 0.02693 0.01348 0.9591 2.7E-4 
0.02684 0.30816 0.57842 0.05092 0.03566 
0.85454 0.03683 0.02315 0.02547 0.06001 

4 
0.88509 0.11491 
0.04911 0.95089 

4 
0.29427 0.70573 
0.09151 0.90849 
4 
0.52659 0.47341 
0.22894 0.77106 
4 
0.59643 0.40357 
0.66284 0.33716 

18 
0.68219 0.30086 0.01695 
0.05619 0.00223 0.94158 
0.21527 0.76327 0.02146 
0.45556 0.08761 0.45683 
0.00115 0.00559 0.99326 
0.00273 0.48862 0.50865 
18 
0.21416 0.78298 0.00286 
0.11361 0.64454 0.24185 
0.98331 0.01121 0.00548 
0.10831 0.03314 0.85855 
0.70696 0.00247 0.29057 
0.08543 0.4354 0.47917 
