V-CREDAL
8
4 2 2 2 3 2 3 3
8
1 0
2 0 1
2 1 2
2 2 3
2 3 4
2 4 5
2 5 6
2 6 7

24
0.2 0.019 0.361 0.42
0.969 0.006 0.009 0.016
0.034 0.872 0.012 0.082
0.068 0.057 0.257 0.618
0.102 0.112 0.465 0.321
0.983 0.007 0.008 0.002

4
0.429 0.571
0.138 0.862
4
0.859 0.141
0.722 0.278
4
0.207 0.793
0.685 0.315
4
0.652 0.348
0.4 0.6

4
0.641 0.359
0.148 0.852
4
0.884 0.116
0.171 0.829

4
0.552 0.448
0.513 0.487
4
0.633 0.367
0.362 0.638

18
0.005 0.006 0.989
0.998 0.0 0.002
0.0 0.878 0.122
0.028 0.964 0.008
0.017 0.962 0.021
0.149 0.002 0.849
18
0.029 0.961 0.01
0.071 0.792 0.137
0.936 0.045 0.019
0.175 0.408 0.417
0.759 0.121 0.12
0.059 0.937 0.004

4
0.059 0.941
0.667 0.333
4
0.402 0.598
0.145 0.855
4
0.227 0.773
0.226 0.774

18
0.322 0.324 0.354
0.998 0.002 0.0
0.768 0.114 0.118
0.244 0.225 0.531
0.587 0.2 0.213
0.491 0.139 0.37
18
0.183 0.383 0.434
0.136 0.008 0.856
0.199 0.771 0.03
0.038 0.955 0.007
0.021 0.89 0.089
0.029 0.11 0.861

18
0.001 0.706 0.293
0.852 0.142 0.006
0.203 0.016 0.781
0.011 0.416 0.573
0.002 0.995 0.003
0.705 0.057 0.238
18
0.107 0.25 0.643
0.742 0.081 0.177
0.452 0.523 0.025
0.141 0.023 0.836
0.005 0.989 0.006
0.55 0.018 0.432
18
0.728 0.193 0.079
0.008 0.882 0.11
0.822 0.027 0.151
0.03 0.687 0.283
0.395 0.299 0.306
0.154 0.482 0.364
