V-CREDAL 
10 
2 2 2 2 3 2 3 3 2 2 
10 
2 8 0 
1 1 
2 7 2 
1 3 
2 7 4 
2 7 5 
3 1 7 6 
1 7 
2 4 8 
3 3 7 9 

4 
0.8448 0.1552 
0.28463 0.71537 
4 
0.55384 0.44616 
0.27949 0.72051 

4 
0.35497 0.64503 
0.5903 0.4097 

4 
0.9564 0.0436 
0.67997 0.32003 
4 
0.52309 0.47691 
0.47935 0.52065 
4 
0.11343 0.88657 
0.32934 0.67066 

4 
0.40118 0.59882 
0.96539 0.03461 

12 
0.03511 0.2927 0.67219 
0.42694 0.04934 0.52372 
0.53319 0.20934 0.25747 
0.74907 0.04668 0.20425 
12 
0.82686 0.06133 0.11181 
0.74092 0.01309 0.24599 
0.32758 0.37467 0.29775 
0.17587 0.39491 0.42922 
12 
0.69647 0.01454 0.28899 
0.17972 0.05403 0.76625 
0.19143 0.23119 0.57738 
0.73465 0.24528 0.02007 

4 
0.17125 0.82875 
0.34035 0.65965 
4 
0.10232 0.89768 
0.13536 0.86464 
4 
0.90246 0.09754 
0.44751 0.55249 

12 
0.44775 0.54598 0.00627 
0.00551 0.81284 0.18165 
0.32204 0.43832 0.23964 
0.67706 0.06403 0.25891 
12 
0.17858 0.70135 0.12007 
0.42448 0.38237 0.19315 
0.00114 0.42318 0.57568 
0.51715 0.4204 0.06245 
12 
0.10612 0.77746 0.11642 
0.85356 0.13557 0.01087 
0.88375 0.08567 0.03058 
0.02758 0.2957 0.67672 
12 
0.30321 0.09328 0.60351 
0.00314 0.03765 0.95921 
0.09475 0.83857 0.06668 
0.33874 0.307 0.35426 
12 
0.93318 0.05117 0.01565 
0.84129 0.04679 0.11192 
0.35887 0.21755 0.42358 
0.88495 0.07337 0.04168 
12 
0.57659 0.14966 0.27375 
0.2321 0.15918 0.60872 
0.05673 0.06144 0.88183 
0.51035 0.03805 0.4516 

12 
0.34506 0.57425 0.08069 
0.11659 0.1882 0.69521 
0.9117 0.07111 0.01719 
0.20751 0.1192 0.67329 

4 
0.50194 0.49806 
0.34119 0.65881 
4 
0.87134 0.12866 
0.51457 0.48543 
4 
0.87083 0.12917 
0.11824 0.88176 

4 
0.35642 0.64358 
0.97851 0.02149 
4 
0.80001 0.19999 
0.37596 0.62404 
4 
0.17671 0.82329 
0.41769 0.58231 
4 
0.37245 0.62755 
0.79164 0.20836 
4 
0.33084 0.66916 
0.44317 0.55683 
4 
0.0285 0.9715 
0.4913 0.5087 
