V-CREDAL 
10 
3 3 3 4 2 2 4 4 3 4 
10 
1 0 
2 0 1 
2 1 2 
2 2 3 
2 3 4 
2 4 5 
2 5 6 
2 6 7 
2 7 8 
2 8 9 

12 
0.24498 0.52182 0.2332 
0.19729 0.39045 0.41226 
0.01829 0.96949 0.01222 
0.3431 0.07669 0.58021 

12 
0.02463 0.67497 0.3004 
0.77139 0.197 0.03161 
0.238 0.72827 0.03373 
0.0439 0.29002 0.66608 
12 
0.21059 0.21336 0.57605 
0.39013 0.58285 0.02702 
0.13448 0.27685 0.58867 
0.00484 0.85758 0.13758 
12 
0.08485 0.29678 0.61837 
0.84557 0.04014 0.11429 
0.10905 0.83688 0.05407 
0.65938 0.28844 0.05218 

12 
0.31619 0.298 0.38581 
0.09666 0.85937 0.04397 
0.25276 0.06019 0.68705 
0.01435 0.22328 0.76237 
12 
0.19098 0.2816 0.52742 
0.30156 0.43706 0.26138 
0.46539 0.01679 0.51782 
0.7836 0.09503 0.12137 
12 
0.02121 0.91624 0.06255 
0.23859 0.18252 0.57889 
0.96458 0.00186 0.03356 
0.32193 0.03159 0.64648 

16 
0.07948 0.10149 0.05915 0.75988 
0.28754 0.47247 0.09733 0.14266 
0.67472 0.05951 0.25436 0.01141 
0.07699 0.34958 0.34616 0.22727 
16 
0.0712 0.69696 0.08587 0.14597 
0.36276 0.17723 0.34964 0.11037 
0.01537 0.63301 0.09068 0.26094 
0.0257 0.09595 0.74046 0.13789 
16 
0.19611 0.45583 0.15898 0.18908 
0.30515 0.6533 0.04058 9.7E-4 
0.07523 0.42224 0.46201 0.04052 
0.00209 0.12825 0.84444 0.02522 

4 
0.65121 0.34879 
0.8087 0.1913 
4 
0.42166 0.57834 
0.69737 0.30263 
4 
0.6757 0.3243 
0.90524 0.09476 
4 
0.10988 0.89012 
0.41482 0.58518 

4 
0.73436 0.26564 
0.25595 0.74405 
4 
0.331 0.669 
0.78292 0.21708 

16 
0.39428 4.0E-5 0.00711 0.59857 
0.10296 0.16821 0.03125 0.69758 
0.34029 0.0644 0.31345 0.28186 
0.45987 0.01179 0.41938 0.10896 
16 
1.6E-4 0.99328 0.00371 0.00285 
0.19868 0.47111 0.00383 0.32638 
0.62741 0.18612 0.01203 0.17444 
0.3094 0.05957 0.40937 0.22166 

16 
0.0912 0.13146 0.49416 0.28318 
0.85622 0.07642 0.02 0.04736 
0.97711 0.02135 1.3E-4 0.00141 
0.08259 0.06803 0.71636 0.13302 
16 
0.00312 0.09258 0.36361 0.54069 
0.14198 0.68989 0.1534 0.01473 
0.87471 0.01133 0.11066 0.0033 
0.10954 0.01236 0.85351 0.02459 
16 
0.12888 0.36138 0.05228 0.45746 
0.32625 0.42401 0.19899 0.05075 
0.28734 0.31358 0.13533 0.26375 
0.01253 0.30485 0.52048 0.16214 
16 
0.59691 0.1122 0.20485 0.08604 
0.14146 0.00135 0.54006 0.31713 
0.04367 0.02883 0.92749 1.0E-5 
0.01011 0.97728 0.00238 0.01023 

12 
0.09 0.01405 0.89595 
0.33402 0.4777 0.18828 
0.00788 0.9873 0.00482 
0.40404 0.0788 0.51716 
12 
0.00855 0.73122 0.26023 
0.89566 0.0075 0.09684 
0.78235 0.05114 0.16651 
0.94146 0.04897 0.00957 
12 
0.67964 0.13832 0.18204 
7.0E-5 0.99076 0.00917 
0.32342 0.14849 0.52809 
0.20511 0.33532 0.45957 
12 
0.03631 0.57818 0.38551 
0.15081 0.54965 0.29954 
0.05509 0.02277 0.92214 
0.61721 0.36134 0.02145 

16 
0.02533 0.05528 0.20951 0.70988 
0.06357 0.0511 0.6831 0.20223 
0.03856 0.36179 0.12881 0.47084 
0.41566 0.33679 0.13601 0.11154 
16 
0.00449 0.60945 0.02559 0.36047 
3.8E-4 0.03694 0.76051 0.20217 
0.42119 0.01462 0.06011 0.50408 
0.00994 0.13742 0.75989 0.09275 
16 
0.48663 0.06954 0.43007 0.01376 
0.05463 0.00867 0.51006 0.42664 
0.14172 0.3183 0.33157 0.20841 
0.03173 0.12692 0.71726 0.12409 
