V-CREDAL
8
3 4 4 3 3 3 2 3
8
1 0
2 0 1
2 1 2
2 2 3
2 3 4
2 4 5
2 5 6
2 6 7

18
0.161 0.803 0.036
0.546 0.142 0.312
0.54 0.237 0.223
0.345 0.63 0.025
0.358 0.052 0.59
0.124 0.575 0.301

24
0.883 0.057 0.023 0.037
0.325 0.342 0.286 0.047
0.035 0.04 0.413 0.512
0.205 0.003 0.131 0.661
0.014 0.608 0.356 0.022
0.006 0.018 0.01 0.966
24
0.058 0.153 0.587 0.202
0.058 0.263 0.48 0.199
0.016 0.514 0.44 0.03
0.2 0.522 0.154 0.124
0.324 0.216 0.078 0.382
0.365 0.344 0.269 0.022
24
0.211 0.131 0.44 0.218
0.054 0.73 0.051 0.165
0.102 0.457 0.011 0.43
0.383 0.157 0.444 0.016
0.1 0.263 0.631 0.006
0.528 0.088 0.068 0.316

24
0.428 0.031 0.018 0.523
0.201 0.068 0.511 0.22
0.132 0.354 0.332 0.182
0.005 0.144 0.828 0.023
0.022 0.156 0.167 0.655
0.398 0.027 0.413 0.162
24
0.05 0.198 0.274 0.478
0.102 0.191 0.056 0.651
0.147 0.087 0.682 0.084
0.033 0.923 0.02 0.024
0.988 0.004 0.004 0.004
0.294 0.023 0.674 0.009
24
0.056 0.012 0.022 0.91
0.581 0.092 0.284 0.043
0.002 0.976 0.021 0.001
0.036 0.146 0.366 0.452
0.721 0.194 0.06 0.025
0.115 0.026 0.126 0.733
24
0.509 0.003 0.008 0.48
0.036 0.072 0.888 0.004
0.481 0.148 0.36 0.011
0.081 0.17 0.471 0.278
0.4 0.454 0.025 0.121
0.809 0.046 0.011 0.134

18
0.886 0.109 0.005
0.044 0.881 0.075
0.791 0.082 0.127
0.051 0.009 0.94
0.17 0.812 0.018
0.044 0.729 0.227
18
0.006 0.238 0.756
0.023 0.948 0.029
0.098 0.083 0.819
0.388 0.014 0.598
0.892 0.026 0.082
0.034 0.102 0.864
18
0.388 0.574 0.038
0.603 0.067 0.33
0.283 0.591 0.126
0.012 0.595 0.393
0.027 0.308 0.665
0.053 0.071 0.876
18
0.158 0.343 0.499
0.228 0.732 0.04
0.13 0.582 0.288
0.074 0.439 0.487
0.722 0.274 0.004
0.544 0.223 0.233

18
0.205 0.257 0.538
0.081 0.089 0.83
0.251 0.512 0.237
0.192 0.553 0.255
0.275 0.664 0.061
0.124 0.405 0.471
18
0.078 0.905 0.017
0.013 0.622 0.365
0.281 0.181 0.538
0.025 0.02 0.955
0.216 0.656 0.128
0.268 0.548 0.184
18
0.326 0.115 0.559
0.223 0.771 0.006
0.891 0.103 0.006
0.008 0.95 0.042
0.076 0.447 0.477
0.832 0.04 0.128

18
0.002 0.992 0.006
0.015 0.013 0.972
0.148 0.013 0.839
0.942 0.047 0.011
0.571 0.423 0.006
0.869 0.026 0.105
18
0.366 0.071 0.563
0.667 0.244 0.089
0.041 0.413 0.546
0.734 0.143 0.123
0.023 0.836 0.141
0.143 0.158 0.699
18
0.538 0.46 0.002
0.014 0.197 0.789
0.047 0.04 0.913
0.893 0.036 0.071
0.169 0.524 0.307
0.256 0.514 0.23

4
0.718 0.282
0.632 0.368
4
0.926 0.074
0.947 0.053
4
0.56 0.44
0.606 0.394

18
0.074 0.924 0.002
0.007 0.983 0.01
0.583 0.024 0.393
0.011 0.034 0.955
0.748 0.157 0.095
0.689 0.052 0.259
18
0.263 0.713 0.024
0.468 0.041 0.491
0.013 0.913 0.074
0.82 0.16 0.02
0.149 0.035 0.816
0.041 0.045 0.914
