V-CREDAL 
10 
3 2 3 2 3 3 2 3 3 2 
10 
1 0 
2 0 1 
2 1 2 
2 2 3 
2 3 4 
2 4 5 
2 5 6 
2 6 7 
2 7 8 
2 8 9 

12 
0.09353 0.90151 0.00496 
0.05255 0.43525 0.5122 
0.53012 0.00884 0.46104 
0.58332 0.37065 0.04603 

4 
0.11823 0.88177 
0.78822 0.21178 
4 
0.00515 0.99485 
0.71341 0.28659 
4 
0.00509 0.99491 
0.77448 0.22552 

12 
0.66982 0.00958 0.3206 
0.55565 0.32014 0.12421 
0.24089 0.40671 0.3524 
0.9339 0.03692 0.02918 
12 
0.08378 0.80978 0.10644 
0.29653 0.3371 0.36637 
0.06729 0.83952 0.09319 
0.1865 0.58998 0.22352 

4 
0.50517 0.49483 
0.87968 0.12032 
4 
0.15081 0.84919 
0.36081 0.63919 
4 
0.48441 0.51559 
0.72045 0.27955 

12 
0.01661 0.89369 0.0897 
0.16022 0.19349 0.64629 
0.64482 0.3315 0.02368 
0.49839 0.21531 0.2863 
12 
0.79117 0.17805 0.03078 
0.1181 0.07894 0.80296 
0.1158 0.78615 0.09805 
0.235 0.05226 0.71274 

12 
0.2891 0.3479 0.363 
0.42036 0.40375 0.17589 
0.09712 0.03756 0.86532 
0.48491 0.36092 0.15417 
12 
0.05643 0.90387 0.0397 
0.39574 0.36438 0.23988 
0.17293 0.27607 0.551 
0.40326 0.24929 0.34745 
12 
0.88816 0.08215 0.02969 
0.05627 0.38034 0.56339 
0.74282 0.07384 0.18334 
0.28477 0.49664 0.21859 

4 
0.26629 0.73371 
0.62333 0.37667 
4 
0.49836 0.50164 
0.88914 0.11086 
4 
0.70073 0.29927 
0.4431 0.5569 

12 
0.01652 0.01734 0.96614 
0.21614 0.02683 0.75703 
3.5E-4 0.98711 0.01254 
0.61252 0.08268 0.3048 
12 
0.43435 0.04077 0.52488 
0.17058 0.71061 0.11881 
0.07528 0.18976 0.73496 
0.47102 0.09201 0.43697 

12 
0.14602 0.02771 0.82627 
0.97454 0.00539 0.02007 
0.05995 0.27536 0.66469 
0.54211 0.44951 0.00838 
12 
0.29174 0.2893 0.41896 
0.7633 0.15884 0.07786 
0.15398 0.24132 0.6047 
0.00611 0.11381 0.88008 
12 
0.07472 0.44955 0.47573 
0.99689 4.0E-4 0.00271 
0.27791 0.03349 0.6886 
0.06715 0.73605 0.1968 

4 
0.12675 0.87325 
0.6414 0.3586 
4 
0.3798 0.6202 
0.16635 0.83365 
4 
0.31273 0.68727 
0.65948 0.34052 
