V-CREDAL
8
4 4 2 2 2 3 4 4
8
2 6 0
1 1
3 0 1 2
1 3
3 3 6 4
3 0 7 5
1 6
1 7

24
0.01 0.024 0.928 0.038
0.078 0.733 0.023 0.166
0.078 0.208 0.05 0.664
0.472 0.171 0.34 0.017
0.15 0.005 0.8 0.045
0.021 0.013 0.34 0.626
24
0.029 0.337 0.449 0.185
0.436 0.058 0.157 0.349
0.049 0.001 0.95 0.0
0.065 0.133 0.46 0.342
0.338 0.015 0.005 0.642
0.323 0.232 0.165 0.28
24
0.936 0.032 0.026 0.006
0.026 0.605 0.207 0.162
0.047 0.547 0.309 0.097
0.053 0.214 0.523 0.21
0.05 0.701 0.047 0.202
0.1 0.187 0.036 0.677
24
0.004 0.206 0.787 0.003
0.035 0.675 0.2 0.09
0.089 0.186 0.086 0.639
0.204 0.084 0.068 0.644
0.318 0.077 0.548 0.057
0.516 0.111 0.052 0.321

24
0.098 0.043 0.856 0.003
0.073 0.332 0.236 0.359
0.032 0.274 0.692 0.002
0.199 0.048 0.298 0.455
0.507 0.257 0.056 0.18
0.025 0.11 0.833 0.032

4
0.071 0.929
0.379 0.621
4
0.973 0.027
0.673 0.327
4
0.056 0.944
0.887 0.113
4
0.037 0.963
0.618 0.382
4
0.308 0.692
0.535 0.465
4
0.038 0.962
0.381 0.619
4
0.089 0.911
0.698 0.302
4
0.639 0.361
0.511 0.489
4
0.133 0.867
0.659 0.341
4
0.802 0.198
0.949 0.051
4
0.933 0.067
0.838 0.162
4
0.759 0.241
0.783 0.217
4
0.366 0.634
0.887 0.113
4
0.861 0.139
0.296 0.704
4
0.259 0.741
0.091 0.909
4
0.977 0.023
0.713 0.287

4
0.421 0.579
0.015 0.985

4
0.177 0.823
0.955 0.045
4
0.707 0.293
0.969 0.031
4
0.943 0.057
0.715 0.285
4
0.393 0.607
0.504 0.496
4
0.518 0.482
0.175 0.825
4
0.342 0.658
0.668 0.332
4
0.58 0.42
0.001 0.999
4
0.754 0.246
0.312 0.688

18
0.009 0.8 0.191
0.966 0.025 0.009
0.293 0.001 0.706
0.001 0.022 0.977
0.153 0.814 0.033
0.957 0.023 0.02
18
0.067 0.437 0.496
0.241 0.587 0.172
0.274 0.061 0.665
0.008 0.845 0.147
0.403 0.108 0.489
0.005 0.992 0.003
18
0.002 0.086 0.912
0.881 0.099 0.02
0.055 0.945 0.0
0.546 0.444 0.01
0.838 0.052 0.11
0.025 0.031 0.944
18
0.729 0.161 0.11
0.458 0.127 0.415
0.166 0.541 0.293
0.76 0.191 0.049
0.122 0.566 0.312
0.22 0.245 0.535
18
0.143 0.743 0.114
0.511 0.305 0.184
0.343 0.599 0.058
0.246 0.711 0.043
0.283 0.013 0.704
0.011 0.331 0.658
18
0.943 0.048 0.009
0.038 0.753 0.209
0.029 0.399 0.572
0.218 0.76 0.022
0.056 0.124 0.82
0.814 0.001 0.185
18
0.681 0.088 0.231
0.013 0.06 0.927
0.458 0.508 0.034
0.012 0.83 0.158
0.209 0.008 0.783
0.78 0.2 0.02
18
0.113 0.081 0.806
0.043 0.95 0.007
0.569 0.003 0.428
0.003 0.992 0.005
0.538 0.345 0.117
0.61 0.23 0.16
18
0.235 0.286 0.479
0.157 0.829 0.014
0.587 0.391 0.022
0.005 0.715 0.28
0.702 0.11 0.188
0.017 0.933 0.05
18
0.889 0.108 0.003
0.206 0.016 0.778
0.43 0.53 0.04
0.844 0.062 0.094
0.13 0.264 0.606
0.188 0.548 0.264
18
0.002 0.981 0.017
0.637 0.277 0.086
0.645 0.2 0.155
0.173 0.032 0.795
0.123 0.877 0.0
0.07 0.178 0.752
18
0.119 0.861 0.02
0.331 0.058 0.611
0.932 0.045 0.023
0.168 0.105 0.727
0.012 0.962 0.026
0.015 0.962 0.023
18
0.069 0.91 0.021
0.043 0.662 0.295
0.974 0.014 0.012
0.803 0.194 0.003
0.029 0.009 0.962
0.018 0.088 0.894
18
0.327 0.479 0.194
0.01 0.11 0.88
0.138 0.05 0.812
0.817 0.071 0.112
0.184 0.338 0.478
0.738 0.245 0.017
18
0.667 0.1 0.233
0.008 0.036 0.956
0.728 0.146 0.126
0.08 0.841 0.079
0.015 0.861 0.124
0.505 0.407 0.088
18
0.007 0.07 0.923
0.019 0.747 0.234
0.617 0.29 0.093
0.006 0.151 0.843
0.858 0.103 0.039
0.08 0.01 0.91

24
0.05 0.55 0.308 0.092
0.039 0.082 0.049 0.83
0.641 0.175 0.123 0.061
0.044 0.462 0.131 0.363
0.233 0.006 0.757 0.004
0.057 0.017 0.684 0.242

24
0.135 0.585 0.194 0.086
0.104 0.084 0.334 0.478
0.101 0.772 0.118 0.009
0.134 0.085 0.148 0.633
0.85 0.024 0.085 0.041
0.744 0.008 0.047 0.201
