V-CREDAL
5
4 3 3 3 2
5
1 0
3 3 4 1
1 2
3 0 2 3
1 4

24
0.075 0.056 0.037 0.832
0.133 0.007 0.0 0.86
0.261 0.511 0.032 0.196
0.707 0.084 0.055 0.154
0.039 0.01 0.93 0.021
0.039 0.118 0.052 0.791

18
0.34 0.055 0.605
0.015 0.432 0.553
0.471 0.51 0.019
0.151 0.789 0.06
0.276 0.038 0.686
0.25 0.747 0.003
18
0.457 0.522 0.021
0.432 0.025 0.543
0.724 0.237 0.039
0.095 0.206 0.699
0.756 0.086 0.158
0.128 0.62 0.252
18
0.138 0.007 0.855
0.903 0.027 0.07
0.83 0.168 0.002
0.005 0.125 0.87
0.007 0.97 0.023
0.041 0.013 0.946
18
0.044 0.804 0.152
0.446 0.139 0.415
0.177 0.812 0.011
0.672 0.277 0.051
0.304 0.164 0.532
0.758 0.178 0.064
18
0.106 0.758 0.136
0.027 0.328 0.645
0.211 0.691 0.098
0.984 0.014 0.002
0.442 0.04 0.518
0.996 0.0 0.004
18
0.022 0.976 0.002
0.074 0.061 0.865
0.207 0.029 0.764
0.044 0.512 0.444
0.941 0.035 0.024
0.779 0.201 0.02

18
0.015 0.021 0.964
0.67 0.006 0.324
0.119 0.875 0.006
0.925 0.006 0.069
0.037 0.957 0.006
0.811 0.132 0.057

18
0.022 0.499 0.479
0.114 0.089 0.797
0.45 0.032 0.518
0.36 0.532 0.108
0.856 0.036 0.108
0.879 0.009 0.112
18
0.367 0.008 0.625
0.109 0.037 0.854
0.051 0.441 0.508
0.617 0.324 0.059
0.437 0.437 0.126
0.707 0.141 0.152
18
0.022 0.014 0.964
0.004 0.98 0.016
0.839 0.135 0.026
0.562 0.085 0.353
0.012 0.038 0.95
0.358 0.626 0.016
18
0.333 0.135 0.532
0.272 0.399 0.329
0.427 0.054 0.519
0.914 0.004 0.082
0.444 0.534 0.022
0.184 0.274 0.542
18
0.01 0.663 0.327
0.223 0.673 0.104
0.557 0.428 0.015
0.582 0.04 0.378
0.819 0.167 0.014
0.932 0.014 0.054
18
0.517 0.118 0.365
0.76 0.132 0.108
0.201 0.298 0.501
0.64 0.063 0.297
0.039 0.541 0.42
0.121 0.607 0.272
18
0.495 0.491 0.014
0.814 0.128 0.058
0.255 0.058 0.687
0.136 0.861 0.003
0.168 0.41 0.422
0.593 0.088 0.319
18
0.855 0.009 0.136
0.028 0.939 0.033
0.044 0.953 0.003
0.993 0.003 0.004
0.004 0.053 0.943
0.962 0.004 0.034
18
0.027 0.485 0.488
0.789 0.146 0.065
0.143 0.035 0.822
0.059 0.909 0.032
0.867 0.004 0.129
0.068 0.932 0.0
18
0.475 0.211 0.314
0.052 0.586 0.362
0.003 0.99 0.007
0.81 0.019 0.171
0.957 0.036 0.007
0.068 0.929 0.003
18
0.689 0.007 0.304
0.005 0.568 0.427
0.043 0.071 0.886
0.927 0.022 0.051
0.188 0.028 0.784
0.533 0.461 0.006
18
0.182 0.075 0.743
0.054 0.617 0.329
0.065 0.539 0.396
0.635 0.143 0.222
0.046 0.868 0.086
0.151 0.075 0.774

4
0.453 0.547
0.107 0.893
