V-CREDAL 
4 
2 3 2 3 
4 
1 0 
1 1 
2 0 2 
3 0 1 3 

4 
0.80576 0.19424 
0.28167 0.71833 

12 
0.1309 0.54086 0.32824 
0.58377 0.13898 0.27725 
0.23385 0.14139 0.62476 
0.65354 0.25745 0.08901 

4 
0.07513 0.92487 
0.99812 0.00188 
4 
0.37074 0.62926 
0.36032 0.63968 

12 
0.08485 0.26644 0.64871 
0.41491 0.03589 0.5492 
0.73906 0.09193 0.16901 
0.7851 0.01791 0.19699 
12 
0.40977 0.17551 0.41472 
0.19937 0.39728 0.40335 
0.29188 0.34032 0.3678 
0.61858 0.00394 0.37748 
12 
0.93216 0.05912 0.00872 
0.37961 0.58682 0.03357 
0.17377 0.00529 0.82094 
0.09165 0.84969 0.05866 
12 
3.5E-4 0.97836 0.02129 
0.25374 0.13086 0.6154 
0.57941 0.2209 0.19969 
0.58204 0.16297 0.25499 
12 
0.34661 0.07854 0.57485 
0.23187 0.51028 0.25785 
0.77348 0.22343 0.00309 
0.89726 0.01235 0.09039 
12 
0.38759 0.2046 0.40781 
0.05537 0.12517 0.81946 
0.16905 0.6072 0.22375 
0.35582 0.32065 0.32353 
