V-CREDAL
7
2 4 4 4 4 2 2
7
1 0
2 0 1
2 1 2
2 2 3
2 3 4
2 4 5
2 5 6

4
0.314 0.686
0.095 0.905

16
0.007 0.617 0.145 0.231
0.059 0.416 0.123 0.402
0.001 0.008 0.982 0.009
0.076 0.005 0.234 0.685
16
0.063 0.036 0.242 0.659
0.533 0.164 0.271 0.032
0.001 0.001 0.362 0.636
0.054 0.035 0.334 0.577

16
0.024 0.446 0.459 0.071
0.009 0.0 0.601 0.39
0.009 0.024 0.823 0.144
0.271 0.372 0.353 0.004
16
0.015 0.105 0.3 0.58
0.985 0.008 0.007 0.0
0.507 0.075 0.274 0.144
0.181 0.068 0.178 0.573
16
0.01 0.05 0.268 0.672
0.166 0.073 0.308 0.453
0.12 0.053 0.147 0.68
0.03 0.029 0.21 0.731
16
0.057 0.447 0.13 0.366
0.639 0.063 0.053 0.245
0.105 0.223 0.504 0.168
0.484 0.091 0.15 0.275

16
0.013 0.004 0.416 0.567
0.199 0.054 0.723 0.024
0.0 0.965 0.003 0.032
0.085 0.182 0.313 0.42
16
0.015 0.215 0.725 0.045
0.268 0.081 0.271 0.38
0.281 0.002 0.538 0.179
0.08 0.031 0.356 0.533
16
0.033 0.418 0.108 0.441
0.08 0.435 0.103 0.382
0.117 0.055 0.743 0.085
0.012 0.236 0.178 0.574
16
0.853 0.008 0.065 0.074
0.557 0.216 0.059 0.168
0.007 0.957 0.024 0.012
0.005 0.105 0.514 0.376

16
0.745 0.049 0.181 0.025
0.652 0.128 0.071 0.149
0.375 0.051 0.125 0.449
0.285 0.08 0.473 0.162
16
0.19 0.012 0.121 0.677
0.018 0.586 0.388 0.008
0.095 0.516 0.197 0.192
0.075 0.24 0.244 0.441
16
0.0 0.911 0.023 0.066
0.795 0.109 0.027 0.069
0.742 0.225 0.027 0.006
0.016 0.763 0.058 0.163
16
0.717 0.256 0.017 0.01
0.002 0.009 0.982 0.007
0.548 0.345 0.029 0.078
0.317 0.189 0.351 0.143

4
0.608 0.392
0.659 0.341
4
0.042 0.958
0.873 0.127
4
0.176 0.824
0.061 0.939
4
0.819 0.181
0.713 0.287

4
0.341 0.659
0.283 0.717
4
0.824 0.176
0.501 0.499
