V-CREDAL
9
3 3 3 2 4 3 4 2 3
9
2 1 0
2 7 1
3 5 8 2
1 3
2 5 4
1 5
2 3 6
2 3 7
2 6 8

12
0.456 0.528 0.016
0.12 0.18 0.7
0.314 0.513 0.173
0.162 0.107 0.731
12
0.956 0.016 0.028
0.059 0.684 0.257
0.147 0.061 0.792
0.828 0.157 0.015
12
0.139 0.728 0.133
0.124 0.008 0.868
0.719 0.258 0.023
0.326 0.003 0.671

12
0.349 0.625 0.026
0.153 0.467 0.38
0.011 0.916 0.073
0.549 0.146 0.305
12
0.64 0.086 0.274
0.102 0.38 0.518
0.21 0.754 0.036
0.134 0.111 0.755

12
0.951 0.014 0.035
0.074 0.09 0.836
0.22 0.122 0.658
0.772 0.096 0.132
12
0.064 0.913 0.023
0.692 0.188 0.12
0.069 0.834 0.097
0.966 0.032 0.002
12
0.164 0.761 0.075
0.741 0.163 0.096
0.171 0.028 0.801
0.101 0.442 0.457
12
0.258 0.283 0.459
0.59 0.253 0.157
0.973 0.006 0.021
0.373 0.232 0.395
12
0.089 0.033 0.878
0.048 0.814 0.138
0.763 0.113 0.124
0.271 0.656 0.073
12
0.038 0.787 0.175
0.888 0.009 0.103
0.103 0.09 0.807
0.058 0.514 0.428
12
0.309 0.374 0.317
0.622 0.149 0.229
0.284 0.7 0.016
0.025 0.629 0.346
12
0.32 0.578 0.102
0.228 0.599 0.173
0.41 0.459 0.131
0.031 0.338 0.631
12
0.608 0.242 0.15
0.39 0.176 0.434
0.051 0.851 0.098
0.419 0.567 0.014

4
0.967 0.033
0.917 0.083

16
0.002 0.151 0.683 0.164
0.269 0.489 0.161 0.081
0.644 0.335 0.002 0.019
0.006 0.015 0.142 0.837
16
0.074 0.015 0.489 0.422
0.162 0.1 0.08 0.658
0.015 0.027 0.283 0.675
0.146 0.368 0.138 0.348
16
0.0 0.001 0.999 0.0
0.03 0.428 0.363 0.179
0.531 0.071 0.346 0.052
0.231 0.469 0.043 0.257

12
0.1 0.409 0.491
0.073 0.099 0.828
0.077 0.373 0.55
0.282 0.154 0.564

16
0.605 0.237 0.143 0.015
0.163 0.179 0.003 0.655
0.201 0.356 0.187 0.256
0.374 0.519 0.073 0.034
16
0.208 0.285 0.259 0.248
0.095 0.093 0.192 0.62
0.161 0.196 0.361 0.282
0.051 0.015 0.047 0.887

4
0.204 0.796
0.258 0.742
4
0.356 0.644
0.41 0.59

12
0.018 0.046 0.936
0.63 0.102 0.268
0.619 0.132 0.249
0.19 0.598 0.212
12
0.011 0.01 0.979
0.524 0.255 0.221
0.035 0.891 0.074
0.352 0.134 0.514
12
0.213 0.033 0.754
0.397 0.539 0.064
0.035 0.093 0.872
0.409 0.074 0.517
12
0.44 0.315 0.245
0.782 0.075 0.143
0.029 0.969 0.002
0.998 0.001 0.001
