V-CREDAL
8
3 4 4 2 2 2 3 4
8
2 2 0
1 1
2 1 2
4 1 4 5 3
1 4
1 5
2 0 6
2 5 7

18
0.115 0.017 0.868
0.062 0.025 0.913
0.183 0.287 0.53
0.043 0.784 0.173
0.163 0.571 0.266
0.023 0.236 0.741
18
0.048 0.119 0.833
0.103 0.504 0.393
0.574 0.012 0.414
0.78 0.134 0.086
0.539 0.269 0.192
0.255 0.002 0.743
18
0.042 0.888 0.07
0.265 0.133 0.602
0.906 0.067 0.027
0.018 0.418 0.564
0.539 0.013 0.448
0.147 0.805 0.048
18
0.134 0.846 0.02
0.841 0.007 0.152
0.957 0.041 0.002
0.054 0.04 0.906
0.012 0.923 0.065
0.226 0.019 0.755

24
0.523 0.388 0.057 0.032
0.561 0.122 0.134 0.183
0.015 0.6 0.223 0.162
0.625 0.068 0.234 0.073
0.08 0.143 0.396 0.381
0.006 0.013 0.477 0.504

24
0.017 0.025 0.41 0.548
0.543 0.157 0.036 0.264
0.175 0.683 0.048 0.094
0.014 0.01 0.012 0.964
0.645 0.105 0.114 0.136
0.029 0.079 0.783 0.109
24
0.111 0.122 0.28 0.487
0.253 0.064 0.397 0.286
0.243 0.555 0.049 0.153
0.037 0.012 0.004 0.947
0.301 0.151 0.541 0.007
0.01 0.018 0.12 0.852
24
0.118 0.003 0.069 0.81
0.095 0.123 0.176 0.606
0.211 0.427 0.255 0.107
0.047 0.023 0.397 0.533
0.866 0.119 0.011 0.004
0.206 0.297 0.065 0.432
24
0.024 0.829 0.127 0.02
0.003 0.002 0.0 0.995
0.387 0.172 0.055 0.386
0.011 0.427 0.226 0.336
0.285 0.135 0.217 0.363
0.183 0.288 0.313 0.216

4
0.306 0.694
0.087 0.913
4
0.74 0.26
0.834 0.166
4
0.748 0.252
0.33 0.67
4
0.544 0.456
0.944 0.056
4
0.805 0.195
0.439 0.561
4
0.493 0.507
0.724 0.276
4
0.82 0.18
0.118 0.882
4
0.375 0.625
0.027 0.973
4
0.385 0.615
0.84 0.16
4
0.856 0.144
0.341 0.659
4
0.814 0.186
0.529 0.471
4
0.3 0.7
0.577 0.423
4
0.22 0.78
0.711 0.289
4
0.126 0.874
0.148 0.852
4
0.502 0.498
0.578 0.422
4
0.235 0.765
0.842 0.158

4
0.92 0.08
0.865 0.135

4
0.424 0.576
0.217 0.783

18
0.03 0.393 0.577
0.914 0.041 0.045
0.035 0.483 0.482
0.249 0.735 0.016
0.156 0.82 0.024
0.335 0.089 0.576
18
0.587 0.412 0.001
0.057 0.899 0.044
0.585 0.045 0.37
0.018 0.004 0.978
0.604 0.285 0.111
0.138 0.849 0.013
18
0.006 0.39 0.604
0.022 0.479 0.499
0.152 0.077 0.771
0.887 0.023 0.09
0.085 0.829 0.086
0.315 0.007 0.678

24
0.047 0.926 0.024 0.003
0.014 0.071 0.861 0.054
0.378 0.086 0.063 0.473
0.84 0.109 0.001 0.05
0.924 0.018 0.038 0.02
0.168 0.396 0.092 0.344
24
0.3 0.232 0.157 0.311
0.004 0.078 0.79 0.128
0.221 0.537 0.102 0.14
0.084 0.072 0.782 0.062
0.016 0.331 0.325 0.328
0.646 0.007 0.337 0.01
