V-CREDAL 
10 
4 4 4 3 4 2 3 2 4 4 
10 
3 1 9 0 
1 1 
2 0 2 
3 0 7 3 
2 1 4 
1 5 
1 6 
2 5 7 
2 9 8 
2 6 9 

24 
0.44223 0.05209 0.34731 0.15837 
0.15927 0.75451 0.0152 0.07102 
0.14439 0.41922 0.27574 0.16065 
0.8085 0.11724 0.05591 0.01835 
0.00894 0.05578 0.3534 0.58188 
0.17539 0.77739 0.04313 0.00409 
24 
0.16856 0.36711 0.31006 0.15427 
0.28859 0.07211 0.0346 0.6047 
0.98139 6.9E-4 0.01774 1.8E-4 
0.2573 0.0773 0.53617 0.12923 
0.71284 0.0496 0.02155 0.21601 
0.08812 0.10784 0.35371 0.45033 
24 
0.92693 0.05638 0.00971 0.00698 
0.47846 0.2198 0.15092 0.15082 
0.05645 0.31669 0.26029 0.36657 
0.14134 0.2598 0.412 0.18686 
0.2487 0.01511 4.1E-4 0.73578 
0.03379 0.00554 0.02857 0.9321 
24 
0.39823 0.13933 0.4083 0.05414 
0.02474 0.01925 0.01602 0.93999 
0.02507 0.3114 0.03323 0.6303 
0.04166 0.00353 0.47399 0.48082 
0.09281 0.06272 0.02819 0.81628 
0.14478 0.41884 0.24044 0.19594 
24 
0.49886 0.13304 0.07855 0.28955 
0.12195 0.07747 0.44209 0.35849 
0.2821 0.25919 0.16372 0.29499 
0.1286 0.37208 0.21585 0.28347 
0.04753 0.00603 0.85195 0.09449 
0.03754 0.00277 0.9205 0.03919 
24 
0.04656 0.21947 0.12735 0.60662 
0.11972 0.57259 0.26755 0.04014 
0.56297 0.11283 0.12278 0.20142 
0.10378 0.18419 0.52092 0.19111 
0.03035 0.18484 0.12149 0.66332 
0.15439 0.02323 0.47451 0.34787 
24 
0.02242 0.17539 0.25379 0.5484 
0.0837 0.0024 0.87823 0.03567 
0.74919 0.09579 0.0704 0.08462 
0.15676 0.00556 0.72452 0.11316 
0.12388 0.74269 0.10099 0.03244 
0.0188 0.00105 0.34355 0.6366 
24 
0.00549 0.03119 0.02342 0.9399 
0.47933 0.17098 0.06074 0.28895 
0.65673 0.28586 0.03321 0.0242 
0.08086 0.64951 0.09938 0.17025 
0.00653 0.01909 0.00246 0.97192 
0.58663 0.10408 0.05163 0.25766 
24 
0.05344 0.47846 0.1476 0.3205 
0.26797 0.07368 0.35514 0.30321 
0.02586 0.89958 0.03929 0.03527 
0.71275 0.07971 0.12608 0.08146 
0.10739 0.14313 0.41818 0.3313 
0.20446 0.33584 0.061 0.3987 
24 
0.43857 0.00712 0.24663 0.30768 
0.6468 0.03224 0.03606 0.2849 
0.04197 0.37541 0.28702 0.2956 
0.03433 0.5658 0.00918 0.39069 
0.1646 0.01919 0.41255 0.40366 
0.01269 0.97733 0.00731 0.00267 
24 
0.00278 0.00542 0.14062 0.85118 
0.08857 0.27967 0.50674 0.12502 
0.78943 0.00121 7.1E-4 0.20865 
0.13609 0.04845 0.79373 0.02173 
0.02915 0.44791 0.28347 0.23947 
0.74741 0.20899 0.00231 0.04129 
24 
0.07356 0.15713 0.09047 0.67884 
0.01204 0.81406 0.00985 0.16405 
0.00683 0.05647 0.46463 0.47207 
0.08915 0.05846 0.77027 0.08212 
0.00113 0.13132 0.02313 0.84442 
0.00645 0.03152 0.00803 0.954 
24 
0.40535 0.21865 0.08874 0.28726 
0.00995 0.31832 0.62202 0.04971 
0.58197 0.23773 0.14279 0.03751 
0.18259 0.2915 0.28945 0.23646 
0.24113 0.7159 0.00168 0.04129 
0.03665 0.08315 0.70325 0.17695 
24 
0.30162 0.00887 0.03553 0.65398 
0.8324 0.01579 0.04837 0.10344 
0.42152 0.50871 0.04469 0.02508 
0.37511 0.32112 0.10816 0.19561 
0.05645 0.26597 0.08699 0.59059 
0.24589 0.10179 0.18811 0.46421 
24 
0.03691 0.22552 0.35015 0.38742 
0.48103 0.22388 0.00643 0.28866 
0.02352 0.06668 0.24814 0.66166 
0.96509 0.00707 0.01697 0.01087 
0.98464 0.00209 0.0045 0.00877 
0.43883 0.39663 0.16122 0.00332 
24 
0.37896 0.20516 0.10178 0.3141 
0.26927 0.53259 0.16475 0.03339 
0.34907 0.56005 0.06872 0.02216 
0.01477 0.19076 0.17893 0.61554 
0.10918 0.14657 0.72207 0.02218 
0.977 0.01665 0.00533 0.00102 

24 
0.87544 0.07303 0.01338 0.03815 
0.00562 0.49124 0.00327 0.49987 
0.01651 0.31718 0.5637 0.10261 
0.43071 0.51378 0.02885 0.02666 
0.41336 0.11926 0.07928 0.3881 
0.00657 0.63242 0.01724 0.34377 

24 
0.16577 0.48043 0.20397 0.14983 
0.35545 0.01154 0.62285 0.01016 
0.37852 0.45912 0.06746 0.0949 
0.1151 0.71096 0.16727 0.00667 
0.02536 0.79759 0.1355 0.04155 
0.03107 0.38841 0.39129 0.18923 
24 
0.1966 0.3973 0.13773 0.26837 
0.2408 0.39271 0.02832 0.33817 
0.00387 0.01016 0.892 0.09397 
0.06983 0.00426 0.68057 0.24534 
0.85685 5.2E-4 0.04284 0.09979 
0.73804 0.17929 0.07627 0.0064 
24 
0.8319 0.00301 0.14306 0.02203 
0.14056 0.00118 0.14263 0.71563 
0.00726 0.78088 0.0901 0.12176 
0.03813 0.27073 0.65154 0.0396 
0.01522 0.04235 0.83602 0.10641 
0.01232 8.2E-4 0.00171 0.98515 
24 
0.4846 0.03032 0.08704 0.39804 
0.10768 0.49834 0.04858 0.3454 
0.21305 0.02592 0.70246 0.05857 
0.003 0.02079 0.03754 0.93867 
0.3407 0.10287 0.02004 0.53639 
0.39698 0.42305 0.06326 0.11671 

18 
0.03459 6.0E-4 0.96481 
0.8868 0.02184 0.09136 
0.00199 0.4144 0.58361 
0.04556 0.95022 0.00422 
0.00335 0.32907 0.66758 
0.86983 0.11297 0.0172 
18 
0.04553 0.82539 0.12908 
0.34539 0.24411 0.4105 
0.56783 0.36786 0.06431 
0.2616 0.26199 0.47641 
0.37392 0.60102 0.02506 
0.20549 0.3619 0.43261 
18 
0.02409 0.05719 0.91872 
0.84922 0.08485 0.06593 
0.06785 0.92727 0.00488 
0.7857 0.05562 0.15868 
0.33628 0.00733 0.65639 
0.15726 0.8313 0.01144 
18 
0.01688 0.38517 0.59795 
0.02756 0.15384 0.8186 
0.01046 0.94234 0.0472 
0.30447 0.03868 0.65685 
0.99173 0.00153 0.00674 
0.6648 0.33053 0.00467 
18 
0.10062 0.02041 0.87897 
0.00894 0.10554 0.88552 
0.9662 0.02447 0.00933 
0.77451 0.22296 0.00253 
0.01661 0.95295 0.03044 
0.09544 0.0229 0.88166 
18 
0.00729 8.6E-4 0.99185 
0.90478 0.01107 0.08415 
0.00134 0.9108 0.08786 
0.00326 0.98774 0.009 
0.86449 0.11857 0.01694 
0.64928 0.33689 0.01383 
18 
0.31309 0.2872 0.39971 
0.88254 0.09459 0.02287 
0.81406 0.07198 0.11396 
0.03364 0.91666 0.0497 
0.03258 0.49089 0.47653 
0.02878 0.66238 0.30884 
18 
0.01289 0.13475 0.85236 
0.18184 0.33235 0.48581 
0.50929 0.22641 0.2643 
0.31121 0.03699 0.6518 
0.0506 0.05399 0.89541 
0.53026 0.35487 0.11487 

24 
0.94418 0.00206 0.04953 0.00423 
0.60742 0.061 0.04489 0.28669 
0.14378 0.27808 0.20769 0.37045 
0.54812 0.03696 0.35123 0.06369 
0.66807 0.04353 0.10148 0.18692 
0.2056 0.13478 0.61038 0.04924 
24 
0.39706 0.21719 0.10651 0.27924 
0.29396 0.06138 0.47393 0.17073 
0.85853 0.03603 0.09028 0.01516 
0.94576 0.00133 0.00955 0.04336 
0.22612 0.00281 0.4443 0.32677 
0.56324 0.17193 0.16073 0.1041 
24 
0.04085 0.50503 0.38729 0.06683 
0.00863 0.02092 0.04908 0.92137 
0.77265 0.06163 0.02705 0.13867 
0.00778 0.89591 0.02443 0.07188 
0.0058 0.17016 0.06882 0.75522 
0.05055 0.0908 0.17564 0.68301 
24 
0.67398 0.10346 0.0016 0.22096 
0.12985 0.25734 0.59885 0.01396 
0.05148 0.0305 0.89312 0.0249 
0.21526 0.62838 0.02598 0.13038 
0.04352 0.04443 0.31097 0.60108 
0.12022 0.60748 0.0954 0.1769 

4 
0.81156 0.18844 
0.18909 0.81091 

18 
0.04827 0.94294 0.00879 
0.03837 0.3075 0.65413 
0.72674 0.10669 0.16657 
0.42769 0.05027 0.52204 
0.05219 0.94026 0.00755 
0.49376 0.47388 0.03236 

4 
0.52473 0.47527 
0.7356 0.2644 
4 
0.49867 0.50133 
0.90095 0.09905 

24 
0.03712 0.61278 0.05585 0.29425 
0.5765 0.2701 0.08774 0.06566 
0.12788 0.00699 0.84573 0.0194 
0.27161 0.24222 0.19065 0.29552 
0.34097 0.59326 0.01849 0.04728 
0.27588 0.00459 0.7187 8.3E-4 
24 
0.54252 0.26823 0.09988 0.08937 
0.94962 0.03694 0.00521 0.00823 
0.61888 0.01278 0.0095 0.35884 
0.10681 0.28653 0.09138 0.51528 
0.0031 0.00713 0.98788 0.00189 
0.26332 0.41347 0.00238 0.32083 
24 
0.02222 0.85636 0.09505 0.02637 
0.00991 0.01869 0.96963 0.00177 
0.25871 0.09697 0.09607 0.54825 
0.00287 0.08862 0.15606 0.75245 
0.11637 0.0421 0.67304 0.16849 
0.05366 0.03386 0.61734 0.29514 
24 
0.06491 0.17191 0.34021 0.42297 
0.00179 0.11805 0.85995 0.02021 
0.0948 0.42404 0.11016 0.371 
0.03464 0.74566 0.00489 0.21481 
0.80075 0.16438 0.02395 0.01092 
0.65245 0.14201 0.11698 0.08856 

24 
0.32657 0.01418 0.03879 0.62046 
0.89889 6.8E-4 0.03358 0.06685 
0.96436 0.00835 0.02006 0.00723 
0.31168 0.01559 0.64077 0.03196 
0.31573 0.39366 0.13485 0.15576 
0.36414 0.35035 0.18772 0.09779 
24 
0.0622 0.27288 0.46155 0.20337 
0.00265 0.01231 0.66718 0.31786 
8.0E-5 0.00189 0.98926 0.00877 
0.01826 0.29435 0.33529 0.3521 
0.01972 0.20969 0.14274 0.62785 
0.03413 0.4807 0.4779 0.00727 
24 
0.55422 0.04598 0.06259 0.33721 
0.15094 0.12613 0.66053 0.0624 
0.00158 0.88131 0.10154 0.01557 
0.02014 0.0145 0.15389 0.81147 
0.38625 0.15092 0.36861 0.09422 
0.19032 0.26644 0.10458 0.43866 
