V-CREDAL
4
4 3 3 3
4
2 3 0
2 2 1
2 3 2
1 3

24
0.251 0.238 0.141 0.37
0.226 0.002 0.021 0.751
0.32 0.157 0.471 0.052
0.008 0.272 0.368 0.352
0.015 0.755 0.142 0.088
0.319 0.039 0.471 0.171
24
0.3 0.041 0.621 0.038
0.156 0.121 0.536 0.187
0.046 0.0 0.134 0.82
0.004 0.128 0.474 0.394
0.564 0.057 0.154 0.225
0.058 0.083 0.684 0.175
24
0.66 0.121 0.202 0.017
0.743 0.041 0.012 0.204
0.04 0.851 0.051 0.058
0.085 0.328 0.001 0.586
0.007 0.676 0.121 0.196
0.114 0.478 0.239 0.169

18
0.038 0.959 0.003
0.969 0.029 0.002
0.034 0.012 0.954
0.476 0.0 0.524
0.481 0.519 0.0
0.028 0.751 0.221
18
0.023 0.176 0.801
0.177 0.738 0.085
0.492 0.482 0.026
0.125 0.062 0.813
0.614 0.187 0.199
0.014 0.623 0.363
18
0.073 0.004 0.923
0.875 0.115 0.01
0.971 0.01 0.019
0.822 0.171 0.007
0.033 0.229 0.738
0.015 0.126 0.859

18
0.611 0.027 0.362
0.043 0.944 0.013
0.921 0.029 0.05
0.099 0.066 0.835
0.59 0.394 0.016
0.028 0.273 0.699
18
0.041 0.588 0.371
0.365 0.001 0.634
0.626 0.067 0.307
0.372 0.593 0.035
0.135 0.174 0.691
0.644 0.213 0.143
18
0.033 0.632 0.335
0.76 0.208 0.032
0.319 0.01 0.671
0.187 0.031 0.782
0.01 0.931 0.059
0.586 0.06 0.354

18
0.865 0.041 0.094
0.025 0.323 0.652
0.055 0.703 0.242
0.685 0.251 0.064
0.28 0.085 0.635
0.76 0.026 0.214
