V-CREDAL 
8 
3 2 3 3 3 2 2 3 
8 
1 0 
2 0 1 
2 1 2 
2 2 3 
2 3 4 
2 4 5 
2 5 6 
2 6 7 

18 
0.36255 0.42171 0.21574 
0.50975 0.15323 0.33702 
0.09946 0.61128 0.28926 
0.04431 0.93967 0.01602 
0.13194 0.54874 0.31932 
0.35119 0.13855 0.51026 

4 
0.08011 0.91989 
0.84208 0.15792 
4 
0.07023 0.92977 
0.28201 0.71799 
4 
0.59441 0.40559 
0.40833 0.59167 

18 
0.09928 0.87162 0.0291 
0.73572 0.13138 0.1329 
0.10353 0.4196 0.47687 
0.73645 0.07608 0.18747 
0.1547 0.10681 0.73849 
0.09003 0.83283 0.07714 
18 
0.9955 0.00252 0.00198 
0.03927 0.24342 0.71731 
0.00169 0.9918 0.00651 
0.61367 0.00295 0.38338 
0.00636 0.32562 0.66802 
0.21795 0.08763 0.69442 

18 
0.02534 0.02787 0.94679 
0.04756 0.54153 0.41091 
0.04421 0.02572 0.93007 
0.65176 0.11114 0.2371 
0.06716 0.02562 0.90722 
0.53417 0.32019 0.14564 
18 
0.00368 0.84005 0.15627 
0.34643 0.08072 0.57285 
0.03098 0.40887 0.56015 
0.13585 0.86177 0.00238 
0.76537 0.10027 0.13436 
0.07181 0.89117 0.03702 
18 
0.03443 0.70948 0.25609 
0.72086 0.01627 0.26287 
0.19956 0.74657 0.05387 
0.05078 0.01348 0.93574 
0.59191 0.37527 0.03282 
0.61864 0.3164 0.06496 

18 
0.00791 0.43648 0.55561 
0.26682 0.68219 0.05099 
0.9439 0.00464 0.05146 
0.14873 0.01831 0.83296 
0.99518 0.00379 0.00103 
0.09314 0.55621 0.35065 
18 
0.11634 0.75905 0.12461 
0.20954 0.78282 0.00764 
0.94354 0.03313 0.02333 
0.0066 0.00242 0.99098 
0.32982 0.66669 0.00349 
0.03487 0.71922 0.24591 
18 
0.00675 0.70496 0.28829 
0.8799 0.07366 0.04644 
0.17405 0.02619 0.79976 
0.00835 0.03154 0.96011 
0.37339 0.58535 0.04126 
0.64207 0.02601 0.33192 

4 
0.17701 0.82299 
0.32704 0.67296 
4 
0.32548 0.67452 
0.30405 0.69595 
4 
0.13695 0.86305 
0.50423 0.49577 

4 
0.51627 0.48373 
0.72664 0.27336 
4 
0.08608 0.91392 
0.42257 0.57743 

18 
0.33099 0.03943 0.62958 
0.08384 0.6349 0.28126 
0.04257 0.93484 0.02259 
0.86118 7.9E-4 0.13803 
0.96518 0.03377 0.00105 
0.02782 0.7719 0.20028 
18 
0.66065 0.32861 0.01074 
0.01181 0.00768 0.98051 
0.91816 0.01566 0.06618 
0.08395 0.62314 0.29291 
0.01979 0.44748 0.53273 
0.68835 0.30534 0.00631 
