V-CREDAL
8
3 3 3 3 2 3 2 3
8
2 4 0
3 0 7 1
1 2
2 6 3
2 5 4
1 5
2 2 6
2 3 7

18
0.599 0.008 0.393
0.946 0.035 0.019
0.066 0.682 0.252
0.393 0.148 0.459
0.006 0.947 0.047
0.017 0.822 0.161
18
0.019 0.882 0.099
0.887 0.067 0.046
0.099 0.008 0.893
0.829 0.161 0.01
0.622 0.005 0.373
0.012 0.024 0.964

18
0.254 0.618 0.128
0.333 0.064 0.603
0.324 0.069 0.607
0.828 0.129 0.043
0.019 0.623 0.358
0.047 0.379 0.574
18
0.011 0.018 0.971
0.835 0.149 0.016
0.073 0.783 0.144
0.003 0.738 0.259
0.82 0.038 0.142
0.867 0.087 0.046
18
0.012 0.483 0.505
0.006 0.405 0.589
0.06 0.095 0.845
0.864 0.125 0.011
0.138 0.668 0.194
0.865 0.008 0.127
18
0.25 0.062 0.688
0.632 0.357 0.011
0.986 0.01 0.004
0.305 0.6 0.095
0.061 0.184 0.755
0.017 0.528 0.455
18
0.028 0.849 0.123
0.023 0.042 0.935
0.389 0.03 0.581
0.032 0.017 0.951
0.794 0.175 0.031
0.203 0.763 0.034
18
0.833 0.015 0.152
0.013 0.907 0.08
0.039 0.449 0.512
0.898 0.03 0.072
0.242 0.078 0.68
0.457 0.485 0.058
18
0.805 0.124 0.071
0.083 0.239 0.678
0.734 0.014 0.252
0.197 0.616 0.187
0.806 0.025 0.169
0.124 0.117 0.759
18
0.073 0.653 0.274
0.976 0.013 0.011
0.09 0.798 0.112
0.003 0.012 0.985
0.224 0.68 0.096
0.889 0.005 0.106
18
0.093 0.65 0.257
0.422 0.033 0.545
0.124 0.732 0.144
0.74 0.056 0.204
0.116 0.57 0.314
0.302 0.689 0.009

18
0.018 0.948 0.034
0.723 0.273 0.004
0.967 0.031 0.002
0.017 0.036 0.947
0.397 0.003 0.6
0.045 0.001 0.954

18
0.007 0.002 0.991
0.053 0.422 0.525
0.446 0.355 0.199
0.431 0.17 0.399
0.605 0.276 0.119
0.028 0.33 0.642
18
0.949 0.023 0.028
0.03 0.491 0.479
0.1 0.326 0.574
0.064 0.814 0.122
0.439 0.037 0.524
0.121 0.308 0.571

4
0.652 0.348
0.647 0.353
4
0.542 0.458
0.799 0.201
4
0.771 0.229
0.69 0.31

18
0.906 0.034 0.06
0.063 0.91 0.027
0.002 0.038 0.96
0.031 0.925 0.044
0.82 0.0 0.18
0.426 0.546 0.028

4
0.708 0.292
0.401 0.599
4
0.507 0.493
0.168 0.832
4
0.095 0.905
0.606 0.394

18
0.021 0.527 0.452
0.988 0.011 0.001
0.05 0.004 0.946
0.03 0.863 0.107
0.862 0.001 0.137
0.205 0.74 0.055
18
0.043 0.829 0.128
0.578 0.223 0.199
0.181 0.174 0.645
0.136 0.758 0.106
0.293 0.069 0.638
0.548 0.371 0.081
18
0.002 0.761 0.237
0.008 0.008 0.984
0.994 0.004 0.002
0.004 0.99 0.006
0.935 0.064 0.001
0.706 0.001 0.293
