V-CREDAL 
4 
3 3 3 3 
4 
2 3 0 
3 0 2 1 
1 2 
1 3 

12 
0.3582 0.0287 0.6131 
0.1201 0.04285 0.83705 
0.16156 0.41931 0.41913 
0.08334 0.10973 0.80693 
12 
0.07281 0.9004 0.02679 
0.91701 0.05956 0.02343 
0.00493 0.38312 0.61195 
0.2455 0.28336 0.47114 
12 
0.37756 0.61829 0.00415 
0.95677 0.02857 0.01466 
0.26771 0.13467 0.59762 
0.34577 0.59931 0.05492 

12 
0.79196 0.20513 0.00291 
0.0014 0.14524 0.85336 
0.96977 0.01827 0.01196 
0.0479 0.61287 0.33923 
12 
0.73979 0.12294 0.13727 
0.04451 0.80761 0.14788 
0.18973 0.00125 0.80902 
0.10095 0.41655 0.4825 
12 
0.11793 0.068 0.81407 
0.09772 0.7899 0.11238 
0.80862 0.10108 0.0903 
0.26665 0.63304 0.10031 
12 
0.17406 0.63318 0.19276 
0.11763 0.01157 0.8708 
0.4911 0.30083 0.20807 
0.01566 0.67248 0.31186 
12 
0.15854 0.62053 0.22093 
0.02335 0.00939 0.96726 
0.35574 0.52237 0.12189 
0.36194 0.09816 0.5399 
12 
0.01281 0.93677 0.05042 
0.93633 0.04559 0.01808 
0.03848 0.02037 0.94115 
0.36478 0.61168 0.02354 
12 
0.42417 0.15815 0.41768 
0.27879 0.29478 0.42643 
0.81465 0.02838 0.15697 
0.29799 0.26914 0.43287 
12 
0.80734 0.01812 0.17454 
0.28795 0.39663 0.31542 
0.55503 0.26427 0.1807 
0.35333 0.19305 0.45362 
12 
0.03129 0.45652 0.51219 
0.84356 0.0491 0.10734 
0.78082 0.05921 0.15997 
0.25524 0.70818 0.03658 

12 
0.28009 0.54366 0.17625 
0.00933 0.95992 0.03075 
0.01367 0.61815 0.36818 
0.4212 0.17064 0.40816 

12 
0.45231 0.35802 0.18967 
0.86592 0.09437 0.03971 
0.45399 0.249 0.29701 
0.19963 0.43398 0.36639 
