V-CREDAL
6
3 2 3 3 2 4
6
3 2 4 0
1 1
3 1 3 2
2 5 3
1 4
1 5

18
0.045 0.031 0.924
0.978 0.001 0.021
0.005 0.93 0.065
0.113 0.868 0.019
0.833 0.155 0.012
0.009 0.214 0.777
18
0.458 0.403 0.139
0.838 0.012 0.15
0.207 0.251 0.542
0.925 0.06 0.015
0.225 0.441 0.334
0.168 0.34 0.492
18
0.196 0.734 0.07
0.078 0.01 0.912
0.165 0.559 0.276
0.832 0.036 0.132
0.222 0.003 0.775
0.457 0.002 0.541
18
0.235 0.746 0.019
0.402 0.054 0.544
0.729 0.165 0.106
0.048 0.596 0.356
0.018 0.006 0.976
0.317 0.663 0.02
18
0.103 0.547 0.35
0.285 0.697 0.018
0.19 0.054 0.756
0.644 0.343 0.013
0.801 0.045 0.154
0.032 0.224 0.744
18
0.108 0.318 0.574
0.192 0.789 0.019
0.648 0.294 0.058
0.569 0.04 0.391
0.595 0.401 0.004
0.126 0.618 0.256

4
0.087 0.913
0.119 0.881

18
0.005 0.879 0.116
0.198 0.045 0.757
0.016 0.234 0.75
0.832 0.139 0.029
0.108 0.046 0.846
0.542 0.41 0.048
18
0.606 0.241 0.153
0.079 0.318 0.603
0.566 0.165 0.269
0.014 0.97 0.016
0.412 0.019 0.569
0.166 0.145 0.689
18
0.028 0.96 0.012
0.009 0.032 0.959
0.333 0.593 0.074
0.642 0.062 0.296
0.578 0.293 0.129
0.605 0.028 0.367
18
0.054 0.564 0.382
0.296 0.063 0.641
0.334 0.526 0.14
0.879 0.118 0.003
0.83 0.008 0.162
0.161 0.651 0.188
18
0.158 0.166 0.676
0.381 0.009 0.61
0.767 0.146 0.087
0.434 0.26 0.306
0.892 0.072 0.036
0.173 0.199 0.628
18
0.383 0.013 0.604
0.055 0.102 0.843
0.386 0.466 0.148
0.267 0.72 0.013
0.085 0.003 0.912
0.051 0.291 0.658

18
0.016 0.012 0.972
0.503 0.007 0.49
0.699 0.221 0.08
0.548 0.401 0.051
0.034 0.927 0.039
0.016 0.105 0.879
18
0.091 0.9 0.009
0.881 0.043 0.076
0.01 0.153 0.837
0.751 0.198 0.051
0.455 0.078 0.467
0.024 0.131 0.845
18
0.039 0.528 0.433
0.854 0.058 0.088
0.055 0.723 0.222
0.0 0.031 0.969
0.327 0.672 0.001
0.789 0.203 0.008
18
0.718 0.22 0.062
0.819 0.03 0.151
0.436 0.345 0.219
0.024 0.263 0.713
0.593 0.306 0.101
0.077 0.056 0.867

4
0.419 0.581
0.279 0.721

24
0.075 0.003 0.009 0.913
0.109 0.346 0.513 0.032
0.128 0.28 0.535 0.057
0.105 0.345 0.386 0.164
0.781 0.107 0.047 0.065
0.532 0.45 0.01 0.008
