V-CREDAL 
10 
4 4 3 3 3 2 2 2 3 2 
10 
2 3 0 
2 0 1 
2 3 2 
1 3 
2 6 4 
3 3 7 5 
2 5 6 
1 7 
2 6 8 
2 5 9 

24 
0.39359 0.01497 0.54197 0.04947 
0.08116 0.28898 0.52202 0.10784 
0.46048 0.24147 0.25095 0.0471 
0.34196 0.07922 0.09758 0.48124 
0.12855 0.00215 0.80449 0.06481 
0.02572 0.33814 0.26319 0.37295 
24 
0.07218 0.06347 0.28388 0.58047 
0.02571 0.05877 0.23531 0.68021 
0.10111 0.39037 0.42373 0.08479 
0.30852 0.16464 0.04326 0.48358 
0.10772 0.82055 0.05359 0.01814 
0.61735 0.20238 0.04027 0.14 
24 
0.55801 0.09321 0.31735 0.03143 
0.37568 0.28355 0.31969 0.02108 
0.02845 0.49434 0.0081 0.46911 
0.12901 0.14445 0.72039 0.00615 
0.54035 0.16127 0.05943 0.23895 
0.14095 0.08041 0.77443 0.00421 

24 
0.00489 0.01748 0.84345 0.13418 
0.22261 0.5654 0.00882 0.20317 
0.036 0.02102 0.36764 0.57534 
0.01444 0.21296 0.18665 0.58595 
0.00734 0.99172 9.2E-4 2.0E-5 
0.00713 0.37772 0.31876 0.29639 
24 
0.39955 0.03686 0.13133 0.43226 
0.00708 0.92851 7.8E-4 0.06363 
0.38484 0.05096 0.2577 0.3065 
0.20762 0.14836 0.62118 0.02284 
0.67525 0.00333 0.0607 0.26072 
8.6E-4 0.99834 4.0E-4 4.0E-4 
24 
0.08472 0.61762 0.27941 0.01825 
0.66678 0.02867 0.26243 0.04212 
0.1605 0.12758 0.01892 0.693 
0.54113 0.06141 0.37455 0.02291 
0.62377 0.00349 0.06909 0.30365 
0.00136 0.01722 0.01161 0.96981 
24 
0.69036 0.09243 0.16613 0.05108 
0.43904 0.25471 0.0932 0.21305 
0.08845 0.19852 0.11515 0.59788 
0.06598 0.52767 0.13163 0.27472 
0.05326 0.0205 0.0078 0.91844 
0.0393 0.12734 0.00271 0.83065 

18 
0.0022 0.91886 0.07894 
0.70431 0.21849 0.0772 
0.02796 0.01463 0.95741 
0.42726 0.01053 0.56221 
0.87356 0.03921 0.08723 
0.80507 0.03458 0.16035 
18 
0.59875 0.32982 0.07143 
0.15599 0.68019 0.16382 
0.09672 0.13248 0.7708 
0.32168 0.06528 0.61304 
0.5476 0.16669 0.28571 
0.12495 0.11796 0.75709 
18 
0.34064 0.65112 0.00824 
0.45223 0.52621 0.02156 
0.22586 0.69744 0.0767 
0.10347 0.2712 0.62533 
0.65344 0.03136 0.3152 
0.07988 0.10235 0.81777 

18 
0.03748 0.09782 0.8647 
0.01239 0.93335 0.05426 
0.04413 0.08824 0.86763 
0.4193 0.55032 0.03038 
0.55405 0.03082 0.41513 
0.91825 0.05371 0.02804 

18 
0.98556 0.00664 0.0078 
0.01025 0.9827 0.00705 
0.0057 0.9483 0.046 
0.95892 0.00416 0.03692 
0.07642 0.0517 0.87188 
0.4081 0.00388 0.58802 
18 
0.01227 0.88735 0.10038 
0.09415 0.86488 0.04097 
0.08104 0.17431 0.74465 
0.10875 8.1E-4 0.89044 
0.7854 0.14512 0.06948 
0.32627 0.00431 0.66942 

4 
0.85812 0.14188 
0.161 0.839 
4 
0.78257 0.21743 
0.8796 0.1204 
4 
0.29819 0.70181 
0.04414 0.95586 
4 
0.022 0.978 
0.76271 0.23729 
4 
0.89882 0.10118 
0.61099 0.38901 
4 
0.61518 0.38482 
0.83441 0.16559 

4 
0.58255 0.41745 
0.8883 0.1117 
4 
0.48387 0.51613 
0.5534 0.4466 

4 
0.15384 0.84616 
0.53223 0.46777 

18 
0.96472 0.01449 0.02079 
0.0196 0.97862 0.00178 
0.23553 0.1555 0.60897 
0.0189 0.97726 0.00384 
0.10012 0.42624 0.47364 
0.28782 0.05716 0.65502 
18 
0.09371 0.41384 0.49245 
0.38579 0.12821 0.486 
0.56686 0.01212 0.42102 
0.02314 0.9148 0.06206 
0.4894 0.50222 0.00838 
0.5255 0.40841 0.06609 

4 
0.82098 0.17902 
0.20671 0.79329 
4 
0.24107 0.75893 
0.37817 0.62183 
