V-CREDAL 
8 
4 3 2 5 2 4 3 4 
8 
2 5 0 
1 1 
2 3 2 
2 5 3 
2 5 4 
1 5 
2 4 6 
3 1 3 7 

16 
0.10661 0.20419 0.4706 0.2186 
0.02316 0.22865 0.00371 0.74448 
0.17057 0.25251 0.30633 0.27059 
0.3578 0.21939 0.35182 0.07099 
16 
0.02748 0.04243 0.2676 0.66249 
0.11481 0.34229 0.13607 0.40683 
0.21905 0.186 0.59318 0.00177 
0.20776 0.08027 0.59681 0.11516 
16 
0.82331 0.0794 0.05365 0.04364 
0.1288 0.67564 0.17664 0.01892 
0.54231 0.30238 0.02424 0.13107 
0.00487 0.1911 0.30383 0.5002 
16 
0.04955 0.01364 0.34513 0.59168 
0.16484 0.33955 0.15102 0.34459 
0.09609 0.01866 0.0081 0.87715 
4.0E-4 6.0E-4 1.4E-4 0.99886 

12 
0.10175 0.49455 0.4037 
0.15641 0.68127 0.16232 
0.13651 0.37806 0.48543 
0.67287 0.20084 0.12629 

4 
0.69618 0.30382 
0.90162 0.09838 
4 
0.30094 0.69906 
0.46602 0.53398 
4 
0.81141 0.18859 
0.5697 0.4303 
4 
0.25666 0.74334 
0.7487 0.2513 
4 
0.34073 0.65927 
0.55333 0.44667 

20 
0.11887 0.09923 0.12222 0.58339 0.07629 
0.14401 0.44709 0.13457 0.11123 0.1631 
0.02833 0.00121 0.1695 0.03353 0.76743 
0.04351 0.01289 0.03197 0.00426 0.90737 
20 
0.37533 0.01451 0.14238 0.04317 0.42461 
0.09841 0.04586 0.01364 0.3007 0.54139 
0.04622 0.18008 0.10516 0.14616 0.52238 
0.0202 0.00635 0.19216 0.23571 0.54558 
20 
0.08486 0.00526 0.75784 0.07021 0.08183 
0.04622 0.45666 0.00349 0.02528 0.46835 
0.1311 0.3132 0.34182 0.00366 0.21022 
0.33678 0.17035 0.24213 0.03852 0.21222 
20 
0.56561 0.01434 0.09429 0.32134 0.00442 
0.02964 0.41911 0.37195 0.07505 0.10425 
0.69383 0.02322 0.22911 0.02972 0.02412 
0.81894 0.02148 0.1135 0.04283 0.00325 

4 
0.85268 0.14732 
0.3796 0.6204 
4 
0.54539 0.45461 
0.2601 0.7399 
4 
0.70744 0.29256 
0.40225 0.59775 
4 
0.73739 0.26261 
0.04136 0.95864 

16 
0.10106 0.0131 0.74984 0.136 
0.14202 0.08758 0.02014 0.75026 
0.04437 0.0053 0.00226 0.94807 
0.33289 0.5 0.01778 0.14933 

12 
0.24902 0.70214 0.04884 
0.08837 0.56719 0.34444 
0.9569 0.03863 0.00447 
0.98956 0.0047 0.00574 
12 
0.12661 0.08405 0.78934 
0.00765 0.98274 0.00961 
0.81258 0.03436 0.15306 
0.42296 0.54115 0.03589 

16 
0.11843 0.39488 0.04406 0.44263 
0.21198 0.27288 0.42726 0.08788 
0.02082 0.14524 0.0301 0.80384 
0.63179 0.10061 0.22722 0.04038 
16 
0.09476 0.12178 0.5492 0.23426 
0.67961 0.11325 0.09905 0.10809 
0.03064 0.16099 0.38524 0.42313 
0.34985 0.50626 0.13575 0.00814 
16 
0.08527 0.05283 0.76939 0.09251 
0.06874 0.04715 0.1899 0.69421 
0.07197 0.7559 0.07478 0.09735 
0.1108 0.37916 0.06245 0.44759 
16 
0.43372 0.26583 0.01783 0.28262 
0.31789 0.37923 0.0711 0.23178 
0.07607 0.13492 0.44555 0.34346 
0.01801 0.32099 0.32369 0.33731 
16 
0.39541 0.12092 0.07725 0.40642 
0.88549 0.04264 0.07142 4.5E-4 
0.68377 0.17096 0.03821 0.10706 
0.01504 0.8087 0.03513 0.14113 
16 
0.01963 0.04061 0.86873 0.07103 
0.30021 0.11639 0.36058 0.22282 
0.04243 0.45147 0.06962 0.43648 
0.3668 0.52315 0.05181 0.05824 
16 
0.03118 0.29927 0.15154 0.51801 
0.04848 0.63853 0.30066 0.01233 
0.5613 0.14978 0.1006 0.18832 
0.00237 0.8068 0.01566 0.17517 
16 
0.0161 0.01208 0.04783 0.92399 
0.09368 0.0094 0.08465 0.81227 
0.12936 0.12935 0.3989 0.34239 
0.38111 0.16646 0.39868 0.05375 
16 
0.56926 0.39209 0.03362 0.00503 
0.18855 0.27348 0.05283 0.48514 
0.07969 0.12834 0.64279 0.14918 
0.05614 0.73927 0.13282 0.07177 
16 
0.08297 0.20472 0.08909 0.62322 
0.07038 0.17212 0.70098 0.05652 
0.26797 0.16432 0.05656 0.51115 
0.01518 0.11029 0.02568 0.84885 
16 
0.28613 0.01104 0.6994 0.00343 
0.42499 0.16011 0.15729 0.25761 
0.97446 0.00142 0.00578 0.01834 
0.22326 0.05121 0.03002 0.69551 
16 
0.2239 0.34405 0.32188 0.11017 
0.27006 0.45762 0.05489 0.21743 
0.20977 0.42881 0.02838 0.33304 
0.3258 0.04625 0.56829 0.05966 
16 
0.35057 0.3456 0.05961 0.24422 
0.1921 0.74665 4.7E-4 0.06078 
0.06514 0.55122 0.35795 0.02569 
0.77525 0.15511 0.00598 0.06366 
16 
0.20613 0.16535 0.51653 0.11199 
0.06218 0.18334 0.21407 0.54041 
0.0191 0.88948 0.07032 0.0211 
0.23581 0.39259 0.2688 0.1028 
16 
0.01937 0.09142 0.488 0.40121 
0.11481 0.16428 0.2043 0.51661 
0.01827 0.81191 0.03066 0.13916 
0.10989 0.40573 0.44087 0.04351 
