V-CREDAL
8
2 4 4 4 4 4 3 2
8
1 0
2 0 1
2 1 2
2 2 3
2 3 4
2 4 5
2 5 6
2 6 7

4
0.036 0.964
0.228 0.772

16
0.085 0.187 0.039 0.689
0.129 0.164 0.506 0.201
0.051 0.218 0.035 0.696
0.307 0.042 0.644 0.007
16
0.714 0.235 0.04 0.011
0.01 0.01 0.907 0.073
0.233 0.322 0.055 0.39
0.707 0.166 0.067 0.06

16
0.47 0.398 0.117 0.015
0.331 0.574 0.003 0.092
0.115 0.666 0.019 0.2
0.011 0.384 0.059 0.546
16
0.044 0.366 0.231 0.359
0.885 0.093 0.008 0.014
0.133 0.004 0.119 0.744
0.374 0.111 0.276 0.239
16
0.066 0.144 0.77 0.02
0.001 0.72 0.276 0.003
0.149 0.3 0.35 0.201
0.107 0.447 0.156 0.29
16
0.012 0.111 0.135 0.742
0.009 0.371 0.236 0.384
0.16 0.818 0.018 0.004
0.486 0.034 0.006 0.474

16
0.106 0.18 0.178 0.536
0.209 0.314 0.049 0.428
0.017 0.078 0.166 0.739
0.83 0.045 0.019 0.106
16
0.462 0.338 0.117 0.083
0.097 0.248 0.354 0.301
0.174 0.125 0.604 0.097
0.04 0.708 0.139 0.113
16
0.007 0.876 0.045 0.072
0.1 0.172 0.699 0.029
0.06 0.021 0.107 0.812
0.393 0.168 0.291 0.148
16
0.193 0.412 0.387 0.008
0.049 0.219 0.272 0.46
0.467 0.276 0.011 0.246
0.056 0.69 0.041 0.213

16
0.066 0.134 0.777 0.023
0.503 0.021 0.014 0.462
0.284 0.291 0.299 0.126
0.779 0.042 0.096 0.083
16
0.093 0.729 0.006 0.172
0.311 0.071 0.517 0.101
0.084 0.654 0.027 0.235
0.929 0.058 0.004 0.009
16
0.557 0.046 0.015 0.382
0.111 0.11 0.305 0.474
0.151 0.805 0.016 0.028
0.368 0.282 0.207 0.143
16
0.117 0.069 0.473 0.341
0.393 0.16 0.2 0.247
0.746 0.183 0.012 0.059
0.105 0.159 0.189 0.547

16
0.757 0.098 0.059 0.086
0.545 0.016 0.377 0.062
0.045 0.041 0.327 0.587
0.363 0.026 0.513 0.098
16
0.004 0.128 0.865 0.003
0.239 0.53 0.107 0.124
0.136 0.206 0.292 0.366
0.318 0.072 0.377 0.233
16
0.201 0.154 0.143 0.502
0.421 0.417 0.009 0.153
0.089 0.197 0.361 0.353
0.159 0.239 0.135 0.467
16
0.123 0.05 0.719 0.108
0.956 0.015 0.026 0.003
0.738 0.202 0.017 0.043
0.012 0.044 0.917 0.027

12
0.323 0.496 0.181
0.002 0.996 0.002
0.078 0.038 0.884
0.065 0.052 0.883
12
0.004 0.955 0.041
0.324 0.249 0.427
0.787 0.162 0.051
0.029 0.474 0.497
12
0.667 0.103 0.23
0.011 0.613 0.376
0.078 0.846 0.076
0.231 0.185 0.584
12
0.144 0.185 0.671
0.08 0.194 0.726
0.389 0.265 0.346
0.336 0.64 0.024

4
0.938 0.062
0.04 0.96
4
0.863 0.137
0.759 0.241
4
0.334 0.666
0.285 0.715
