V-CREDAL
8
4 4 2 3 2 2 3 4
8
3 1 5 0
2 3 1
2 7 2
2 7 3
2 0 4
2 6 5
1 6
1 7

24
0.011 0.033 0.826 0.13
0.051 0.042 0.82 0.087
0.123 0.167 0.536 0.174
0.437 0.003 0.003 0.557
0.544 0.033 0.071 0.352
0.01 0.112 0.781 0.097
24
0.339 0.34 0.114 0.207
0.393 0.053 0.007 0.547
0.546 0.02 0.414 0.02
0.613 0.002 0.384 0.001
0.051 0.771 0.098 0.08
0.005 0.987 0.007 0.001
24
0.03 0.841 0.053 0.076
0.041 0.088 0.779 0.092
0.172 0.093 0.414 0.321
0.326 0.448 0.109 0.117
0.381 0.14 0.147 0.332
0.038 0.048 0.685 0.229
24
0.384 0.031 0.003 0.582
0.805 0.101 0.01 0.084
0.205 0.575 0.027 0.193
0.475 0.48 0.022 0.023
0.027 0.592 0.38 0.001
0.011 0.639 0.009 0.341
24
0.483 0.331 0.148 0.038
0.268 0.594 0.08 0.058
0.104 0.059 0.081 0.756
0.146 0.799 0.052 0.003
0.015 0.946 0.028 0.011
0.071 0.103 0.018 0.808
24
0.204 0.358 0.039 0.399
0.237 0.107 0.38 0.276
0.452 0.42 0.048 0.08
0.236 0.408 0.304 0.052
0.002 0.05 0.947 0.001
0.097 0.357 0.417 0.129
24
0.002 0.593 0.017 0.388
0.016 0.859 0.087 0.038
0.002 0.002 0.001 0.995
0.545 0.109 0.191 0.155
0.596 0.016 0.265 0.123
0.566 0.04 0.358 0.036
24
0.178 0.476 0.264 0.082
0.157 0.256 0.032 0.555
0.206 0.028 0.649 0.117
0.001 0.025 0.874 0.1
0.197 0.406 0.056 0.341
0.177 0.481 0.154 0.188

24
0.313 0.056 0.512 0.119
0.094 0.005 0.876 0.025
0.463 0.045 0.484 0.008
0.095 0.135 0.385 0.385
0.661 0.102 0.171 0.066
0.011 0.116 0.829 0.044
24
0.018 0.261 0.699 0.022
0.23 0.049 0.672 0.049
0.092 0.086 0.817 0.005
0.111 0.379 0.303 0.207
0.07 0.126 0.153 0.651
0.694 0.094 0.088 0.124
24
0.198 0.422 0.044 0.336
0.032 0.099 0.856 0.013
0.098 0.374 0.113 0.415
0.455 0.217 0.281 0.047
0.423 0.051 0.375 0.151
0.015 0.288 0.074 0.623

4
0.98 0.02
0.035 0.965
4
0.92 0.08
0.823 0.177
4
0.847 0.153
0.758 0.242
4
0.48 0.52
0.914 0.086

18
0.467 0.522 0.011
0.064 0.003 0.933
0.812 0.067 0.121
0.174 0.672 0.154
0.768 0.224 0.008
0.199 0.692 0.109
18
0.117 0.109 0.774
0.117 0.642 0.241
0.914 0.038 0.048
0.626 0.32 0.054
0.56 0.033 0.407
0.074 0.27 0.656
18
0.026 0.438 0.536
0.816 0.01 0.174
0.003 0.002 0.995
0.272 0.508 0.22
0.038 0.525 0.437
0.098 0.596 0.306
18
0.835 0.148 0.017
0.314 0.013 0.673
0.039 0.863 0.098
0.778 0.022 0.2
0.009 0.011 0.98
0.919 0.031 0.05

4
0.183 0.817
0.709 0.291
4
0.592 0.408
0.315 0.685
4
0.4 0.6
0.34 0.66
4
0.763 0.237
0.916 0.084

4
0.724 0.276
0.516 0.484
4
0.617 0.383
0.597 0.403
4
0.888 0.112
0.703 0.297

18
0.057 0.057 0.886
0.052 0.714 0.234
0.832 0.153 0.015
0.93 0.039 0.031
0.358 0.001 0.641
0.027 0.158 0.815

24
0.724 0.134 0.049 0.093
0.055 0.001 0.001 0.943
0.006 0.085 0.874 0.035
0.004 0.164 0.828 0.004
0.615 0.347 0.016 0.022
0.183 0.386 0.242 0.189
