V-CREDAL
8
4 4 4 3 2 2 3 4
8
1 0
2 0 1
2 1 2
2 2 3
2 3 4
2 4 5
2 5 6
2 6 7

24
0.003 0.01 0.012 0.975
0.206 0.256 0.114 0.424
0.013 0.48 0.226 0.281
0.024 0.6 0.311 0.065
0.069 0.456 0.025 0.45
0.021 0.0 0.973 0.006

24
0.035 0.011 0.87 0.084
0.631 0.177 0.142 0.05
0.016 0.792 0.183 0.009
0.007 0.04 0.95 0.003
0.07 0.276 0.1 0.554
0.048 0.927 0.025 0.0
24
0.03 0.096 0.017 0.857
0.224 0.773 0.0 0.003
0.798 0.088 0.113 0.001
0.327 0.6 0.02 0.053
0.058 0.578 0.09 0.274
0.05 0.622 0.252 0.076
24
0.089 0.048 0.284 0.579
0.026 0.066 0.077 0.831
0.007 0.979 0.002 0.012
0.997 0.0 0.001 0.002
0.566 0.043 0.319 0.072
0.911 0.087 0.001 0.001
24
0.173 0.046 0.31 0.471
0.145 0.501 0.158 0.196
0.008 0.041 0.021 0.93
0.617 0.381 0.001 0.001
0.96 0.038 0.001 0.001
0.089 0.462 0.264 0.185

24
0.003 0.046 0.909 0.042
0.004 0.052 0.638 0.306
0.317 0.095 0.297 0.291
0.198 0.224 0.211 0.367
0.545 0.17 0.221 0.064
0.112 0.303 0.549 0.036
24
0.005 0.008 0.619 0.368
0.055 0.007 0.853 0.085
0.023 0.104 0.505 0.368
0.102 0.261 0.286 0.351
0.551 0.385 0.027 0.037
0.027 0.131 0.062 0.78
24
0.492 0.063 0.048 0.397
0.176 0.01 0.754 0.06
0.06 0.01 0.475 0.455
0.129 0.062 0.112 0.697
0.351 0.011 0.033 0.605
0.021 0.563 0.384 0.032
24
0.603 0.245 0.054 0.098
0.062 0.313 0.241 0.384
0.156 0.276 0.448 0.12
0.23 0.329 0.06 0.381
0.157 0.006 0.0 0.837
0.227 0.03 0.313 0.43

18
0.777 0.055 0.168
0.257 0.266 0.477
0.007 0.658 0.335
0.142 0.762 0.096
0.453 0.475 0.072
0.014 0.741 0.245
18
0.019 0.036 0.945
0.998 0.001 0.001
0.006 0.974 0.02
0.008 0.634 0.358
0.131 0.858 0.011
0.248 0.746 0.006
18
0.1 0.061 0.839
0.349 0.207 0.444
0.095 0.727 0.178
0.504 0.452 0.044
0.084 0.609 0.307
0.119 0.049 0.832
18
0.631 0.365 0.004
0.735 0.157 0.108
0.18 0.424 0.396
0.799 0.149 0.052
0.029 0.874 0.097
0.07 0.678 0.252

4
0.35 0.65
0.713 0.287
4
0.601 0.399
0.071 0.929
4
0.318 0.682
0.644 0.356

4
0.479 0.521
0.737 0.263
4
0.329 0.671
0.846 0.154

18
0.871 0.082 0.047
0.11 0.05 0.84
0.818 0.022 0.16
0.301 0.694 0.005
0.153 0.668 0.179
0.071 0.435 0.494
18
0.609 0.07 0.321
0.109 0.39 0.501
0.39 0.535 0.075
0.006 0.566 0.428
0.336 0.185 0.479
0.941 0.025 0.034

24
0.088 0.016 0.074 0.822
0.063 0.277 0.514 0.146
0.649 0.095 0.041 0.215
0.387 0.233 0.046 0.334
0.034 0.553 0.254 0.159
0.033 0.098 0.083 0.786
24
0.064 0.865 0.031 0.04
0.188 0.036 0.155 0.621
0.559 0.054 0.034 0.353
0.011 0.543 0.419 0.027
0.003 0.086 0.215 0.696
0.027 0.394 0.105 0.474
24
0.208 0.438 0.074 0.28
0.001 0.622 0.052 0.325
0.083 0.038 0.872 0.007
0.26 0.01 0.091 0.639
0.008 0.066 0.909 0.017
0.008 0.091 0.848 0.053
