V-CREDAL
7
3 4 4 4 3 4 4
7
3 2 6 0
1 1
1 2
2 6 3
3 1 6 4
1 5
2 5 6

12
0.929 0.004 0.067
0.223 0.018 0.759
0.029 0.492 0.479
0.376 0.476 0.148
12
0.015 0.792 0.193
0.267 0.0 0.733
0.984 0.007 0.009
0.131 0.152 0.717
12
0.291 0.139 0.57
0.764 0.102 0.134
0.828 0.16 0.012
0.535 0.3 0.165
12
0.143 0.821 0.036
0.288 0.421 0.291
0.002 0.255 0.743
0.243 0.281 0.476
12
0.591 0.283 0.126
0.035 0.96 0.005
0.57 0.151 0.279
0.244 0.241 0.515
12
0.157 0.834 0.009
0.025 0.009 0.966
0.199 0.168 0.633
0.012 0.009 0.979
12
0.463 0.239 0.298
0.229 0.651 0.12
0.069 0.095 0.836
0.015 0.078 0.907
12
0.007 0.054 0.939
0.017 0.106 0.877
0.081 0.277 0.642
0.117 0.361 0.522
12
0.104 0.016 0.88
0.709 0.219 0.072
0.94 0.005 0.055
0.248 0.098 0.654
12
0.315 0.401 0.284
0.014 0.795 0.191
0.093 0.814 0.093
0.01 0.852 0.138
12
0.553 0.245 0.202
0.188 0.484 0.328
0.063 0.02 0.917
0.353 0.502 0.145
12
0.222 0.187 0.591
0.56 0.141 0.299
0.038 0.893 0.069
0.456 0.484 0.06
12
0.01 0.001 0.989
0.056 0.94 0.004
0.294 0.104 0.602
0.003 0.161 0.836
12
0.002 0.008 0.99
0.181 0.664 0.155
0.509 0.275 0.216
0.407 0.186 0.407
12
0.012 0.239 0.749
0.083 0.743 0.174
0.234 0.684 0.082
0.756 0.191 0.053
12
0.004 0.234 0.762
0.983 0.008 0.009
0.214 0.782 0.004
0.047 0.617 0.336

16
0.461 0.487 0.008 0.044
0.094 0.735 0.03 0.141
0.001 0.001 0.991 0.007
0.294 0.212 0.397 0.097

16
0.043 0.297 0.495 0.165
0.034 0.569 0.39 0.007
0.072 0.126 0.096 0.706
0.092 0.03 0.055 0.823

16
0.5 0.115 0.029 0.356
0.009 0.035 0.952 0.004
0.527 0.046 0.009 0.418
0.346 0.406 0.005 0.243
16
0.049 0.008 0.941 0.002
0.155 0.412 0.214 0.219
0.018 0.053 0.014 0.915
0.015 0.07 0.081 0.834
16
0.05 0.16 0.283 0.507
0.084 0.013 0.897 0.006
0.025 0.017 0.438 0.52
0.109 0.016 0.563 0.312
16
0.086 0.657 0.195 0.062
0.056 0.363 0.566 0.015
0.043 0.179 0.086 0.692
0.004 0.159 0.606 0.231

12
0.868 0.127 0.005
0.012 0.268 0.72
0.155 0.807 0.038
0.0 0.004 0.996
12
0.426 0.543 0.031
0.173 0.042 0.785
0.557 0.23 0.213
0.237 0.398 0.365
12
0.901 0.086 0.013
0.322 0.107 0.571
0.152 0.277 0.571
0.538 0.091 0.371
12
0.17 0.453 0.377
0.222 0.228 0.55
0.065 0.073 0.862
0.038 0.08 0.882
12
0.467 0.386 0.147
0.403 0.029 0.568
0.306 0.521 0.173
0.303 0.634 0.063
12
0.009 0.81 0.181
0.28 0.071 0.649
0.122 0.769 0.109
0.079 0.368 0.553
12
0.654 0.257 0.089
0.236 0.004 0.76
0.132 0.145 0.723
0.039 0.341 0.62
12
0.028 0.928 0.044
0.086 0.002 0.912
0.033 0.053 0.914
0.643 0.282 0.075
12
0.501 0.218 0.281
0.058 0.437 0.505
0.106 0.584 0.31
0.341 0.572 0.087
12
0.321 0.161 0.518
0.478 0.025 0.497
0.153 0.188 0.659
0.072 0.041 0.887
12
0.01 0.086 0.904
0.247 0.753 0.0
0.724 0.129 0.147
0.001 0.003 0.996
12
0.736 0.048 0.216
0.034 0.808 0.158
0.942 0.044 0.014
0.142 0.738 0.12
12
0.186 0.072 0.742
0.12 0.85 0.03
0.402 0.553 0.045
0.404 0.568 0.028
12
0.964 0.026 0.01
0.023 0.002 0.975
0.131 0.551 0.318
0.858 0.132 0.01
12
0.038 0.074 0.888
0.495 0.275 0.23
0.028 0.741 0.231
0.273 0.654 0.073
12
0.247 0.29 0.463
0.004 0.857 0.139
0.119 0.435 0.446
0.229 0.333 0.438

16
0.104 0.253 0.084 0.559
0.116 0.208 0.52 0.156
0.723 0.001 0.196 0.08
0.096 0.415 0.311 0.178

16
0.086 0.18 0.176 0.558
0.0 0.881 0.003 0.116
0.023 0.062 0.848 0.067
0.228 0.378 0.131 0.263
16
0.514 0.363 0.093 0.03
0.181 0.571 0.181 0.067
0.245 0.183 0.089 0.483
0.211 0.412 0.359 0.018
16
0.014 0.308 0.007 0.671
0.292 0.184 0.108 0.416
0.745 0.136 0.006 0.113
0.593 0.015 0.095 0.297
16
0.629 0.103 0.037 0.231
0.447 0.191 0.23 0.132
0.022 0.794 0.076 0.108
0.223 0.466 0.162 0.149
