V-CREDAL 
4 
3 2 3 3 
4 
1 0 
2 0 1 
2 1 2 
2 2 3 

18 
0.09535 0.01234 0.89231 
0.37353 0.08553 0.54094 
0.00758 0.97005 0.02237 
0.23315 0.68928 0.07757 
0.04912 0.94801 0.00287 
0.39223 0.14282 0.46495 

4 
0.95381 0.04619 
0.40815 0.59185 
4 
0.53596 0.46404 
0.91463 0.08537 
4 
0.1696 0.8304 
0.67015 0.32985 

18 
0.14048 0.75435 0.10517 
0.2469 0.01527 0.73783 
0.94235 0.02408 0.03357 
0.94142 0.01189 0.04669 
0.02212 0.02502 0.95286 
0.09944 0.62582 0.27474 
18 
0.79948 0.08311 0.11741 
0.02097 0.97358 0.00545 
0.66927 0.0061 0.32463 
0.77796 0.2112 0.01084 
0.02639 0.0381 0.93551 
0.00316 0.97403 0.02281 

18 
0.25827 0.20143 0.5403 
0.38923 0.04311 0.56766 
0.03142 0.65863 0.30995 
0.37547 0.62425 2.8E-4 
0.67647 0.02518 0.29835 
0.58278 0.0012 0.41602 
18 
0.67055 0.21844 0.11101 
0.09198 0.01324 0.89478 
0.06232 0.88394 0.05374 
0.1692 0.77983 0.05097 
0.68139 0.24997 0.06864 
0.04354 0.87958 0.07688 
18 
0.27782 0.43341 0.28877 
0.8006 0.0822 0.1172 
0.69961 0.21637 0.08402 
0.0141 0.21522 0.77068 
0.05237 0.19021 0.75742 
0.40455 0.37497 0.22048 
