V-CREDAL
6
3 2 3 3 2 4
6
3 2 4 0
1 1
3 1 3 2
2 5 3
1 4
1 5

12
0.191 0.012 0.797
0.175 0.059 0.766
0.062 0.834 0.104
0.09 0.584 0.326
12
0.013 0.857 0.13
0.018 0.098 0.884
0.968 0.017 0.015
0.013 0.623 0.364
12
0.007 0.006 0.987
0.079 0.854 0.067
0.983 0.007 0.01
0.197 0.784 0.019
12
0.028 0.809 0.163
0.001 0.069 0.93
0.735 0.003 0.262
0.123 0.701 0.176
12
0.106 0.52 0.374
0.313 0.043 0.644
0.113 0.258 0.629
0.365 0.558 0.077
12
0.004 0.958 0.038
0.816 0.051 0.133
0.045 0.946 0.009
0.518 0.423 0.059

4
0.993 0.007
0.836 0.164

12
0.345 0.343 0.312
0.274 0.583 0.143
0.889 0.03 0.081
0.557 0.068 0.375
12
0.933 0.035 0.032
0.113 0.054 0.833
0.301 0.116 0.583
0.975 0.006 0.019
12
0.138 0.017 0.845
0.14 0.296 0.564
0.357 0.488 0.155
0.0 0.066 0.934
12
0.888 0.03 0.082
0.25 0.194 0.556
0.515 0.407 0.078
0.248 0.055 0.697
12
0.158 0.371 0.471
0.361 0.538 0.101
0.003 0.672 0.325
0.772 0.211 0.017
12
0.015 0.903 0.082
0.401 0.109 0.49
0.265 0.083 0.652
0.251 0.555 0.194

12
0.817 0.162 0.021
0.773 0.062 0.165
0.347 0.231 0.422
0.048 0.369 0.583
12
0.067 0.558 0.375
0.508 0.269 0.223
0.527 0.458 0.015
0.462 0.209 0.329
12
0.295 0.143 0.562
0.458 0.29 0.252
0.036 0.581 0.383
0.29 0.144 0.566
12
0.135 0.609 0.256
0.014 0.437 0.549
0.198 0.083 0.719
0.249 0.638 0.113

4
0.346 0.654
0.404 0.596

16
0.003 0.018 0.826 0.153
0.148 0.458 0.385 0.009
0.013 0.099 0.846 0.042
0.51 0.041 0.418 0.031
