V-CREDAL 
8 
4 5 4 4 5 5 4 4 
8 
1 0 
2 0 1 
2 1 2 
2 2 3 
2 3 4 
2 4 5 
2 5 6 
2 6 7 

24 
0.50916 0.14658 0.2922 0.05206 
1.8E-4 0.11217 0.15377 0.73388 
0.14075 0.14204 0.10273 0.61448 
0.43943 0.02207 0.19837 0.34013 
0.05435 0.40272 0.33389 0.20904 
0.88023 0.03086 0.06111 0.0278 

30 
0.07411 0.30839 0.06787 0.02055 0.52908 
0.00785 0.03944 0.60771 0.263 0.082 
0.41914 0.00235 0.11595 0.17275 0.28981 
0.37758 0.43029 0.07014 0.07534 0.04665 
0.15137 0.0972 0.06105 0.65094 0.03944 
0.58757 0.01075 0.28587 0.09713 0.01868 
30 
0.23308 4.5E-4 0.00574 0.72578 0.03495 
0.39033 0.11487 7.0E-5 5.8E-4 0.49415 
0.28655 0.15563 0.05106 0.28068 0.22608 
0.018 0.02148 0.14817 0.56169 0.25066 
0.36544 0.14374 0.30831 0.02788 0.15463 
0.02131 0.16341 0.0514 0.03155 0.73233 
30 
0.22994 0.56185 0.08983 0.08641 0.03197 
0.06599 0.25254 0.00568 0.07656 0.59923 
0.44955 0.02555 0.0596 0.35944 0.10586 
0.29603 0.6315 0.00621 0.01052 0.05574 
0.06669 0.02815 0.20934 0.45714 0.23868 
0.00139 0.01627 0.01576 0.91733 0.04925 
30 
0.11568 0.01376 0.22559 0.12306 0.52191 
0.01744 0.19489 0.75131 0.02841 0.00795 
0.07395 0.36196 0.09835 0.43184 0.0339 
0.16159 0.14317 0.05465 0.59409 0.0465 
0.14251 0.4165 0.24097 0.11604 0.08398 
0.00372 0.59446 0.02928 0.09566 0.27688 

24 
0.10517 0.62482 0.25478 0.01523 
0.02222 0.09995 0.28948 0.58835 
0.01062 0.07567 0.91062 0.00309 
0.44138 0.41557 0.03181 0.11124 
0.22625 0.29514 0.07394 0.40467 
0.58494 0.32022 0.08223 0.01261 
24 
0.05897 0.02455 0.85591 0.06057 
0.57361 0.10837 0.02294 0.29508 
0.01255 0.1187 0.7799 0.08885 
0.14359 0.04622 0.1314 0.67879 
0.22541 0.66837 0.04365 0.06257 
0.34537 0.22991 0.29823 0.12649 
24 
0.41528 0.09385 0.05055 0.44032 
0.05906 0.06596 0.23054 0.64444 
0.79396 0.18624 0.01811 0.00169 
0.46492 0.36455 0.09155 0.07898 
0.00255 0.77696 0.0491 0.17139 
0.35161 0.58815 0.03627 0.02397 
24 
0.02976 0.93872 0.01262 0.0189 
0.01447 0.02896 0.06458 0.89199 
0.61928 0.00881 0.15031 0.2216 
0.07221 0.02069 0.90211 0.00499 
0.2609 0.04108 0.01677 0.68125 
0.41004 0.53653 0.0464 0.00703 
24 
0.19039 0.55073 0.18724 0.07164 
0.2419 0.23574 0.33599 0.18637 
0.03128 0.80051 0.12981 0.0384 
0.09418 0.15346 0.16502 0.58734 
0.08155 0.72828 0.08453 0.10564 
0.02162 0.02674 0.92652 0.02512 

24 
0.24174 0.03086 0.04392 0.68348 
0.04866 0.47869 0.01213 0.46052 
0.04516 0.08575 0.7421 0.12699 
0.00821 0.00442 0.03639 0.95098 
0.20788 0.0263 0.1876 0.57822 
0.50809 0.09459 0.30375 0.09357 
24 
0.06839 0.91612 0.01527 2.2E-4 
0.29731 0.25878 0.02938 0.41453 
0.43589 0.03054 0.47855 0.05502 
0.47479 0.0022 0.07464 0.44837 
0.00241 0.0122 0.16407 0.82132 
0.17497 0.40401 0.25239 0.16863 
24 
0.41938 0.33276 0.11096 0.1369 
8.0E-5 0.98334 0.01344 0.00314 
0.41465 0.02983 0.06891 0.48661 
0.71539 0.08803 0.00415 0.19243 
0.07886 0.02203 0.04678 0.85233 
0.36475 0.4741 0.14372 0.01743 
24 
0.07076 0.06221 0.21839 0.64864 
0.1969 0.12964 0.62992 0.04354 
0.1483 0.12788 0.07151 0.65231 
0.16746 0.64605 0.1649 0.02159 
0.27501 0.29905 0.31004 0.1159 
0.08394 0.65614 0.05748 0.20244 

30 
0.00692 0.03558 0.01476 7.9E-4 0.94195 
0.98123 0.01079 0.00285 0.00418 9.5E-4 
0.0039 0.99366 0.00179 1.7E-4 4.8E-4 
0.1769 0.19586 0.04852 0.13907 0.43965 
0.0119 0.84731 0.00681 0.11877 0.01521 
0.00196 0.01711 0.37526 0.07601 0.52966 
30 
0.38605 0.47865 0.04422 0.08725 0.00383 
0.68285 0.01363 0.29201 4.6E-4 0.01105 
0.55121 0.37605 0.01965 0.03506 0.01803 
0.07037 0.71405 0.02384 0.18558 0.00616 
0.02964 0.00887 0.00255 0.01364 0.9453 
0.10962 0.05485 0.02706 0.00487 0.8036 
30 
0.03058 0.92268 0.00184 0.0083 0.0366 
0.02128 0.3857 0.12152 0.01477 0.45673 
0.19196 0.32248 0.26725 0.07583 0.14248 
0.01033 0.32925 0.07823 0.12948 0.45271 
0.48154 0.10074 0.41049 0.00559 0.00164 
0.02422 0.02003 0.81345 0.00464 0.13766 
30 
0.60932 0.01567 0.30822 0.05756 0.00923 
0.69015 0.04921 0.25451 0.0058 3.3E-4 
0.13474 0.00702 0.27002 0.34771 0.24051 
0.32333 0.4517 0.00542 5.8E-4 0.21897 
0.26126 0.0177 0.00145 0.46152 0.25807 
0.30047 0.04123 0.0429 0.04557 0.56983 

30 
0.56235 0.11332 0.0468 0.01958 0.25795 
0.01919 0.39848 0.0046 0.20054 0.37719 
0.75112 0.02228 0.16556 0.05483 0.00621 
0.10495 0.16451 0.07698 0.3379 0.31566 
0.07182 0.35205 0.02762 0.19731 0.3512 
0.51715 0.00251 0.02178 0.38862 0.06994 
30 
0.82285 0.06995 0.06189 0.00766 0.03765 
6.1E-4 0.99623 0.00155 9.6E-4 6.5E-4 
0.04209 0.29518 0.00183 0.27743 0.38347 
0.44367 0.00462 0.52047 0.02486 0.00638 
0.90619 0.05647 0.01431 0.0128 0.01023 
0.00177 0.06193 0.00245 0.14551 0.78834 
30 
0.05428 0.2189 0.33419 0.19192 0.20071 
0.62329 0.03952 0.20679 0.04719 0.08321 
0.87201 0.07382 0.01148 0.00541 0.03728 
0.06016 0.2753 0.42342 0.18116 0.05996 
0.02666 0.24015 0.09418 0.5149 0.12411 
0.04218 0.33524 0.01832 0.0343 0.56996 
30 
0.41905 0.09293 0.08228 0.39188 0.01386 
0.16012 0.01592 0.05946 0.45374 0.31076 
0.08163 0.05155 0.43691 0.18505 0.24486 
0.24394 0.15688 0.55865 0.01356 0.02697 
0.93493 0.015 0.01634 0.03175 0.00198 
0.75715 0.02148 0.21718 0.00169 0.0025 
30 
0.04455 0.00917 0.41854 0.0538 0.47394 
0.00838 0.5969 0.33784 0.04587 0.01101 
0.23311 0.07503 0.07797 0.00954 0.60435 
0.06262 0.14492 0.74791 0.02174 0.02281 
0.45647 0.00373 0.00397 0.08332 0.45251 
0.96614 0.00259 0.02626 8.0E-5 0.00493 

24 
0.23562 0.57841 0.08451 0.10146 
0.06435 0.55304 0.11093 0.27168 
0.06906 0.7763 0.09617 0.05847 
0.04598 0.80555 0.03131 0.11716 
0.07456 0.28848 0.14707 0.48989 
0.19238 0.63801 0.10978 0.05983 
24 
0.01645 0.22676 0.17826 0.57853 
0.10199 0.39719 0.04323 0.45759 
0.5847 0.02594 0.32862 0.06074 
0.8916 0.09821 0.00199 0.0082 
0.626 0.31358 0.03655 0.02387 
0.37869 0.00313 0.32226 0.29592 
24 
0.22405 0.10446 0.60228 0.06921 
0.00391 0.00538 0.73554 0.25517 
0.76002 0.01639 0.04384 0.17975 
0.02226 0.87841 0.08416 0.01517 
0.0488 0.00384 0.0095 0.93786 
0.06356 0.40252 0.42754 0.10638 
24 
0.01367 0.85752 0.02746 0.10135 
0.31833 0.08395 0.00587 0.59185 
0.17992 0.71313 0.05492 0.05203 
0.30893 0.0185 0.6203 0.05227 
0.00535 0.00132 0.99314 1.9E-4 
0.56821 0.23974 0.07621 0.11584 
24 
0.28688 0.4487 0.09378 0.17064 
0.11205 0.32472 0.09005 0.47318 
0.24418 0.06999 0.49286 0.19297 
0.18102 0.07953 0.00702 0.73243 
0.01885 0.00701 0.78064 0.1935 
0.31217 0.41651 0.26059 0.01073 

24 
0.58966 0.06423 0.28204 0.06407 
0.02538 0.70868 0.25996 0.00598 
0.05829 0.49637 0.00337 0.44197 
7.8E-4 0.0065 0.00155 0.99117 
0.21331 0.25913 0.07003 0.45753 
0.14589 0.72533 0.01636 0.11242 
24 
0.2066 0.03389 0.5053 0.25421 
0.37599 0.31584 0.06284 0.24533 
0.05094 0.15737 0.23205 0.55964 
0.96524 0.02015 0.01394 6.7E-4 
0.17396 0.22918 0.31791 0.27895 
0.9381 0.05148 0.00263 0.00779 
24 
0.12484 0.81855 0.0522 0.00441 
0.44458 0.30338 0.06566 0.18638 
0.65515 0.3215 0.01191 0.01144 
0.55324 0.02956 0.18764 0.22956 
1.2E-4 0.95729 0.00192 0.04067 
0.32106 0.3915 0.14943 0.13801 
24 
0.05809 0.20756 0.20048 0.53387 
0.03471 0.85424 0.03351 0.07754 
0.01126 0.35392 0.30437 0.33045 
0.00488 0.55225 0.38168 0.06119 
0.03216 0.43346 0.52192 0.01246 
0.01853 0.05276 0.0326 0.89611 
