V-CREDAL 
8 
3 3 2 3 2 3 3 2 
8 
1 0 
2 0 1 
2 1 2 
2 2 3 
2 3 4 
2 4 5 
2 5 6 
2 6 7 

12 
0.19014 0.06186 0.748 
0.00492 0.0073 0.98778 
0.08111 0.91234 0.00655 
0.21278 0.4775 0.30972 

12 
0.00383 0.03784 0.95833 
0.91276 0.01333 0.07391 
0.27187 0.66021 0.06792 
0.18222 0.72881 0.08897 
12 
0.91132 0.04785 0.04083 
0.38055 0.55371 0.06574 
0.08495 0.1782 0.73685 
0.03209 0.02892 0.93899 
12 
0.57081 0.36094 0.06825 
0.67588 0.10856 0.21556 
0.44833 0.10765 0.44402 
0.34165 0.58903 0.06932 

4 
0.96095 0.03905 
0.36198 0.63802 
4 
0.76602 0.23398 
0.28716 0.71284 
4 
0.7335 0.2665 
0.90471 0.09529 

12 
0.04464 0.17144 0.78392 
0.04838 0.02779 0.92383 
0.35347 0.12106 0.52547 
0.61333 0.37353 0.01314 
12 
0.99128 0.00311 0.00561 
0.09203 0.73744 0.17053 
0.07558 0.89155 0.03287 
0.52254 0.46696 0.0105 

4 
0.39092 0.60908 
0.34172 0.65828 
4 
0.17073 0.82927 
0.81366 0.18634 
4 
0.79693 0.20307 
0.46302 0.53698 

12 
0.02846 0.02757 0.94397 
0.8705 0.05734 0.07216 
0.03578 0.78679 0.17743 
0.3167 0.66241 0.02089 
12 
0.71302 0.25227 0.03471 
0.00225 0.00623 0.99152 
0.0805 0.88075 0.03875 
0.84423 0.09617 0.0596 

12 
0.07337 0.05437 0.87226 
0.51651 0.39653 0.08696 
0.98756 0.00873 0.00371 
0.07776 0.61198 0.31026 
12 
0.47807 0.50501 0.01692 
0.11802 0.26634 0.61564 
0.17955 0.79757 0.02288 
0.03412 0.86899 0.09689 
12 
0.92817 0.07151 3.2E-4 
0.89196 0.03727 0.07077 
0.29434 0.38705 0.31861 
0.15986 0.57769 0.26245 

4 
0.8703 0.1297 
0.82449 0.17551 
4 
0.74492 0.25508 
0.60667 0.39333 
4 
0.8058 0.1942 
0.11661 0.88339 
