V-CREDAL 
4 
5 5 4 4 
4 
1 0 
2 0 1 
2 1 2 
2 2 3 

20 
0.33725 0.23588 0.34575 0.0811 2.0E-5 
0.00688 0.33045 0.01185 0.64755 0.00327 
0.00333 0.24738 0.406 0.00331 0.33998 
0.0262 0.02287 0.00226 0.00853 0.94014 

20 
0.36263 0.54723 0.03371 0.03239 0.02404 
0.00267 0.01468 0.06639 0.01364 0.90262 
0.26409 0.08755 0.03338 0.31432 0.30066 
0.05522 0.00648 0.00174 0.93529 0.00127 
20 
0.00235 9.0E-5 0.02497 0.96911 0.00348 
0.39006 0.04561 0.18685 0.25533 0.12215 
0.03293 0.0075 0.29011 0.55758 0.11188 
0.18212 0.08005 0.2739 0.28847 0.17546 
20 
0.41314 0.02509 0.08427 0.45846 0.01904 
0.01682 0.04949 0.00524 0.01917 0.90928 
0.79729 7.8E-4 0.12451 0.00226 0.07516 
0.19822 0.76012 0.00256 0.03009 0.00901 
20 
0.00385 0.05871 0.05598 0.78691 0.09455 
0.03582 0.72538 0.00422 0.01925 0.21533 
0.03567 0.03685 0.2207 0.16839 0.53839 
0.21637 0.04307 0.41113 0.15106 0.17837 
20 
0.17085 0.67809 0.01693 0.06229 0.07184 
0.25382 0.34169 0.15196 0.23261 0.01992 
0.0404 0.90943 0.0033 0.01646 0.03041 
0.00127 0.00113 0.50973 0.28846 0.19941 

16 
0.0854 0.19599 0.60104 0.11757 
0.02205 0.36619 0.57037 0.04139 
0.02372 0.03942 0.85856 0.0783 
0.60665 0.04282 0.04127 0.30926 
16 
0.23568 0.44154 0.09715 0.22563 
0.8126 0.11151 0.04905 0.02684 
0.0756 0.65025 0.17921 0.09494 
0.09672 0.10313 0.38708 0.41307 
16 
0.79759 0.02413 0.03637 0.14191 
0.08748 0.00896 0.88673 0.01683 
0.78807 0.00591 0.10215 0.10387 
0.15927 0.01581 0.79084 0.03408 
16 
0.72797 0.02275 0.14577 0.10351 
0.17329 0.13228 0.59589 0.09854 
0.1859 0.07983 0.28682 0.44745 
0.08645 0.86937 0.04365 5.3E-4 
16 
0.96074 0.03101 0.00537 0.00288 
0.48295 0.02562 0.19266 0.29877 
0.10639 0.67662 0.04593 0.17106 
0.00157 0.95513 0.03286 0.01044 

16 
0.00485 0.00179 0.99316 2.0E-4 
0.00679 0.50109 0.0638 0.42832 
0.4567 0.07174 0.06818 0.40338 
0.1281 0.37123 0.15646 0.34421 
16 
0.15506 0.03709 0.37919 0.42866 
0.0812 0.03627 0.8509 0.03163 
0.05802 0.35341 0.5371 0.05147 
0.04933 0.036 0.74185 0.17282 
16 
0.04169 0.03727 0.89783 0.02321 
0.54081 0.35991 0.05412 0.04516 
0.25209 0.15508 0.46877 0.12406 
0.40795 0.16457 0.34238 0.0851 
16 
0.32208 0.28178 0.08509 0.31105 
0.01308 0.01374 0.34503 0.62815 
0.06183 0.04313 0.07127 0.82377 
0.25568 0.04751 0.54218 0.15463 
