V-CREDAL 
4 
4 5 4 4 
4 
2 2 0 
2 0 1 
1 2 
2 2 3 

16 
0.10753 0.07164 0.25721 0.56362 
0.17634 0.48982 0.06899 0.26485 
0.23421 0.35244 0.34481 0.06854 
0.28179 0.23638 0.08393 0.3979 
16 
0.26713 0.01835 0.42621 0.28831 
0.27193 0.09704 0.11545 0.51558 
0.7231 0.27095 0.0016 0.00435 
0.10342 0.0504 0.0529 0.79328 
16 
0.02725 0.0258 0.00266 0.94429 
0.05883 0.00613 0.03069 0.90435 
0.22787 0.00553 0.66082 0.10578 
1.8E-4 0.0037 0.00446 0.99166 
16 
0.05588 0.2751 0.49459 0.17443 
0.19347 0.47349 0.11342 0.21962 
0.34447 0.01592 0.63921 4.0E-4 
0.33725 0.46361 0.03815 0.16099 

20 
0.15574 0.08365 0.07742 0.01807 0.66512 
0.0642 0.00176 0.01754 0.03727 0.87923 
0.05406 0.00349 0.19138 0.32474 0.42633 
0.02893 0.00145 0.00261 0.96694 7.0E-5 
20 
0.0239 0.79288 0.01585 0.12922 0.03815 
0.00502 0.00206 0.00397 0.00623 0.98272 
0.00806 0.73428 1.3E-4 0.03835 0.21918 
0.00868 0.91502 0.02945 0.00118 0.04567 
20 
0.93128 0.00192 0.06022 0.0052 0.00138 
0.05385 0.53435 0.08058 0.05188 0.27934 
0.01377 0.0166 0.22143 0.04 0.7082 
0.01663 0.00951 0.96365 0.00301 0.0072 
20 
0.01353 0.02811 0.53452 0.05025 0.37359 
0.01349 0.96186 0.00626 0.01257 0.00582 
0.18596 0.20958 0.00494 0.59696 0.00256 
0.01277 0.41809 0.44215 0.12231 0.00468 

16 
0.0794 0.57427 0.15348 0.19285 
0.54208 0.18212 0.20017 0.07563 
0.38661 0.41874 0.0983 0.09635 
0.04459 0.01955 0.14084 0.79502 

16 
5.7E-4 0.00269 0.37293 0.62381 
0.0626 0.54799 0.27998 0.10943 
0.49274 0.15802 0.18287 0.16637 
0.01296 0.03068 0.04456 0.9118 
16 
0.27601 0.12788 0.0276 0.56851 
0.44698 0.49136 0.05853 0.00313 
0.14887 0.46645 0.21136 0.17332 
0.09969 0.53193 0.32707 0.04131 
16 
0.09559 0.3687 0.05063 0.48508 
0.5233 0.19659 0.07532 0.20479 
0.00868 0.61994 0.06106 0.31032 
0.10121 0.09238 0.23467 0.57174 
16 
0.00296 0.06062 0.93155 0.00487 
0.0127 0.07728 0.90595 0.00407 
0.46509 0.30488 0.06449 0.16554 
0.05084 0.21257 0.03364 0.70295 
