V-CREDAL
7
3 4 3 4 2 2 2
7
1 0
2 0 1
2 1 2
2 2 3
2 3 4
2 4 5
2 5 6

12
0.198 0.266 0.536
0.919 0.062 0.019
0.8 0.15 0.05
0.363 0.141 0.496

16
0.123 0.377 0.075 0.425
0.815 0.177 0.002 0.006
0.164 0.032 0.099 0.705
0.177 0.194 0.12 0.509
16
0.203 0.045 0.013 0.739
0.767 0.007 0.008 0.218
0.421 0.032 0.493 0.054
0.464 0.458 0.06 0.018
16
0.025 0.002 0.031 0.942
0.052 0.012 0.544 0.392
0.129 0.154 0.11 0.607
0.066 0.192 0.468 0.274

12
0.364 0.005 0.631
0.449 0.41 0.141
0.002 0.756 0.242
0.136 0.37 0.494
12
0.047 0.823 0.13
0.651 0.158 0.191
0.224 0.085 0.691
0.025 0.056 0.919
12
0.217 0.0 0.783
0.089 0.871 0.04
0.445 0.313 0.242
0.001 0.397 0.602
12
0.815 0.183 0.002
0.156 0.173 0.671
0.354 0.48 0.166
0.227 0.415 0.358

16
0.135 0.04 0.018 0.807
0.057 0.18 0.613 0.15
0.257 0.322 0.368 0.053
0.979 0.001 0.018 0.002
16
0.733 0.018 0.192 0.057
0.062 0.032 0.003 0.903
0.62 0.118 0.034 0.228
0.001 0.01 0.729 0.26
16
0.001 0.0 0.999 0.0
0.352 0.036 0.011 0.601
0.021 0.012 0.22 0.747
0.228 0.324 0.113 0.335

4
0.016 0.984
0.622 0.378
4
0.693 0.307
0.115 0.885
4
0.616 0.384
0.209 0.791
4
0.513 0.487
0.084 0.916

4
0.442 0.558
0.241 0.759
4
0.568 0.432
0.209 0.791

4
0.677 0.323
0.275 0.725
4
0.339 0.661
0.016 0.984
