V-CREDAL
10
4 3 4 3 3 4 4 3 3 4
10
1 0
2 0 1
2 1 2
2 2 3
2 3 4
2 4 5
2 5 6
2 6 7
2 7 8
2 8 9

24
0.005 0.046 0.011 0.938
0.08 0.21 0.683 0.027
0.59 0.298 0.005 0.107
0.016 0.653 0.146 0.185
0.103 0.002 0.05 0.845
0.259 0.021 0.349 0.371

18
0.495 0.074 0.431
0.907 0.048 0.045
0.831 0.155 0.014
0.726 0.034 0.24
0.134 0.758 0.108
0.199 0.52 0.281
18
0.514 0.452 0.034
0.118 0.821 0.061
0.011 0.273 0.716
0.067 0.045 0.888
0.626 0.241 0.133
0.409 0.568 0.023
18
0.176 0.128 0.696
0.013 0.903 0.084
0.675 0.154 0.171
0.523 0.12 0.357
0.608 0.26 0.132
0.096 0.396 0.508
18
0.166 0.129 0.705
0.007 0.944 0.049
0.414 0.055 0.531
0.476 0.061 0.463
0.864 0.105 0.031
0.097 0.292 0.611

24
0.386 0.028 0.499 0.087
0.032 0.046 0.388 0.534
0.549 0.0 0.192 0.259
0.817 0.093 0.069 0.021
0.07 0.313 0.063 0.554
0.429 0.32 0.245 0.006
24
0.128 0.461 0.368 0.043
0.494 0.293 0.076 0.137
0.632 0.186 0.16 0.022
0.044 0.559 0.08 0.317
0.056 0.798 0.142 0.004
0.121 0.171 0.208 0.5
24
0.278 0.498 0.19 0.034
0.0 0.001 0.993 0.006
0.048 0.761 0.015 0.176
0.007 0.091 0.413 0.489
0.09 0.437 0.458 0.015
0.084 0.057 0.043 0.816

18
0.032 0.424 0.544
0.108 0.084 0.808
0.459 0.529 0.012
0.135 0.828 0.037
0.907 0.091 0.002
0.059 0.698 0.243
18
0.997 0.002 0.001
0.111 0.013 0.876
0.901 0.097 0.002
0.033 0.933 0.034
0.006 0.825 0.169
0.051 0.13 0.819
18
0.878 0.015 0.107
0.005 0.753 0.242
0.417 0.555 0.028
0.55 0.003 0.447
0.043 0.022 0.935
0.05 0.755 0.195
18
0.332 0.235 0.433
0.791 0.116 0.093
0.243 0.381 0.376
0.097 0.702 0.201
0.05 0.857 0.093
0.512 0.055 0.433

18
0.007 0.01 0.983
0.916 0.04 0.044
0.93 0.047 0.023
0.011 0.978 0.011
0.64 0.02 0.34
0.004 0.107 0.889
18
0.042 0.063 0.895
0.584 0.033 0.383
0.003 0.846 0.151
0.211 0.706 0.083
0.608 0.291 0.101
0.734 0.15 0.116
18
0.002 0.996 0.002
0.006 0.058 0.936
0.938 0.017 0.045
0.941 0.051 0.008
0.959 0.021 0.02
0.165 0.018 0.817

24
0.002 0.833 0.124 0.041
0.212 0.108 0.508 0.172
0.243 0.36 0.389 0.008
0.166 0.133 0.396 0.305
0.908 0.041 0.042 0.009
0.153 0.312 0.195 0.34
24
0.106 0.456 0.304 0.134
0.273 0.19 0.139 0.398
0.049 0.221 0.561 0.169
0.234 0.194 0.091 0.481
0.15 0.045 0.264 0.541
0.143 0.027 0.172 0.658
24
0.01 0.184 0.006 0.8
0.331 0.058 0.264 0.347
0.611 0.195 0.088 0.106
0.47 0.127 0.401 0.002
0.488 0.168 0.271 0.073
0.264 0.117 0.073 0.546

24
0.027 0.041 0.726 0.206
0.996 0.003 0.0 0.001
0.054 0.484 0.003 0.459
0.178 0.019 0.053 0.75
0.0 0.235 0.011 0.754
0.542 0.005 0.45 0.003
24
0.056 0.535 0.05 0.359
0.031 0.409 0.075 0.485
0.749 0.028 0.04 0.183
0.791 0.063 0.044 0.102
0.039 0.306 0.602 0.053
0.011 0.903 0.057 0.029
24
0.414 0.235 0.006 0.345
0.018 0.484 0.191 0.307
0.147 0.037 0.752 0.064
0.122 0.444 0.335 0.099
0.202 0.177 0.235 0.386
0.198 0.041 0.639 0.122
24
0.635 0.067 0.174 0.124
0.61 0.109 0.115 0.166
0.004 0.937 0.053 0.006
0.067 0.126 0.106 0.701
0.102 0.199 0.557 0.142
0.309 0.053 0.338 0.3

18
0.087 0.899 0.014
0.038 0.304 0.658
0.953 0.005 0.042
0.354 0.048 0.598
0.868 0.011 0.121
0.055 0.598 0.347
18
0.0 0.002 0.998
0.007 0.993 0.0
0.996 0.001 0.003
0.329 0.001 0.67
0.0 0.997 0.003
0.86 0.138 0.002
18
0.083 0.512 0.405
0.133 0.83 0.037
0.306 0.067 0.627
0.621 0.152 0.227
0.084 0.074 0.842
0.393 0.536 0.071
18
0.834 0.022 0.144
0.554 0.431 0.015
0.604 0.013 0.383
0.006 0.06 0.934
0.017 0.913 0.07
0.934 0.042 0.024

18
0.374 0.133 0.493
0.158 0.211 0.631
0.234 0.668 0.098
0.036 0.291 0.673
0.647 0.218 0.135
0.544 0.439 0.017
18
0.674 0.022 0.304
0.502 0.419 0.079
0.163 0.188 0.649
0.031 0.894 0.075
0.362 0.013 0.625
0.202 0.072 0.726
18
0.118 0.007 0.875
0.874 0.043 0.083
0.752 0.195 0.053
0.002 0.979 0.019
0.731 0.027 0.242
0.882 0.055 0.063

24
0.039 0.085 0.86 0.016
0.671 0.023 0.246 0.06
0.206 0.014 0.278 0.502
0.573 0.11 0.211 0.106
0.045 0.41 0.402 0.143
0.205 0.292 0.439 0.064
24
0.017 0.008 0.015 0.96
0.004 0.333 0.66 0.003
0.274 0.351 0.328 0.047
0.997 0.002 0.0 0.001
0.057 0.504 0.302 0.137
0.299 0.014 0.672 0.015
24
0.022 0.136 0.107 0.735
0.169 0.21 0.525 0.096
0.27 0.097 0.561 0.072
0.092 0.702 0.127 0.079
0.0 0.991 0.007 0.002
0.067 0.004 0.01 0.919
