V-CREDAL 
4 
3 3 4 2 
4 
1 0 
2 0 1 
2 1 2 
2 2 3 

18 
0.00121 0.31518 0.68361 
0.83275 0.09774 0.06951 
0.01505 0.84903 0.13592 
0.04532 0.00333 0.95135 
0.15701 0.82014 0.02285 
0.46161 0.03162 0.50677 

18 
0.02435 0.56507 0.41058 
0.66117 0.18345 0.15538 
0.19332 0.29895 0.50773 
0.0175 0.43443 0.54807 
0.36985 0.62771 0.00244 
0.51858 0.15042 0.331 
18 
0.40738 0.21882 0.3738 
0.15475 0.70457 0.14068 
0.02411 0.3919 0.58399 
0.29577 0.62963 0.0746 
0.04204 0.02427 0.93369 
0.08233 0.04004 0.87763 
18 
0.3759 0.61691 0.00719 
0.92686 0.01323 0.05991 
0.05333 0.00254 0.94413 
0.0075 0.89496 0.09754 
0.03482 0.95281 0.01237 
0.10919 0.88316 0.00765 

24 
0.79309 0.02043 0.06787 0.11861 
0.07409 0.05608 0.06043 0.8094 
0.05981 0.77465 0.12536 0.04018 
0.09773 0.01953 0.0834 0.79934 
0.3417 0.11626 0.0234 0.51864 
0.02949 0.04115 0.92372 0.00564 
24 
0.47269 0.24762 0.15029 0.1294 
0.07137 0.07616 0.15779 0.69468 
0.42483 0.40962 0.04797 0.11758 
0.43983 0.45638 0.09788 0.00591 
0.0014 0.2065 0.27442 0.51768 
1.0E-4 0.04375 0.95578 3.7E-4 
24 
0.10267 0.00617 0.85206 0.0391 
0.11268 0.16143 0.10987 0.61602 
0.04425 0.11379 0.80354 0.03842 
0.16871 0.37786 0.40343 0.05 
0.29251 0.2583 0.1583 0.29089 
0.29515 0.29392 0.36953 0.0414 

4 
0.17243 0.82757 
0.94171 0.05829 
4 
0.28695 0.71305 
0.84403 0.15597 
4 
0.14391 0.85609 
0.3458 0.6542 
4 
0.36149 0.63851 
0.95908 0.04092 
