V-CREDAL 
8 
2 3 3 2 2 3 2 2 
8 
1 0 
2 0 1 
2 1 2 
2 2 3 
2 3 4 
2 4 5 
2 5 6 
2 6 7 

4 
0.82454 0.17546 
0.33409 0.66591 

18 
0.19729 0.13646 0.66625 
0.01608 0.54045 0.44347 
0.03811 0.27805 0.68384 
0.66153 0.2737 0.06477 
0.3364 0.43476 0.22884 
0.98983 0.00957 6.0E-4 
18 
0.19529 0.12461 0.6801 
0.8937 0.07025 0.03605 
0.12603 0.68435 0.18962 
0.91855 0.00539 0.07606 
0.04108 0.23186 0.72706 
0.79533 0.18362 0.02105 

18 
0.76896 0.01828 0.21276 
0.07247 0.69558 0.23195 
0.03215 0.84278 0.12507 
0.6309 0.00971 0.35939 
0.13151 0.56579 0.3027 
0.64114 0.23686 0.122 
18 
0.48036 0.50858 0.01106 
0.0477 0.56946 0.38284 
0.24621 0.68333 0.07046 
0.65487 0.00735 0.33778 
0.65954 0.25709 0.08337 
0.07019 0.24457 0.68524 
18 
0.19107 0.5644 0.24453 
0.71762 0.13446 0.14792 
0.21806 0.10696 0.67498 
0.22132 0.75969 0.01899 
0.18659 0.66377 0.14964 
0.5016 0.44891 0.04949 

4 
0.17324 0.82676 
0.21026 0.78974 
4 
0.18269 0.81731 
0.90738 0.09262 
4 
0.47204 0.52796 
0.17636 0.82364 

4 
0.53515 0.46485 
0.56991 0.43009 
4 
0.45054 0.54946 
0.42664 0.57336 

18 
0.92135 0.05178 0.02687 
0.03342 0.73878 0.2278 
0.26527 0.14889 0.58584 
0.04589 0.88119 0.07292 
0.05369 0.89181 0.0545 
0.12864 0.43093 0.44043 
18 
0.06476 0.73773 0.19751 
0.17426 0.21139 0.61435 
0.7532 0.20686 0.03994 
0.05086 0.87125 0.07789 
0.25104 0.1472 0.60176 
0.45186 0.01035 0.53779 

4 
0.12773 0.87227 
0.72619 0.27381 
4 
0.59212 0.40788 
0.53314 0.46686 
4 
0.38919 0.61081 
0.22591 0.77409 

4 
0.13933 0.86067 
0.76234 0.23766 
4 
0.94958 0.05042 
0.23578 0.76422 
