V-CREDAL
4
2 3 2 3
4
1 0
1 1
2 0 2
3 0 1 3

4
0.726 0.274
0.686 0.314

18
0.022 0.081 0.897
0.371 0.453 0.176
0.247 0.507 0.246
0.699 0.21 0.091
0.909 0.041 0.05
0.073 0.252 0.675

4
0.117 0.883
0.937 0.063
4
0.072 0.928
0.073 0.927

18
0.691 0.11 0.199
0.665 0.289 0.046
0.326 0.06 0.614
0.116 0.15 0.734
0.034 0.296 0.67
0.006 0.907 0.087
18
0.011 0.696 0.293
0.693 0.202 0.105
0.002 0.962 0.036
0.095 0.067 0.838
0.78 0.006 0.214
0.393 0.602 0.005
18
0.269 0.109 0.622
0.003 0.972 0.025
0.327 0.643 0.03
0.163 0.161 0.676
0.537 0.323 0.14
0.379 0.104 0.517
18
0.842 0.156 0.002
0.066 0.777 0.157
0.167 0.243 0.59
0.098 0.285 0.617
0.059 0.361 0.58
0.894 0.078 0.028
18
0.14 0.321 0.539
0.814 0.133 0.053
0.508 0.091 0.401
0.276 0.6 0.124
0.076 0.58 0.344
0.204 0.088 0.708
18
0.092 0.649 0.259
0.374 0.45 0.176
0.137 0.008 0.855
0.075 0.421 0.504
0.857 0.092 0.051
0.93 0.029 0.041
