V-CREDAL
10
4 4 2 4 3 2 4 4 4 2
10
1 0
2 0 1
2 1 2
2 2 3
2 3 4
2 4 5
2 5 6
2 6 7
2 7 8
2 8 9

24
0.728 0.001 0.057 0.214
0.009 0.106 0.085 0.8
0.273 0.002 0.327 0.398
0.027 0.926 0.024 0.023
0.01 0.183 0.11 0.697
0.046 0.859 0.079 0.016

24
0.114 0.083 0.086 0.717
0.058 0.94 0.001 0.001
0.223 0.009 0.715 0.053
0.82 0.008 0.026 0.146
0.12 0.063 0.449 0.368
0.375 0.232 0.021 0.372
24
0.059 0.073 0.378 0.49
0.59 0.32 0.01 0.08
0.044 0.012 0.873 0.071
0.842 0.029 0.119 0.01
0.084 0.368 0.411 0.137
0.587 0.055 0.338 0.02
24
0.847 0.09 0.028 0.035
0.032 0.024 0.889 0.055
0.646 0.139 0.013 0.202
0.093 0.185 0.413 0.309
0.799 0.061 0.037 0.103
0.722 0.104 0.168 0.006
24
0.034 0.9 0.012 0.054
0.232 0.203 0.341 0.224
0.24 0.023 0.33 0.407
0.331 0.179 0.014 0.476
0.207 0.028 0.001 0.764
0.008 0.237 0.544 0.211

4
0.648 0.352
0.461 0.539
4
0.565 0.435
0.781 0.219
4
0.546 0.454
0.508 0.492
4
0.942 0.058
0.246 0.754

24
0.036 0.877 0.011 0.076
0.038 0.748 0.032 0.182
0.008 0.051 0.427 0.514
0.089 0.228 0.011 0.672
0.896 0.082 0.022 0.0
0.503 0.039 0.06 0.398
24
0.587 0.081 0.087 0.245
0.171 0.38 0.006 0.443
0.495 0.026 0.465 0.014
0.003 0.901 0.032 0.064
0.297 0.012 0.215 0.476
0.022 0.153 0.087 0.738

18
0.894 0.061 0.045
0.258 0.256 0.486
0.951 0.023 0.026
0.952 0.011 0.037
0.05 0.009 0.941
0.726 0.145 0.129
18
0.006 0.231 0.763
0.264 0.736 0.0
0.75 0.163 0.087
0.395 0.064 0.541
0.141 0.02 0.839
0.006 0.518 0.476
18
0.09 0.909 0.001
0.993 0.006 0.001
0.018 0.979 0.003
0.001 0.084 0.915
0.009 0.619 0.372
0.087 0.068 0.845
18
0.021 0.887 0.092
0.449 0.033 0.518
0.099 0.131 0.77
0.009 0.32 0.671
0.924 0.052 0.024
0.137 0.11 0.753

4
0.788 0.212
0.508 0.492
4
0.761 0.239
0.571 0.429
4
0.067 0.933
0.572 0.428

24
0.138 0.18 0.337 0.345
0.016 0.288 0.525 0.171
0.072 0.02 0.886 0.022
0.763 0.024 0.089 0.124
0.11 0.006 0.851 0.033
0.313 0.043 0.577 0.067
24
0.466 0.004 0.524 0.006
0.035 0.001 0.963 0.001
0.306 0.189 0.484 0.021
0.295 0.015 0.253 0.437
0.071 0.056 0.409 0.464
0.284 0.389 0.115 0.212

24
0.228 0.331 0.262 0.179
0.0 0.443 0.556 0.001
0.041 0.677 0.271 0.011
0.117 0.351 0.109 0.423
0.055 0.496 0.023 0.426
0.15 0.198 0.37 0.282
24
0.069 0.102 0.335 0.494
0.085 0.602 0.091 0.222
0.006 0.154 0.017 0.823
0.419 0.221 0.255 0.105
0.06 0.134 0.783 0.023
0.777 0.026 0.043 0.154
24
0.59 0.016 0.019 0.375
0.011 0.32 0.655 0.014
0.679 0.177 0.013 0.131
0.065 0.855 0.002 0.078
0.232 0.081 0.456 0.231
0.894 0.077 0.027 0.002
24
0.026 0.037 0.052 0.885
0.086 0.227 0.559 0.128
0.538 0.146 0.308 0.008
0.094 0.192 0.693 0.021
0.171 0.233 0.147 0.449
0.054 0.001 0.87 0.075

24
0.385 0.242 0.071 0.302
0.107 0.007 0.18 0.706
0.19 0.084 0.288 0.438
0.039 0.226 0.257 0.478
0.986 0.013 0.001 0.0
0.067 0.466 0.465 0.002
24
0.023 0.77 0.152 0.055
0.023 0.054 0.512 0.411
0.077 0.446 0.444 0.033
0.029 0.309 0.131 0.531
0.701 0.015 0.283 0.001
0.271 0.207 0.43 0.092
24
0.183 0.115 0.22 0.482
0.522 0.183 0.018 0.277
0.271 0.046 0.661 0.022
0.087 0.024 0.133 0.756
0.096 0.201 0.686 0.017
0.113 0.05 0.586 0.251
24
0.199 0.103 0.628 0.07
0.173 0.145 0.098 0.584
0.28 0.018 0.313 0.389
0.016 0.225 0.066 0.693
0.338 0.643 0.003 0.016
0.207 0.656 0.002 0.135

4
0.825 0.175
0.39 0.61
4
0.669 0.331
0.148 0.852
4
0.187 0.813
0.185 0.815
4
0.753 0.247
0.013 0.987
