V-CREDAL
9
2 3 4 4 4 4 3 2 2
9
1 0
2 0 1
2 1 2
2 2 3
2 3 4
2 4 5
2 5 6
2 6 7
2 7 8

4
0.907 0.093
0.809 0.191

12
0.107 0.886 0.007
0.976 0.01 0.014
0.065 0.045 0.89
0.046 0.816 0.138
12
0.715 0.274 0.011
0.24 0.042 0.718
0.012 0.968 0.02
0.413 0.012 0.575

16
0.022 0.538 0.013 0.427
0.121 0.379 0.5 0.0
0.041 0.307 0.312 0.34
0.005 0.822 0.171 0.002
16
0.003 0.717 0.115 0.165
0.9 0.081 0.002 0.017
0.207 0.02 0.036 0.737
0.01 0.21 0.093 0.687
16
0.001 0.862 0.055 0.082
0.462 0.139 0.13 0.269
0.172 0.372 0.412 0.044
0.239 0.75 0.003 0.008

16
0.679 0.226 0.048 0.047
0.133 0.399 0.301 0.167
0.043 0.207 0.101 0.649
0.224 0.61 0.04 0.126
16
0.637 0.02 0.214 0.129
0.947 0.009 0.036 0.008
0.377 0.001 0.0 0.622
0.077 0.035 0.72 0.168
16
0.276 0.029 0.134 0.561
0.567 0.21 0.068 0.155
0.919 0.011 0.01 0.06
0.141 0.223 0.505 0.131
16
0.002 0.031 0.959 0.008
0.052 0.348 0.035 0.565
0.937 0.025 0.013 0.025
0.246 0.599 0.09 0.065

16
0.075 0.376 0.194 0.355
0.069 0.002 0.914 0.015
0.051 0.278 0.046 0.625
0.141 0.503 0.118 0.238
16
0.04 0.129 0.08 0.751
0.028 0.468 0.454 0.05
0.37 0.02 0.472 0.138
0.248 0.518 0.079 0.155
16
0.458 0.137 0.386 0.019
0.02 0.61 0.023 0.347
0.207 0.418 0.119 0.256
0.041 0.475 0.476 0.008
16
0.02 0.222 0.178 0.58
0.054 0.011 0.722 0.213
0.474 0.128 0.091 0.307
0.836 0.056 0.044 0.064

16
0.047 0.054 0.888 0.011
0.01 0.005 0.985 0.0
0.871 0.019 0.085 0.025
0.015 0.079 0.348 0.558
16
0.032 0.555 0.09 0.323
0.565 0.009 0.182 0.244
0.124 0.042 0.27 0.564
0.078 0.343 0.441 0.138
16
0.8 0.085 0.059 0.056
0.098 0.865 0.014 0.023
0.985 0.001 0.013 0.001
0.011 0.613 0.063 0.313
16
0.684 0.022 0.235 0.059
0.001 0.916 0.06 0.023
0.191 0.102 0.277 0.43
0.274 0.331 0.024 0.371

12
0.03 0.23 0.74
0.022 0.442 0.536
0.304 0.652 0.044
0.109 0.573 0.318
12
0.009 0.064 0.927
0.857 0.035 0.108
0.447 0.031 0.522
0.464 0.436 0.1
12
0.379 0.451 0.17
0.128 0.869 0.003
0.784 0.069 0.147
0.989 0.01 0.001
12
0.043 0.699 0.258
0.343 0.328 0.329
0.116 0.878 0.006
0.012 0.045 0.943

4
0.998 0.002
0.275 0.725
4
0.952 0.048
0.607 0.393
4
0.429 0.571
0.079 0.921

4
0.363 0.637
0.299 0.701
4
0.35 0.65
0.916 0.084
