V-CREDAL 
6 
3 4 4 2 3 5 
6 
1 0 
2 0 1 
2 1 2 
2 2 3 
2 3 4 
2 4 5 

12 
0.31169 0.54144 0.14687 
0.96273 0.0268 0.01047 
0.02891 0.43009 0.541 
0.11465 0.58083 0.30452 

16 
0.31418 0.13728 0.29223 0.25631 
0.01736 0.03615 0.84707 0.09942 
0.69239 0.18939 0.07557 0.04265 
0.01455 0.0087 0.72528 0.25147 
16 
0.0293 0.46277 0.01407 0.49386 
0.04734 0.02703 0.83542 0.09021 
0.16955 0.05039 0.69361 0.08645 
0.03123 0.00229 0.85631 0.11017 
16 
0.10132 0.11889 0.6065 0.17329 
0.02339 0.06423 0.44223 0.47015 
0.01532 0.47417 0.33392 0.17659 
0.52392 0.09504 0.27814 0.1029 

16 
0.22719 0.01385 0.70252 0.05644 
0.05268 0.02021 0.01205 0.91506 
0.0215 0.23958 0.52495 0.21397 
0.51463 0.25856 0.21086 0.01595 
16 
0.03412 0.77941 0.18245 0.00402 
0.50557 0.14541 0.17586 0.17316 
0.73669 0.07964 0.15299 0.03068 
0.22916 0.57627 0.14322 0.05135 
16 
0.0122 0.39284 0.48251 0.11245 
0.8626 0.03042 0.01519 0.09179 
0.04401 0.01031 0.10317 0.84251 
0.05588 0.89179 0.0066 0.04573 
16 
8.3E-4 0.28873 0.71038 6.0E-5 
0.9207 0.01614 0.04262 0.02054 
0.07464 0.36196 0.20735 0.35605 
0.18697 0.6673 0.13435 0.01138 

4 
0.84769 0.15231 
0.25808 0.74192 
4 
0.70619 0.29381 
0.09905 0.90095 
4 
0.53723 0.46277 
0.91473 0.08527 
4 
0.40382 0.59618 
0.14542 0.85458 

12 
0.25247 0.5195 0.22803 
0.10291 0.02003 0.87706 
0.02636 0.40216 0.57148 
0.97159 0.02646 0.00195 
12 
0.9009 0.02969 0.06941 
0.36005 0.11627 0.52368 
0.21098 0.42411 0.36491 
0.06472 0.76676 0.16852 

20 
0.1076 0.03305 0.02066 0.67164 0.16705 
0.08512 0.05847 0.48473 0.24834 0.12334 
0.09529 0.02213 0.83617 0.00146 0.04495 
0.98431 8.0E-4 7.7E-4 0.01404 8.0E-5 
20 
0.10821 0.02365 0.80962 0.0254 0.03312 
0.3218 0.67073 7.1E-4 0.00323 0.00353 
0.93946 5.0E-5 0.04808 1.0E-5 0.0124 
0.17645 0.03046 0.03151 0.22603 0.53555 
20 
0.02123 0.1764 0.01657 0.72865 0.05715 
5.5E-4 0.0354 0.67669 1.7E-4 0.28719 
0.02617 0.11475 0.05178 0.17667 0.63063 
0.03042 0.04117 0.06233 0.71095 0.15513 
