V-CREDAL 
8 
4 4 2 2 2 3 4 4 
8 
2 6 0 
1 1 
3 0 1 2 
1 3 
3 3 6 4 
3 0 7 5 
1 6 
1 7 

16 
0.29815 0.57486 0.09467 0.03232 
0.01472 0.07927 0.81502 0.09099 
0.13439 0.33701 0.03123 0.49737 
0.0176 0.21367 0.08056 0.68817 
16 
0.00833 0.02197 0.40956 0.56014 
0.63843 0.081 0.24215 0.03842 
3.7E-4 0.65672 0.33921 0.0037 
0.50199 0.15983 0.12978 0.2084 
16 
0.00183 4.0E-5 0.99743 7.0E-4 
0.0564 0.00227 0.00267 0.93866 
0.15898 0.0383 0.74303 0.05969 
0.4293 0.24604 0.02138 0.30328 
16 
0.03825 0.14412 0.63207 0.18556 
0.13407 0.27131 0.38073 0.21389 
0.50768 0.3515 0.12632 0.0145 
0.04337 0.80887 0.02502 0.12274 

16 
0.07607 0.01777 7.0E-5 0.90609 
0.01979 0.0196 0.66381 0.2968 
0.3252 0.60956 0.03325 0.03199 
0.79691 0.07205 0.0287 0.10234 

4 
0.35558 0.64442 
0.61967 0.38033 
4 
0.30613 0.69387 
0.13906 0.86094 
4 
0.86979 0.13021 
0.40189 0.59811 
4 
0.36968 0.63032 
0.18888 0.81112 
4 
0.51609 0.48391 
0.05711 0.94289 
4 
0.827 0.173 
0.68722 0.31278 
4 
0.55878 0.44122 
0.68818 0.31182 
4 
0.53485 0.46515 
0.01208 0.98792 
4 
0.85096 0.14904 
0.36203 0.63797 
4 
0.08338 0.91662 
0.40546 0.59454 
4 
0.25911 0.74089 
0.37245 0.62755 
4 
0.66799 0.33201 
0.33298 0.66702 
4 
0.6236 0.3764 
0.42339 0.57661 
4 
0.14759 0.85241 
0.71654 0.28346 
4 
0.5034 0.4966 
0.95512 0.04488 
4 
0.2669 0.7331 
0.31246 0.68754 

4 
0.50865 0.49135 
0.6568 0.3432 

4 
0.53713 0.46287 
0.06291 0.93709 
4 
0.66793 0.33207 
0.82143 0.17857 
4 
0.43762 0.56238 
0.20935 0.79065 
4 
0.46665 0.53335 
0.1946 0.8054 
4 
0.91222 0.08778 
0.03594 0.96406 
4 
0.38388 0.61612 
0.50843 0.49157 
4 
0.29714 0.70286 
0.75133 0.24867 
4 
0.68653 0.31347 
0.65751 0.34249 

12 
0.94 0.044 0.016 
0.04638 0.6301 0.32352 
0.86448 0.10459 0.03093 
0.16301 0.66053 0.17646 
12 
0.01178 0.91739 0.07083 
0.33385 0.55494 0.11121 
0.2825 0.64301 0.07449 
0.02407 0.00857 0.96736 
12 
0.80828 0.02354 0.16818 
0.57532 0.06397 0.36071 
0.00147 0.08089 0.91764 
0.2484 0.02224 0.72936 
12 
0.87017 0.062 0.06783 
0.71263 0.27849 0.00888 
0.2372 0.13664 0.62616 
0.00108 0.93419 0.06473 
12 
0.12938 0.36686 0.50376 
0.3982 0.54616 0.05564 
0.39834 0.08391 0.51775 
0.00214 0.78934 0.20852 
12 
0.3356 0.36088 0.30352 
0.61309 0.05507 0.33184 
0.37467 0.06935 0.55598 
0.46464 0.31585 0.21951 
12 
0.42699 0.45629 0.11672 
0.219 0.67567 0.10533 
0.01497 0.05892 0.92611 
0.4229 0.54164 0.03546 
12 
0.94847 0.02961 0.02192 
0.0144 0.02015 0.96545 
0.38491 0.61086 0.00423 
0.93733 0.00809 0.05458 
12 
0.4576 0.45994 0.08246 
0.07447 0.13407 0.79146 
0.18535 0.65433 0.16032 
0.26117 0.73819 6.4E-4 
12 
0.91974 0.06451 0.01575 
0.25954 0.05615 0.68431 
0.00679 0.14956 0.84365 
0.31331 0.5925 0.09419 
12 
0.25855 0.39852 0.34293 
0.00558 0.0569 0.93752 
0.81979 0.04577 0.13444 
0.39407 0.40697 0.19896 
12 
0.69721 0.23686 0.06593 
0.26762 0.36966 0.36272 
0.36328 0.13214 0.50458 
0.02514 0.30806 0.6668 
12 
0.58381 0.24356 0.17263 
0.01287 0.9641 0.02303 
0.04881 0.36213 0.58906 
0.58026 0.10507 0.31467 
12 
0.31626 0.63028 0.05346 
0.93162 0.01014 0.05824 
0.22261 0.72051 0.05688 
0.12636 0.683 0.19064 
12 
0.31243 0.41959 0.26798 
0.16318 0.78117 0.05565 
0.05377 0.11213 0.8341 
0.07265 0.02058 0.90677 
12 
0.98963 0.0071 0.00327 
0.46512 0.47703 0.05785 
0.18775 0.11238 0.69987 
0.15872 0.06917 0.77211 

16 
0.7419 0.03319 0.01211 0.2128 
0.34613 0.32167 0.12461 0.20759 
0.34769 0.0095 0.53589 0.10692 
0.54469 0.08412 0.1783 0.19289 

16 
0.92977 0.01208 0.01745 0.0407 
0.79132 0.15904 0.01867 0.03097 
0.33598 0.03358 0.6187 0.01174 
0.23119 0.27601 0.19412 0.29868 
