V-CREDAL
8
2 4 4 4 3 4 2 4
8
1 0
1 1
1 2
2 1 3
2 3 4
3 0 2 5
3 0 4 6
2 3 7

4
0.203 0.797
0.999 0.001

24
0.143 0.811 0.045 0.001
0.391 0.156 0.321 0.132
0.327 0.002 0.635 0.036
0.361 0.017 0.225 0.397
0.005 0.992 0.002 0.001
0.111 0.27 0.236 0.383

24
0.011 0.02 0.968 0.001
0.231 0.059 0.641 0.069
0.167 0.635 0.198 0.0
0.032 0.054 0.12 0.794
0.057 0.025 0.199 0.719
0.376 0.343 0.274 0.007

24
0.581 0.41 0.005 0.004
0.003 0.166 0.016 0.815
0.178 0.532 0.209 0.081
0.023 0.105 0.787 0.085
0.355 0.004 0.484 0.157
0.064 0.053 0.065 0.818
24
0.358 0.131 0.143 0.368
0.013 0.258 0.696 0.033
0.189 0.013 0.744 0.054
0.01 0.118 0.006 0.866
0.024 0.107 0.276 0.593
0.147 0.015 0.016 0.822
24
0.442 0.393 0.056 0.109
0.387 0.273 0.08 0.26
0.317 0.171 0.507 0.005
0.28 0.037 0.29 0.393
0.43 0.125 0.156 0.289
0.389 0.132 0.065 0.414
24
0.202 0.493 0.018 0.287
0.262 0.244 0.213 0.281
0.037 0.342 0.607 0.014
0.09 0.041 0.058 0.811
0.031 0.008 0.761 0.2
0.137 0.828 0.007 0.028

18
0.898 0.019 0.083
0.001 0.0 0.999
0.866 0.125 0.009
0.029 0.967 0.004
0.005 0.186 0.809
0.021 0.853 0.126
18
0.141 0.396 0.463
0.19 0.763 0.047
0.881 0.012 0.107
0.012 0.857 0.131
0.951 0.027 0.022
0.423 0.22 0.357
18
0.817 0.159 0.024
0.707 0.037 0.256
0.075 0.901 0.024
0.033 0.906 0.061
0.014 0.004 0.982
0.012 0.068 0.92
18
0.1 0.017 0.883
0.751 0.084 0.165
0.502 0.467 0.031
0.251 0.676 0.073
0.028 0.644 0.328
0.774 0.12 0.106

24
0.01 0.989 0.0 0.001
0.0 0.013 0.01 0.977
0.153 0.008 0.352 0.487
0.566 0.322 0.007 0.105
0.043 0.224 0.596 0.137
0.259 0.028 0.046 0.667
24
0.261 0.582 0.014 0.143
0.001 0.039 0.003 0.957
0.02 0.094 0.746 0.14
0.98 0.002 0.018 0.0
0.935 0.056 0.005 0.004
0.346 0.019 0.049 0.586
24
0.187 0.115 0.429 0.269
0.392 0.002 0.568 0.038
0.447 0.22 0.037 0.296
0.061 0.085 0.202 0.652
0.038 0.874 0.01 0.078
0.053 0.631 0.176 0.14
24
0.019 0.644 0.244 0.093
0.416 0.204 0.03 0.35
0.001 0.754 0.245 0.0
0.294 0.128 0.066 0.512
0.286 0.171 0.42 0.123
0.031 0.931 0.032 0.006
24
0.092 0.641 0.018 0.249
0.026 0.03 0.74 0.204
0.05 0.201 0.74 0.009
0.051 0.325 0.479 0.145
0.094 0.143 0.075 0.688
0.347 0.224 0.12 0.309
24
0.679 0.094 0.032 0.195
0.328 0.299 0.039 0.334
0.0 0.004 0.995 0.001
0.237 0.637 0.059 0.067
0.154 0.217 0.208 0.421
0.592 0.004 0.02 0.384
24
0.005 0.061 0.141 0.793
0.16 0.493 0.018 0.329
0.758 0.061 0.001 0.18
0.681 0.011 0.307 0.001
0.285 0.026 0.22 0.469
0.019 0.572 0.008 0.401
24
0.049 0.091 0.015 0.845
0.334 0.013 0.612 0.041
0.735 0.015 0.217 0.033
0.033 0.543 0.386 0.038
0.11 0.292 0.555 0.043
0.29 0.194 0.064 0.452

4
0.349 0.651
0.463 0.537
4
0.141 0.859
0.707 0.293
4
0.476 0.524
0.139 0.861
4
0.878 0.122
0.636 0.364
4
0.708 0.292
0.39 0.61
4
0.518 0.482
0.671 0.329

24
0.066 0.017 0.091 0.826
0.154 0.394 0.395 0.057
0.281 0.139 0.022 0.558
0.713 0.007 0.245 0.035
0.06 0.014 0.882 0.044
0.391 0.368 0.048 0.193
24
0.009 0.059 0.236 0.696
0.156 0.023 0.5 0.321
0.804 0.137 0.051 0.008
0.024 0.048 0.062 0.866
0.108 0.473 0.026 0.393
0.719 0.049 0.067 0.165
24
0.038 0.216 0.02 0.726
0.587 0.025 0.38 0.008
0.577 0.254 0.167 0.002
0.106 0.197 0.395 0.302
0.15 0.432 0.11 0.308
0.375 0.181 0.142 0.302
24
0.144 0.082 0.419 0.355
0.052 0.001 0.148 0.799
0.197 0.591 0.069 0.143
0.079 0.127 0.179 0.615
0.079 0.016 0.892 0.013
0.219 0.409 0.227 0.145
