V-CREDAL
8
4 3 2 4 3 2 3 3
8
1 0
2 0 1
2 1 2
2 2 3
2 3 4
2 4 5
2 5 6
2 6 7

16
0.023 0.952 0.003 0.022
0.005 0.492 0.039 0.464
0.069 0.49 0.389 0.052
0.036 0.16 0.669 0.135

12
0.017 0.489 0.494
0.211 0.266 0.523
0.156 0.057 0.787
0.018 0.27 0.712
12
0.005 0.94 0.055
0.598 0.04 0.362
0.523 0.448 0.029
0.007 0.008 0.985
12
0.468 0.381 0.151
0.401 0.055 0.544
0.184 0.716 0.1
0.031 0.104 0.865
12
0.333 0.221 0.446
0.489 0.269 0.242
0.633 0.065 0.302
0.671 0.261 0.068

4
0.894 0.106
0.852 0.148
4
0.989 0.011
0.148 0.852
4
0.26 0.74
0.573 0.427

16
0.183 0.004 0.029 0.784
0.111 0.046 0.758 0.085
0.008 0.041 0.247 0.704
0.291 0.108 0.579 0.022
16
0.034 0.04 0.713 0.213
0.605 0.143 0.174 0.078
0.163 0.014 0.532 0.291
0.606 0.002 0.008 0.384

12
0.615 0.319 0.066
0.046 0.094 0.86
0.58 0.356 0.064
0.105 0.282 0.613
12
0.058 0.875 0.067
0.066 0.473 0.461
0.387 0.18 0.433
0.155 0.304 0.541
12
0.204 0.394 0.402
0.365 0.395 0.24
0.26 0.047 0.693
0.372 0.526 0.102
12
0.722 0.212 0.066
0.263 0.26 0.477
0.367 0.467 0.166
0.621 0.057 0.322

4
0.534 0.466
0.293 0.707
4
0.362 0.638
0.431 0.569
4
0.07 0.93
0.191 0.809

12
0.091 0.062 0.847
0.585 0.34 0.075
0.257 0.731 0.012
0.484 0.283 0.233
12
0.152 0.499 0.349
0.219 0.671 0.11
0.332 0.089 0.579
0.963 0.019 0.018

12
0.083 0.851 0.066
0.795 0.041 0.164
0.72 0.227 0.053
0.396 0.385 0.219
12
0.874 0.053 0.073
0.023 0.045 0.932
0.105 0.226 0.669
0.282 0.524 0.194
12
0.569 0.211 0.22
0.004 0.984 0.012
0.426 0.063 0.511
0.116 0.081 0.803
