V-CREDAL 
10 
3 3 2 2 2 3 3 3 3 2 
10 
1 0 
1 1 
2 5 2 
2 6 3 
3 3 9 4 
2 0 5 
3 1 2 6 
2 1 7 
2 6 8 
1 9 

12 
0.27581 0.38235 0.34184 
0.5591 0.39481 0.04609 
0.13883 0.76862 0.09255 
0.09487 0.39639 0.50874 

12 
0.0614 0.61075 0.32785 
0.22776 0.42866 0.34358 
0.79645 0.17842 0.02513 
0.77371 0.04992 0.17637 

4 
0.49254 0.50746 
0.59129 0.40871 
4 
0.22637 0.77363 
0.58464 0.41536 
4 
0.5121 0.4879 
0.58829 0.41171 

4 
0.17738 0.82262 
0.80346 0.19654 
4 
0.48016 0.51984 
0.99083 0.00917 
4 
0.2449 0.7551 
0.62084 0.37916 

4 
0.4826 0.5174 
0.05515 0.94485 
4 
0.78861 0.21139 
0.96272 0.03728 
4 
0.12652 0.87348 
0.78957 0.21043 
4 
0.04608 0.95392 
0.59795 0.40205 

12 
0.45367 0.04655 0.49978 
0.36128 0.10461 0.53411 
0.07207 0.21793 0.71 
0.38335 0.06716 0.54949 
12 
0.0509 0.948 0.0011 
0.89747 0.05923 0.0433 
0.16765 0.20078 0.63157 
0.87364 0.1185 0.00786 
12 
0.71735 0.20428 0.07837 
0.03422 0.32035 0.64543 
0.82175 0.0674 0.11085 
0.22958 0.47056 0.29986 

12 
0.02853 0.78897 0.1825 
0.90179 9.6E-4 0.09725 
0.00274 0.75265 0.24461 
0.18682 0.2851 0.52808 
12 
0.24466 0.1343 0.62104 
0.73629 0.18715 0.07656 
0.67449 0.07683 0.24868 
0.04552 0.33033 0.62415 
12 
0.83722 0.15608 0.0067 
0.15992 0.22551 0.61457 
0.19871 0.06715 0.73414 
0.59144 0.21756 0.191 
12 
0.38768 0.07984 0.53248 
0.54813 0.31648 0.13539 
0.16834 0.78883 0.04283 
0.06659 0.63825 0.29516 
12 
0.00109 0.98181 0.0171 
0.28537 0.70609 0.00854 
0.6681 0.04833 0.28357 
0.05648 0.05494 0.88858 
12 
0.78251 0.15735 0.06014 
0.09722 0.14858 0.7542 
0.0243 0.88548 0.09022 
0.59838 0.37197 0.02965 

12 
0.02526 0.04916 0.92558 
0.08279 0.91164 0.00557 
0.05288 0.30782 0.6393 
0.00244 0.14657 0.85099 
12 
0.05659 0.02665 0.91676 
0.14051 0.47016 0.38933 
0.21231 0.17114 0.61655 
0.17657 0.46577 0.35766 
12 
0.11435 0.03539 0.85026 
0.07639 0.18445 0.73916 
0.69677 0.23299 0.07024 
0.63683 0.07436 0.28881 

12 
0.17818 0.65748 0.16434 
0.56299 0.22572 0.21129 
0.87228 0.00814 0.11958 
0.50302 0.38345 0.11353 
12 
0.93605 0.02995 0.034 
0.57043 0.15407 0.2755 
0.29987 0.51309 0.18704 
0.31379 0.56034 0.12587 
12 
0.06088 0.64009 0.29903 
0.02458 0.7235 0.25192 
0.65074 0.13381 0.21545 
0.353 0.46238 0.18462 

4 
0.15241 0.84759 
0.92817 0.07183 
