V-CREDAL
4
3 3 2 4
4
1 0
3 0 2 1
2 3 2
1 3

18
0.246 0.711 0.043
0.052 0.522 0.426
0.928 0.051 0.021
0.167 0.119 0.714
0.407 0.59 0.003
0.248 0.021 0.731

18
0.451 0.528 0.021
0.003 0.898 0.099
0.033 0.947 0.02
0.74 0.111 0.149
0.017 0.241 0.742
0.428 0.006 0.566
18
0.225 0.099 0.676
0.302 0.632 0.066
0.949 0.011 0.04
0.043 0.751 0.206
0.018 0.414 0.568
0.009 0.598 0.393
18
0.1 0.673 0.227
0.059 0.625 0.316
0.855 0.037 0.108
0.966 0.004 0.03
0.212 0.363 0.425
0.611 0.114 0.275
18
0.011 0.981 0.008
0.979 0.019 0.002
0.073 0.925 0.002
0.009 0.948 0.043
0.348 0.305 0.347
0.666 0.067 0.267
18
0.132 0.361 0.507
0.407 0.012 0.581
0.944 0.002 0.054
0.051 0.906 0.043
0.825 0.165 0.01
0.054 0.554 0.392
18
0.093 0.099 0.808
0.751 0.043 0.206
0.768 0.176 0.056
0.102 0.888 0.01
0.333 0.004 0.663
0.076 0.459 0.465

4
0.807 0.193
0.404 0.596
4
0.97 0.03
0.414 0.586
4
0.278 0.722
0.614 0.386
4
0.332 0.668
0.884 0.116

24
0.679 0.2 0.057 0.064
0.968 0.014 0.018 0.0
0.184 0.229 0.295 0.292
0.194 0.017 0.549 0.24
0.043 0.026 0.593 0.338
0.03 0.737 0.143 0.09
