V-CREDAL 
8 
2 2 2 3 2 3 3 2 
8 
2 6 0 
2 3 1 
3 3 4 2 
1 3 
2 0 4 
2 4 5 
1 6 
2 3 7 

4 
0.52525 0.47475 
0.34195 0.65805 
4 
0.31998 0.68002 
0.39052 0.60948 
4 
0.62787 0.37213 
0.4591 0.5409 

4 
0.89065 0.10935 
0.46526 0.53474 
4 
0.3677 0.6323 
0.27656 0.72344 
4 
0.56694 0.43306 
0.8634 0.1366 

4 
0.44245 0.55755 
0.11682 0.88318 
4 
0.86854 0.13146 
0.4698 0.5302 
4 
0.92545 0.07455 
0.9104 0.0896 
4 
0.18867 0.81133 
0.03571 0.96429 
4 
0.10797 0.89203 
0.72205 0.27795 
4 
0.60116 0.39884 
0.52871 0.47129 

12 
0.62073 0.17874 0.20053 
0.07837 0.07688 0.84475 
0.0276 0.5648 0.4076 
0.23292 0.7636 0.00348 

4 
0.61102 0.38898 
0.46582 0.53418 
4 
0.73303 0.26697 
0.54337 0.45663 

12 
0.38723 0.06726 0.54551 
0.17281 0.73078 0.09641 
0.97304 0.02328 0.00368 
0.55057 0.40004 0.04939 
12 
0.00212 4.2E-4 0.99746 
0.9932 0.00425 0.00255 
0.10502 0.6026 0.29238 
0.19846 0.54211 0.25943 

12 
0.22329 0.20102 0.57569 
0.9137 0.06812 0.01818 
0.01656 0.37619 0.60725 
0.75555 0.13384 0.11061 

4 
0.22499 0.77501 
0.46284 0.53716 
4 
0.49548 0.50452 
0.43868 0.56132 
4 
0.53824 0.46176 
0.96287 0.03713 
