V-CREDAL
10
3 2 4 4 3 4 2 3 4 3
10
2 5 0
2 2 1
1 2
2 9 3
2 5 4
2 7 5
2 1 6
3 1 8 7
1 8
2 8 9

12
0.271 0.712 0.017
0.042 0.05 0.908
0.152 0.081 0.767
0.44 0.487 0.073
12
0.046 0.447 0.507
0.025 0.138 0.837
0.455 0.135 0.41
0.638 0.333 0.029
12
0.873 0.045 0.082
0.114 0.145 0.741
0.075 0.921 0.004
0.864 0.042 0.094
12
0.206 0.559 0.235
0.225 0.468 0.307
0.11 0.295 0.595
0.192 0.103 0.705

4
0.804 0.196
0.381 0.619
4
0.212 0.788
0.487 0.513
4
0.198 0.802
0.961 0.039
4
0.156 0.844
0.158 0.842

16
0.01 0.056 0.9 0.034
0.031 0.353 0.098 0.518
0.137 0.241 0.055 0.567
0.386 0.097 0.305 0.212

16
0.023 0.861 0.026 0.09
0.407 0.258 0.173 0.162
0.116 0.01 0.064 0.81
0.27 0.192 0.252 0.286
16
0.028 0.034 0.124 0.814
0.583 0.024 0.236 0.157
0.082 0.069 0.737 0.112
0.157 0.182 0.579 0.082
16
0.862 0.034 0.051 0.053
0.101 0.822 0.064 0.013
0.002 0.153 0.169 0.676
0.304 0.481 0.163 0.052

12
0.008 0.413 0.579
0.126 0.683 0.191
0.069 0.359 0.572
0.384 0.373 0.243
12
0.863 0.135 0.002
0.028 0.13 0.842
0.147 0.836 0.017
0.098 0.879 0.023
12
0.772 0.003 0.225
0.026 0.969 0.005
0.077 0.017 0.906
0.059 0.035 0.906
12
0.076 0.005 0.919
0.858 0.084 0.058
0.131 0.465 0.404
0.526 0.307 0.167

16
0.364 0.365 0.061 0.21
0.198 0.181 0.18 0.441
0.098 0.006 0.029 0.867
0.109 0.871 0.016 0.004
16
0.222 0.361 0.355 0.062
0.025 0.03 0.422 0.523
0.346 0.012 0.629 0.013
0.502 0.343 0.053 0.102
16
0.069 0.128 0.465 0.338
0.001 0.059 0.866 0.074
0.131 0.231 0.615 0.023
0.407 0.004 0.399 0.19

4
0.331 0.669
0.499 0.501
4
0.134 0.866
0.938 0.062

12
0.309 0.681 0.01
0.971 0.008 0.021
0.044 0.387 0.569
0.126 0.208 0.666
12
0.376 0.28 0.344
0.933 0.042 0.025
0.143 0.611 0.246
0.034 0.946 0.02
12
0.01 0.979 0.011
0.545 0.202 0.253
0.032 0.106 0.862
0.003 0.176 0.821
12
0.252 0.02 0.728
0.301 0.08 0.619
0.472 0.143 0.385
0.741 0.129 0.13
12
0.154 0.814 0.032
0.093 0.184 0.723
0.286 0.582 0.132
0.268 0.368 0.364
12
0.046 0.412 0.542
0.971 0.016 0.013
0.058 0.01 0.932
0.418 0.005 0.577
12
0.084 0.07 0.846
0.014 0.37 0.616
0.325 0.23 0.445
0.079 0.853 0.068
12
0.148 0.481 0.371
0.041 0.067 0.892
0.038 0.041 0.921
0.656 0.191 0.153

16
0.079 0.028 0.876 0.017
0.559 0.166 0.21 0.065
0.042 0.374 0.353 0.231
0.142 0.137 0.165 0.556

12
0.931 0.024 0.045
0.028 0.329 0.643
0.285 0.053 0.662
0.27 0.562 0.168
12
0.118 0.509 0.373
0.115 0.675 0.21
0.536 0.174 0.29
0.263 0.214 0.523
12
0.482 0.41 0.108
0.907 0.02 0.073
0.173 0.569 0.258
0.025 0.007 0.968
12
0.514 0.461 0.025
0.039 0.058 0.903
0.1 0.178 0.722
0.39 0.409 0.201
