V-CREDAL
8
4 4 2 3 2 2 3 4
8
3 1 5 0
2 3 1
2 7 2
2 7 3
2 0 4
2 6 5
1 6
1 7

16
0.706 0.176 0.109 0.009
0.399 0.034 0.019 0.548
0.069 0.008 0.015 0.908
0.169 0.414 0.162 0.255
16
0.026 0.708 0.171 0.095
0.139 0.55 0.278 0.033
0.149 0.091 0.393 0.367
0.008 0.416 0.39 0.186
16
0.292 0.279 0.253 0.176
0.746 0.029 0.202 0.023
0.011 0.749 0.012 0.228
0.315 0.152 0.128 0.405
16
0.564 0.333 0.009 0.094
0.27 0.053 0.049 0.628
0.226 0.229 0.105 0.44
0.053 0.045 0.77 0.132
16
0.688 0.098 0.183 0.031
0.01 0.704 0.027 0.259
0.047 0.749 0.009 0.195
0.571 0.303 0.018 0.108
16
0.286 0.103 0.132 0.479
0.277 0.349 0.116 0.258
0.214 0.587 0.119 0.08
0.081 0.187 0.246 0.486
16
0.037 0.513 0.439 0.011
0.064 0.002 0.019 0.915
0.743 0.009 0.246 0.002
0.689 0.043 0.226 0.042
16
0.313 0.532 0.113 0.042
0.034 0.181 0.14 0.645
0.101 0.389 0.288 0.222
0.15 0.008 0.005 0.837

16
0.276 0.35 0.27 0.104
0.568 0.015 0.398 0.019
0.04 0.011 0.736 0.213
0.338 0.331 0.216 0.115
16
0.569 0.15 0.123 0.158
0.247 0.124 0.159 0.47
0.221 0.11 0.635 0.034
0.037 0.154 0.295 0.514
16
0.013 0.946 0.035 0.006
0.482 0.007 0.508 0.003
0.609 0.387 0.004 0.0
0.171 0.293 0.339 0.197

4
0.129 0.871
0.146 0.854
4
0.018 0.982
0.408 0.592
4
0.55 0.45
0.962 0.038
4
0.391 0.609
0.855 0.145

12
0.038 0.107 0.855
0.004 0.995 0.001
0.13 0.089 0.781
0.67 0.026 0.304
12
0.24 0.312 0.448
0.228 0.634 0.138
0.016 0.957 0.027
0.615 0.029 0.356
12
0.033 0.766 0.201
0.334 0.14 0.526
0.009 0.052 0.939
0.517 0.295 0.188
12
0.169 0.59 0.241
0.342 0.315 0.343
0.071 0.267 0.662
0.322 0.363 0.315

4
0.22 0.78
0.412 0.588
4
0.325 0.675
0.943 0.057
4
0.095 0.905
0.37 0.63
4
0.215 0.785
0.982 0.018

4
0.516 0.484
0.468 0.532
4
0.174 0.826
0.058 0.942
4
0.437 0.563
0.212 0.788

12
0.036 0.446 0.518
0.001 0.993 0.006
0.345 0.505 0.15
0.215 0.108 0.677

16
0.242 0.243 0.058 0.457
0.0 0.107 0.853 0.04
0.006 0.023 0.702 0.269
0.643 0.074 0.17 0.113
