V-CREDAL 
10 
3 2 3 3 2 3 2 3 3 2 
10 
1 0 
2 0 1 
2 1 2 
2 2 3 
2 3 4 
2 4 5 
2 5 6 
2 6 7 
2 7 8 
2 8 9 

18 
0.11605 0.06931 0.81464 
0.42906 0.53959 0.03135 
0.82225 0.12644 0.05131 
0.81947 0.16259 0.01794 
0.13348 0.03916 0.82736 
0.10769 0.03677 0.85554 

4 
0.0552 0.9448 
0.53455 0.46545 
4 
0.1938 0.8062 
0.01697 0.98303 
4 
0.34599 0.65401 
0.26726 0.73274 

18 
0.04588 0.0749 0.87922 
0.77546 0.22019 0.00435 
0.06308 0.84301 0.09391 
0.02507 0.35548 0.61945 
0.23661 0.74991 0.01348 
0.90655 0.04476 0.04869 
18 
0.19348 0.22713 0.57939 
0.70104 0.10849 0.19047 
0.64364 0.06056 0.2958 
0.16533 0.03768 0.79699 
0.35885 0.03103 0.61012 
0.25537 0.2917 0.45293 

18 
0.89051 0.01051 0.09898 
0.51154 0.48749 9.7E-4 
0.13751 0.10655 0.75594 
0.16599 0.02339 0.81062 
0.00136 0.96062 0.03802 
0.71749 0.2731 0.00941 
18 
0.4726 0.04139 0.48601 
0.1246 0.56869 0.30671 
0.05158 0.20517 0.74325 
0.09068 0.05092 0.8584 
0.72032 0.08694 0.19274 
0.65676 0.25422 0.08902 
18 
0.87402 0.05936 0.06662 
0.91524 0.06661 0.01815 
0.35159 0.58431 0.0641 
0.01848 0.02801 0.95351 
0.00488 0.8082 0.18692 
0.48076 0.00293 0.51631 

4 
0.02029 0.97971 
0.64456 0.35544 
4 
0.75413 0.24587 
0.92244 0.07756 
4 
0.73159 0.26841 
0.65749 0.34251 

18 
0.16717 0.17971 0.65312 
0.99356 0.00371 0.00273 
0.21199 0.7464 0.04161 
0.28337 0.68029 0.03634 
0.03607 0.33991 0.62402 
0.12483 0.79539 0.07978 
18 
0.17075 0.07299 0.75626 
0.00374 0.62187 0.37439 
0.10244 0.14309 0.75447 
0.37827 0.56319 0.05854 
0.28873 0.00253 0.70874 
0.53652 0.25304 0.21044 

4 
0.95385 0.04615 
0.93867 0.06133 
4 
0.71614 0.28386 
0.37997 0.62003 
4 
0.61292 0.38708 
0.91007 0.08993 

18 
0.04112 0.83505 0.12383 
0.56664 0.30975 0.12361 
0.22664 0.03104 0.74232 
0.28391 0.69607 0.02002 
0.60317 0.13168 0.26515 
0.32293 0.00397 0.6731 
18 
0.00619 0.23131 0.7625 
0.14853 0.76153 0.08994 
0.76705 0.04768 0.18527 
0.09923 0.03502 0.86575 
0.52881 0.43808 0.03311 
0.10628 0.71838 0.17534 

18 
0.82075 0.01082 0.16843 
0.07032 0.06118 0.8685 
0.01967 0.1418 0.83853 
0.14778 0.77867 0.07355 
0.25329 0.74045 0.00626 
0.56808 0.39112 0.0408 
18 
0.01714 0.975 0.00786 
0.895 0.02708 0.07792 
0.02124 0.03796 0.9408 
8.0E-5 0.05068 0.94924 
0.92078 0.05638 0.02284 
0.74515 0.24968 0.00517 
18 
0.18668 0.09965 0.71367 
0.06278 0.36036 0.57686 
0.00169 0.99676 0.00155 
0.89542 0.0107 0.09388 
0.92858 0.05834 0.01308 
0.31151 0.01353 0.67496 

4 
0.57254 0.42746 
0.50645 0.49355 
4 
0.65563 0.34437 
0.86192 0.13808 
4 
0.50632 0.49368 
0.10645 0.89355 
