V-CREDAL
7
4 4 4 3 2 4 4
7
2 5 0
1 1
2 1 2
3 2 5 3
2 1 4
1 5
2 3 6

24
0.102 0.649 0.004 0.245
0.213 0.241 0.141 0.405
0.048 0.023 0.011 0.918
0.156 0.127 0.587 0.13
0.132 0.566 0.209 0.093
0.07 0.072 0.167 0.691
24
0.009 0.62 0.297 0.074
0.012 0.901 0.046 0.041
0.645 0.049 0.148 0.158
0.751 0.237 0.002 0.01
0.163 0.128 0.301 0.408
0.004 0.771 0.01 0.215
24
0.497 0.275 0.001 0.227
0.956 0.016 0.028 0.0
0.3 0.017 0.448 0.235
0.092 0.534 0.242 0.132
0.061 0.173 0.578 0.188
0.166 0.171 0.531 0.132
24
0.041 0.176 0.583 0.2
0.343 0.082 0.264 0.311
0.262 0.068 0.598 0.072
0.108 0.044 0.036 0.812
0.172 0.488 0.302 0.038
0.333 0.1 0.41 0.157

24
0.059 0.107 0.066 0.768
0.076 0.734 0.018 0.172
0.428 0.459 0.009 0.104
0.189 0.137 0.192 0.482
0.093 0.352 0.478 0.077
0.002 0.015 0.982 0.001

24
0.625 0.028 0.19 0.157
0.003 0.004 0.006 0.987
0.023 0.109 0.567 0.301
0.691 0.255 0.042 0.012
0.169 0.169 0.404 0.258
0.039 0.111 0.037 0.813
24
0.653 0.108 0.183 0.056
0.92 0.025 0.015 0.04
0.083 0.013 0.14 0.764
0.009 0.886 0.006 0.099
0.302 0.246 0.383 0.069
0.385 0.084 0.399 0.132
24
0.359 0.191 0.406 0.044
0.007 0.037 0.025 0.931
0.018 0.189 0.033 0.76
0.125 0.107 0.623 0.145
0.017 0.133 0.611 0.239
0.08 0.096 0.029 0.795
24
0.266 0.001 0.73 0.003
0.993 0.006 0.0 0.001
0.643 0.212 0.087 0.058
0.224 0.28 0.377 0.119
0.399 0.31 0.291 0.0
0.577 0.227 0.098 0.098

18
0.468 0.024 0.508
0.005 0.065 0.93
0.866 0.111 0.023
0.081 0.508 0.411
0.006 0.041 0.953
0.875 0.012 0.113
18
0.022 0.956 0.022
0.03 0.245 0.725
0.985 0.008 0.007
0.129 0.12 0.751
0.456 0.041 0.503
0.814 0.017 0.169
18
0.166 0.698 0.136
0.38 0.135 0.485
0.011 0.291 0.698
0.294 0.641 0.065
0.107 0.63 0.263
0.116 0.221 0.663
18
0.93 0.037 0.033
0.0 0.585 0.415
0.915 0.008 0.077
0.111 0.152 0.737
0.073 0.85 0.077
0.163 0.022 0.815
18
0.973 0.01 0.017
0.007 0.989 0.004
0.863 0.123 0.014
0.001 0.915 0.084
0.002 0.008 0.99
0.254 0.001 0.745
18
0.036 0.702 0.262
0.347 0.029 0.624
0.005 0.682 0.313
0.264 0.734 0.002
0.125 0.741 0.134
0.769 0.053 0.178
18
0.076 0.82 0.104
0.009 0.729 0.262
0.059 0.16 0.781
0.686 0.229 0.085
0.354 0.063 0.583
0.141 0.776 0.083
18
0.047 0.864 0.089
0.966 0.013 0.021
0.12 0.822 0.058
0.001 0.001 0.998
0.462 0.001 0.537
0.968 0.004 0.028
18
0.688 0.252 0.06
0.021 0.965 0.014
0.111 0.199 0.69
0.193 0.088 0.719
0.519 0.469 0.012
0.563 0.078 0.359
18
0.394 0.529 0.077
0.004 0.171 0.825
0.077 0.679 0.244
0.726 0.006 0.268
0.01 0.469 0.521
0.349 0.014 0.637
18
0.009 0.331 0.66
0.81 0.018 0.172
0.314 0.539 0.147
0.465 0.46 0.075
0.358 0.088 0.554
0.912 0.005 0.083
18
0.349 0.329 0.322
0.868 0.026 0.106
0.483 0.504 0.013
0.577 0.407 0.016
0.133 0.757 0.11
0.438 0.159 0.403
18
0.767 0.165 0.068
0.28 0.707 0.013
0.007 0.008 0.985
0.02 0.979 0.001
0.583 0.37 0.047
0.01 0.287 0.703
18
0.136 0.357 0.507
0.539 0.389 0.072
0.034 0.243 0.723
0.396 0.382 0.222
0.01 0.06 0.93
0.134 0.11 0.756
18
0.703 0.257 0.04
0.034 0.917 0.049
0.182 0.106 0.712
0.058 0.64 0.302
0.743 0.088 0.169
0.852 0.104 0.044
18
0.032 0.517 0.451
0.049 0.838 0.113
0.053 0.842 0.105
0.75 0.234 0.016
0.277 0.193 0.53
0.903 0.091 0.006

4
0.032 0.968
0.636 0.364
4
0.671 0.329
0.93 0.07
4
0.049 0.951
0.269 0.731
4
0.067 0.933
0.698 0.302

24
0.748 0.034 0.053 0.165
0.088 0.155 0.305 0.452
0.267 0.297 0.069 0.367
0.288 0.645 0.03 0.037
0.01 0.705 0.284 0.001
0.022 0.438 0.128 0.412

24
0.015 0.911 0.042 0.032
0.083 0.775 0.062 0.08
0.189 0.086 0.007 0.718
0.044 0.255 0.015 0.686
0.178 0.191 0.115 0.516
0.033 0.054 0.912 0.001
24
0.013 0.745 0.17 0.072
0.07 0.082 0.096 0.752
0.0 0.778 0.211 0.011
0.476 0.135 0.071 0.318
0.007 0.004 0.425 0.564
0.751 0.178 0.053 0.018
24
0.342 0.244 0.044 0.37
0.327 0.058 0.293 0.322
0.044 0.141 0.781 0.034
0.001 0.027 0.793 0.179
0.638 0.044 0.287 0.031
0.044 0.248 0.194 0.514
