V-CREDAL
5
4 3 2 2 4
5
1 0
2 0 1
2 1 2
2 2 3
2 3 4

24
0.03 0.143 0.257 0.57
0.38 0.172 0.099 0.349
0.024 0.035 0.386 0.555
0.044 0.93 0.02 0.006
0.767 0.012 0.17 0.051
0.546 0.172 0.057 0.225

18
0.754 0.058 0.188
0.083 0.888 0.029
0.135 0.034 0.831
0.068 0.172 0.76
0.201 0.781 0.018
0.883 0.075 0.042
18
0.009 0.07 0.921
0.2 0.782 0.018
0.701 0.031 0.268
0.149 0.034 0.817
0.373 0.017 0.61
0.777 0.216 0.007
18
0.538 0.011 0.451
0.009 0.337 0.654
0.197 0.571 0.232
0.627 0.362 0.011
0.69 0.007 0.303
0.794 0.118 0.088
18
0.674 0.301 0.025
0.576 0.053 0.371
0.237 0.128 0.635
0.124 0.421 0.455
0.054 0.941 0.005
0.157 0.837 0.006

4
0.106 0.894
0.302 0.698
4
0.167 0.833
0.09 0.91
4
0.819 0.181
0.884 0.116

4
0.8 0.2
0.496 0.504
4
0.191 0.809
0.627 0.373

24
0.446 0.293 0.03 0.231
0.421 0.234 0.286 0.059
0.678 0.143 0.114 0.065
0.034 0.87 0.092 0.004
0.001 0.009 0.01 0.98
0.192 0.225 0.465 0.118
24
0.605 0.148 0.057 0.19
0.501 0.479 0.014 0.006
0.986 0.007 0.001 0.006
0.008 0.956 0.013 0.023
0.07 0.066 0.54 0.324
0.884 0.001 0.115 0.0
