V-CREDAL 
4 
4 3 5 4 
4 
3 1 2 0 
1 1 
2 3 2 
1 3 

24 
9.6E-4 0.95875 0.03586 0.00443 
0.06833 0.30069 0.11925 0.51173 
0.18553 0.01595 0.02826 0.77026 
0.09989 0.01497 0.01972 0.86542 
0.21325 0.56551 0.07921 0.14203 
0.0534 0.85987 0.06375 0.02298 
24 
0.07844 0.04534 0.52922 0.347 
0.89508 0.00822 0.02477 0.07193 
0.0013 0.21644 0.14495 0.63731 
0.12742 0.40077 0.1549 0.31691 
0.34751 0.03911 0.51309 0.10029 
0.85444 0.04477 5.3E-4 0.10026 
24 
0.08657 0.24654 0.60295 0.06394 
0.88782 0.02847 0.00983 0.07388 
0.0665 0.00345 0.00611 0.92394 
0.7659 0.00168 0.22693 0.00549 
0.08314 0.30978 0.40192 0.20516 
0.27267 0.28918 0.11765 0.3205 
24 
0.01511 0.84822 0.0055 0.13117 
0.02588 0.6262 0.26739 0.08053 
0.24352 0.0729 0.66715 0.01643 
0.02085 0.17548 0.01129 0.79238 
0.00284 0.95415 0.00218 0.04083 
0.45312 0.20237 0.14232 0.20219 
24 
0.0542 0.49569 0.22365 0.22646 
0.16971 0.08574 0.74417 3.8E-4 
0.03698 0.12725 0.0032 0.83257 
0.03043 0.37062 0.08106 0.51789 
0.13616 0.06071 0.65558 0.14755 
0.06336 0.4072 0.15171 0.37773 
24 
0.54211 0.03126 0.37959 0.04704 
0.31486 0.07669 0.09133 0.51712 
0.66899 0.18576 0.0368 0.10845 
0.22456 0.42534 0.24589 0.10421 
0.0382 0.06161 0.01614 0.88405 
0.11293 0.35556 0.5044 0.02711 
24 
0.00699 0.86083 0.00171 0.13047 
0.21254 0.0247 0.04081 0.72195 
0.43609 0.55853 0.00456 8.2E-4 
0.28468 0.04333 0.56325 0.10874 
0.0111 0.029 0.0059 0.954 
0.27629 0.10283 0.0635 0.55738 
24 
0.06269 0.31941 0.12092 0.49698 
0.29157 0.09132 0.10467 0.51244 
0.46992 0.02881 0.12244 0.37883 
0.06986 0.71104 0.13986 0.07924 
0.00881 0.01468 6.0E-5 0.97645 
0.36642 0.60364 0.02558 0.00436 
24 
0.84549 0.04348 0.0186 0.09243 
0.00919 0.07691 0.79699 0.11691 
0.05 0.04837 0.89051 0.01112 
0.08748 0.85365 0.04392 0.01495 
0.93759 0.05099 0.00439 0.00703 
0.08393 0.10244 0.01935 0.79428 
24 
0.00309 0.01521 0.00674 0.97496 
0.2949 0.63733 0.04835 0.01942 
0.06884 0.1701 0.04342 0.71764 
0.0197 0.29351 0.59052 0.09627 
0.47994 0.26457 0.21082 0.04467 
0.09944 0.20166 0.64135 0.05755 
24 
0.01526 0.01753 0.89964 0.06757 
0.33528 0.11391 0.2271 0.32371 
0.29101 0.22856 0.0072 0.47323 
0.49732 0.00965 0.4247 0.06833 
0.03868 0.04608 0.89997 0.01527 
0.15791 0.50405 0.2266 0.11144 
24 
0.06181 0.00622 0.9178 0.01417 
0.00656 0.0306 0.95268 0.01016 
0.17805 0.01361 0.42016 0.38818 
0.60787 0.03194 0.32047 0.03972 
0.02221 0.08953 0.82426 0.064 
0.03682 0.00848 0.90826 0.04644 
24 
0.12966 0.24538 0.17893 0.44603 
0.03415 0.01218 0.93846 0.01521 
0.03774 0.01505 0.03148 0.91573 
0.03504 0.00397 0.24081 0.72018 
0.92874 0.05398 0.0101 0.00718 
0.89334 0.05157 0.00149 0.0536 
24 
0.4616 0.33335 0.04358 0.16147 
0.24395 0.04989 0.01312 0.69304 
0.25436 0.09868 0.01876 0.6282 
0.03472 0.19135 0.59647 0.17746 
0.1054 0.43264 0.32035 0.14161 
0.07476 0.47093 0.36596 0.08835 
24 
0.07397 0.40225 0.0048 0.51898 
0.22282 0.00869 0.37361 0.39488 
0.98996 0.00399 0.00308 0.00297 
0.68438 0.06033 0.01861 0.23668 
0.27591 0.19157 0.02813 0.50439 
0.80606 0.01811 0.08321 0.09262 

18 
0.05688 0.44067 0.50245 
0.01178 4.9E-4 0.98773 
0.1761 0.73743 0.08647 
0.68735 0.02276 0.28989 
0.10828 0.00198 0.88974 
0.81579 0.08322 0.10099 

30 
0.00298 0.39656 0.32124 0.17217 0.10705 
0.93759 0.01107 0.04232 0.00336 0.00566 
0.00249 0.01131 0.29652 0.68945 2.3E-4 
0.45378 0.08386 0.40022 0.01408 0.04806 
0.17477 0.16574 0.01405 0.02429 0.62115 
0.18845 0.01281 0.69976 0.07146 0.02752 
30 
0.91405 0.0477 7.7E-4 0.03693 5.5E-4 
0.13805 0.12895 0.15555 0.18228 0.39517 
0.01154 0.67221 0.31129 0.00107 0.00389 
0.39654 0.182 0.26145 0.0221 0.13791 
0.12032 0.02759 2.4E-4 0.20437 0.64748 
0.06937 0.40969 0.15086 0.1968 0.17328 
30 
0.55856 0.07152 0.01033 0.34842 0.01117 
0.44917 0.40399 0.03195 0.10673 0.00816 
0.07865 0.33824 0.18876 0.16081 0.23354 
0.21212 0.00996 0.00131 8.6E-4 0.77575 
0.09706 0.00314 0.36303 0.4839 0.05287 
4.9E-4 0.00897 0.97731 0.009 0.00423 
30 
0.05493 0.06023 0.09848 0.7035 0.08286 
0.01422 0.15091 0.09294 0.00961 0.73232 
0.05148 0.01082 0.10584 0.83111 7.5E-4 
0.0029 0.7712 0.02067 0.19789 0.00734 
0.10056 0.00926 0.18142 0.47734 0.23142 
0.05473 0.27106 0.11475 0.44074 0.11872 

24 
0.23629 0.19958 0.56048 0.00365 
0.12776 0.74346 0.07032 0.05846 
0.04749 0.00953 0.92597 0.01701 
0.47649 0.09963 0.41287 0.01101 
0.14139 0.04606 0.03853 0.77402 
0.4293 0.04194 0.15663 0.37213 
