V-CREDAL 
10 
2 4 4 2 2 2 2 3 3 2 
10 
1 0 
1 1 
1 2 
1 3 
3 6 7 4 
2 7 5 
1 6 
3 0 1 7 
2 3 8 
4 1 2 8 9 

4 
0.74801 0.25199 
0.36395 0.63605 

16 
0.0154 0.12411 0.41161 0.44888 
0.00716 0.2483 0.74377 7.7E-4 
0.37969 0.11819 0.44451 0.05761 
0.10844 0.00461 0.51639 0.37056 

16 
0.75627 0.08662 0.13801 0.0191 
0.02791 0.46351 0.13692 0.37166 
0.04447 0.38871 0.34671 0.22011 
0.0524 0.01916 0.00828 0.92016 

4 
0.92759 0.07241 
0.23544 0.76456 

4 
0.91273 0.08727 
0.09568 0.90432 
4 
0.11836 0.88164 
0.07411 0.92589 
4 
0.04214 0.95786 
0.05125 0.94875 
4 
0.13749 0.86251 
0.00902 0.99098 
4 
0.27115 0.72885 
0.76686 0.23314 
4 
0.28932 0.71068 
0.90639 0.09361 

4 
0.70445 0.29555 
0.06312 0.93688 
4 
0.36032 0.63968 
0.83166 0.16834 
4 
0.28791 0.71209 
0.81447 0.18553 

4 
0.66726 0.33274 
0.49048 0.50952 

12 
0.53409 0.33747 0.12844 
0.03465 0.90341 0.06194 
0.57271 0.16433 0.26296 
0.32155 0.01761 0.66084 
12 
0.9484 0.00795 0.04365 
0.02575 0.11474 0.85951 
0.97809 0.00769 0.01422 
0.01971 0.25511 0.72518 
12 
0.08428 0.85425 0.06147 
0.24627 0.082 0.67173 
0.75314 0.12749 0.11937 
0.12366 0.3816 0.49474 
12 
0.98297 0.01688 1.5E-4 
0.05754 0.92361 0.01885 
0.164 0.50717 0.32883 
0.53831 0.08093 0.38076 
12 
0.98149 0.01645 0.00206 
0.00112 5.6E-4 0.99832 
0.23728 0.74286 0.01986 
0.00745 0.04015 0.9524 
12 
0.2672 0.47625 0.25655 
0.011 0.01801 0.97099 
0.55387 0.2711 0.17503 
0.54305 0.43991 0.01704 
12 
0.723 0.2595 0.0175 
0.24986 0.6293 0.12084 
0.82861 0.01951 0.15188 
0.00713 0.7013 0.29157 
12 
0.04344 0.18841 0.76815 
0.69563 0.07217 0.2322 
0.23492 0.66168 0.1034 
0.20407 0.65823 0.1377 

12 
0.55078 0.15287 0.29635 
0.46418 0.47986 0.05596 
0.06313 0.2946 0.64227 
0.49082 0.44312 0.06606 
12 
0.02567 0.47176 0.50257 
0.46334 0.41474 0.12192 
0.43269 0.29871 0.2686 
0.25299 0.55268 0.19433 

4 
0.73646 0.26354 
0.76931 0.23069 
4 
0.14472 0.85528 
0.28232 0.71768 
4 
0.56343 0.43657 
0.64989 0.35011 
4 
0.01449 0.98551 
0.73343 0.26657 
4 
0.7921 0.2079 
0.73903 0.26097 
4 
0.14766 0.85234 
0.92153 0.07847 
4 
0.20125 0.79875 
0.29323 0.70677 
4 
0.15099 0.84901 
0.17869 0.82131 
4 
0.68125 0.31875 
0.19458 0.80542 
4 
0.61783 0.38217 
0.95175 0.04825 
4 
0.5215 0.4785 
0.97783 0.02217 
4 
0.34228 0.65772 
0.86073 0.13927 
4 
0.2081 0.7919 
0.91003 0.08997 
4 
0.31314 0.68686 
0.78055 0.21945 
4 
0.86619 0.13381 
0.45051 0.54949 
4 
0.41847 0.58153 
0.64164 0.35836 
4 
0.50357 0.49643 
0.99276 0.00724 
4 
0.70968 0.29032 
0.22682 0.77318 
4 
0.56979 0.43021 
0.95885 0.04115 
4 
0.05155 0.94845 
0.66913 0.33087 
4 
0.78834 0.21166 
0.41272 0.58728 
4 
0.23614 0.76386 
0.0526 0.9474 
4 
0.51218 0.48782 
0.39603 0.60397 
4 
0.25577 0.74423 
0.97266 0.02734 
4 
0.81452 0.18548 
0.23043 0.76957 
4 
0.35042 0.64958 
0.02644 0.97356 
4 
0.04585 0.95415 
0.7683 0.2317 
4 
0.69031 0.30969 
0.3255 0.6745 
4 
0.80395 0.19605 
0.0817 0.9183 
4 
0.25951 0.74049 
0.57195 0.42805 
4 
0.54939 0.45061 
0.21261 0.78739 
4 
0.25414 0.74586 
0.53521 0.46479 
4 
0.11884 0.88116 
0.28122 0.71878 
4 
0.66957 0.33043 
0.78231 0.21769 
4 
0.88058 0.11942 
0.87819 0.12181 
4 
0.68862 0.31138 
0.05865 0.94135 
4 
0.54282 0.45718 
0.68192 0.31808 
4 
0.21707 0.78293 
0.15837 0.84163 
4 
0.34294 0.65706 
0.91037 0.08963 
4 
0.18929 0.81071 
0.78719 0.21281 
4 
0.40189 0.59811 
0.86015 0.13985 
4 
0.95065 0.04935 
0.03011 0.96989 
4 
0.82044 0.17956 
0.50475 0.49525 
4 
0.53478 0.46522 
0.84113 0.15887 
4 
0.86166 0.13834 
0.38876 0.61124 
4 
0.37049 0.62951 
0.10966 0.89034 
4 
0.31722 0.68278 
0.29421 0.70579 
4 
0.99186 0.00814 
0.1758 0.8242 
