V-CREDAL
10
4 2 4 4 3 4 4 4 4 2
10
1 0
2 0 1
2 1 2
2 2 3
2 3 4
2 4 5
2 5 6
2 6 7
2 7 8
2 8 9

24
0.001 0.7 0.137 0.162
0.256 0.604 0.101 0.039
0.464 0.022 0.499 0.015
0.035 0.147 0.015 0.803
0.001 0.021 0.439 0.539
0.243 0.373 0.011 0.373

4
0.341 0.659
0.057 0.943
4
0.059 0.941
0.574 0.426
4
0.002 0.998
0.791 0.209
4
0.001 0.999
0.944 0.056

24
0.783 0.146 0.061 0.01
0.175 0.317 0.172 0.336
0.072 0.734 0.016 0.178
0.416 0.269 0.164 0.151
0.004 0.943 0.006 0.047
0.322 0.486 0.004 0.188
24
0.866 0.033 0.062 0.039
0.37 0.027 0.239 0.364
0.85 0.017 0.108 0.025
0.06 0.588 0.105 0.247
0.02 0.097 0.132 0.751
0.54 0.283 0.022 0.155

24
0.005 0.181 0.79 0.024
0.08 0.127 0.358 0.435
0.8 0.063 0.031 0.106
0.757 0.083 0.117 0.043
0.016 0.077 0.798 0.109
0.049 0.472 0.347 0.132
24
0.41 0.518 0.002 0.07
0.637 0.056 0.307 0.0
0.148 0.359 0.188 0.305
0.589 0.22 0.1 0.091
0.065 0.05 0.866 0.019
0.036 0.371 0.579 0.014
24
0.126 0.34 0.497 0.037
0.012 0.172 0.757 0.059
0.049 0.839 0.09 0.022
0.162 0.4 0.06 0.378
0.108 0.188 0.105 0.599
0.648 0.025 0.134 0.193
24
0.081 0.443 0.205 0.271
0.11 0.149 0.038 0.703
0.571 0.415 0.006 0.008
0.764 0.048 0.041 0.147
0.079 0.855 0.042 0.024
0.035 0.772 0.09 0.103

18
0.028 0.417 0.555
0.722 0.015 0.263
0.109 0.707 0.184
0.808 0.029 0.163
0.345 0.596 0.059
0.572 0.335 0.093
18
0.323 0.018 0.659
0.007 0.835 0.158
0.918 0.001 0.081
0.852 0.14 0.008
0.021 0.166 0.813
0.322 0.66 0.018
18
0.567 0.323 0.11
0.178 0.253 0.569
0.093 0.556 0.351
0.392 0.566 0.042
0.334 0.085 0.581
0.019 0.966 0.015
18
0.408 0.344 0.248
0.056 0.526 0.418
0.338 0.475 0.187
0.163 0.148 0.689
0.361 0.186 0.453
0.199 0.125 0.676

24
0.101 0.16 0.129 0.61
0.109 0.013 0.051 0.827
0.724 0.18 0.017 0.079
0.228 0.7 0.044 0.028
0.022 0.791 0.168 0.019
0.403 0.12 0.426 0.051
24
0.092 0.687 0.179 0.042
0.046 0.065 0.82 0.069
0.043 0.006 0.905 0.046
0.14 0.733 0.075 0.052
0.015 0.556 0.369 0.06
0.256 0.441 0.219 0.084
24
0.022 0.023 0.953 0.002
0.479 0.136 0.107 0.278
0.067 0.018 0.889 0.026
0.007 0.003 0.02 0.97
0.24 0.722 0.022 0.016
0.026 0.029 0.004 0.941

24
0.014 0.244 0.739 0.003
0.399 0.059 0.459 0.083
0.31 0.459 0.136 0.095
0.029 0.302 0.04 0.629
0.116 0.689 0.053 0.142
0.012 0.318 0.007 0.663
24
0.064 0.077 0.129 0.73
0.863 0.001 0.041 0.095
0.249 0.522 0.216 0.013
0.663 0.174 0.115 0.048
0.456 0.214 0.179 0.151
0.776 0.203 0.019 0.002
24
0.219 0.013 0.085 0.683
0.147 0.625 0.16 0.068
0.104 0.845 0.01 0.041
0.977 0.019 0.004 0.0
0.029 0.169 0.092 0.71
0.245 0.324 0.406 0.025
24
0.012 0.618 0.007 0.363
0.636 0.323 0.019 0.022
0.385 0.218 0.11 0.287
0.297 0.09 0.591 0.022
0.008 0.041 0.665 0.286
0.008 0.297 0.215 0.48

24
0.029 0.915 0.028 0.028
0.038 0.288 0.48 0.194
0.109 0.723 0.057 0.111
0.37 0.144 0.22 0.266
0.018 0.028 0.822 0.132
0.855 0.121 0.007 0.017
24
0.001 0.002 0.193 0.804
0.179 0.223 0.535 0.063
0.31 0.597 0.006 0.087
0.362 0.004 0.007 0.627
0.087 0.875 0.021 0.017
0.005 0.98 0.004 0.011
24
0.011 0.798 0.093 0.098
0.034 0.001 0.002 0.963
0.0 0.002 0.002 0.996
0.327 0.059 0.085 0.529
0.024 0.812 0.011 0.153
0.003 0.003 0.004 0.99
24
0.439 0.138 0.039 0.384
0.06 0.609 0.198 0.133
0.647 0.117 0.127 0.109
0.163 0.123 0.102 0.612
0.202 0.323 0.202 0.273
0.125 0.094 0.001 0.78

24
0.04 0.619 0.003 0.338
0.131 0.002 0.799 0.068
0.348 0.13 0.338 0.184
0.968 0.015 0.013 0.004
0.714 0.013 0.068 0.205
0.834 0.051 0.089 0.026
24
0.366 0.196 0.232 0.206
0.284 0.407 0.063 0.246
0.067 0.928 0.005 0.0
0.048 0.131 0.739 0.082
0.527 0.03 0.417 0.026
0.0 0.361 0.614 0.025
24
0.09 0.163 0.361 0.386
0.314 0.39 0.225 0.071
0.147 0.085 0.074 0.694
0.038 0.169 0.087 0.706
0.406 0.135 0.366 0.093
0.007 0.735 0.242 0.016
24
0.015 0.023 0.876 0.086
0.115 0.089 0.041 0.755
0.18 0.793 0.007 0.02
0.562 0.0 0.435 0.003
0.146 0.015 0.765 0.074
0.931 0.026 0.034 0.009

4
0.144 0.856
0.886 0.114
4
0.997 0.003
0.856 0.144
4
0.603 0.397
0.69 0.31
4
0.425 0.575
0.861 0.139
