V-CREDAL 
6 
2 2 3 2 2 3 
6 
2 4 0 
2 5 1 
2 0 2 
2 2 3 
1 4 
2 3 5 

4 
0.58368 0.41632 
0.12872 0.87128 
4 
0.98286 0.01714 
0.417 0.583 

4 
0.52059 0.47941 
0.91866 0.08134 
4 
0.50263 0.49737 
0.49879 0.50121 
4 
0.84013 0.15987 
0.45391 0.54609 

18 
0.03557 0.78063 0.1838 
0.054 0.82198 0.12402 
0.66836 0.18404 0.1476 
0.27855 0.69467 0.02678 
0.52935 0.17902 0.29163 
0.14885 0.23681 0.61434 
18 
0.13674 0.27571 0.58755 
0.19381 0.06554 0.74065 
0.0419 0.64602 0.31208 
0.61444 0.3193 0.06626 
0.02437 0.95205 0.02358 
0.49314 0.06847 0.43839 

4 
0.25642 0.74358 
0.59883 0.40117 
4 
0.99633 0.00367 
0.86353 0.13647 
4 
0.8405 0.1595 
0.3426 0.6574 

4 
0.46976 0.53024 
0.60931 0.39069 

18 
0.09946 0.07221 0.82833 
0.03341 0.93011 0.03648 
0.14277 0.05368 0.80355 
0.51202 0.00415 0.48383 
0.32624 0.5466 0.12716 
0.08556 0.18562 0.72882 
18 
0.09568 0.83634 0.06798 
0.20295 0.77736 0.01969 
0.2434 0.18037 0.57623 
0.02943 0.03574 0.93483 
0.07804 0.82904 0.09292 
0.02113 0.09488 0.88399 
