V-CREDAL
10
4 4 3 2 4 4 2 3 2 2
10
1 0
2 0 1
2 1 2
2 2 3
2 3 4
2 4 5
2 5 6
2 6 7
2 7 8
2 8 9

24
0.745 0.18 0.068 0.007
0.508 0.232 0.054 0.206
0.012 0.006 0.495 0.487
0.169 0.475 0.325 0.031
0.009 0.1 0.881 0.01
0.116 0.025 0.262 0.597

24
0.104 0.723 0.027 0.146
0.422 0.215 0.189 0.174
0.195 0.606 0.027 0.172
0.982 0.013 0.003 0.002
0.108 0.274 0.054 0.564
0.753 0.081 0.136 0.03
24
0.593 0.036 0.319 0.052
0.067 0.052 0.678 0.203
0.202 0.162 0.036 0.6
0.006 0.895 0.003 0.096
0.101 0.51 0.365 0.024
0.75 0.034 0.135 0.081
24
0.007 0.029 0.487 0.477
0.419 0.446 0.027 0.108
0.429 0.011 0.48 0.08
0.0 0.877 0.084 0.039
0.717 0.212 0.026 0.045
0.76 0.029 0.173 0.038
24
0.172 0.76 0.0 0.068
0.119 0.104 0.002 0.775
0.277 0.03 0.527 0.166
0.005 0.287 0.708 0.0
0.397 0.419 0.104 0.08
0.106 0.023 0.371 0.5

18
0.125 0.774 0.101
0.3 0.643 0.057
0.561 0.175 0.264
0.677 0.204 0.119
0.124 0.424 0.452
0.049 0.801 0.15
18
0.061 0.256 0.683
0.668 0.086 0.246
0.093 0.883 0.024
0.677 0.257 0.066
0.519 0.052 0.429
0.045 0.779 0.176
18
0.01 0.95 0.04
0.1 0.068 0.832
0.004 0.247 0.749
0.933 0.041 0.026
0.699 0.005 0.296
0.887 0.029 0.084
18
0.352 0.005 0.643
0.017 0.035 0.948
0.123 0.795 0.082
0.753 0.179 0.068
0.788 0.079 0.133
0.014 0.41 0.576

4
0.688 0.312
0.27 0.73
4
0.258 0.742
0.668 0.332
4
0.938 0.062
0.373 0.627

24
0.051 0.714 0.107 0.128
0.121 0.085 0.037 0.757
0.174 0.728 0.04 0.058
0.544 0.304 0.121 0.031
0.291 0.007 0.056 0.646
0.357 0.186 0.04 0.417
24
0.831 0.058 0.094 0.017
0.185 0.204 0.301 0.31
0.936 0.047 0.014 0.003
0.275 0.308 0.259 0.158
0.531 0.279 0.119 0.071
0.054 0.342 0.597 0.007

24
0.207 0.669 0.021 0.103
0.719 0.028 0.106 0.147
0.019 0.217 0.764 0.0
0.146 0.751 0.077 0.026
0.389 0.291 0.005 0.315
0.409 0.356 0.031 0.204
24
0.008 0.354 0.621 0.017
0.08 0.013 0.721 0.186
0.008 0.02 0.143 0.829
0.012 0.197 0.775 0.016
0.008 0.865 0.058 0.069
0.178 0.146 0.52 0.156
24
0.361 0.15 0.213 0.276
0.984 0.006 0.0 0.01
0.109 0.112 0.722 0.057
0.001 0.0 0.98 0.019
0.297 0.191 0.293 0.219
0.262 0.197 0.314 0.227
24
0.098 0.297 0.257 0.348
0.792 0.009 0.033 0.166
0.087 0.878 0.025 0.01
0.004 0.001 0.784 0.211
0.024 0.94 0.016 0.02
0.075 0.462 0.182 0.281

4
0.224 0.776
0.578 0.422
4
0.535 0.465
0.601 0.399
4
0.823 0.177
0.781 0.219
4
0.08 0.92
0.636 0.364

18
0.055 0.013 0.932
0.552 0.026 0.422
0.133 0.834 0.033
0.743 0.227 0.03
0.363 0.616 0.021
0.047 0.747 0.206
18
0.34 0.014 0.646
0.018 0.451 0.531
0.275 0.678 0.047
0.026 0.907 0.067
0.983 0.015 0.002
0.482 0.006 0.512

4
0.592 0.408
0.33 0.67
4
0.028 0.972
0.705 0.295
4
0.323 0.677
0.931 0.069

4
0.592 0.408
0.605 0.395
4
0.395 0.605
0.617 0.383
