V-CREDAL 
8 
3 3 3 4 3 3 3 2 
8 
2 7 0 
2 4 1 
1 2 
3 0 2 3 
3 3 5 4 
2 6 5 
1 6 
1 7 

12 
0.12519 0.52167 0.35314 
0.29193 0.05248 0.65559 
0.63818 0.03367 0.32815 
0.85116 0.05448 0.09436 
12 
0.14762 0.246 0.60638 
0.34649 0.03405 0.61946 
0.83753 0.09788 0.06459 
0.47689 0.19338 0.32973 

12 
0.59304 0.09662 0.31034 
0.84105 0.0703 0.08865 
0.01217 0.8946 0.09323 
0.09825 0.3667 0.53505 
12 
0.0881 0.86577 0.04613 
0.26279 0.21419 0.52302 
0.56722 0.25576 0.17702 
0.5823 0.32298 0.09472 
12 
0.07199 0.90398 0.02403 
0.22123 0.03772 0.74105 
0.40791 0.1274 0.46469 
0.25042 0.69729 0.05229 

12 
0.66855 0.10499 0.22646 
0.57146 0.07476 0.35378 
0.21094 0.45989 0.32917 
0.64493 0.16008 0.19499 

16 
0.35448 0.29108 0.28929 0.06515 
0.31792 0.60798 6.4E-4 0.07346 
0.27857 0.48641 0.02569 0.20933 
0.04561 0.72219 0.19062 0.04158 
16 
0.02592 0.00985 0.02958 0.93465 
0.42932 0.31817 0.02629 0.22622 
0.37419 0.4288 0.07595 0.12106 
0.0025 0.04848 0.07943 0.86959 
16 
0.23502 0.19871 0.26019 0.30608 
0.34387 0.16274 0.05938 0.43401 
0.00273 0.22604 0.76715 0.00408 
0.00552 0.98824 0.00221 0.00403 
16 
0.0337 0.08468 0.84615 0.03547 
0.07428 0.7172 0.08035 0.12817 
0.1666 0.18801 0.63457 0.01082 
0.43799 0.45654 0.04186 0.06361 
16 
0.93166 0.0218 0.04572 8.2E-4 
0.45499 0.13486 0.16542 0.24473 
0.57819 0.05179 0.16189 0.20813 
0.1424 0.00369 0.23331 0.6206 
16 
0.00557 0.96484 0.02162 0.00797 
0.01436 0.06728 0.70411 0.21425 
0.35557 0.08927 1.5E-4 0.55501 
0.59138 0.22187 0.17306 0.01369 
16 
0.10448 0.19628 0.67786 0.02138 
0.1268 0.73559 0.08093 0.05668 
0.01205 0.00746 0.97713 0.00336 
0.97801 0.00116 0.00496 0.01587 
16 
0.93908 0.00979 0.04984 0.00129 
0.46336 0.37918 0.00128 0.15618 
0.02175 0.72714 0.00654 0.24457 
0.04053 0.00839 0.73175 0.21933 
16 
0.67675 0.05468 0.26724 0.00133 
0.46977 0.24383 0.10502 0.18138 
0.00294 0.50707 0.48843 0.00156 
0.68636 0.19573 0.08445 0.03346 

12 
0.02347 0.85329 0.12324 
0.35394 0.21366 0.4324 
0.45276 0.2687 0.27854 
0.1457 0.36764 0.48666 
12 
0.92362 0.04629 0.03009 
0.17206 0.01518 0.81276 
0.18969 0.38656 0.42375 
0.02323 0.12183 0.85494 
12 
0.0984 0.50119 0.40041 
0.48224 0.03507 0.48269 
0.05639 0.75811 0.1855 
0.61548 0.25852 0.126 
12 
0.10297 0.82346 0.07357 
0.90519 0.02577 0.06904 
0.00786 0.06676 0.92538 
0.91295 0.06328 0.02377 
12 
0.25486 0.01115 0.73399 
0.20549 0.77575 0.01876 
0.67973 0.20134 0.11893 
0.14883 0.18642 0.66475 
12 
0.17973 0.32713 0.49314 
0.81467 0.07004 0.11529 
0.08934 0.87615 0.03451 
0.96248 0.01064 0.02688 
12 
0.23507 0.65976 0.10517 
0.00618 1.1E-4 0.99371 
0.04109 0.85455 0.10436 
0.29532 0.03152 0.67316 
12 
0.67871 0.06333 0.25796 
0.46967 0.48841 0.04192 
0.19488 0.71725 0.08787 
0.17807 0.76603 0.0559 
12 
0.00517 0.97455 0.02028 
0.3017 0.65601 0.04229 
0.28518 0.01064 0.70418 
0.39996 0.44808 0.15196 
12 
0.19065 0.68877 0.12058 
0.25681 0.3357 0.40749 
0.03731 0.45219 0.5105 
0.07372 0.13347 0.79281 
12 
0.96301 0.00111 0.03588 
0.23434 0.05208 0.71358 
0.30714 0.68109 0.01177 
0.94964 0.04476 0.0056 
12 
0.11432 0.45734 0.42834 
0.66928 0.19399 0.13673 
0.2823 0.55319 0.16451 
0.31085 0.08193 0.60722 

12 
0.23206 0.57041 0.19753 
0.72304 0.07181 0.20515 
0.25416 0.68187 0.06397 
0.87909 0.01897 0.10194 
12 
0.47262 0.30132 0.22606 
0.2425 0.0549 0.7026 
0.50546 0.3512 0.14334 
0.00413 0.95474 0.04113 
12 
0.09032 0.38605 0.52363 
0.24874 0.29902 0.45224 
0.81536 0.17904 0.0056 
0.82658 0.16199 0.01143 

12 
0.12536 0.85951 0.01513 
0.26722 0.0418 0.69098 
0.0391 0.87053 0.09037 
0.19764 0.64656 0.1558 

4 
0.23307 0.76693 
0.82981 0.17019 
