V-CREDAL
8
4 4 2 3 2 2 3 4
8
3 1 5 0
2 3 1
2 7 2
2 7 3
2 0 4
2 6 5
1 6
1 7

24
0.028 0.05 0.225 0.697
0.396 0.117 0.263 0.224
0.212 0.13 0.021 0.637
0.999 0.001 0.0 0.0
0.669 0.111 0.052 0.168
0.887 0.007 0.103 0.003
24
0.47 0.262 0.006 0.262
0.095 0.022 0.105 0.778
0.102 0.041 0.528 0.329
0.884 0.073 0.043 0.0
0.285 0.275 0.343 0.097
0.375 0.257 0.25 0.118
24
0.397 0.405 0.131 0.067
0.749 0.043 0.078 0.13
0.261 0.171 0.348 0.22
0.022 0.082 0.192 0.704
0.673 0.028 0.059 0.24
0.138 0.06 0.231 0.571
24
0.184 0.069 0.51 0.237
0.136 0.665 0.007 0.192
0.124 0.012 0.848 0.016
0.216 0.097 0.657 0.03
0.008 0.949 0.035 0.008
0.031 0.01 0.035 0.924
24
0.129 0.019 0.54 0.312
0.031 0.13 0.168 0.671
0.007 0.286 0.028 0.679
0.438 0.012 0.004 0.546
0.244 0.616 0.002 0.138
0.06 0.207 0.704 0.029
24
0.669 0.006 0.003 0.322
0.003 0.036 0.07 0.891
0.041 0.003 0.936 0.02
0.019 0.975 0.005 0.001
0.961 0.016 0.007 0.016
0.157 0.005 0.101 0.737
24
0.04 0.328 0.01 0.622
0.059 0.12 0.245 0.576
0.145 0.035 0.026 0.794
0.657 0.32 0.016 0.007
0.085 0.239 0.605 0.071
0.169 0.511 0.086 0.234
24
0.006 0.889 0.066 0.039
0.101 0.695 0.189 0.015
0.22 0.632 0.026 0.122
0.01 0.886 0.003 0.101
0.014 0.028 0.422 0.536
0.021 0.078 0.052 0.849

24
0.702 0.014 0.06 0.224
0.006 0.392 0.584 0.018
0.588 0.077 0.185 0.15
0.009 0.188 0.039 0.764
0.015 0.02 0.14 0.825
0.06 0.198 0.433 0.309
24
0.335 0.082 0.084 0.499
0.585 0.097 0.232 0.086
0.107 0.15 0.183 0.56
0.832 0.015 0.025 0.128
0.023 0.025 0.945 0.007
0.527 0.149 0.173 0.151
24
0.724 0.134 0.049 0.093
0.055 0.001 0.001 0.943
0.006 0.085 0.874 0.035
0.004 0.164 0.828 0.004
0.615 0.347 0.016 0.022
0.183 0.386 0.242 0.189

4
0.267 0.733
0.339 0.661
4
0.414 0.586
0.294 0.706
4
0.665 0.335
0.952 0.048
4
0.288 0.712
0.259 0.741

18
0.28 0.591 0.129
0.078 0.101 0.821
0.153 0.764 0.083
0.035 0.389 0.576
0.066 0.173 0.761
0.07 0.666 0.264
18
0.027 0.09 0.883
0.97 0.005 0.025
0.002 0.991 0.007
0.072 0.007 0.921
0.949 0.047 0.004
0.837 0.005 0.158
18
0.488 0.037 0.475
0.853 0.124 0.023
0.067 0.572 0.361
0.295 0.605 0.1
0.372 0.145 0.483
0.245 0.615 0.14
18
0.055 0.009 0.936
0.651 0.15 0.199
0.093 0.878 0.029
0.021 0.006 0.973
0.045 0.858 0.097
0.294 0.055 0.651

4
0.657 0.343
0.742 0.258
4
0.169 0.831
0.724 0.276
4
0.173 0.827
0.183 0.817
4
0.689 0.311
0.351 0.649

4
0.204 0.796
0.068 0.932
4
0.155 0.845
0.586 0.414
4
0.112 0.888
0.933 0.067

18
0.055 0.811 0.134
0.953 0.043 0.004
0.019 0.06 0.921
0.846 0.154 0.0
0.067 0.917 0.016
0.544 0.017 0.439

24
0.083 0.78 0.017 0.12
0.451 0.09 0.457 0.002
0.335 0.314 0.342 0.009
0.016 0.054 0.56 0.37
0.027 0.06 0.866 0.047
0.175 0.548 0.061 0.216
