V-CREDAL 
10 
2 2 4 4 4 4 2 3 3 4 
10 
2 1 0 
2 8 1 
3 6 9 2 
1 3 
3 5 6 4 
1 5 
2 1 6 
2 3 7 
2 7 8 
1 9 

4 
0.08677 0.91323 
0.22995 0.77005 
4 
0.25394 0.74606 
0.20465 0.79535 

4 
0.96462 0.03538 
0.16001 0.83999 
4 
0.2453 0.7547 
0.10531 0.89469 
4 
0.26928 0.73072 
0.10531 0.89469 

16 
0.00906 0.35316 0.04458 0.5932 
0.17784 0.22119 0.1196 0.48137 
0.00487 0.08075 0.91331 0.00107 
0.29247 0.31673 0.272 0.1188 
16 
0.00407 0.73081 0.26436 7.6E-4 
0.04242 0.27515 0.56509 0.11734 
0.64103 0.22128 0.13257 0.00512 
0.0301 0.08035 0.67321 0.21634 
16 
0.61791 0.02567 0.01559 0.34083 
0.54605 0.18098 0.12066 0.15231 
0.952 0.03316 0.01119 0.00365 
0.01042 0.0897 0.21095 0.68893 
16 
0.00986 0.9723 0.00989 0.00795 
0.0223 0.0742 0.3173 0.5862 
0.00129 0.00902 0.46236 0.52733 
0.07465 0.03125 0.8576 0.0365 
16 
0.04994 0.01496 0.0574 0.8777 
0.04921 0.44842 0.29196 0.21041 
0.11123 0.13388 0.5129 0.24199 
0.07891 0.00181 0.84249 0.07679 
16 
0.03787 0.01483 0.94616 0.00114 
0.84327 0.00614 0.14641 0.00418 
0.0242 0.61361 0.06912 0.29307 
0.30373 0.01644 0.45774 0.22209 
16 
0.04921 0.01169 0.42272 0.51638 
0.2488 0.06639 0.06657 0.61824 
0.01085 0.38225 0.10611 0.50079 
0.00153 2.0E-5 0.01558 0.98287 
16 
0.86879 0.00747 0.08558 0.03816 
0.74542 0.05873 0.10708 0.08877 
0.00161 0.94704 0.0063 0.04505 
0.02296 0.2758 0.11758 0.58366 

16 
0.00844 0.02305 0.066 0.90251 
0.01271 0.59342 0.04131 0.35256 
0.02031 0.00102 0.97432 0.00435 
0.89294 0.08949 0.01345 0.00412 

16 
0.02457 0.48017 0.05665 0.43861 
0.24108 0.17637 0.54121 0.04134 
0.06048 0.74886 0.03807 0.15259 
0.05566 0.11659 0.82529 0.00246 
16 
0.11318 0.20921 0.63599 0.04162 
0.10544 0.00293 0.75816 0.13347 
0.00222 0.23761 0.49125 0.26892 
0.30191 0.00983 0.00375 0.68451 
16 
0.0554 0.70732 0.00509 0.23219 
0.03161 0.37004 0.03324 0.56511 
0.25906 0.43899 0.18213 0.11982 
0.23942 0.10656 0.60802 0.046 
16 
0.77925 0.04636 0.12687 0.04752 
0.52336 0.45103 0.01142 0.01419 
0.69577 0.07901 0.11069 0.11453 
0.07094 0.64021 0.14521 0.14364 
16 
0.00846 0.00164 3.9E-4 0.98951 
0.24886 0.12778 0.16408 0.45928 
0.15811 0.0219 0.00234 0.81765 
0.5026 0.20096 0.16165 0.13479 
16 
0.98059 0.01022 0.00861 5.8E-4 
0.48185 0.09858 0.2527 0.16687 
0.02698 0.12214 0.76736 0.08352 
0.16207 0.36743 0.16696 0.30354 
16 
0.38478 0.30508 0.0659 0.24424 
0.00285 0.93705 0.04522 0.01488 
0.05738 0.66908 0.08102 0.19252 
0.25982 0.09743 0.02871 0.61404 
16 
0.14597 0.34864 0.25368 0.25171 
0.00726 0.02516 0.03986 0.92772 
0.29737 0.11647 0.07599 0.51017 
0.08047 0.64378 0.04293 0.23282 

16 
0.78784 0.10947 3.9E-4 0.1023 
0.37666 0.1363 0.48632 7.2E-4 
0.72831 0.12155 0.02459 0.12555 
0.08765 0.84795 0.0244 0.04 

4 
0.46682 0.53318 
0.82044 0.17956 
4 
0.4955 0.5045 
0.28603 0.71397 

12 
0.03746 0.88651 0.07603 
0.63271 0.08162 0.28567 
0.80275 0.091 0.10625 
0.34917 0.58889 0.06194 
12 
0.00453 0.98717 0.0083 
0.08572 0.79321 0.12107 
0.5632 0.14833 0.28847 
0.54029 0.01884 0.44087 
12 
0.01477 0.98384 0.00139 
0.3721 0.60258 0.02532 
0.01809 0.00564 0.97627 
0.40921 0.42595 0.16484 
12 
0.54577 0.41123 0.043 
0.49646 0.46819 0.03535 
0.2582 0.63966 0.10214 
0.18235 0.75717 0.06048 

12 
0.14591 0.84068 0.01341 
0.46412 0.44698 0.0889 
0.40036 0.19617 0.40347 
0.13418 0.47968 0.38614 
12 
0.1533 0.73759 0.10911 
0.80907 0.17604 0.01489 
0.00752 0.98656 0.00592 
0.0678 0.84896 0.08324 
12 
0.30777 0.61088 0.08135 
0.07489 0.03391 0.8912 
0.70744 0.12167 0.17089 
0.42288 0.50203 0.07509 

16 
0.32292 0.11267 0.40735 0.15706 
0.94497 0.0113 0.02187 0.02186 
0.814 0.10079 0.07107 0.01414 
0.47216 0.16797 0.04557 0.3143 
