V-CREDAL 
4 
2 2 5 4 
4 
1 0 
2 0 1 
2 1 2 
2 2 3 

4 
0.62651 0.37349 
0.37991 0.62009 

4 
0.07247 0.92753 
0.56965 0.43035 
4 
0.84328 0.15672 
0.16121 0.83879 

20 
0.09636 0.16121 0.52056 0.07939 0.14248 
0.00601 0.04251 0.8631 0.0306 0.05778 
0.06062 0.08138 0.6195 0.17223 0.06627 
0.1411 0.02894 0.00132 9.2E-4 0.82772 
20 
0.0039 0.80217 0.02129 0.16166 0.01098 
0.10515 0.01259 0.86553 0.00141 0.01532 
0.03097 0.14404 0.41669 0.03845 0.36985 
0.00518 3.0E-5 0.97878 0.00116 0.01485 

16 
0.01834 0.86676 0.0042 0.1107 
0.98014 0.00684 0.00912 0.0039 
0.32771 0.27226 0.11279 0.28724 
0.0797 0.5567 0.01555 0.34805 
16 
0.61636 0.08975 0.28314 0.01075 
0.09229 0.19114 0.56773 0.14884 
0.44351 0.24082 0.06204 0.25363 
0.02544 0.65649 0.06449 0.25358 
16 
0.03696 0.63993 0.27637 0.04674 
0.4852 0.45366 0.03978 0.02136 
0.00846 6.6E-4 0.81425 0.17663 
0.00294 0.071 0.14763 0.77843 
16 
0.5756 0.08799 0.0109 0.32551 
0.22462 0.04324 0.59056 0.14158 
0.0589 0.05955 0.81912 0.06243 
0.07382 0.04997 0.52925 0.34696 
16 
0.42957 0.17445 0.0554 0.34058 
0.35783 0.24338 0.30519 0.0936 
0.01055 0.29118 0.68884 0.00943 
0.80866 0.11976 0.05975 0.01183 
