V-CREDAL
5
3 2 4 3 4
5
3 1 3 0
1 1
2 3 2
1 3
2 3 4

18
0.93 0.036 0.034
0.016 0.967 0.017
0.012 0.059 0.929
0.138 0.849 0.013
0.047 0.008 0.945
0.009 0.329 0.662
18
0.652 0.209 0.139
0.264 0.651 0.085
0.694 0.259 0.047
0.035 0.013 0.952
0.079 0.343 0.578
0.238 0.045 0.717
18
0.029 0.631 0.34
0.403 0.07 0.527
0.563 0.374 0.063
0.044 0.213 0.743
0.211 0.717 0.072
0.792 0.057 0.151
18
0.528 0.086 0.386
0.787 0.206 0.007
0.09 0.407 0.503
0.072 0.623 0.305
0.556 0.391 0.053
0.067 0.425 0.508
18
0.526 0.143 0.331
0.039 0.311 0.65
0.263 0.508 0.229
0.977 0.002 0.021
0.47 0.492 0.038
0.958 0.024 0.018
18
0.023 0.868 0.109
0.674 0.079 0.247
0.079 0.196 0.725
0.644 0.187 0.169
0.015 0.971 0.014
0.676 0.016 0.308

4
0.812 0.188
0.673 0.327

24
0.007 0.985 0.003 0.005
0.659 0.07 0.035 0.236
0.129 0.112 0.532 0.227
0.008 0.217 0.144 0.631
0.055 0.827 0.106 0.012
0.051 0.43 0.025 0.494
24
0.033 0.011 0.947 0.009
0.018 0.669 0.011 0.302
0.004 0.21 0.184 0.602
0.168 0.226 0.001 0.605
0.005 0.648 0.158 0.189
0.007 0.294 0.616 0.083
24
0.001 0.135 0.001 0.863
0.011 0.313 0.32 0.356
0.007 0.0 0.024 0.969
0.093 0.051 0.273 0.583
0.213 0.374 0.308 0.105
0.065 0.042 0.132 0.761

18
0.125 0.227 0.648
0.202 0.064 0.734
0.005 0.984 0.011
0.625 0.331 0.044
0.36 0.029 0.611
0.013 0.511 0.476

24
0.039 0.133 0.169 0.659
0.275 0.043 0.586 0.096
0.104 0.188 0.172 0.536
0.049 0.709 0.169 0.073
0.01 0.531 0.249 0.21
0.017 0.982 0.0 0.001
24
0.003 0.002 0.99 0.005
0.054 0.59 0.0 0.356
0.154 0.022 0.003 0.821
0.666 0.052 0.0 0.282
0.002 0.13 0.331 0.537
0.118 0.666 0.023 0.193
24
0.003 0.001 0.948 0.048
0.004 0.522 0.025 0.449
0.956 0.003 0.012 0.029
0.278 0.385 0.048 0.289
0.101 0.201 0.029 0.669
0.269 0.305 0.281 0.145
