V-CREDAL 
10 
2 3 2 2 2 2 3 2 2 2 
10 
1 0 
2 7 1 
1 2 
3 0 9 3 
3 2 5 4 
2 7 5 
2 7 6 
1 7 
2 0 8 
2 5 9 

4 
0.04029 0.95971 
0.32528 0.67472 

18 
0.06986 0.05512 0.87502 
0.12652 0.83175 0.04173 
0.82638 0.01228 0.16134 
0.0033 0.94154 0.05516 
0.97676 0.01145 0.01179 
0.48369 0.02122 0.49509 
18 
0.16001 0.4956 0.34439 
0.34253 0.00871 0.64876 
0.29136 0.65591 0.05273 
0.48891 0.2055 0.30559 
0.14627 0.13622 0.71751 
0.16526 0.54221 0.29253 

4 
0.13632 0.86368 
0.74989 0.25011 

4 
0.85365 0.14635 
0.83929 0.16071 
4 
0.97047 0.02953 
0.12719 0.87281 
4 
0.15951 0.84049 
0.41405 0.58595 
4 
0.45879 0.54121 
0.79124 0.20876 

4 
0.28661 0.71339 
0.9262 0.0738 
4 
0.30388 0.69612 
0.05958 0.94042 
4 
0.68174 0.31826 
0.67337 0.32663 
4 
0.06325 0.93675 
0.87175 0.12825 

4 
0.29228 0.70772 
0.43136 0.56864 
4 
0.53744 0.46256 
0.28171 0.71829 

18 
0.03606 0.13954 0.8244 
0.24756 0.70747 0.04497 
0.01362 0.92186 0.06452 
0.92296 0.04541 0.03163 
0.01566 0.6435 0.34084 
0.06733 0.09429 0.83838 
18 
0.02535 0.53522 0.43943 
0.06778 0.90524 0.02698 
0.18281 0.81644 7.5E-4 
0.29689 0.08496 0.61815 
0.82786 0.03889 0.13325 
0.90856 0.04877 0.04267 

4 
0.326 0.674 
0.53024 0.46976 

4 
0.66083 0.33917 
0.63219 0.36781 
4 
0.233 0.767 
0.43957 0.56043 

4 
0.18929 0.81071 
0.86201 0.13799 
4 
0.46462 0.53538 
0.02751 0.97249 
