V-CREDAL
6
3 3 2 4 4 4
6
1 0
2 0 1
2 1 2
2 2 3
2 3 4
2 4 5

18
0.0 0.904 0.096
0.043 0.895 0.062
0.78 0.197 0.023
0.07 0.017 0.913
0.083 0.017 0.9
0.664 0.325 0.011

18
0.26 0.025 0.715
0.033 0.623 0.344
0.626 0.196 0.178
0.01 0.116 0.874
0.523 0.333 0.144
0.289 0.519 0.192
18
0.565 0.418 0.017
0.535 0.462 0.003
0.011 0.959 0.03
0.285 0.019 0.696
0.072 0.002 0.926
0.551 0.283 0.166
18
0.383 0.585 0.032
0.96 0.039 0.001
0.133 0.052 0.815
0.748 0.036 0.216
0.082 0.205 0.713
0.07 0.625 0.305

4
0.119 0.881
0.832 0.168
4
0.438 0.562
0.556 0.444
4
0.67 0.33
0.427 0.573

24
0.001 0.998 0.001 0.0
0.07 0.127 0.778 0.025
0.264 0.186 0.529 0.021
0.005 0.056 0.107 0.832
0.013 0.012 0.016 0.959
0.05 0.139 0.723 0.088
24
0.418 0.068 0.184 0.33
0.136 0.802 0.043 0.019
0.008 0.919 0.053 0.02
0.023 0.249 0.423 0.305
0.008 0.572 0.42 0.0
0.362 0.129 0.11 0.399

24
0.069 0.632 0.053 0.246
0.564 0.099 0.183 0.154
0.636 0.332 0.008 0.024
0.724 0.019 0.243 0.014
0.001 0.018 0.916 0.065
0.889 0.0 0.041 0.07
24
0.366 0.136 0.3 0.198
0.808 0.047 0.052 0.093
0.481 0.411 0.057 0.051
0.226 0.311 0.229 0.234
0.288 0.071 0.015 0.626
0.118 0.617 0.143 0.122
24
0.046 0.066 0.756 0.132
0.007 0.986 0.005 0.002
0.078 0.075 0.46 0.387
0.19 0.087 0.211 0.512
0.534 0.193 0.071 0.202
0.715 0.113 0.162 0.01
24
0.529 0.463 0.007 0.001
0.02 0.923 0.008 0.049
0.006 0.816 0.043 0.135
0.054 0.214 0.127 0.605
0.223 0.191 0.208 0.378
0.875 0.067 0.03 0.028

24
0.34 0.06 0.22 0.38
0.378 0.618 0.004 0.0
0.163 0.001 0.005 0.831
0.049 0.895 0.025 0.031
0.034 0.006 0.011 0.949
0.045 0.507 0.012 0.436
24
0.185 0.358 0.225 0.232
0.01 0.383 0.535 0.072
0.393 0.031 0.015 0.561
0.034 0.031 0.383 0.552
0.091 0.021 0.497 0.391
0.916 0.062 0.015 0.007
24
0.7 0.071 0.041 0.188
0.486 0.146 0.045 0.323
0.274 0.446 0.208 0.072
0.653 0.186 0.102 0.059
0.36 0.446 0.154 0.04
0.11 0.85 0.023 0.017
24
0.004 0.01 0.001 0.985
0.209 0.09 0.511 0.19
0.056 0.033 0.039 0.872
0.032 0.173 0.659 0.136
0.062 0.009 0.822 0.107
0.164 0.221 0.494 0.121
