V-CREDAL 
4 
4 4 2 2 
4 
1 0 
2 0 1 
2 1 2 
2 2 3 

24 
0.47 0.058 0.4 0.072 
0.013 0.267 0.23 0.49 
0.037 0.051 0.66 0.252 
0.027 0.039 0.922 0.012 
0.097 0.842 0.001 0.06 
0.13 0.057 0.589 0.224 

24 
0.626 0.002 0.155 0.217 
0.155 0.621 0.004 0.22 
0.439 0.012 0.304 0.245 
0.009 0.14 0.036 0.815 
0.099 0.128 0.533 0.24 
0.545 0.083 0.315 0.057 
24 
0.656 0.008 0.314 0.022 
0.536 0.03 0.179 0.255 
0.041 0.212 0.698 0.049 
0.025 0.466 0.424 0.085 
0.006 0.963 0.026 0.005 
0.03 0.675 0.118 0.177 
24 
0.001 0.99 0.002 0.007 
0.02 0.057 0.647 0.276 
0.001 0.195 0.561 0.243 
0.558 0.064 0.352 0.026 
0.908 0.014 0.012 0.066 
0.027 0.107 0.563 0.303 
24 
0.205 0.098 0.414 0.283 
0.342 0.278 0.366 0.014 
0.003 0.03 0.02 0.947 
0.095 0.366 0.459 0.08 
0.068 0.513 0.161 0.258 
0.042 0.57 0.056 0.332 

4 
0.978 0.022 
0.655 0.345 
4 
0.328 0.672 
0.628 0.372 
4 
0.609 0.391 
0.179 0.821 
4 
0.383 0.617 
0.464 0.536 

4 
0.301 0.699 
0.037 0.963 
4 
0.29 0.71 
0.406 0.594 
