V-CREDAL
10
2 4 4 4 2 3 3 2 4 2
10
1 0
2 0 1
2 1 2
2 2 3
2 3 4
2 4 5
2 5 6
2 6 7
2 7 8
2 8 9

4
0.987 0.013
0.018 0.982

16
0.882 0.008 0.012 0.098
0.986 0.009 0.003 0.002
0.18 0.168 0.422 0.23
0.155 0.076 0.238 0.531
16
0.339 0.291 0.072 0.298
0.186 0.175 0.013 0.626
0.414 0.249 0.192 0.145
0.462 0.043 0.493 0.002

16
0.021 0.048 0.405 0.526
0.86 0.011 0.043 0.086
0.433 0.059 0.116 0.392
0.023 0.417 0.039 0.521
16
0.173 0.197 0.552 0.078
0.189 0.159 0.256 0.396
0.481 0.035 0.003 0.481
0.035 0.031 0.036 0.898
16
0.438 0.002 0.067 0.493
0.041 0.847 0.077 0.035
0.924 0.012 0.049 0.015
0.025 0.025 0.147 0.803
16
0.077 0.012 0.607 0.304
0.002 0.868 0.118 0.012
0.005 0.058 0.009 0.928
0.778 0.041 0.013 0.168

16
0.404 0.005 0.589 0.002
0.14 0.21 0.263 0.387
0.748 0.029 0.148 0.075
0.628 0.128 0.068 0.176
16
0.449 0.014 0.49 0.047
0.12 0.25 0.465 0.165
0.067 0.226 0.038 0.669
0.077 0.41 0.027 0.486
16
0.01 0.392 0.391 0.207
0.025 0.252 0.042 0.681
0.076 0.634 0.028 0.262
0.094 0.775 0.011 0.12
16
0.011 0.009 0.786 0.194
0.06 0.22 0.378 0.342
0.574 0.228 0.076 0.122
0.003 0.02 0.334 0.643

4
0.581 0.419
0.203 0.797
4
0.905 0.095
0.066 0.934
4
0.64 0.36
0.251 0.749
4
0.394 0.606
0.201 0.799

12
0.401 0.33 0.269
0.859 0.062 0.079
0.082 0.018 0.9
0.353 0.311 0.336
12
0.126 0.031 0.843
0.342 0.407 0.251
0.634 0.357 0.009
0.248 0.101 0.651

12
0.635 0.167 0.198
0.46 0.12 0.42
0.034 0.107 0.859
0.69 0.282 0.028
12
0.273 0.481 0.246
0.45 0.513 0.037
0.764 0.136 0.1
0.053 0.03 0.917
12
0.054 0.794 0.152
0.06 0.853 0.087
0.461 0.039 0.5
0.035 0.029 0.936

4
0.83 0.17
0.417 0.583
4
0.219 0.781
0.17 0.83
4
0.591 0.409
0.969 0.031

16
0.057 0.272 0.225 0.446
0.12 0.068 0.393 0.419
0.002 0.996 0.001 0.001
0.336 0.435 0.064 0.165
16
0.102 0.551 0.011 0.336
0.152 0.029 0.232 0.587
0.384 0.007 0.011 0.598
0.131 0.346 0.048 0.475

4
0.339 0.661
0.109 0.891
4
0.531 0.469
0.745 0.255
4
0.466 0.534
0.551 0.449
4
0.531 0.469
0.643 0.357
