V-CREDAL
9
3 2 2 2 2 3 4 4 4
9
1 0
2 6 1
2 4 2
1 3
1 4
3 4 6 5
2 0 6
3 3 5 7
2 7 8

12
0.053 0.526 0.421
0.218 0.137 0.645
0.033 0.691 0.276
0.03 0.828 0.142

4
0.796 0.204
0.673 0.327
4
0.071 0.929
0.328 0.672
4
0.144 0.856
0.221 0.779
4
0.595 0.405
0.389 0.611

4
0.143 0.857
0.71 0.29
4
0.152 0.848
0.239 0.761

4
0.347 0.653
0.387 0.613

4
0.249 0.751
0.865 0.135

12
0.239 0.014 0.747
0.087 0.094 0.819
0.069 0.852 0.079
0.332 0.621 0.047
12
0.485 0.196 0.319
0.11 0.843 0.047
0.88 0.081 0.039
0.053 0.604 0.343
12
0.188 0.338 0.474
0.05 0.789 0.161
0.91 0.001 0.089
0.121 0.813 0.066
12
0.13 0.842 0.028
0.1 0.078 0.822
0.107 0.782 0.111
0.817 0.014 0.169
12
0.068 0.128 0.804
0.361 0.427 0.212
0.187 0.246 0.567
0.026 0.119 0.855
12
0.3 0.054 0.646
0.271 0.634 0.095
0.892 0.093 0.015
0.868 0.035 0.097
12
0.27 0.586 0.144
0.288 0.346 0.366
0.612 0.111 0.277
0.644 0.248 0.108
12
0.983 0.016 0.001
0.268 0.658 0.074
0.017 0.049 0.934
0.122 0.55 0.328

16
0.119 0.405 0.076 0.4
0.14 0.232 0.26 0.368
0.004 0.48 0.297 0.219
0.011 0.009 0.004 0.976
16
0.053 0.356 0.566 0.025
0.076 0.094 0.091 0.739
0.115 0.785 0.066 0.034
0.267 0.237 0.052 0.444
16
0.127 0.123 0.149 0.601
0.216 0.513 0.134 0.137
0.034 0.007 0.643 0.316
0.054 0.41 0.37 0.166

16
0.259 0.212 0.232 0.297
0.009 0.846 0.05 0.095
0.167 0.011 0.398 0.424
0.005 0.889 0.002 0.104
16
0.023 0.428 0.112 0.437
0.05 0.097 0.515 0.338
0.407 0.022 0.016 0.555
0.074 0.255 0.625 0.046
16
0.642 0.127 0.043 0.188
0.259 0.214 0.526 0.001
0.775 0.138 0.012 0.075
0.025 0.087 0.663 0.225
16
0.023 0.051 0.045 0.881
0.033 0.33 0.286 0.351
0.128 0.353 0.09 0.429
0.769 0.089 0.093 0.049
16
0.171 0.035 0.004 0.79
0.01 0.016 0.878 0.096
0.145 0.163 0.033 0.659
0.003 0.215 0.074 0.708
16
0.081 0.359 0.528 0.032
0.141 0.051 0.108 0.7
0.456 0.056 0.307 0.181
0.161 0.228 0.229 0.382

16
0.514 0.119 0.027 0.34
0.033 0.075 0.626 0.266
0.218 0.454 0.051 0.277
0.058 0.377 0.087 0.478
16
0.04 0.285 0.658 0.017
0.149 0.387 0.113 0.351
0.017 0.125 0.594 0.264
0.051 0.177 0.18 0.592
16
0.726 0.028 0.08 0.166
0.023 0.18 0.174 0.623
0.175 0.277 0.444 0.104
0.022 0.074 0.471 0.433
16
0.299 0.121 0.257 0.323
0.498 0.013 0.421 0.068
0.674 0.022 0.102 0.202
0.707 0.024 0.017 0.252
