V-CREDAL
5
4 3 2 2 4
5
1 0
2 0 1
2 1 2
2 2 3
2 3 4

16
0.331 0.283 0.031 0.355
0.202 0.152 0.359 0.287
0.082 0.161 0.079 0.678
0.599 0.191 0.015 0.195

12
0.365 0.222 0.413
0.031 0.045 0.924
0.561 0.33 0.109
0.306 0.518 0.176
12
0.751 0.111 0.138
0.256 0.096 0.648
0.061 0.836 0.103
0.416 0.555 0.029
12
0.003 0.272 0.725
0.01 0.963 0.027
0.281 0.661 0.058
0.305 0.055 0.64
12
0.011 0.955 0.034
0.289 0.462 0.249
0.867 0.131 0.002
0.026 0.685 0.289

4
0.913 0.087
0.45 0.55
4
0.753 0.247
0.841 0.159
4
0.755 0.245
0.204 0.796

4
0.256 0.744
0.9 0.1
4
0.771 0.229
0.417 0.583

16
0.004 0.406 0.56 0.03
0.564 0.067 0.086 0.283
0.051 0.188 0.086 0.675
0.01 0.598 0.003 0.389
16
0.416 0.045 0.309 0.23
0.052 0.005 0.192 0.751
0.545 0.035 0.045 0.375
0.286 0.115 0.24 0.359
