V-CREDAL 
6 
2 2 3 3 3 3 
6 
3 1 3 0 
1 1 
3 0 5 2 
1 3 
1 4 
2 4 5 

4 
0.187 0.813 
0.877 0.123 
4 
0.134 0.866 
0.602 0.398 
4 
0.724 0.276 
0.42 0.58 
4 
0.185 0.815 
0.137 0.863 
4 
0.371 0.629 
0.711 0.289 
4 
0.281 0.719 
0.903 0.097 

4 
0.228 0.772 
0.873 0.127 

18 
0.842 0.141 0.017 
0.044 0.101 0.855 
0.131 0.374 0.495 
0.49 0.026 0.484 
0.633 0.214 0.153 
0.247 0.036 0.717 
18 
0.243 0.009 0.748 
0.09 0.835 0.075 
0.315 0.663 0.022 
0.081 0.47 0.449 
0.741 0.123 0.136 
0.666 0.221 0.113 
18 
0.476 0.051 0.473 
0.262 0.627 0.111 
0.25 0.29 0.46 
0.648 0.276 0.076 
0.065 0.783 0.152 
0.623 0.135 0.242 
18 
0.991 0.005 0.004 
0.085 0.489 0.426 
0.551 0.001 0.448 
0.09 0.131 0.779 
0.192 0.739 0.069 
0.122 0.601 0.277 
18 
0.016 0.878 0.106 
0.157 0.02 0.823 
0.883 0.052 0.065 
0.009 0.99 0.001 
0.517 0.464 0.019 
0.162 0.013 0.825 
18 
0.569 0.041 0.39 
0.647 0.268 0.085 
0.122 0.86 0.018 
0.035 0.327 0.638 
0.008 0.017 0.975 
0.657 0.298 0.045 

18 
0.525 0.047 0.428 
0.93 0.006 0.064 
0.005 0.965 0.03 
0.08 0.161 0.759 
0.047 0.324 0.629 
0.921 0.019 0.06 

18 
0.392 0.604 0.004 
0.902 0.005 0.093 
0.046 0.906 0.048 
0.116 0.004 0.88 
0.037 0.058 0.905 
0.404 0.59 0.006 

18 
0.41 0.522 0.068 
0.359 0.06 0.581 
0.565 0.036 0.399 
0.008 0.354 0.638 
0.814 0.08 0.106 
0.033 0.616 0.351 
18 
0.099 0.121 0.78 
0.903 0.044 0.053 
0.084 0.646 0.27 
0.217 0.749 0.034 
0.642 0.067 0.291 
0.139 0.764 0.097 
18 
0.052 0.373 0.575 
0.055 0.105 0.84 
0.805 0.017 0.178 
0.091 0.583 0.326 
0.57 0.309 0.121 
0.69 0.011 0.299 
