V-CREDAL 
6 
3 4 3 3 2 2 
6 
1 0 
2 0 1 
2 1 2 
2 2 3 
2 3 4 
2 4 5 

12 
0.656 0.023 0.321 
0.003 0.927 0.07 
0.074 0.101 0.825 
0.056 0.142 0.802 

16 
0.637 0.247 0.022 0.094 
0.459 0.179 0.318 0.044 
0.761 0.014 0.158 0.067 
0.383 0.106 0.46 0.051 
16 
0.188 0.043 0.657 0.112 
0.395 0.089 0.429 0.087 
0.295 0.011 0.657 0.037 
0.518 0.058 0.057 0.367 
16 
0.021 0.54 0.345 0.094 
0.685 0.048 0.235 0.032 
0.193 0.04 0.746 0.021 
0.24 0.544 0.024 0.192 

12 
0.017 0.192 0.791 
0.179 0.041 0.78 
0.142 0.816 0.042 
0.31 0.213 0.477 
12 
0.06 0.225 0.715 
0.149 0.829 0.022 
0.598 0.01 0.392 
0.118 0.05 0.832 
12 
0.53 0.242 0.228 
0.858 0.103 0.039 
0.013 0.019 0.968 
0.132 0.336 0.532 
12 
0.817 0.136 0.047 
0.595 0.396 0.009 
0.875 0.034 0.091 
0.884 0.055 0.061 

12 
0.37 0.49 0.14 
0.331 0.224 0.445 
0.794 0.138 0.068 
0.019 0.74 0.241 
12 
0.146 0.363 0.491 
0.185 0.3 0.515 
0.509 0.22 0.271 
0.204 0.519 0.277 
12 
0.145 0.119 0.736 
0.68 0.078 0.242 
0.136 0.855 0.009 
0.013 0.938 0.049 

4 
0.987 0.013 
0.845 0.155 
4 
0.438 0.562 
0.572 0.428 
4 
0.482 0.518 
0.74 0.26 

4 
0.343 0.657 
0.875 0.125 
4 
0.944 0.056 
0.86 0.14 
