V-CREDAL 
6 
3 4 3 3 2 2 
6 
1 0 
2 0 1 
2 1 2 
2 2 3 
2 3 4 
2 4 5 

18 
0.181 0.309 0.51 
0.385 0.186 0.429 
0.591 0.149 0.26 
0.042 0.642 0.316 
0.491 0.421 0.088 
0.636 0.202 0.162 

24 
0.164 0.227 0.557 0.052 
0.547 0.024 0.395 0.034 
0.139 0.2 0.516 0.145 
0.65 0.036 0.306 0.008 
0.156 0.678 0.124 0.042 
0.873 0.033 0.081 0.013 
24 
0.033 0.015 0.284 0.668 
0.878 0.014 0.106 0.002 
0.177 0.031 0.543 0.249 
0.003 0.455 0.539 0.003 
0.983 0.001 0.009 0.007 
0.35 0.007 0.384 0.259 
24 
0.254 0.431 0.26 0.055 
0.122 0.293 0.397 0.188 
0.079 0.126 0.033 0.762 
0.003 0.995 0.001 0.001 
0.332 0.647 0.01 0.011 
0.091 0.003 0.023 0.883 

18 
0.004 0.002 0.994 
0.738 0.136 0.126 
0.561 0.024 0.415 
0.41 0.463 0.127 
0.148 0.508 0.344 
0.75 0.107 0.143 
18 
0.839 0.142 0.019 
0.73 0.042 0.228 
0.01 0.967 0.023 
0.055 0.487 0.458 
0.123 0.068 0.809 
0.69 0.008 0.302 
18 
0.199 0.078 0.723 
0.014 0.067 0.919 
0.116 0.791 0.093 
0.007 0.09 0.903 
0.076 0.863 0.061 
0.051 0.738 0.211 
18 
0.018 0.896 0.086 
0.968 0.027 0.005 
0.925 0.001 0.074 
0.111 0.025 0.864 
0.051 0.914 0.035 
0.177 0.82 0.003 

18 
0.544 0.423 0.033 
0.174 0.802 0.024 
0.22 0.148 0.632 
0.099 0.252 0.649 
0.316 0.119 0.565 
0.747 0.144 0.109 
18 
0.618 0.127 0.255 
0.037 0.917 0.046 
0.438 0.528 0.034 
0.024 0.031 0.945 
0.607 0.34 0.053 
0.399 0.043 0.558 
18 
0.607 0.373 0.02 
0.296 0.071 0.633 
0.165 0.037 0.798 
0.062 0.419 0.519 
0.046 0.786 0.168 
0.07 0.246 0.684 

4 
0.159 0.841 
0.653 0.347 
4 
0.245 0.755 
0.947 0.053 
4 
0.636 0.364 
0.313 0.687 

4 
0.056 0.944 
0.072 0.928 
4 
0.716 0.284 
0.751 0.249 
