V-CREDAL 
6 
3 3 3 2 3 4 
6 
2 5 0 
2 0 1 
1 2 
1 3 
2 5 4 
3 2 3 5 

18 
0.01019 0.03549 0.95432 
0.91291 0.07803 0.00906 
0.25625 0.64862 0.09513 
0.02013 0.66733 0.31254 
0.92772 0.0031 0.06918 
0.01794 0.55111 0.43095 
18 
0.97078 0.01952 0.0097 
0.04739 0.06983 0.88278 
0.10396 0.77929 0.11675 
0.88016 0.11598 0.00386 
0.54886 0.01622 0.43492 
0.20837 0.70509 0.08654 
18 
0.06819 0.49208 0.43973 
0.26855 0.02287 0.70858 
0.61082 0.28388 0.1053 
0.07662 0.1938 0.72958 
0.18151 0.00383 0.81466 
0.09494 0.74526 0.1598 
18 
0.91371 0.08487 0.00142 
0.00635 0.82117 0.17248 
0.24376 0.05982 0.69642 
0.13799 0.76722 0.09479 
0.09086 0.31703 0.59211 
0.01891 0.82344 0.15765 

18 
0.98857 0.00703 0.0044 
0.04452 0.73139 0.22409 
0.00877 0.06817 0.92306 
0.01543 0.00898 0.97559 
0.01823 0.27408 0.70769 
0.16244 0.74196 0.0956 
18 
0.82337 0.05853 0.1181 
0.04321 0.42864 0.52815 
0.01714 0.01846 0.9644 
0.20131 0.01534 0.78335 
0.26644 0.55828 0.17528 
0.75478 0.17232 0.0729 
18 
0.745 0.01463 0.24037 
0.03159 0.46157 0.50684 
0.14703 0.01272 0.84025 
0.80964 0.04632 0.14404 
0.90347 0.09397 0.00256 
0.13134 0.74674 0.12192 

18 
0.83087 0.07434 0.09479 
0.28232 0.32374 0.39394 
0.18961 0.51679 0.2936 
0.44291 0.07428 0.48281 
0.38532 0.54607 0.06861 
0.78272 0.20059 0.01669 

4 
0.59823 0.40177 
0.01677 0.98323 

18 
0.69208 0.00968 0.29824 
0.61619 0.31225 0.07156 
0.1751 0.02115 0.80375 
0.02098 0.96209 0.01693 
0.04455 0.31689 0.63856 
0.05946 0.9324 0.00814 
18 
0.09869 0.46175 0.43956 
0.63263 0.12168 0.24569 
0.30588 0.60086 0.09326 
0.02235 0.08726 0.89039 
0.00957 0.01051 0.97992 
0.5381 0.07916 0.38274 
18 
0.56276 0.18419 0.25305 
0.25336 0.6144 0.13224 
0.29874 0.29098 0.41028 
0.02136 0.60795 0.37069 
0.59517 0.03519 0.36964 
0.35837 0.54738 0.09425 
18 
0.0025 0.99738 1.2E-4 
0.17854 0.82134 1.2E-4 
0.02027 0.03063 0.9491 
0.99594 0.00281 0.00125 
0.25661 0.00755 0.73584 
0.97234 0.00278 0.02488 

24 
0.01299 0.59364 0.38708 0.00629 
0.11098 0.63964 0.088 0.16138 
0.06388 0.27495 0.07133 0.58984 
0.01441 0.21787 0.76066 0.00706 
0.07891 0.0594 0.74176 0.11993 
0.09609 0.70484 0.0112 0.18787 
24 
0.67603 0.08532 0.16635 0.0723 
0.04043 0.59726 0.05047 0.31184 
0.06075 0.84016 0.07095 0.02814 
0.44445 0.0243 0.49968 0.03157 
0.24171 0.74543 0.01004 0.00282 
0.30159 0.10569 0.0306 0.56212 
24 
0.37137 0.07515 0.12745 0.42603 
0.4736 0.01568 0.08397 0.42675 
0.1043 0.00835 0.04693 0.84042 
0.43625 0.05224 0.0395 0.47201 
0.59274 0.27262 0.00976 0.12488 
0.15024 0.69544 0.09427 0.06005 
24 
5.0E-4 0.08659 0.87884 0.03407 
0.36028 0.62798 0.00852 0.00322 
0.25132 0.64613 0.07205 0.0305 
0.20785 0.23364 0.54599 0.01252 
0.03066 0.92921 0.03075 0.00938 
0.05889 0.7126 0.17487 0.05364 
24 
0.36875 0.27112 0.05928 0.30085 
0.08875 0.0128 0.88057 0.01788 
0.94891 0.01801 0.01082 0.02226 
0.02403 0.54784 0.05176 0.37637 
9.0E-4 0.97582 0.0052 0.01808 
0.00502 0.88276 0.05078 0.06144 
24 
0.88533 0.02095 0.00464 0.08908 
0.07571 0.14796 0.38909 0.38724 
0.00722 0.82176 0.17044 5.8E-4 
0.4541 0.32677 0.02643 0.1927 
0.00333 0.00398 0.97936 0.01333 
0.86232 0.05015 0.0742 0.01333 
