V-CREDAL 
10 
2 2 2 2 2 2 3 3 3 2 
10 
2 5 0 
2 2 1 
1 2 
2 1 3 
2 3 4 
4 1 7 9 5 
2 4 6 
1 7 
2 6 8 
1 9 

4 
0.8306 0.1694 
0.41889 0.58111 
4 
0.51782 0.48218 
0.82387 0.17613 

4 
0.37466 0.62534 
0.84027 0.15973 
4 
0.62377 0.37623 
0.95931 0.04069 

4 
0.05741 0.94259 
0.31656 0.68344 

4 
0.94389 0.05611 
0.77783 0.22217 
4 
0.47087 0.52913 
0.09521 0.90479 

4 
0.61251 0.38749 
0.14461 0.85539 
4 
0.54847 0.45153 
0.05613 0.94387 

4 
0.65253 0.34747 
0.64832 0.35168 
4 
0.42797 0.57203 
0.3859 0.6141 
4 
0.33507 0.66493 
0.53813 0.46187 
4 
0.30977 0.69023 
0.72113 0.27887 
4 
0.76184 0.23816 
0.31142 0.68858 
4 
0.67754 0.32246 
0.34678 0.65322 
4 
0.3768 0.6232 
0.28859 0.71141 
4 
0.88282 0.11718 
0.38667 0.61333 
4 
0.01174 0.98826 
0.87162 0.12838 
4 
0.51807 0.48193 
0.48529 0.51471 
4 
0.79137 0.20863 
0.00398 0.99602 
4 
0.71096 0.28904 
0.52525 0.47475 

18 
0.01595 0.04864 0.93541 
0.04946 0.81084 0.1397 
0.94675 0.02462 0.02863 
0.25906 0.71541 0.02553 
0.09649 0.86814 0.03537 
0.95266 0.01121 0.03613 
18 
0.15672 0.73564 0.10764 
0.41028 3.3E-4 0.58939 
0.83894 0.00777 0.15329 
0.12562 0.01562 0.85876 
0.04717 0.62829 0.32454 
0.4054 0.48081 0.11379 

18 
0.87045 0.03061 0.09894 
0.01739 0.9066 0.07601 
0.55462 0.44444 9.4E-4 
0.0418 0.00169 0.95651 
0.00742 0.45633 0.53625 
0.94104 0.04453 0.01443 

18 
0.34826 0.14967 0.50207 
0.07204 0.81208 0.11588 
0.2382 0.02323 0.73857 
0.42049 0.44878 0.13073 
0.19241 0.01927 0.78832 
0.12107 0.07511 0.80382 
18 
0.20007 0.41834 0.38159 
0.43499 0.41412 0.15089 
0.78069 0.16772 0.05159 
0.19522 0.2029 0.60188 
0.76399 0.0022 0.23381 
0.91411 0.05847 0.02742 
18 
0.47411 0.0178 0.50809 
0.24098 0.03722 0.7218 
0.54977 0.07758 0.37265 
0.43099 0.51879 0.05022 
0.01324 0.17993 0.80683 
0.21679 0.61168 0.17153 

4 
0.8451 0.1549 
0.90401 0.09599 
