V-CREDAL
8
4 3 4 3 2 3 3 2
8
1 0
2 0 1
2 1 2
2 2 3
2 3 4
2 4 5
2 5 6
2 6 7

24
0.147 0.432 0.199 0.222
0.114 0.555 0.264 0.067
0.42 0.296 0.059 0.225
0.186 0.002 0.358 0.454
0.082 0.044 0.074 0.8
0.25 0.259 0.294 0.197

18
0.249 0.706 0.045
0.028 0.088 0.884
0.128 0.793 0.079
0.308 0.216 0.476
0.036 0.006 0.958
0.414 0.357 0.229
18
0.706 0.119 0.175
0.186 0.004 0.81
0.7 0.296 0.004
0.071 0.837 0.092
0.474 0.037 0.489
0.268 0.011 0.721
18
0.055 0.006 0.939
0.03 0.007 0.963
0.001 0.383 0.616
0.882 0.04 0.078
0.128 0.614 0.258
0.565 0.365 0.07
18
0.606 0.242 0.152
0.056 0.55 0.394
0.137 0.243 0.62
0.514 0.433 0.053
0.238 0.737 0.025
0.032 0.258 0.71

24
0.023 0.663 0.248 0.066
0.028 0.857 0.038 0.077
0.912 0.003 0.033 0.052
0.037 0.426 0.241 0.296
0.076 0.024 0.803 0.097
0.04 0.233 0.454 0.273
24
0.189 0.077 0.021 0.713
0.253 0.077 0.11 0.56
0.013 0.522 0.449 0.016
0.531 0.091 0.354 0.024
0.389 0.067 0.088 0.456
0.041 0.462 0.437 0.06
24
0.167 0.093 0.463 0.277
0.216 0.068 0.695 0.021
0.058 0.699 0.238 0.005
0.019 0.962 0.001 0.018
0.164 0.648 0.102 0.086
0.062 0.099 0.605 0.234

18
0.026 0.752 0.222
0.204 0.317 0.479
0.047 0.495 0.458
0.786 0.079 0.135
0.062 0.871 0.067
0.055 0.458 0.487
18
0.198 0.0 0.802
0.729 0.082 0.189
0.009 0.384 0.607
0.302 0.006 0.692
0.029 0.872 0.099
0.06 0.047 0.893
18
0.68 0.12 0.2
0.529 0.002 0.469
0.043 0.021 0.936
0.018 0.93 0.052
0.027 0.042 0.931
0.592 0.269 0.139
18
0.861 0.12 0.019
0.076 0.167 0.757
0.011 0.983 0.006
0.748 0.082 0.17
0.393 0.006 0.601
0.592 0.044 0.364

4
0.964 0.036
0.649 0.351
4
0.391 0.609
0.578 0.422
4
0.966 0.034
0.534 0.466

18
0.212 0.114 0.674
0.178 0.704 0.118
0.113 0.548 0.339
0.6 0.007 0.393
0.251 0.723 0.026
0.541 0.386 0.073
18
0.026 0.914 0.06
0.292 0.072 0.636
0.041 0.02 0.939
0.271 0.42 0.309
0.425 0.109 0.466
0.037 0.225 0.738

18
0.019 0.933 0.048
0.995 0.001 0.004
0.023 0.278 0.699
0.416 0.019 0.565
0.159 0.061 0.78
0.106 0.875 0.019
18
0.363 0.622 0.015
0.147 0.619 0.234
0.039 0.03 0.931
0.541 0.067 0.392
0.248 0.71 0.042
0.633 0.169 0.198
18
0.004 0.995 0.001
0.218 0.122 0.66
0.806 0.036 0.158
0.935 0.058 0.007
0.176 0.165 0.659
0.972 0.019 0.009

4
0.505 0.495
0.817 0.183
4
0.107 0.893
0.187 0.813
4
0.444 0.556
0.032 0.968
