V-CREDAL 
4 
3 3 3 3 
4 
2 3 0 
3 0 2 1 
1 2 
1 3 

18 
0.20551 0.75294 0.04155 
0.16323 0.00461 0.83216 
0.86901 0.06004 0.07095 
0.02381 0.17741 0.79878 
0.04126 0.70485 0.25389 
0.81576 0.14852 0.03572 
18 
0.0708 0.00249 0.92671 
0.50488 0.08797 0.40715 
0.03883 0.76347 0.1977 
0.14033 0.78857 0.0711 
0.42182 0.5781 8.0E-5 
0.50221 0.40092 0.09687 
18 
0.37406 0.01385 0.61209 
0.10045 0.09853 0.80102 
0.01195 0.76447 0.22358 
0.51946 0.20164 0.2789 
0.57319 0.0602 0.36661 
0.14351 0.74874 0.10775 

18 
0.01279 0.4313 0.55591 
0.12744 0.051 0.82156 
0.4698 0.12116 0.40904 
0.61931 0.2711 0.10959 
0.00356 0.75952 0.23692 
0.31206 0.03045 0.65749 
18 
0.03234 0.89637 0.07129 
0.37398 0.30659 0.31943 
0.06097 0.46398 0.47505 
0.32652 0.12686 0.54662 
0.09651 0.84336 0.06013 
0.26272 0.67797 0.05931 
18 
0.79559 0.187 0.01741 
0.04935 0.9213 0.02935 
0.76079 0.16551 0.0737 
0.02813 0.89768 0.07419 
0.00426 0.00242 0.99332 
0.53983 0.45902 0.00115 
18 
0.73604 0.23463 0.02933 
0.26022 0.49218 0.2476 
0.0555 0.03407 0.91043 
0.05734 0.46768 0.47498 
0.91316 0.06797 0.01887 
0.61546 0.33941 0.04513 
18 
0.76915 0.06136 0.16949 
0.05306 0.14755 0.79939 
0.03162 0.73943 0.22895 
0.41118 0.45779 0.13103 
0.44552 0.09211 0.46237 
0.07146 0.74402 0.18452 
18 
0.19901 0.31255 0.48844 
0.11797 0.14468 0.73735 
0.44266 0.03447 0.52287 
0.32894 0.4366 0.23446 
0.856 0.04587 0.09813 
0.88877 0.09521 0.01602 
18 
0.08091 0.89809 0.021 
0.01058 0.0051 0.98432 
0.4263 0.50269 0.07101 
0.76908 0.01044 0.22048 
0.23328 0.00421 0.76251 
0.00176 0.79741 0.20083 
18 
0.52106 1.6E-4 0.47878 
0.04948 0.0915 0.85902 
0.14219 0.82213 0.03568 
0.12654 0.85081 0.02265 
0.08793 0.85997 0.0521 
0.03175 0.56631 0.40194 
18 
0.00921 0.23746 0.75333 
0.04983 0.94327 0.0069 
0.00869 0.97677 0.01454 
0.73792 0.03166 0.23042 
0.76682 0.03269 0.20049 
0.09282 0.08679 0.82039 

18 
0.08191 0.45603 0.46206 
0.02576 0.63453 0.33971 
0.27507 0.5762 0.14873 
0.51907 0.06176 0.41917 
0.96125 0.03622 0.00253 
0.58318 0.02385 0.39297 

18 
0.93107 0.00234 0.06659 
0.00589 0.99116 0.00295 
0.00721 0.03636 0.95643 
0.01664 0.01479 0.96857 
0.76739 0.22761 0.005 
0.80814 0.17465 0.01721 
