V-CREDAL 
10 
5 5 5 3 4 3 5 2 3 4 
10 
1 0 
2 0 1 
2 1 2 
2 2 3 
2 3 4 
2 4 5 
2 5 6 
2 6 7 
2 7 8 
2 8 9 

30 
0.48231 0.0143 0.02985 0.44742 0.02612 
0.06938 0.09996 0.52517 0.29647 0.00902 
0.02669 0.55097 0.00492 0.27444 0.14298 
0.00666 0.0554 0.04728 0.04773 0.84293 
0.05489 0.26526 0.37497 0.03704 0.26784 
0.02219 0.0326 0.60074 0.32823 0.01624 

30 
0.02814 0.01287 0.77994 0.0878 0.09125 
0.17135 0.15612 0.35424 0.08796 0.23033 
0.2175 0.71251 0.03052 0.01043 0.02904 
1.4E-4 0.31422 0.6825 0.00283 3.1E-4 
0.00388 0.89643 0.01639 0.05574 0.02756 
0.08074 0.39953 0.04079 0.45243 0.02651 
30 
0.02182 0.41726 0.07471 0.06115 0.42506 
0.0067 0.55351 0.01229 0.04369 0.38381 
0.00474 0.79193 0.04199 0.09158 0.06976 
0.23926 0.02159 0.04116 0.68288 0.01511 
0.01857 0.42036 0.34549 0.16271 0.05287 
0.19821 0.40698 0.36532 0.01524 0.01425 
30 
0.87562 0.01896 0.00737 0.00221 0.09584 
0.01225 0.81973 0.15039 0.01183 0.0058 
0.04757 0.46166 0.42701 0.05485 0.00891 
0.09255 0.03201 0.03715 0.03396 0.80433 
0.09852 0.0045 0.13769 0.53534 0.22395 
0.5288 0.02646 0.00184 0.35516 0.08774 
30 
0.5185 0.12061 0.02433 0.31873 0.01783 
0.29749 0.04638 0.31578 0.2773 0.06305 
0.50958 0.26038 0.07466 0.0642 0.09118 
0.13677 0.5809 0.03836 0.02533 0.21864 
0.23698 0.14444 0.12536 0.36652 0.1267 
0.02214 0.0809 0.89146 4.4E-4 0.00506 
30 
0.0322 0.78001 0.18218 0.00523 3.8E-4 
0.33481 0.32061 0.14933 0.06615 0.1291 
0.09879 0.16076 0.63671 0.00508 0.09866 
3.2E-4 6.0E-5 0.16009 0.6872 0.15233 
0.15402 0.64105 0.00184 0.00142 0.20167 
0.48505 0.11042 0.00421 0.03764 0.36268 

30 
5.0E-5 0.98245 0.01601 3.3E-4 0.00116 
0.409 0.23076 0.04014 0.17067 0.14943 
4.0E-4 0.94507 0.00566 3.4E-4 0.04853 
0.2857 0.12476 0.02483 0.05668 0.50803 
0.03919 0.01759 0.00521 0.93022 0.00779 
0.0346 0.09418 0.05498 0.72983 0.08641 
30 
0.5286 0.02663 0.00411 0.22303 0.21763 
0.06526 0.14881 0.02248 0.08452 0.67893 
0.01978 0.00103 0.02053 0.13977 0.81889 
0.00241 0.81676 0.11796 0.03688 0.02599 
0.07779 0.01446 0.74427 0.05939 0.10409 
0.00346 0.82814 0.00435 0.02881 0.13524 
30 
0.02089 0.53985 0.00381 0.25844 0.17701 
0.01154 0.0316 0.64979 0.02104 0.28603 
0.03242 0.78949 0.09023 0.0284 0.05946 
0.10007 0.56844 0.09048 0.02868 0.21233 
0.32459 0.26471 0.2218 0.06551 0.12339 
0.17604 0.66221 0.11684 0.03112 0.01379 
30 
0.12684 0.32825 0.07898 0.02402 0.44191 
0.57112 0.42023 7.3E-4 0.00499 0.00293 
0.24769 0.6155 0.01326 0.12335 2.0E-4 
0.12212 0.5271 0.00149 0.33757 0.01172 
0.1219 0.39472 0.14959 0.25792 0.07587 
0.28438 0.036 0.18093 0.46223 0.03646 
30 
0.03438 0.08623 0.04471 0.30491 0.52977 
0.02151 0.24729 0.08157 0.54307 0.10656 
0.55624 0.37139 0.01223 0.01218 0.04796 
0.00149 0.11663 0.03787 0.0032 0.84081 
0.32838 0.09042 0.0238 0.20703 0.35037 
0.142 0.086 0.07328 0.69431 0.00441 

18 
0.1096 0.87975 0.01065 
0.82956 0.03631 0.13413 
0.00136 0.88639 0.11225 
0.02984 0.33824 0.63192 
0.09391 0.11124 0.79485 
0.63806 0.01808 0.34386 
18 
0.00445 0.01222 0.98333 
0.91839 0.04733 0.03428 
0.83522 0.03467 0.13011 
0.03764 0.92813 0.03423 
0.55634 0.02577 0.41789 
0.75536 0.22297 0.02167 
18 
0.88822 0.00298 0.1088 
0.14428 0.03463 0.82109 
0.44884 0.54932 0.00184 
0.77392 7.8E-4 0.2253 
0.02768 0.85443 0.11789 
0.01475 0.33576 0.64949 
18 
0.65318 0.15971 0.18711 
0.30381 0.67256 0.02363 
0.00161 0.02268 0.97571 
4.5E-4 0.92551 0.07404 
0.63971 0.08824 0.27205 
0.09167 0.89465 0.01368 
18 
0.23014 0.10226 0.6676 
0.00169 0.05384 0.94447 
0.28091 0.6265 0.09259 
0.11425 0.07762 0.80813 
0.27051 0.70218 0.02731 
0.06769 0.76884 0.16347 

24 
0.1138 0.0565 0.02131 0.80839 
0.45038 0.28601 0.04589 0.21772 
0.03127 0.17109 0.66591 0.13173 
0.15513 0.1884 0.63641 0.02006 
0.27625 0.52732 0.18389 0.01254 
0.24733 0.11809 0.43222 0.20236 
24 
0.96516 0.02184 5.5E-4 0.01245 
0.67516 0.01452 0.03567 0.27465 
0.0193 0.20181 0.27033 0.50856 
0.08177 0.11045 0.18289 0.62489 
0.40999 0.24015 0.2053 0.14456 
0.37516 0.10478 0.23065 0.28941 
24 
0.60333 0.17147 0.02483 0.20037 
0.10301 0.24335 0.6413 0.01234 
0.02409 0.11731 0.85694 0.00166 
0.14394 0.01698 0.75885 0.08023 
0.08395 0.31819 0.47602 0.12184 
0.4996 0.20418 0.26014 0.03608 

18 
0.02798 0.92643 0.04559 
0.05867 0.31442 0.62691 
0.96503 0.02565 0.00932 
0.16718 0.10235 0.73047 
0.8909 0.00981 0.09929 
0.76782 0.2199 0.01228 
18 
0.91593 0.04739 0.03668 
0.00243 0.49786 0.49971 
0.09785 0.81132 0.09083 
0.00303 0.09182 0.90515 
0.13302 0.01162 0.85536 
0.44743 0.53338 0.01919 
18 
0.77991 0.06679 0.1533 
0.26934 0.66661 0.06405 
0.01221 0.01044 0.97735 
0.00855 0.0483 0.94315 
0.81981 0.13851 0.04168 
0.1076 0.82053 0.07187 
18 
0.01049 0.00438 0.98513 
0.00604 0.00979 0.98417 
0.82759 0.02258 0.14983 
0.07148 0.9279 6.2E-4 
0.00271 0.138 0.85929 
0.03574 0.87084 0.09342 

30 
0.03658 0.06721 0.20873 0.27153 0.41595 
0.03118 0.58965 0.3596 0.01753 0.00204 
0.02144 0.44597 0.10966 0.38539 0.03754 
0.02486 0.20711 0.63428 0.13057 0.00318 
0.07297 0.89834 0.02614 0.00251 4.0E-5 
0.53449 0.26931 0.03876 0.13977 0.01767 
30 
0.14091 0.46106 0.02792 0.25613 0.11398 
0.00808 0.73273 0.09612 0.00681 0.15626 
0.04452 0.15056 0.67073 0.01086 0.12333 
0.68395 0.06076 0.07059 0.06644 0.11826 
0.64245 0.0651 0.24031 0.03331 0.01883 
0.00392 0.69918 0.00752 0.07313 0.21625 
30 
0.71086 0.00575 2.5E-4 0.27398 0.00916 
0.11281 0.05267 0.25007 0.15162 0.43283 
0.70162 0.02063 0.0907 0.01252 0.17453 
0.03104 0.11754 0.76233 0.07632 0.01277 
0.11883 0.26436 0.33638 0.26505 0.01538 
0.05673 0.02892 0.18099 0.06438 0.66898 

4 
0.86516 0.13484 
0.47476 0.52524 
4 
0.49714 0.50286 
0.81757 0.18243 
4 
0.83824 0.16176 
0.5571 0.4429 
4 
0.30436 0.69564 
0.50787 0.49213 
4 
0.93347 0.06653 
0.26884 0.73116 

18 
0.12125 0.01155 0.8672 
0.00142 0.98476 0.01382 
0.00317 0.36782 0.62901 
0.96763 0.03009 0.00228 
0.0856 0.01173 0.90267 
0.0189 0.0241 0.957 
18 
0.14496 0.00516 0.84988 
0.09131 0.0175 0.89119 
0.72008 0.11189 0.16803 
0.0521 0.89185 0.05605 
0.01304 0.5285 0.45846 
0.82958 0.15769 0.01273 

24 
0.03365 0.04111 0.73387 0.19137 
0.50148 0.04722 0.28573 0.16557 
0.02867 0.23082 0.00421 0.7363 
0.00347 0.87066 0.05719 0.06868 
0.0601 0.03519 0.88554 0.01917 
0.01435 0.12415 0.32913 0.53237 
24 
0.00151 0.82669 0.02742 0.14438 
0.14324 0.14586 0.31162 0.39928 
0.05622 0.86795 0.06829 0.00754 
0.28357 0.11021 0.48713 0.11909 
0.72433 0.06895 0.0372 0.16952 
0.05506 0.07468 0.56867 0.30159 
24 
0.09084 0.8853 0.01749 0.00637 
0.36292 0.13315 0.35064 0.15329 
0.95517 3.8E-4 0.02751 0.01694 
0.40037 0.09788 0.37309 0.12866 
0.15711 0.38089 0.39136 0.07064 
0.7156 0.00353 5.0E-5 0.28082 
