V-CREDAL
9
4 3 2 2 3 3 4 4 2
9
1 0
2 0 1
2 1 2
2 2 3
2 3 4
2 4 5
2 5 6
2 6 7
2 7 8

16
0.063 0.098 0.446 0.393
0.561 0.054 0.22 0.165
0.093 0.111 0.121 0.675
0.32 0.121 0.461 0.098

12
0.626 0.307 0.067
0.396 0.046 0.558
0.038 0.009 0.953
0.026 0.293 0.681
12
0.612 0.165 0.223
0.331 0.323 0.346
0.926 0.041 0.033
0.84 0.037 0.123
12
0.006 0.874 0.12
0.161 0.393 0.446
0.124 0.47 0.406
0.575 0.077 0.348
12
0.054 0.662 0.284
0.001 0.001 0.998
0.399 0.466 0.135
0.742 0.077 0.181

4
0.267 0.733
0.883 0.117
4
0.648 0.352
0.057 0.943
4
0.951 0.049
0.563 0.437

4
0.843 0.157
0.728 0.272
4
0.484 0.516
0.536 0.464

12
0.759 0.116 0.125
0.082 0.533 0.385
0.784 0.177 0.039
0.064 0.828 0.108
12
0.57 0.316 0.114
0.148 0.208 0.644
0.674 0.045 0.281
0.687 0.262 0.051

12
0.833 0.027 0.14
0.002 0.951 0.047
0.019 0.934 0.047
0.112 0.819 0.069
12
0.309 0.468 0.223
0.376 0.071 0.553
0.116 0.718 0.166
0.353 0.239 0.408
12
0.557 0.214 0.229
0.924 0.038 0.038
0.171 0.281 0.548
0.025 0.337 0.638

16
0.103 0.811 0.08 0.006
0.093 0.051 0.304 0.552
0.081 0.429 0.281 0.209
0.628 0.265 0.042 0.065
16
0.227 0.617 0.134 0.022
0.161 0.003 0.057 0.779
0.672 0.146 0.003 0.179
0.019 0.457 0.109 0.415
16
0.02 0.011 0.813 0.156
0.073 0.563 0.045 0.319
0.054 0.055 0.723 0.168
0.024 0.038 0.843 0.095

16
0.473 0.419 0.098 0.01
0.394 0.309 0.198 0.099
0.054 0.009 0.22 0.717
0.02 0.016 0.1 0.864
16
0.047 0.14 0.305 0.508
0.023 0.942 0.013 0.022
0.48 0.293 0.227 0.0
0.625 0.358 0.011 0.006
16
0.05 0.443 0.106 0.401
0.05 0.018 0.73 0.202
0.15 0.724 0.097 0.029
0.106 0.172 0.439 0.283
16
0.476 0.128 0.007 0.389
0.158 0.625 0.024 0.193
0.751 0.053 0.102 0.094
0.288 0.108 0.033 0.571

4
0.965 0.035
0.668 0.332
4
0.026 0.974
0.892 0.108
4
0.145 0.855
0.267 0.733
4
0.635 0.365
0.342 0.658
