V-CREDAL 
6 
4 2 4 3 5 5 
6 
2 5 0 
3 4 5 1 
2 5 2 
2 4 3 
1 4 
1 5 

24 
0.54845 0.26505 0.01284 0.17366 
0.0118 0.98611 0.00169 4.0E-4 
0.00393 0.48229 0.05257 0.46121 
0.02224 0.14667 0.82773 0.00336 
0.67386 0.02102 0.01914 0.28598 
0.84755 0.06714 0.07333 0.01198 
24 
0.00538 0.46486 0.2332 0.29656 
0.20554 0.20819 0.10358 0.48269 
0.34527 0.38763 0.04705 0.22005 
0.00357 0.00432 0.98734 0.00477 
0.36761 0.03545 0.15391 0.44303 
0.14882 0.41693 0.13067 0.30358 
24 
0.04594 0.0154 0.93717 0.00149 
0.85831 0.09906 0.03963 0.003 
0.00792 9.0E-5 0.09358 0.89841 
0.19968 0.45835 0.11866 0.22331 
0.04942 0.04076 0.00741 0.90241 
0.03475 0.40963 0.28007 0.27555 
24 
0.08094 0.05614 0.35054 0.51238 
0.12574 0.2775 0.0534 0.54336 
0.79019 0.12329 0.01234 0.07418 
0.11752 0.06705 0.2266 0.58883 
0.14911 0.06976 0.64197 0.13916 
0.93051 0.01677 0.02471 0.02801 
24 
0.3745 0.24742 0.27752 0.10056 
0.34144 0.29966 0.3021 0.0568 
0.35995 0.0262 0.00769 0.60616 
0.05761 0.53363 0.29565 0.11311 
0.04301 0.4215 0.09865 0.43684 
0.16851 0.56517 0.03048 0.23584 

4 
0.06952 0.93048 
0.45929 0.54071 
4 
0.98998 0.01002 
0.05929 0.94071 
4 
0.14071 0.85929 
0.77781 0.22219 
4 
0.14503 0.85497 
0.81928 0.18072 
4 
0.6174 0.3826 
0.40815 0.59185 
4 
0.33826 0.66174 
0.78594 0.21406 
4 
0.03535 0.96465 
0.88173 0.11827 
4 
0.16408 0.83592 
0.29786 0.70214 
4 
0.5271 0.4729 
0.66952 0.33048 
4 
0.07644 0.92356 
0.73074 0.26926 
4 
0.52148 0.47852 
0.12763 0.87237 
4 
0.68626 0.31374 
0.3768 0.6232 
4 
0.07922 0.92078 
0.41661 0.58339 
4 
0.74605 0.25395 
0.04912 0.95088 
4 
0.41176 0.58824 
0.3039 0.6961 
4 
0.95432 0.04568 
0.20112 0.79888 
4 
0.86441 0.13559 
0.93094 0.06906 
4 
0.09762 0.90238 
0.70221 0.29779 
4 
0.33401 0.66599 
0.93344 0.06656 
4 
0.57095 0.42905 
0.43517 0.56483 
4 
0.54336 0.45664 
0.68145 0.31855 
4 
0.80718 0.19282 
0.19275 0.80725 
4 
0.80545 0.19455 
0.02448 0.97552 
4 
0.65056 0.34944 
0.79893 0.20107 
4 
0.00546 0.99454 
0.59397 0.40603 

24 
0.03054 0.87546 0.0011 0.0929 
0.73387 0.0142 0.16702 0.08491 
0.04756 0.01057 0.28929 0.65258 
0.1884 0.26016 0.5312 0.02024 
0.13293 0.36847 0.42665 0.07195 
0.01408 0.9852 6.8E-4 4.0E-5 
24 
0.20157 0.30855 0.03115 0.45873 
0.42658 0.17935 0.02699 0.36708 
0.58125 0.02796 0.00682 0.38397 
0.94271 6.4E-4 0.05294 0.00371 
0.18629 0.33556 0.17631 0.30184 
0.04094 0.03193 0.37662 0.55051 
24 
0.00106 0.1888 0.72527 0.08487 
0.36225 0.06247 0.03621 0.53907 
0.61434 0.29582 0.03338 0.05646 
0.15301 0.14878 0.0671 0.63111 
0.03352 0.0261 0.07141 0.86897 
0.47713 0.03982 0.3478 0.13525 
24 
0.74109 0.18666 0.04925 0.023 
0.02252 0.13793 0.03256 0.80699 
0.05871 0.01254 0.87655 0.0522 
0.3607 0.53531 0.07539 0.0286 
0.11883 0.01859 0.85441 0.00817 
0.04593 0.04593 0.05676 0.85138 
24 
0.10843 0.63887 0.12134 0.13136 
0.07213 0.63731 0.24083 0.04973 
0.60589 0.22049 0.04501 0.12861 
0.04913 0.45 0.23225 0.26862 
0.01146 0.01544 0.38804 0.58506 
0.26027 0.09488 0.19988 0.44497 

18 
0.00646 0.01807 0.97547 
0.17759 0.80556 0.01685 
0.89503 0.03836 0.06661 
0.82438 0.02337 0.15225 
0.90549 0.05226 0.04225 
0.02812 0.37889 0.59299 
18 
0.00247 0.9762 0.02133 
0.92099 0.07145 0.00756 
0.73824 0.00982 0.25194 
0.00524 0.0159 0.97886 
0.92098 0.05412 0.0249 
0.01868 7.5E-4 0.98057 
18 
0.01904 0.96528 0.01568 
0.93587 0.04609 0.01804 
0.01093 0.2072 0.78187 
0.0115 0.14705 0.84145 
0.30752 0.01137 0.68111 
0.04911 0.11854 0.83235 
18 
0.11807 0.84371 0.03822 
0.21124 0.1816 0.60716 
0.87366 0.09173 0.03461 
0.00285 0.27677 0.72038 
0.59582 0.05924 0.34494 
0.64923 0.04821 0.30256 
18 
0.49562 0.14227 0.36211 
0.62627 0.07655 0.29718 
0.16906 0.80063 0.03031 
0.11977 0.72815 0.15208 
0.30561 0.62985 0.06454 
0.15823 0.58001 0.26176 

30 
0.0218 0.24173 0.1171 0.41297 0.2064 
0.19729 0.16629 0.01362 0.47399 0.14881 
0.01098 0.00156 0.97229 0.00628 0.00889 
0.13941 0.73877 0.10992 0.00378 0.00812 
0.00868 0.22703 0.03196 0.73064 0.00169 
0.06016 0.09939 0.10651 0.67526 0.05868 

30 
0.17227 0.02733 0.01502 0.29018 0.4952 
0.0285 0.10739 0.84151 0.00925 0.01335 
0.00502 0.06171 0.22613 0.58416 0.12298 
0.00634 0.11279 0.27207 0.59596 0.01284 
0.02479 0.5753 0.12031 0.0392 0.2404 
0.15879 0.00906 0.00977 0.02876 0.79362 
