V-CREDAL
8
3 4 2 3 4 4 4 3
8
2 5 0
1 1
4 3 6 7 2
1 3
2 1 4
1 5
3 0 1 6
1 7

18
0.66 0.008 0.332
0.015 0.955 0.03
0.103 0.885 0.012
0.008 0.01 0.982
0.612 0.361 0.027
0.018 0.009 0.973
18
0.817 0.063 0.12
0.456 0.536 0.008
0.089 0.88 0.031
0.003 0.051 0.946
0.793 0.029 0.178
0.208 0.03 0.762
18
0.021 0.95 0.029
0.025 0.79 0.185
0.766 0.213 0.021
0.056 0.01 0.934
0.227 0.007 0.766
0.042 0.112 0.846
18
0.032 0.051 0.917
0.913 0.043 0.044
0.879 0.014 0.107
0.39 0.573 0.037
0.116 0.823 0.061
0.048 0.479 0.473

24
0.008 0.177 0.758 0.057
0.302 0.039 0.133 0.526
0.008 0.786 0.001 0.205
0.067 0.158 0.087 0.688
0.281 0.175 0.32 0.224
0.011 0.007 0.912 0.07

4
0.98 0.02
0.304 0.696
4
0.91 0.09
0.666 0.334
4
0.844 0.156
0.993 0.007
4
0.704 0.296
0.277 0.723
4
0.841 0.159
0.826 0.174
4
0.302 0.698
0.282 0.718
4
0.734 0.266
0.864 0.136
4
0.421 0.579
0.12 0.88
4
0.051 0.949
0.663 0.337
4
0.755 0.245
0.92 0.08
4
0.758 0.242
0.229 0.771
4
0.434 0.566
0.637 0.363
4
0.485 0.515
0.687 0.313
4
0.492 0.508
0.4 0.6
4
0.212 0.788
0.624 0.376
4
0.833 0.167
0.33 0.67
4
0.827 0.173
0.253 0.747
4
0.5 0.5
0.222 0.778
4
0.277 0.723
0.491 0.509
4
0.652 0.348
0.768 0.232
4
0.218 0.782
0.129 0.871
4
0.067 0.933
0.264 0.736
4
0.896 0.104
0.12 0.88
4
0.363 0.637
0.25 0.75
4
0.843 0.157
0.327 0.673
4
0.883 0.117
0.655 0.345
4
0.314 0.686
0.206 0.794
4
0.908 0.092
0.73 0.27
4
0.158 0.842
0.406 0.594
4
0.766 0.234
0.27 0.73
4
0.737 0.263
0.563 0.437
4
0.186 0.814
0.313 0.687
4
0.3 0.7
0.685 0.315
4
0.08 0.92
0.518 0.482
4
0.811 0.189
0.939 0.061
4
0.926 0.074
0.169 0.831

18
0.839 0.012 0.149
0.277 0.687 0.036
0.009 0.89 0.101
0.264 0.102 0.634
0.707 0.006 0.287
0.833 0.009 0.158

24
0.056 0.785 0.112 0.047
0.601 0.177 0.082 0.14
0.047 0.514 0.421 0.018
0.325 0.387 0.043 0.245
0.03 0.523 0.024 0.423
0.894 0.01 0.077 0.019
24
0.186 0.008 0.123 0.683
0.016 0.003 0.542 0.439
0.442 0.123 0.406 0.029
0.003 0.953 0.03 0.014
0.263 0.038 0.031 0.668
0.295 0.076 0.021 0.608
24
0.171 0.254 0.521 0.054
0.007 0.26 0.342 0.391
0.307 0.274 0.248 0.171
0.007 0.558 0.291 0.144
0.27 0.305 0.362 0.063
0.039 0.773 0.171 0.017
24
0.221 0.402 0.132 0.245
0.02 0.289 0.011 0.68
0.487 0.471 0.013 0.029
0.017 0.025 0.107 0.851
0.01 0.078 0.416 0.496
0.002 0.159 0.835 0.004

24
0.284 0.606 0.019 0.091
0.014 0.048 0.937 0.001
0.337 0.14 0.335 0.188
0.171 0.691 0.06 0.078
0.071 0.358 0.202 0.369
0.142 0.007 0.038 0.813

24
0.158 0.006 0.018 0.818
0.016 0.308 0.17 0.506
0.041 0.298 0.4 0.261
0.239 0.085 0.664 0.012
0.267 0.579 0.025 0.129
0.067 0.038 0.266 0.629
24
0.276 0.048 0.578 0.098
0.048 0.9 0.03 0.022
0.182 0.077 0.06 0.681
0.111 0.006 0.863 0.02
0.009 0.986 0.001 0.004
0.034 0.188 0.697 0.081
24
0.008 0.007 0.45 0.535
0.185 0.153 0.134 0.528
0.047 0.038 0.129 0.786
0.329 0.141 0.486 0.044
0.465 0.255 0.258 0.022
0.007 0.989 0.003 0.001
24
0.165 0.005 0.091 0.739
0.06 0.668 0.122 0.15
0.681 0.25 0.014 0.055
0.192 0.194 0.267 0.347
0.032 0.133 0.066 0.769
0.484 0.236 0.261 0.019
24
0.703 0.11 0.047 0.14
0.015 0.456 0.527 0.002
0.912 0.061 0.016 0.011
0.002 0.185 0.806 0.007
0.173 0.679 0.139 0.009
0.981 0.012 0.005 0.002
24
0.076 0.006 0.486 0.432
0.463 0.293 0.019 0.225
0.159 0.195 0.393 0.253
0.126 0.754 0.102 0.018
0.048 0.088 0.153 0.711
0.134 0.696 0.022 0.148
24
0.354 0.003 0.612 0.031
0.142 0.019 0.465 0.374
0.031 0.883 0.018 0.068
0.017 0.425 0.311 0.247
0.019 0.508 0.459 0.014
0.459 0.002 0.279 0.26
24
0.023 0.71 0.029 0.238
0.019 0.03 0.856 0.095
0.13 0.193 0.471 0.206
0.278 0.113 0.061 0.548
0.009 0.864 0.028 0.099
0.221 0.077 0.019 0.683
24
0.011 0.036 0.006 0.947
0.185 0.468 0.092 0.255
0.994 0.003 0.001 0.002
0.258 0.004 0.202 0.536
0.181 0.029 0.777 0.013
0.062 0.34 0.515 0.083
24
0.017 0.198 0.018 0.767
0.016 0.071 0.887 0.026
0.009 0.004 0.714 0.273
0.05 0.005 0.418 0.527
0.006 0.002 0.982 0.01
0.076 0.887 0.015 0.022
24
0.074 0.012 0.444 0.47
0.68 0.112 0.194 0.014
0.004 0.222 0.662 0.112
0.098 0.241 0.548 0.113
0.339 0.004 0.181 0.476
0.167 0.162 0.365 0.306
24
0.019 0.018 0.908 0.055
0.166 0.124 0.055 0.655
0.023 0.01 0.963 0.004
0.337 0.368 0.283 0.012
0.048 0.783 0.062 0.107
0.046 0.739 0.109 0.106

18
0.067 0.222 0.711
0.253 0.184 0.563
0.4 0.462 0.138
0.634 0.11 0.256
0.128 0.476 0.396
0.106 0.422 0.472
