V-CREDAL
6
4 4 2 2 3 4
6
2 5 0
1 1
3 4 5 2
2 1 3
1 4
2 1 5

16
0.094 0.175 0.046 0.685
0.268 0.054 0.563 0.115
0.182 0.045 0.671 0.102
0.057 0.219 0.712 0.012
16
0.003 0.232 0.134 0.631
0.292 0.508 0.192 0.008
0.169 0.004 0.714 0.113
0.404 0.268 0.126 0.202
16
0.243 0.072 0.41 0.275
0.014 0.074 0.66 0.252
0.043 0.104 0.217 0.636
0.052 0.092 0.757 0.099
16
0.032 0.25 0.713 0.005
0.072 0.486 0.348 0.094
0.225 0.382 0.103 0.29
0.434 0.027 0.219 0.32

16
0.031 0.001 0.074 0.894
0.136 0.038 0.801 0.025
0.0 0.879 0.12 0.001
0.001 0.0 0.985 0.014

4
0.104 0.896
0.036 0.964
4
0.611 0.389
0.904 0.096
4
0.509 0.491
0.774 0.226
4
0.295 0.705
0.704 0.296
4
0.61 0.39
0.953 0.047
4
0.828 0.172
0.127 0.873
4
0.021 0.979
0.109 0.891
4
0.876 0.124
0.336 0.664
4
0.131 0.869
0.64 0.36
4
0.137 0.863
0.471 0.529
4
0.942 0.058
0.814 0.186
4
0.531 0.469
0.204 0.796

4
0.82 0.18
0.959 0.041
4
0.038 0.962
0.489 0.511
4
0.03 0.97
0.291 0.709
4
0.723 0.277
0.936 0.064

12
0.091 0.681 0.228
0.146 0.05 0.804
0.657 0.3 0.043
0.307 0.667 0.026

16
0.14 0.638 0.182 0.04
0.57 0.001 0.029 0.4
0.26 0.475 0.102 0.163
0.003 0.002 0.0 0.995
16
0.195 0.039 0.039 0.727
0.167 0.77 0.002 0.061
0.007 0.104 0.115 0.774
0.186 0.331 0.148 0.335
16
0.123 0.138 0.724 0.015
0.3 0.014 0.302 0.384
0.132 0.077 0.12 0.671
0.183 0.101 0.26 0.456
16
0.199 0.193 0.003 0.605
0.306 0.235 0.01 0.449
0.096 0.016 0.206 0.682
0.429 0.031 0.521 0.019
