V-CREDAL 
6 
4 2 3 2 3 4 
6 
1 0 
2 0 1 
2 1 2 
2 2 3 
2 3 4 
2 4 5 

16 
0.51237 0.16384 0.18699 0.1368 
0.72572 0.18866 0.01132 0.0743 
0.08751 0.55126 0.26372 0.09751 
0.0483 0.04369 0.03077 0.87724 

4 
0.14877 0.85123 
0.14113 0.85887 
4 
0.577 0.423 
0.68555 0.31445 
4 
0.12331 0.87669 
0.21836 0.78164 
4 
0.83641 0.16359 
0.16715 0.83285 

12 
0.02447 0.57338 0.40215 
0.73976 0.16659 0.09365 
0.24413 0.55735 0.19852 
0.39607 0.00401 0.59992 
12 
0.69438 0.27027 0.03535 
0.49133 0.44294 0.06573 
0.28666 0.20688 0.50646 
0.28945 0.49395 0.2166 

4 
0.50727 0.49273 
0.68022 0.31978 
4 
0.91079 0.08921 
0.07793 0.92207 
4 
0.78887 0.21113 
0.60372 0.39628 

12 
0.03092 0.78417 0.18491 
0.05978 0.92141 0.01881 
0.676 0.11536 0.20864 
0.5076 0.43557 0.05683 
12 
0.70772 0.00176 0.29052 
0.71352 0.14313 0.14335 
0.02451 0.42795 0.54754 
0.01095 0.08566 0.90339 

16 
0.44721 0.0574 0.09231 0.40308 
0.15079 0.83922 0.00591 0.00408 
0.27469 0.66157 0.04302 0.02072 
0.17129 0.47367 0.26241 0.09263 
16 
0.31545 0.09124 0.03025 0.56306 
0.40894 0.13208 0.00504 0.45394 
0.38691 0.51672 0.01744 0.07893 
0.24041 0.62572 0.09729 0.03658 
16 
0.00984 0.01947 0.0332 0.93749 
0.59877 0.12527 0.00323 0.27273 
0.01629 0.656 0.29431 0.0334 
0.15009 0.34821 0.36925 0.13245 
