V-CREDAL 
6 
4 3 5 4 5 5 
6 
1 0 
2 0 1 
2 1 2 
2 2 3 
2 3 4 
2 4 5 

24 
0.00239 0.7782 0.21612 0.00329 
0.53084 0.04778 0.41989 0.00149 
0.04588 0.27758 0.03948 0.63706 
0.17992 0.5127 0.00836 0.29902 
0.76582 0.1084 0.09466 0.03112 
0.06832 0.05629 0.35236 0.52303 

18 
0.70667 0.27348 0.01985 
0.20809 0.75833 0.03358 
0.17605 0.11344 0.71051 
0.01252 0.86497 0.12251 
0.09974 0.18593 0.71433 
0.50794 0.10461 0.38745 
18 
0.09303 0.54444 0.36253 
0.42288 0.51804 0.05908 
0.91302 0.06568 0.0213 
0.69196 0.02981 0.27823 
0.14786 0.14613 0.70601 
0.10779 0.35564 0.53657 
18 
0.02598 0.38369 0.59033 
0.05631 0.85509 0.0886 
0.13283 0.0388 0.82837 
0.11358 0.50108 0.38534 
0.16639 0.06457 0.76904 
0.0039 0.79653 0.19957 
18 
0.88857 0.09558 0.01585 
0.04578 0.04846 0.90576 
0.02108 0.95281 0.02611 
0.25282 0.03306 0.71412 
0.03076 0.95144 0.0178 
0.88181 0.03135 0.08684 

30 
0.00766 0.75483 0.07605 0.15285 0.00861 
0.17066 0.00699 0.22614 0.58934 0.00687 
0.34583 0.00901 0.02126 0.57574 0.04816 
0.07024 0.24015 0.52145 0.09459 0.07357 
0.24103 0.09476 0.04338 0.0944 0.52643 
0.07134 0.00157 0.89988 0.00808 0.01913 
30 
0.65902 0.02897 0.092 0.18487 0.03514 
0.59741 0.11208 0.21968 0.00558 0.06525 
0.30096 0.02598 0.11974 0.05192 0.5014 
0.21202 0.03778 0.34977 0.05297 0.34746 
0.08154 0.00595 0.87461 0.01702 0.02088 
0.02629 0.04249 0.84728 0.00115 0.08279 
30 
0.12311 0.00263 0.06797 0.80605 2.4E-4 
0.23214 0.03964 0.00368 0.64598 0.07856 
0.00875 0.99061 3.0E-5 5.7E-4 4.0E-5 
0.08471 0.02799 0.0134 0.67604 0.19786 
0.1306 0.02345 0.07962 0.72246 0.04387 
0.12165 0.43483 5.8E-4 0.1268 0.31614 

24 
0.06021 0.12107 0.55009 0.26863 
0.00171 0.83913 0.04642 0.11274 
0.13825 0.54195 0.05649 0.26331 
0.32698 0.36755 0.28141 0.02406 
0.30316 0.49005 0.00257 0.20422 
0.05494 0.09197 0.78565 0.06744 
24 
0.29781 0.25772 0.25229 0.19218 
0.24339 0.10492 0.47514 0.17655 
0.03511 0.64952 0.24464 0.07073 
0.00948 0.18506 0.37643 0.42903 
0.16452 0.71834 0.09084 0.0263 
0.02003 0.51337 0.11973 0.34687 
24 
0.26692 0.25824 0.127 0.34784 
0.00774 0.82117 0.16469 0.0064 
0.61177 0.01229 0.37021 0.00573 
0.22666 0.67561 0.04921 0.04852 
0.05577 0.07482 0.41645 0.45296 
0.26878 0.07256 0.18663 0.47203 
24 
0.52652 0.05663 0.11805 0.2988 
0.14756 0.48725 0.34239 0.0228 
0.16842 0.015 0.30209 0.51449 
0.00383 0.01077 0.97992 0.00548 
0.23091 0.52156 0.00702 0.24051 
0.88745 0.00386 0.0053 0.10339 
24 
0.32906 0.54447 0.04092 0.08555 
0.11649 0.02954 0.7451 0.10887 
0.00287 0.7294 0.08275 0.18498 
0.21533 0.09274 0.57571 0.11622 
0.44174 0.07521 0.07506 0.40799 
0.40258 0.39903 0.19639 0.002 

30 
0.01157 0.08655 0.15801 0.74265 0.00122 
0.16341 0.07832 0.1563 0.32477 0.2772 
0.00495 1.3E-4 0.00135 0.01886 0.97471 
0.09905 0.00608 0.00861 0.87434 0.01192 
0.41199 0.4521 0.05112 0.03762 0.04717 
0.01821 0.0036 0.11752 0.08807 0.7726 
30 
0.01158 0.77016 0.01488 0.01525 0.18813 
0.93299 0.00976 0.00475 0.00956 0.04294 
0.5027 0.01349 0.02609 0.35115 0.10657 
0.46512 5.0E-4 0.0051 0.01127 0.51801 
0.20551 0.11359 0.66955 0.01055 8.0E-4 
0.24598 0.00154 0.00178 0.00966 0.74104 
30 
0.81341 0.18358 7.2E-4 6.1E-4 0.00168 
0.03004 0.0973 0.04606 0.0044 0.8222 
0.07427 0.10589 0.33032 0.35434 0.13518 
0.08986 0.13762 0.33561 0.40398 0.03293 
0.03125 0.01067 0.58165 0.02343 0.353 
0.05975 0.00989 0.01575 0.01794 0.89667 
30 
0.12155 0.27865 0.05414 0.24186 0.3038 
0.15463 0.48983 0.0734 0.08269 0.19945 
0.06978 0.07284 0.03931 0.29633 0.52174 
0.0471 0.06104 0.61995 0.19752 0.07439 
0.16802 0.3063 0.36717 0.12903 0.02948 
0.07927 0.31004 0.1227 0.48609 0.0019 

30 
4.8E-4 0.99403 0.00162 0.00348 3.9E-4 
0.08495 0.03715 0.67751 0.04623 0.15416 
0.74475 0.06087 0.00603 0.0154 0.17295 
0.66376 0.01278 0.14819 0.1127 0.06257 
0.00947 0.62007 0.02463 0.32914 0.01669 
0.48498 0.02871 0.01284 0.13382 0.33965 
30 
0.86986 0.00592 0.00364 0.11098 0.0096 
0.7312 0.11641 0.0527 0.02683 0.07286 
0.00284 0.91176 0.02853 0.00221 0.05466 
0.33193 0.37659 0.15297 0.03325 0.10526 
0.64584 0.01322 0.02011 0.00684 0.31399 
0.20083 0.03624 0.16743 0.49614 0.09936 
30 
0.00649 0.31766 0.06366 0.60054 0.01165 
0.57405 0.13936 0.09193 0.03645 0.15821 
0.87602 8.8E-4 0.0676 0.0523 0.0032 
0.04966 0.02469 0.06694 0.0029 0.85581 
0.02305 0.3528 0.28425 0.04433 0.29557 
0.22705 0.00649 0.02301 0.06217 0.68128 
30 
0.08907 0.14705 0.03046 0.72911 0.00431 
0.02203 0.30544 0.01858 0.59272 0.06123 
0.4102 0.27775 0.15396 0.11378 0.04431 
0.01024 0.39073 0.01115 0.58554 0.00234 
0.00191 0.22895 0.07481 0.00268 0.69165 
0.16017 0.74182 0.00222 0.08753 0.00826 
30 
0.09321 0.05289 0.48349 0.06174 0.30867 
0.04937 0.03481 0.68362 0.17214 0.06006 
0.03284 0.07837 6.5E-4 0.88217 0.00597 
0.38809 0.02021 0.0452 0.02659 0.51991 
0.13092 0.01137 0.06025 0.00358 0.79388 
0.09751 0.04616 0.55613 0.24852 0.05168 
