V-CREDAL
5
2 3 3 2 4
5
1 0
2 0 1
2 1 2
2 2 3
2 3 4

4
0.491 0.509
0.859 0.141

18
0.064 0.887 0.049
0.014 0.238 0.748
0.812 0.016 0.172
0.015 0.021 0.964
0.247 0.752 0.001
0.032 0.814 0.154
18
0.89 0.012 0.098
0.02 0.975 0.005
0.965 0.009 0.026
0.99 0.009 0.001
0.164 0.181 0.655
0.273 0.141 0.586

18
0.968 0.02 0.012
0.962 0.016 0.022
0.0 0.004 0.996
0.341 0.644 0.015
0.062 0.824 0.114
0.019 0.355 0.626
18
0.837 0.141 0.022
0.92 0.016 0.064
0.206 0.628 0.166
0.002 0.005 0.993
0.026 0.005 0.969
0.67 0.319 0.011
18
0.154 0.737 0.109
0.734 0.247 0.019
0.222 0.723 0.055
0.109 0.353 0.538
0.259 0.17 0.571
0.08 0.53 0.39

4
0.227 0.773
0.683 0.317
4
0.45 0.55
0.829 0.171
4
0.98 0.02
0.922 0.078

24
0.009 0.016 0.063 0.912
0.018 0.284 0.047 0.651
0.065 0.014 0.095 0.826
0.143 0.736 0.016 0.105
0.124 0.337 0.148 0.391
0.044 0.051 0.705 0.2
24
0.096 0.606 0.116 0.182
0.942 0.019 0.023 0.016
0.007 0.913 0.036 0.044
0.309 0.371 0.217 0.103
0.66 0.005 0.0 0.335
0.056 0.04 0.544 0.36
