V-CREDAL 
4 
3 3 3 5 
4 
1 0 
2 2 1 
2 0 2 
2 2 3 

18 
0.25433 0.10055 0.64512 
0.01107 0.79224 0.19669 
0.9446 0.03193 0.02347 
0.01951 0.97081 0.00968 
0.04192 0.37349 0.58459 
0.03351 0.39278 0.57371 

18 
0.02531 0.9394 0.03529 
0.09771 0.01792 0.88437 
0.52931 0.3754 0.09529 
0.6257 0.11216 0.26214 
0.48888 0.45692 0.0542 
0.35291 0.02188 0.62521 
18 
0.71994 0.04905 0.23101 
0.88713 0.08718 0.02569 
0.05873 0.01657 0.9247 
3.0E-5 0.43239 0.56758 
0.25432 0.56047 0.18521 
0.32316 0.01738 0.65946 
18 
0.46811 0.50212 0.02977 
0.10061 0.22221 0.67718 
0.01175 0.90295 0.0853 
0.38266 0.10595 0.51139 
0.03493 0.95748 0.00759 
0.01137 0.93747 0.05116 

18 
0.04543 0.01905 0.93552 
0.04947 0.05696 0.89357 
0.59725 0.13599 0.26676 
0.58574 0.38656 0.0277 
0.4303 0.55442 0.01528 
0.65207 0.3077 0.04023 
18 
0.63155 0.33525 0.0332 
0.61185 0.08323 0.30492 
0.24154 0.15984 0.59862 
0.36073 0.27129 0.36798 
0.517 0.03938 0.44362 
0.18841 0.00173 0.80986 
18 
0.1172 0.74018 0.14262 
0.05132 0.77053 0.17815 
0.01542 0.36195 0.62263 
0.46862 0.12552 0.40586 
0.37056 0.05774 0.5717 
0.22951 0.03978 0.73071 

30 
0.71186 0.04742 0.07536 0.00774 0.15762 
0.00451 0.14116 0.3511 0.00229 0.50094 
0.18179 4.0E-4 0.07539 0.64813 0.09429 
0.03579 0.03223 0.17502 0.41641 0.34055 
0.94093 0.00638 0.04386 0.00466 0.00417 
0.0983 0.18213 0.14261 0.00636 0.5706 
30 
0.09277 0.02796 0.30637 0.0202 0.5527 
0.13667 0.05456 0.11166 0.02123 0.67588 
0.00199 0.04444 0.01256 0.10511 0.8359 
0.01696 0.04287 0.6445 0.18757 0.1081 
0.15523 0.24554 0.27615 0.08301 0.24007 
0.01823 0.13716 0.29581 0.5461 0.0027 
30 
0.10056 0.15136 0.58952 0.1026 0.05596 
0.00733 0.0034 0.15787 0.02929 0.80211 
0.23125 0.14096 0.28221 0.10625 0.23933 
0.27054 0.45193 0.0213 0.1663 0.08993 
0.0109 0.00876 0.00417 0.19165 0.78452 
0.08471 0.01432 0.01949 0.17197 0.70951 
