V-CREDAL
4
4 4 4 2
4
1 0
2 0 1
2 1 2
2 2 3

24
0.007 0.937 0.048 0.008
0.373 0.132 0.125 0.37
0.016 0.063 0.001 0.92
0.109 0.074 0.255 0.562
0.019 0.795 0.099 0.087
0.514 0.007 0.009 0.47

24
0.029 0.088 0.18 0.703
0.057 0.849 0.009 0.085
0.002 0.005 0.99 0.003
0.477 0.053 0.396 0.074
0.009 0.283 0.007 0.701
0.225 0.378 0.343 0.054
24
0.082 0.171 0.65 0.097
0.889 0.101 0.003 0.007
0.009 0.002 0.049 0.94
0.248 0.003 0.747 0.002
0.221 0.404 0.306 0.069
0.043 0.416 0.167 0.374
24
0.009 0.297 0.003 0.691
0.957 0.024 0.007 0.012
0.579 0.292 0.01 0.119
0.002 0.899 0.032 0.067
0.028 0.007 0.481 0.484
0.147 0.387 0.277 0.189
24
0.451 0.006 0.01 0.533
0.103 0.045 0.13 0.722
0.235 0.698 0.053 0.014
0.723 0.087 0.007 0.183
0.023 0.047 0.101 0.829
0.52 0.337 0.124 0.019

24
0.003 0.866 0.005 0.126
0.006 0.016 0.791 0.187
0.25 0.615 0.035 0.1
0.119 0.218 0.06 0.603
0.252 0.303 0.278 0.167
0.007 0.015 0.935 0.043
24
0.093 0.166 0.024 0.717
0.267 0.247 0.204 0.282
0.134 0.137 0.53 0.199
0.851 0.087 0.033 0.029
0.522 0.059 0.129 0.29
0.808 0.008 0.083 0.101
24
0.909 0.056 0.008 0.027
0.021 0.094 0.014 0.871
0.004 0.954 0.024 0.018
0.429 0.012 0.445 0.114
0.014 0.013 0.726 0.247
0.008 0.382 0.424 0.186
24
0.027 0.017 0.912 0.044
0.259 0.295 0.402 0.044
0.027 0.013 0.014 0.946
0.749 0.084 0.117 0.05
0.067 0.642 0.246 0.045
0.346 0.519 0.049 0.086

4
0.899 0.101
0.223 0.777
4
0.238 0.762
0.566 0.434
4
0.382 0.618
0.867 0.133
4
0.795 0.205
0.081 0.919
