V-CREDAL
8
2 3 3 3 4 2 4 4
8
1 0
2 0 1
2 1 2
2 2 3
2 3 4
2 4 5
2 5 6
2 6 7

4
0.51 0.49
0.282 0.718

18
0.025 0.101 0.874
0.803 0.084 0.113
0.382 0.03 0.588
0.073 0.873 0.054
0.023 0.558 0.419
0.018 0.19 0.792
18
0.108 0.573 0.319
0.559 0.41 0.031
0.256 0.547 0.197
0.112 0.523 0.365
0.155 0.124 0.721
0.659 0.33 0.011

18
0.985 0.007 0.008
0.915 0.017 0.068
0.102 0.872 0.026
0.068 0.508 0.424
0.371 0.122 0.507
0.235 0.158 0.607
18
0.238 0.003 0.759
0.022 0.053 0.925
0.104 0.553 0.343
0.802 0.134 0.064
0.038 0.45 0.512
0.612 0.312 0.076
18
0.803 0.032 0.165
0.058 0.344 0.598
0.984 0.011 0.005
0.529 0.461 0.01
0.065 0.671 0.264
0.38 0.576 0.044

18
0.561 0.393 0.046
0.011 0.334 0.655
0.029 0.444 0.527
0.684 0.047 0.269
0.019 0.186 0.795
0.218 0.129 0.653
18
0.057 0.941 0.002
0.856 0.086 0.058
0.6 0.013 0.387
0.282 0.714 0.004
0.059 0.102 0.839
0.277 0.046 0.677
18
0.29 0.048 0.662
0.089 0.325 0.586
0.15 0.845 0.005
0.968 0.029 0.003
0.061 0.059 0.88
0.437 0.042 0.521

24
0.232 0.575 0.029 0.164
0.417 0.011 0.043 0.529
0.114 0.06 0.045 0.781
0.092 0.209 0.431 0.268
0.006 0.062 0.916 0.016
0.985 0.002 0.009 0.004
24
0.075 0.852 0.025 0.048
0.156 0.128 0.132 0.584
0.003 0.934 0.015 0.048
0.003 0.024 0.432 0.541
0.966 0.002 0.029 0.003
0.837 0.022 0.089 0.052
24
0.475 0.412 0.112 0.001
0.743 0.038 0.156 0.063
0.19 0.134 0.062 0.614
0.026 0.146 0.007 0.821
0.7 0.053 0.19 0.057
0.149 0.748 0.021 0.082

4
0.214 0.786
0.136 0.864
4
0.628 0.372
0.095 0.905
4
0.465 0.535
0.399 0.601
4
0.444 0.556
0.075 0.925

24
0.057 0.337 0.078 0.528
0.017 0.055 0.062 0.866
0.316 0.042 0.096 0.546
0.15 0.033 0.754 0.063
0.072 0.004 0.006 0.918
0.002 0.353 0.571 0.074
24
0.108 0.344 0.473 0.075
0.163 0.089 0.745 0.003
0.098 0.871 0.001 0.03
0.08 0.84 0.014 0.066
0.11 0.532 0.243 0.115
0.076 0.135 0.598 0.191

24
0.441 0.355 0.009 0.195
0.45 0.047 0.481 0.022
0.028 0.054 0.677 0.241
0.352 0.409 0.161 0.078
0.004 0.93 0.055 0.011
0.157 0.304 0.509 0.03
24
0.015 0.978 0.002 0.005
0.016 0.711 0.077 0.196
0.461 0.023 0.447 0.069
0.02 0.013 0.096 0.871
0.895 0.015 0.071 0.019
0.399 0.346 0.24 0.015
24
0.236 0.156 0.604 0.004
0.873 0.051 0.036 0.04
0.482 0.052 0.278 0.188
0.174 0.05 0.681 0.095
0.233 0.007 0.754 0.006
0.279 0.042 0.404 0.275
24
0.45 0.115 0.093 0.342
0.423 0.42 0.13 0.027
0.092 0.077 0.05 0.781
0.065 0.584 0.165 0.186
0.074 0.089 0.819 0.018
0.226 0.473 0.119 0.182
