V-CREDAL
6
4 3 3 4 2 4
6
1 0
2 0 1
2 1 2
2 2 3
2 3 4
2 4 5

24
0.006 0.007 0.018 0.969
0.087 0.608 0.088 0.217
0.108 0.008 0.028 0.856
0.196 0.634 0.034 0.136
0.226 0.239 0.51 0.025
0.581 0.269 0.055 0.095

18
0.982 0.016 0.002
0.088 0.426 0.486
0.274 0.493 0.233
0.226 0.047 0.727
0.814 0.006 0.18
0.837 0.149 0.014
18
0.4 0.582 0.018
0.103 0.884 0.013
0.621 0.12 0.259
0.16 0.01 0.83
0.055 0.916 0.029
0.593 0.09 0.317
18
0.021 0.146 0.833
0.737 0.236 0.027
0.668 0.306 0.026
0.058 0.86 0.082
0.01 0.235 0.755
0.484 0.135 0.381
18
0.069 0.262 0.669
0.142 0.684 0.174
0.097 0.71 0.193
0.739 0.067 0.194
0.473 0.029 0.498
0.058 0.386 0.556

18
0.882 0.034 0.084
0.248 0.035 0.717
0.134 0.379 0.487
0.693 0.216 0.091
0.697 0.019 0.284
0.376 0.331 0.293
18
0.081 0.049 0.87
0.858 0.032 0.11
0.221 0.585 0.194
0.608 0.026 0.366
0.604 0.283 0.113
0.126 0.337 0.537
18
0.652 0.338 0.01
0.01 0.893 0.097
0.882 0.053 0.065
0.033 0.054 0.913
0.048 0.935 0.017
0.626 0.003 0.371

24
0.009 0.195 0.759 0.037
0.31 0.646 0.035 0.009
0.067 0.018 0.388 0.527
0.039 0.835 0.041 0.085
0.855 0.009 0.124 0.012
0.008 0.033 0.944 0.015
24
0.06 0.03 0.901 0.009
0.253 0.004 0.008 0.735
0.092 0.147 0.734 0.027
0.776 0.092 0.112 0.02
0.719 0.22 0.045 0.016
0.521 0.424 0.008 0.047
24
0.319 0.506 0.032 0.143
0.1 0.311 0.063 0.526
0.359 0.042 0.384 0.215
0.047 0.512 0.074 0.367
0.041 0.073 0.278 0.608
0.009 0.022 0.67 0.299

4
0.728 0.272
0.109 0.891
4
0.068 0.932
0.883 0.117
4
0.405 0.595
0.742 0.258
4
0.265 0.735
0.571 0.429

24
0.003 0.001 0.992 0.004
0.109 0.112 0.769 0.01
0.57 0.075 0.212 0.143
0.007 0.205 0.265 0.523
0.282 0.193 0.049 0.476
0.22 0.416 0.01 0.354
24
0.048 0.319 0.448 0.185
0.784 0.07 0.142 0.004
0.12 0.344 0.278 0.258
0.177 0.1 0.176 0.547
0.887 0.004 0.013 0.096
0.252 0.027 0.081 0.64
