V-CREDAL 
4 
3 3 4 2 
4 
1 0 
2 0 1 
2 1 2 
2 2 3 

18 
0.014 0.956 0.03 
0.058 0.936 0.006 
0.971 0.016 0.013 
0.05 0.047 0.903 
0.001 0.686 0.313 
0.101 0.015 0.884 

18 
0.928 0.031 0.041 
0.089 0.024 0.887 
0.012 0.735 0.253 
0.167 0.809 0.024 
0.81 0.003 0.187 
0.002 0.17 0.828 
18 
0.701 0.267 0.032 
0.014 0.965 0.021 
0.343 0.1 0.557 
0.189 0.146 0.665 
0.012 0.978 0.01 
0.491 0.106 0.403 
18 
0.381 0.005 0.614 
0.27 0.594 0.136 
0.133 0.051 0.816 
0.142 0.635 0.223 
0.01 0.291 0.699 
0.359 0.561 0.08 

24 
0.015 0.695 0.002 0.288 
0.109 0.307 0.322 0.262 
0.033 0.06 0.882 0.025 
0.3 0.006 0.051 0.643 
0.009 0.099 0.758 0.134 
0.001 0.298 0.057 0.644 
24 
0.003 0.906 0.006 0.085 
0.003 0.003 0.015 0.979 
0.012 0.051 0.891 0.046 
0.798 0.187 0.012 0.003 
0.993 0.002 0.001 0.004 
0.987 0.006 0.003 0.004 
24 
0.126 0.09 0.301 0.483 
0.039 0.146 0.625 0.19 
0.004 0.968 0.023 0.005 
0.075 0.49 0.03 0.405 
0.029 0.103 0.221 0.647 
0.191 0.681 0.097 0.031 

4 
0.583 0.417 
0.629 0.371 
4 
0.658 0.342 
0.23 0.77 
4 
0.421 0.579 
0.549 0.451 
4 
0.303 0.697 
0.915 0.085 
