V-CREDAL
8
3 3 3 2 4 3 3 2
8
1 0
2 2 1
3 0 6 2
1 3
2 1 4
2 3 5
2 7 6
2 5 7

18
0.0 0.063 0.937
0.496 0.0 0.504
0.035 0.956 0.009
0.996 0.001 0.003
0.632 0.368 0.0
0.053 0.046 0.901

18
0.726 0.109 0.165
0.709 0.175 0.116
0.051 0.923 0.026
0.06 0.088 0.852
0.085 0.069 0.846
0.055 0.3 0.645
18
0.055 0.662 0.283
0.268 0.221 0.511
0.154 0.229 0.617
0.473 0.5 0.027
0.36 0.33 0.31
0.105 0.88 0.015
18
0.98 0.007 0.013
0.01 0.017 0.973
0.005 0.89 0.105
0.005 0.989 0.006
0.006 0.992 0.002
0.988 0.01 0.002

18
0.031 0.963 0.006
0.789 0.18 0.031
0.552 0.087 0.361
0.427 0.149 0.424
0.228 0.771 0.001
0.203 0.438 0.359
18
0.004 0.002 0.994
0.927 0.009 0.064
0.01 0.941 0.049
0.188 0.803 0.009
0.554 0.429 0.017
0.793 0.005 0.202
18
0.008 0.964 0.028
0.771 0.199 0.03
0.056 0.007 0.937
0.896 0.032 0.072
0.013 0.051 0.936
0.509 0.469 0.022
18
0.492 0.189 0.319
0.53 0.355 0.115
0.751 0.051 0.198
0.327 0.626 0.047
0.241 0.692 0.067
0.068 0.56 0.372
18
0.005 0.757 0.238
0.013 0.608 0.379
0.042 0.194 0.764
0.127 0.128 0.745
0.865 0.085 0.05
0.393 0.592 0.015
18
0.033 0.023 0.944
0.424 0.422 0.154
0.408 0.029 0.563
0.707 0.083 0.21
0.229 0.411 0.36
0.627 0.353 0.02
18
0.143 0.852 0.005
0.039 0.091 0.87
0.471 0.024 0.505
0.038 0.822 0.14
0.849 0.042 0.109
0.029 0.147 0.824
18
0.923 0.068 0.009
0.677 0.255 0.068
0.147 0.449 0.404
0.292 0.432 0.276
0.918 0.018 0.064
0.486 0.399 0.115
18
0.029 0.604 0.367
0.755 0.055 0.19
0.122 0.856 0.022
0.159 0.192 0.649
0.912 0.076 0.012
0.77 0.225 0.005

4
0.055 0.945
0.974 0.026

24
0.592 0.047 0.172 0.189
0.005 0.003 0.987 0.005
0.008 0.286 0.107 0.599
0.025 0.644 0.08 0.251
0.742 0.135 0.062 0.061
0.026 0.839 0.068 0.067
24
0.159 0.18 0.11 0.551
0.015 0.005 0.972 0.008
0.264 0.622 0.012 0.102
0.924 0.011 0.034 0.031
0.193 0.383 0.381 0.043
0.56 0.003 0.121 0.316
24
0.178 0.391 0.058 0.373
0.039 0.022 0.401 0.538
0.603 0.181 0.152 0.064
0.13 0.011 0.032 0.827
0.844 0.083 0.058 0.015
0.373 0.568 0.011 0.048

18
0.664 0.013 0.323
0.033 0.909 0.058
0.169 0.795 0.036
0.202 0.197 0.601
0.951 0.036 0.013
0.393 0.032 0.575
18
0.076 0.069 0.855
0.011 0.971 0.018
0.986 0.003 0.011
0.028 0.183 0.789
0.983 0.015 0.002
0.004 0.524 0.472

18
0.02 0.024 0.956
0.011 0.988 0.001
0.003 0.137 0.86
0.994 0.003 0.003
0.747 0.002 0.251
0.008 0.896 0.096
18
0.31 0.245 0.445
0.602 0.225 0.173
0.363 0.456 0.181
0.008 0.502 0.49
0.03 0.712 0.258
0.818 0.008 0.174

4
0.472 0.528
0.69 0.31
4
0.47 0.53
0.603 0.397
4
0.729 0.271
0.381 0.619
