V-CREDAL 
10 
3 4 4 5 2 2 4 3 4 5 
10 
2 5 0 
2 8 1 
1 2 
3 2 6 3 
3 1 2 4 
2 2 5 
1 6 
2 6 7 
1 8 
2 6 9 

12 
0.06129 0.6364 0.30231 
0.51005 0.253 0.23695 
0.43449 0.12919 0.43632 
0.14737 0.67818 0.17445 
12 
0.55228 0.29906 0.14866 
0.00774 0.836 0.15626 
0.02054 3.6E-4 0.9791 
0.75091 0.06524 0.18385 

16 
0.0263 0.24219 0.44272 0.28879 
0.17746 0.11008 0.01782 0.69464 
0.09178 0.06154 0.03616 0.81052 
0.67743 0.2674 0.02102 0.03415 
16 
0.83031 0.01918 0.13915 0.01136 
0.97603 0.00408 7.0E-4 0.01919 
0.49151 0.01712 0.46594 0.02543 
0.00638 0.03685 0.01932 0.93745 
16 
0.23277 0.17255 0.07853 0.51615 
0.76896 0.19615 0.00907 0.02582 
0.06093 0.01464 0.58769 0.33674 
0.52289 0.04003 0.0591 0.37798 
16 
0.03749 0.68924 0.01657 0.2567 
0.04245 0.7748 0.13639 0.04636 
0.46389 0.42436 0.03284 0.07891 
0.99202 0.0022 0.00137 0.00441 

16 
0.02914 0.05784 0.6983 0.21472 
0.19967 0.12721 0.17141 0.50171 
0.08413 0.01801 0.86521 0.03265 
0.12058 0.33387 0.19922 0.34633 

20 
0.02022 0.03889 0.04635 0.7594 0.13514 
0.00688 0.03559 0.0639 0.65411 0.23952 
0.04771 0.09073 0.68581 0.0915 0.08425 
0.00928 0.00297 0.00444 0.87661 0.1067 
20 
0.83327 6.1E-4 0.10703 0.02362 0.03547 
0.48911 0.2303 0.0663 0.1385 0.07579 
0.03846 0.18324 0.48351 0.20125 0.09354 
0.21195 0.01447 0.02613 0.04854 0.69891 
20 
0.01039 0.05657 0.32738 0.11404 0.49162 
0.28072 0.30242 0.12483 0.27942 0.01261 
0.01165 0.20064 0.09599 0.48658 0.20514 
0.00779 0.5299 0.2297 0.22852 0.00409 
20 
0.04716 0.01181 0.10958 0.01117 0.82028 
0.69006 0.00884 0.25912 0.02788 0.0141 
0.01239 0.40623 0.0553 0.18393 0.34215 
0.61844 0.11676 0.03389 0.18496 0.04595 
20 
0.15314 0.47203 0.01609 0.08284 0.2759 
0.87869 0.00157 0.1192 5.3E-4 1.0E-5 
0.54245 0.02296 0.2246 0.19954 0.01045 
0.00109 0.83 0.01173 0.15703 1.5E-4 
20 
0.12406 0.03682 0.26456 0.22211 0.35245 
0.05623 0.30278 0.02701 0.39956 0.21442 
0.00509 0.00265 0.3676 0.11986 0.5048 
0.02944 0.02099 0.01602 0.03284 0.90071 
20 
0.11945 0.07005 0.13628 0.2164 0.45782 
0.0701 0.30965 0.02517 0.07696 0.51812 
0.0843 0.1018 0.0343 0.26357 0.51603 
0.5685 0.07139 0.30297 0.01537 0.04177 
20 
0.24709 0.00938 0.20551 0.48645 0.05157 
0.02418 0.40835 0.55585 0.00275 0.00887 
0.00141 5.4E-4 0.0011 0.0077 0.98925 
0.17889 0.01303 0.66627 0.06882 0.07299 
20 
0.01169 0.08746 0.06701 0.0466 0.78724 
0.38439 0.47904 0.04782 0.03906 0.04969 
0.00183 0.41643 0.0528 0.5224 0.00654 
0.32189 0.2275 0.04186 0.21469 0.19406 
20 
5.5E-4 5.0E-4 0.0157 0.21293 0.77032 
0.01919 0.13688 0.03105 0.33309 0.47979 
0.01237 0.21377 0.00629 0.01513 0.75244 
0.18041 0.71248 5.4E-4 0.10647 1.0E-4 
20 
0.0758 0.46986 0.08003 0.24942 0.12489 
0.12071 0.26447 0.12699 0.38514 0.10269 
0.11949 0.76792 0.04283 0.02939 0.04037 
0.97016 0.00196 0.00112 0.01674 0.01002 
20 
0.21916 0.21216 0.3866 0.17395 0.00813 
0.18551 0.42545 0.05966 0.29405 0.03533 
0.19224 0.18354 0.08439 0.36595 0.17388 
0.01277 0.07936 0.01964 0.76556 0.12267 
20 
0.05444 0.04265 0.28447 0.56395 0.05449 
0.8303 0.00734 0.02906 0.04136 0.09194 
5.3E-4 0.01692 2.1E-4 0.85049 0.13185 
0.42346 0.0478 0.086 0.4138 0.02894 
20 
0.30509 0.12466 0.23834 0.15365 0.17826 
0.051 0.07245 0.00731 0.23171 0.63753 
0.12787 0.5211 0.00215 0.28958 0.0593 
0.0522 0.28887 0.43706 0.17848 0.04339 
20 
0.26951 0.12003 0.13071 0.06344 0.41631 
0.00402 0.02825 0.00661 0.0129 0.94822 
0.0497 0.30795 0.58594 0.03709 0.01932 
0.56728 0.1129 0.03043 0.04437 0.24502 
20 
0.56618 0.03056 0.3695 1.2E-4 0.03364 
0.06564 0.60623 0.2255 0.0711 0.03153 
0.0268 0.00951 0.1084 0.33695 0.51834 
0.07981 0.00593 0.41228 0.50098 0.001 

4 
0.52939 0.47061 
0.29357 0.70643 
4 
0.44955 0.55045 
0.74514 0.25486 
4 
0.763 0.237 
0.21126 0.78874 
4 
0.77201 0.22799 
0.4775 0.5225 
4 
0.33219 0.66781 
0.23319 0.76681 
4 
0.44846 0.55154 
0.6844 0.3156 
4 
0.07218 0.92782 
0.07545 0.92455 
4 
0.23502 0.76498 
0.53037 0.46963 
4 
0.24043 0.75957 
0.25626 0.74374 
4 
0.64257 0.35743 
0.49416 0.50584 
4 
0.56425 0.43575 
0.13555 0.86445 
4 
0.51092 0.48908 
0.55781 0.44219 
4 
0.07436 0.92564 
0.65157 0.34843 
4 
0.09296 0.90704 
0.45711 0.54289 
4 
0.77049 0.22951 
0.51573 0.48427 
4 
0.15424 0.84576 
0.67715 0.32285 

4 
0.1654 0.8346 
0.96733 0.03267 
4 
0.19237 0.80763 
0.00552 0.99448 
4 
0.93613 0.06387 
0.5781 0.4219 
4 
0.23986 0.76014 
0.87761 0.12239 

16 
0.03202 0.55864 0.3936 0.01574 
0.8139 0.0016 0.17472 0.00978 
0.33921 0.38512 0.02341 0.25226 
0.19024 0.26956 0.17459 0.36561 

12 
0.02921 0.16876 0.80203 
0.1945 0.45419 0.35131 
0.92084 0.04361 0.03555 
0.09044 0.08136 0.8282 
12 
0.06446 0.06522 0.87032 
0.14826 0.74804 0.1037 
0.51203 0.14318 0.34479 
0.55125 0.23583 0.21292 
12 
1.7E-4 0.89651 0.10332 
0.05585 0.19664 0.74751 
0.72241 0.13553 0.14206 
0.72018 0.25373 0.02609 
12 
0.66744 0.10403 0.22853 
0.06955 0.15879 0.77166 
0.17453 0.32976 0.49571 
0.34009 0.33425 0.32566 

16 
0.00302 0.96466 0.01996 0.01236 
0.02736 0.8865 0.0503 0.03584 
0.16539 0.23219 0.49228 0.11014 
0.96496 0.00135 0.00375 0.02994 

20 
0.12638 0.54392 0.24477 0.03057 0.05436 
0.56885 0.12922 0.19215 0.09925 0.01053 
0.29243 0.00658 0.6962 0.0041 6.9E-4 
0.04053 0.07719 0.48708 0.03671 0.35849 
20 
0.08734 0.01064 0.24915 0.63697 0.0159 
0.47644 0.12351 0.09253 0.11997 0.18755 
0.10803 0.1674 0.10637 0.55244 0.06576 
0.608 0.2379 0.12379 0.00253 0.02778 
20 
0.12315 0.03646 0.00194 0.00738 0.83107 
0.23739 0.00756 0.27737 0.4749 0.00278 
0.30945 0.05118 0.48721 0.14115 0.01101 
0.99754 2.5E-4 0.00144 1.3E-4 6.4E-4 
20 
4.5E-4 0.27562 0.24721 0.47603 6.9E-4 
0.06167 0.13295 0.00184 0.51414 0.2894 
0.001 0.00729 0.87391 0.024 0.0938 
1.9E-4 0.02558 0.62135 0.00186 0.35102 
