V-CREDAL 
6 
3 5 5 5 2 4 
6 
3 2 4 0 
1 1 
2 5 2 
1 3 
2 3 4 
2 1 5 

18 
0.00966 0.95521 0.03513 
0.35368 0.00223 0.64409 
0.04434 0.50532 0.45034 
0.06145 0.90662 0.03193 
0.38548 0.5336 0.08092 
0.49703 0.21206 0.29091 
18 
0.37659 0.04052 0.58289 
0.06277 0.28179 0.65544 
0.87861 0.015 0.10639 
0.03325 0.92573 0.04102 
0.71116 0.27638 0.01246 
0.45237 0.00438 0.54325 
18 
0.03813 0.13021 0.83166 
0.01131 0.44257 0.54612 
0.20408 0.49927 0.29665 
0.62036 0.18511 0.19453 
0.5031 0.14205 0.35485 
0.13279 0.0922 0.77501 
18 
0.92683 0.06805 0.00512 
0.77932 0.0016 0.21908 
0.05596 0.9431 9.4E-4 
0.0691 0.01856 0.91234 
0.76195 0.23564 0.00241 
0.04704 0.29864 0.65432 
18 
0.02133 0.79733 0.18134 
0.66168 0.01983 0.31849 
0.10013 0.25029 0.64958 
0.05971 0.82064 0.11965 
0.87074 0.1105 0.01876 
0.59969 0.35968 0.04063 
18 
0.16648 0.03738 0.79614 
0.00659 0.19625 0.79716 
0.59115 0.15475 0.2541 
0.00271 0.938 0.05929 
0.28084 0.00882 0.71034 
6.1E-4 0.66229 0.3371 
18 
0.69776 0.08763 0.21461 
0.94659 0.02595 0.02746 
0.04525 0.62723 0.32752 
0.28147 0.2167 0.50183 
0.09645 0.88967 0.01388 
0.15862 0.27683 0.56455 
18 
0.0293 0.84855 0.12215 
0.00819 0.02632 0.96549 
0.01934 0.00692 0.97374 
0.85841 0.08116 0.06043 
0.79779 0.00542 0.19679 
0.91855 0.01514 0.06631 
18 
0.64164 0.2043 0.15406 
0.10546 0.71438 0.18016 
0.01505 0.1432 0.84175 
0.22989 0.7512 0.01891 
0.64802 0.04609 0.30589 
0.04817 0.06054 0.89129 
18 
0.00303 0.50723 0.48974 
0.00555 0.00392 0.99053 
0.4698 0.50408 0.02612 
0.02507 0.96732 0.00761 
0.5947 0.08434 0.32096 
0.60263 0.09977 0.2976 

30 
0.01924 0.63756 0.12661 0.18654 0.03005 
0.01122 0.70483 0.18708 0.00879 0.08808 
0.32958 0.14595 0.358 0.12971 0.03676 
0.31497 0.17749 0.2507 0.03642 0.22042 
0.07063 0.03686 0.27096 0.15859 0.46296 
0.27775 0.03607 0.66764 0.01631 0.00223 

30 
0.24367 0.01114 0.03484 0.6534 0.05695 
0.20878 0.02818 0.65287 0.09405 0.01612 
5.9E-4 0.00101 0.01515 0.96343 0.01982 
0.00995 0.00811 0.00771 0.14517 0.82906 
0.39113 0.05426 0.15503 0.03638 0.3632 
0.78441 0.02853 0.15838 0.00577 0.02291 
30 
0.02844 0.00106 0.15456 0.81572 2.2E-4 
0.49361 0.20157 0.00982 0.26583 0.02917 
0.00261 0.0091 0.01788 0.96714 0.00327 
0.004 0.13497 0.20715 0.42807 0.22581 
0.00717 0.01299 0.06634 0.02917 0.88433 
0.20477 0.00527 1.1E-4 0.06826 0.72159 
30 
0.00495 0.02153 1.6E-4 0.02539 0.94797 
7.7E-4 0.70095 9.3E-4 0.25693 0.04042 
0.12694 0.09698 0.48524 0.28126 0.00958 
0.44169 0.12847 0.02686 0.33266 0.07032 
0.49169 0.01425 0.42474 0.01053 0.05879 
0.47123 0.00255 0.10597 0.11765 0.3026 
30 
0.01614 0.00516 0.16615 0.00334 0.80921 
0.15633 0.21923 0.46378 0.02221 0.13845 
0.04301 0.62156 0.00747 0.02538 0.30258 
0.03997 0.40521 0.32523 0.07229 0.1573 
0.29644 0.39412 0.07916 0.21935 0.01093 
0.00606 0.00178 0.97539 0.00269 0.01408 

30 
0.09482 0.18821 0.24106 0.15024 0.32567 
0.0488 0.03255 0.54918 0.31707 0.0524 
0.00964 0.05432 0.57408 0.06363 0.29833 
0.2719 0.0965 0.43321 0.02919 0.1692 
0.04384 0.19899 0.03742 0.55009 0.16966 
0.50923 0.00228 0.0021 0.48229 0.0041 

4 
0.78682 0.21318 
0.45505 0.54495 
4 
0.81104 0.18896 
0.40193 0.59807 
4 
0.65827 0.34173 
0.41996 0.58004 
4 
0.25294 0.74706 
0.55681 0.44319 
4 
0.0545 0.9455 
0.94317 0.05683 

24 
0.09346 0.18767 0.64465 0.07422 
0.05631 0.1306 0.50659 0.3065 
0.00301 0.2301 0.00132 0.76557 
0.77618 0.14088 0.01278 0.07016 
0.02257 0.00372 0.00529 0.96842 
0.096 0.37798 0.06858 0.45744 
24 
0.14436 0.10364 0.31121 0.44079 
0.00103 0.35009 0.41163 0.23725 
0.07064 0.74086 0.04628 0.14222 
0.35425 0.59485 0.00652 0.04438 
0.19004 0.31531 0.40312 0.09153 
0.03611 0.02158 0.02848 0.91383 
24 
0.88358 0.06222 0.0393 0.0149 
0.02708 0.12493 0.02709 0.8209 
0.37523 0.07673 0.14109 0.40695 
0.11888 0.68312 0.15064 0.04736 
0.10736 0.22931 0.00419 0.65914 
0.13295 0.57944 0.08378 0.20383 
24 
0.05294 0.15679 0.74742 0.04285 
0.04234 0.80711 0.04577 0.10478 
0.01256 0.72964 0.01306 0.24474 
0.0853 0.15469 0.75132 0.00869 
0.00226 0.86281 0.00214 0.13279 
0.02159 0.76945 0.20619 0.00277 
24 
0.04306 0.13615 0.46357 0.35722 
0.04297 0.03733 0.91796 0.00174 
0.9781 0.0013 0.01895 0.00165 
0.11996 0.09914 0.09717 0.68373 
0.11834 0.00849 0.82743 0.04574 
0.62388 0.25531 0.09821 0.0226 
