V-CREDAL
6
3 3 4 3 4 3
6
1 0
2 0 1
2 1 2
2 2 3
2 3 4
2 4 5

18
0.163 0.487 0.35
0.226 0.015 0.759
0.04 0.26 0.7
0.089 0.357 0.554
0.056 0.193 0.751
0.241 0.299 0.46

18
0.773 0.118 0.109
0.839 0.007 0.154
0.021 0.12 0.859
0.16 0.646 0.194
0.469 0.513 0.018
0.137 0.048 0.815
18
0.411 0.017 0.572
0.788 0.086 0.126
0.053 0.939 0.008
0.099 0.109 0.792
0.849 0.135 0.016
0.002 0.918 0.08
18
0.248 0.035 0.717
0.957 0.016 0.027
0.098 0.805 0.097
0.514 0.48 0.006
0.029 0.135 0.836
0.222 0.041 0.737

24
0.64 0.109 0.229 0.022
0.061 0.492 0.061 0.386
0.043 0.019 0.634 0.304
0.066 0.32 0.104 0.51
0.121 0.172 0.592 0.115
0.059 0.863 0.021 0.057
24
0.088 0.006 0.001 0.905
0.194 0.549 0.015 0.242
0.443 0.004 0.404 0.149
0.277 0.337 0.072 0.314
0.041 0.013 0.861 0.085
0.026 0.142 0.802 0.03
24
0.107 0.25 0.586 0.057
0.007 0.851 0.121 0.021
0.396 0.023 0.369 0.212
0.048 0.003 0.151 0.798
0.031 0.778 0.102 0.089
0.04 0.511 0.092 0.357

18
0.88 0.001 0.119
0.003 0.005 0.992
0.005 0.97 0.025
0.165 0.831 0.004
0.965 0.031 0.004
0.003 0.328 0.669
18
0.03 0.514 0.456
0.566 0.012 0.422
0.984 0.004 0.012
0.367 0.627 0.006
0.066 0.908 0.026
0.043 0.924 0.033
18
0.02 0.038 0.942
0.503 0.269 0.228
0.301 0.133 0.566
0.005 0.957 0.038
0.457 0.373 0.17
0.222 0.738 0.04
18
0.018 0.029 0.953
0.447 0.49 0.063
0.04 0.833 0.127
0.553 0.028 0.419
0.72 0.092 0.188
0.328 0.638 0.034

24
0.007 0.019 0.104 0.87
0.563 0.016 0.258 0.163
0.659 0.121 0.183 0.037
0.038 0.012 0.795 0.155
0.509 0.035 0.399 0.057
0.497 0.061 0.146 0.296
24
0.005 0.499 0.392 0.104
0.088 0.494 0.139 0.279
0.752 0.094 0.093 0.061
0.32 0.121 0.366 0.193
0.079 0.056 0.663 0.202
0.008 0.596 0.395 0.001
24
0.004 0.013 0.012 0.971
0.069 0.113 0.182 0.636
0.047 0.109 0.688 0.156
0.001 0.127 0.219 0.653
0.975 0.008 0.015 0.002
0.003 0.007 0.571 0.419

18
0.344 0.643 0.013
0.015 0.649 0.336
0.428 0.488 0.084
0.223 0.004 0.773
0.053 0.086 0.861
0.039 0.227 0.734
18
0.371 0.002 0.627
0.289 0.077 0.634
0.091 0.872 0.037
0.004 0.97 0.026
0.007 0.88 0.113
0.818 0.004 0.178
18
0.013 0.035 0.952
0.433 0.003 0.564
0.018 0.935 0.047
0.043 0.003 0.954
0.908 0.024 0.068
0.001 0.109 0.89
18
0.825 0.008 0.167
0.847 0.123 0.03
0.046 0.656 0.298
0.271 0.612 0.117
0.048 0.438 0.514
0.605 0.347 0.048
