V-CREDAL
9
3 2 4 3 3 3 2 3 2
9
1 0
2 0 1
2 1 2
2 2 3
2 3 4
2 4 5
2 5 6
2 6 7
2 7 8

12
0.271 0.584 0.145
0.007 0.034 0.959
0.385 0.029 0.586
0.369 0.014 0.617

4
0.038 0.962
0.588 0.412
4
0.873 0.127
0.286 0.714
4
0.312 0.688
0.252 0.748

16
0.027 0.002 0.036 0.935
0.444 0.02 0.535 0.001
0.216 0.34 0.034 0.41
0.044 0.292 0.601 0.063
16
0.042 0.245 0.017 0.696
0.048 0.014 0.075 0.863
0.039 0.242 0.548 0.171
0.01 0.053 0.867 0.07

12
0.671 0.292 0.037
0.275 0.307 0.418
0.611 0.292 0.097
0.544 0.319 0.137
12
0.025 0.126 0.849
0.928 0.038 0.034
0.166 0.783 0.051
0.001 0.936 0.063
12
0.992 0.003 0.005
0.292 0.096 0.612
0.313 0.377 0.31
0.265 0.201 0.534
12
0.177 0.256 0.567
0.618 0.29 0.092
0.903 0.081 0.016
0.459 0.164 0.377

12
0.328 0.434 0.238
0.078 0.919 0.003
0.137 0.352 0.511
0.053 0.643 0.304
12
0.519 0.374 0.107
0.825 0.159 0.016
0.192 0.064 0.744
0.122 0.415 0.463
12
0.271 0.106 0.623
0.202 0.131 0.667
0.036 0.375 0.589
0.1 0.461 0.439

12
0.52 0.455 0.025
0.973 0.002 0.025
0.353 0.459 0.188
0.734 0.123 0.143
12
0.162 0.679 0.159
0.002 0.991 0.007
0.267 0.104 0.629
0.079 0.539 0.382
12
0.893 0.047 0.06
0.46 0.222 0.318
0.234 0.184 0.582
0.295 0.155 0.55

4
0.137 0.863
0.972 0.028
4
0.536 0.464
0.649 0.351
4
0.026 0.974
0.056 0.944

12
0.244 0.455 0.301
0.044 0.935 0.021
0.456 0.295 0.249
0.865 0.073 0.062
12
0.067 0.869 0.064
0.609 0.284 0.107
0.473 0.104 0.423
0.018 0.559 0.423

4
0.407 0.593
0.418 0.582
4
0.831 0.169
0.929 0.071
4
0.134 0.866
0.546 0.454
