V-CREDAL
7
3 2 4 4 2 3 2
7
1 0
1 1
1 2
3 0 4 3
2 6 4
2 4 5
3 1 2 6

18
0.974 0.022 0.004
0.007 0.874 0.119
0.752 0.017 0.231
0.561 0.02 0.419
0.026 0.941 0.033
0.628 0.367 0.005

4
0.883 0.117
0.354 0.646

24
0.119 0.664 0.115 0.102
0.498 0.054 0.326 0.122
0.074 0.483 0.339 0.104
0.687 0.167 0.086 0.06
0.006 0.678 0.315 0.001
0.166 0.683 0.05 0.101

24
0.039 0.189 0.025 0.747
0.956 0.002 0.001 0.041
0.013 0.5 0.06 0.427
0.111 0.741 0.097 0.051
0.678 0.014 0.184 0.124
0.601 0.019 0.359 0.021
24
0.076 0.909 0.0 0.015
0.008 0.019 0.939 0.034
0.013 0.039 0.005 0.943
0.108 0.707 0.168 0.017
0.332 0.18 0.461 0.027
0.285 0.271 0.426 0.018
24
0.022 0.078 0.343 0.557
0.041 0.005 0.02 0.934
0.555 0.062 0.324 0.059
0.943 0.009 0.016 0.032
0.028 0.939 0.002 0.031
0.016 0.406 0.383 0.195
24
0.057 0.301 0.094 0.548
0.007 0.067 0.007 0.919
0.262 0.057 0.284 0.397
0.007 0.082 0.067 0.844
0.019 0.682 0.006 0.293
0.594 0.145 0.201 0.06
24
0.876 0.002 0.112 0.01
0.021 0.002 0.678 0.299
0.491 0.035 0.081 0.393
0.015 0.068 0.471 0.446
0.533 0.163 0.12 0.184
0.401 0.143 0.3 0.156
24
0.342 0.026 0.118 0.514
0.172 0.754 0.055 0.019
0.067 0.578 0.29 0.065
0.053 0.005 0.933 0.009
0.842 0.01 0.022 0.126
0.79 0.096 0.104 0.01

4
0.377 0.623
0.827 0.173
4
0.108 0.892
0.16 0.84

18
0.199 0.632 0.169
0.43 0.353 0.217
0.252 0.739 0.009
0.296 0.679 0.025
0.115 0.452 0.433
0.485 0.419 0.096
18
0.049 0.941 0.01
0.678 0.321 0.001
0.887 0.061 0.052
0.017 0.199 0.784
0.895 0.03 0.075
0.062 0.008 0.93

4
0.567 0.433
0.569 0.431
4
0.118 0.882
0.55 0.45
4
0.867 0.133
0.364 0.636
4
0.977 0.023
0.152 0.848
4
0.718 0.282
0.66 0.34
4
0.146 0.854
0.879 0.121
4
0.804 0.196
0.696 0.304
4
0.864 0.136
0.796 0.204
