V-CREDAL 
6 
2 4 4 3 5 2 
6 
3 2 4 0 
2 2 1 
3 3 5 2 
1 3 
1 4 
1 5 

4 
0.25104 0.74896 
0.95916 0.04084 
4 
0.0041 0.9959 
0.30902 0.69098 
4 
0.55626 0.44374 
0.92046 0.07954 
4 
0.85736 0.14264 
0.96543 0.03457 
4 
0.25354 0.74646 
0.09265 0.90735 
4 
0.36658 0.63342 
0.26308 0.73692 
4 
0.77391 0.22609 
0.04124 0.95876 
4 
0.45543 0.54457 
0.79972 0.20028 
4 
0.67164 0.32836 
0.94936 0.05064 
4 
0.4814 0.5186 
0.39417 0.60583 
4 
0.3584 0.6416 
0.09519 0.90481 
4 
0.26867 0.73133 
0.02351 0.97649 
4 
0.3751 0.6249 
0.11695 0.88305 
4 
0.38609 0.61391 
0.54466 0.45534 
4 
0.49659 0.50341 
0.16261 0.83739 
4 
0.30248 0.69752 
0.46986 0.53014 
4 
0.09556 0.90444 
0.39451 0.60549 
4 
0.48982 0.51018 
0.31864 0.68136 
4 
0.44267 0.55733 
0.97618 0.02382 
4 
0.38916 0.61084 
0.78742 0.21258 

24 
0.68032 0.1463 0.06032 0.11306 
0.01447 2.6E-4 0.95911 0.02616 
0.33413 0.03592 0.2176 0.41235 
0.55342 0.02581 0.35481 0.06596 
0.64752 0.18533 0.11539 0.05176 
0.25513 0.06731 0.61923 0.05833 
24 
0.59737 0.03204 0.33577 0.03482 
0.56495 0.18972 0.1762 0.06913 
0.248 0.39591 0.2486 0.10749 
0.50709 0.30003 0.13372 0.05916 
5.0E-4 0.99777 9.2E-4 8.1E-4 
0.11271 0.11294 0.22181 0.55254 
24 
0.2299 0.32862 0.24285 0.19863 
0.00208 0.57869 0.06807 0.35116 
0.69885 0.27936 0.00624 0.01555 
0.66635 0.0085 0.04389 0.28126 
0.30109 0.66961 0.01062 0.01868 
0.88714 0.03832 0.05396 0.02058 
24 
0.38683 0.37349 0.08466 0.15502 
0.00529 0.06006 0.5592 0.37545 
0.13659 0.38798 0.19622 0.27921 
0.00424 0.11723 7.0E-5 0.87846 
0.40008 0.0292 0.00456 0.56616 
0.46414 0.09493 0.33083 0.1101 

24 
0.12886 0.12085 0.63304 0.11725 
0.43154 0.04048 0.01878 0.5092 
0.01003 0.68212 0.03484 0.27301 
2.1E-4 4.5E-4 0.6999 0.29944 
0.48234 0.05015 0.07016 0.39735 
0.00878 0.70705 0.23805 0.04612 
24 
0.16607 0.78416 0.02399 0.02578 
0.35474 0.06516 0.54447 0.03563 
0.10825 0.20228 0.6774 0.01207 
0.1089 0.18518 0.69947 0.00645 
0.02354 0.88859 0.046 0.04187 
0.18574 0.7488 0.05456 0.0109 
24 
0.60443 0.02933 0.21794 0.1483 
0.64779 0.1873 0.07435 0.09056 
0.09121 0.55865 0.19169 0.15845 
0.01149 5.8E-4 0.16268 0.82525 
0.16706 0.23683 0.0862 0.50991 
0.00178 0.03496 0.71719 0.24607 
24 
0.06292 0.41621 0.0584 0.46247 
0.36366 0.0268 0.50609 0.10345 
0.28162 0.06832 0.06065 0.58941 
0.86068 0.02624 0.00593 0.10715 
0.67974 0.25443 0.02956 0.03627 
0.03543 0.70875 0.22657 0.02925 
24 
0.47566 0.30687 0.02473 0.19274 
0.12116 0.14117 0.59958 0.13809 
0.39269 0.08695 0.40815 0.11221 
0.38249 0.05417 0.04253 0.52081 
0.65285 0.14356 0.13534 0.06825 
0.10921 0.19111 0.69034 0.00934 
24 
0.33306 0.04824 0.03203 0.58667 
0.15271 0.03452 0.47621 0.33656 
0.02155 0.47156 0.38245 0.12444 
0.01488 0.59001 0.06158 0.33353 
0.01927 0.13614 0.8277 0.01689 
0.02973 0.67775 0.23804 0.05448 

18 
0.05141 0.94342 0.00517 
0.63539 0.32756 0.03705 
0.0283 0.48611 0.48559 
0.65192 0.07555 0.27253 
0.02838 0.38005 0.59157 
0.1083 0.04079 0.85091 

30 
0.21602 0.0303 0.03219 0.70852 0.01297 
0.00318 0.61257 0.31847 0.01041 0.05537 
0.67831 0.32011 0.00106 1.1E-4 4.1E-4 
0.41727 0.00563 0.00554 0.47335 0.09821 
0.00304 0.06231 0.14565 0.71862 0.07038 
0.49122 0.01718 0.39703 0.04287 0.0517 

4 
0.68277 0.31723 
0.43821 0.56179 
