V-CREDAL
6
2 3 4 2 4 4
6
3 3 5 0
2 2 1
1 2
1 3
1 4
3 1 4 5

4
0.75 0.25
0.796 0.204
4
0.32 0.68
0.354 0.646
4
0.925 0.075
0.253 0.747
4
0.914 0.086
0.307 0.693
4
0.58 0.42
0.521 0.479
4
0.33 0.67
0.478 0.522
4
0.463 0.537
0.053 0.947
4
0.412 0.588
0.775 0.225

12
0.585 0.349 0.066
0.003 0.178 0.819
0.096 0.85 0.054
0.631 0.058 0.311
12
0.001 0.947 0.052
0.719 0.063 0.218
0.131 0.054 0.815
0.658 0.308 0.034
12
0.169 0.405 0.426
0.155 0.568 0.277
0.365 0.39 0.245
0.241 0.282 0.477
12
0.519 0.199 0.282
0.456 0.444 0.1
0.037 0.875 0.088
0.058 0.062 0.88

16
0.367 0.197 0.412 0.024
0.266 0.624 0.017 0.093
0.137 0.071 0.684 0.108
0.081 0.403 0.006 0.51

4
0.941 0.059
0.62 0.38

16
0.034 0.075 0.084 0.807
0.104 0.046 0.316 0.534
0.1 0.712 0.124 0.064
0.095 0.154 0.074 0.677

16
0.208 0.25 0.288 0.254
0.016 0.925 0.048 0.011
0.041 0.925 0.005 0.029
0.814 0.06 0.079 0.047
16
0.211 0.009 0.379 0.401
0.054 0.038 0.016 0.892
0.26 0.072 0.106 0.562
0.438 0.226 0.07 0.266
16
0.668 0.181 0.119 0.032
0.549 0.306 0.021 0.124
0.203 0.071 0.703 0.023
0.002 0.614 0.373 0.011
16
0.088 0.092 0.541 0.279
0.183 0.159 0.356 0.302
0.701 0.136 0.08 0.083
0.344 0.017 0.161 0.478
16
0.024 0.011 0.406 0.559
0.008 0.831 0.061 0.1
0.161 0.008 0.787 0.044
0.514 0.017 0.146 0.323
16
0.612 0.22 0.072 0.096
0.315 0.278 0.238 0.169
0.077 0.387 0.345 0.191
0.408 0.043 0.179 0.37
16
0.012 0.014 0.95 0.024
0.005 0.988 0.003 0.004
0.01 0.192 0.059 0.739
0.068 0.202 0.262 0.468
16
0.102 0.002 0.003 0.893
0.567 0.121 0.184 0.128
0.072 0.063 0.667 0.198
0.018 0.149 0.679 0.154
16
0.083 0.001 0.903 0.013
0.214 0.358 0.012 0.416
0.363 0.434 0.14 0.063
0.34 0.004 0.234 0.422
16
0.32 0.239 0.378 0.063
0.231 0.096 0.216 0.457
0.038 0.005 0.197 0.76
0.079 0.018 0.091 0.812
16
0.091 0.207 0.319 0.383
0.231 0.022 0.075 0.672
0.479 0.013 0.081 0.427
0.974 0.006 0.001 0.019
16
0.605 0.151 0.173 0.071
0.005 0.619 0.102 0.274
0.002 0.007 0.424 0.567
0.353 0.429 0.091 0.127
