V-CREDAL 
4 
2 3 3 2 
4 
2 1 0 
1 1 
2 3 2 
2 0 3 

4 
0.9359 0.0641 
0.20987 0.79013 
4 
0.73353 0.26647 
0.38754 0.61246 
4 
0.77905 0.22095 
0.04532 0.95468 

18 
0.18414 0.7101 0.10576 
0.02401 0.46792 0.50807 
0.12413 0.00974 0.86613 
0.35252 0.6315 0.01598 
0.57955 0.41644 0.00401 
0.57638 0.27235 0.15127 

18 
0.0943 0.3298 0.5759 
0.91258 0.08724 1.8E-4 
0.90688 0.02023 0.07289 
0.36794 0.62256 0.0095 
0.07829 0.39706 0.52465 
0.02448 0.73628 0.23924 
18 
0.6424 0.08216 0.27544 
0.22058 0.40755 0.37187 
0.84819 0.12546 0.02635 
0.22445 0.60775 0.1678 
0.37956 0.11019 0.51025 
0.7474 0.22816 0.02444 

4 
0.252 0.748 
0.53503 0.46497 
4 
0.77305 0.22695 
0.08749 0.91251 
