V-CREDAL 
4 
3 2 4 3 
4 
1 0 
2 0 1 
2 1 2 
2 2 3 

18 
0.66861 0.27532 0.05607 
0.09242 0.0503 0.85728 
0.088 0.82979 0.08221 
0.01456 0.83246 0.15298 
0.66083 0.01403 0.32514 
0.00577 0.77158 0.22265 

4 
0.06646 0.93354 
0.81839 0.18161 
4 
0.82216 0.17784 
0.46091 0.53909 
4 
0.61387 0.38613 
0.26807 0.73193 

24 
0.14448 0.13391 0.68314 0.03847 
0.00682 0.60388 0.36567 0.02363 
0.07415 0.6739 0.16752 0.08443 
0.75757 0.13693 0.06906 0.03644 
0.00101 0.54311 0.40893 0.04695 
0.68538 0.05261 0.00871 0.2533 
24 
0.01648 0.80072 0.0735 0.1093 
0.40645 0.34806 0.01431 0.23118 
0.04629 0.06399 0.88041 0.00931 
0.00745 0.0096 0.77119 0.21176 
0.10946 0.44722 0.25884 0.18448 
0.72652 0.18869 0.05412 0.03067 

18 
0.02041 0.23384 0.74575 
0.76942 0.06969 0.16089 
0.09732 0.76403 0.13865 
0.7236 0.13465 0.14175 
0.17745 0.04142 0.78113 
0.12036 0.08868 0.79096 
18 
0.08379 0.43423 0.48198 
0.05345 0.88121 0.06534 
0.53273 0.21958 0.24769 
0.07997 0.89546 0.02457 
0.02527 0.51614 0.45859 
0.60308 0.07064 0.32628 
18 
0.65123 0.33999 0.00878 
0.0852 0.63003 0.28477 
0.25006 0.18186 0.56808 
0.02349 0.29759 0.67892 
0.61763 0.10035 0.28202 
0.39041 0.49132 0.11827 
18 
0.09155 0.79331 0.11514 
0.61816 0.0143 0.36754 
0.35824 0.59579 0.04597 
0.02299 8.5E-4 0.97616 
0.7617 0.18875 0.04955 
0.04271 0.76845 0.18884 
