V-CREDAL 
6 
2 2 3 3 2 3 
6 
1 0 
2 0 1 
1 2 
2 2 3 
1 4 
4 0 2 4 5 

4 
0.22825 0.77175 
0.96328 0.03672 

4 
0.65654 0.34346 
0.36685 0.63315 
4 
0.48043 0.51957 
0.0295 0.9705 

12 
0.0628 0.65751 0.27969 
0.00824 0.6312 0.36056 
0.92682 0.02998 0.0432 
0.0526 0.0438 0.9036 

12 
0.66434 0.32641 0.00925 
0.8992 0.01437 0.08643 
0.13478 0.03566 0.82956 
0.31322 0.19173 0.49505 
12 
0.08781 0.0313 0.88089 
0.79809 0.0292 0.17271 
0.02909 0.86954 0.10137 
0.42488 0.53392 0.0412 
12 
0.03369 0.77742 0.18889 
0.26635 0.20854 0.52511 
0.08142 0.44812 0.47046 
0.32872 0.28388 0.3874 

4 
0.04571 0.95429 
0.77095 0.22905 

12 
0.89158 0.05136 0.05706 
0.07671 0.36879 0.5545 
0.80549 0.0085 0.18601 
0.06874 0.78256 0.1487 
12 
0.76692 0.02262 0.21046 
0.01126 0.93508 0.05366 
0.28394 0.12065 0.59541 
0.00203 0.96814 0.02983 
12 
0.3453 0.32888 0.32582 
0.22891 0.29676 0.47433 
0.14223 0.6624 0.19537 
0.22088 0.75662 0.0225 
12 
0.28505 0.43149 0.28346 
0.43801 0.09729 0.4647 
0.23074 0.43496 0.3343 
0.96767 0.02841 0.00392 
12 
0.21078 0.64186 0.14736 
0.75835 0.02557 0.21608 
0.66263 0.28578 0.05159 
0.01868 0.0783 0.90302 
12 
0.60245 0.20921 0.18834 
0.68497 0.05513 0.2599 
0.76996 0.20843 0.02161 
0.42 0.13199 0.44801 
12 
0.01548 0.95371 0.03081 
0.21445 0.10431 0.68124 
0.9786 0.01718 0.00422 
0.08097 0.90889 0.01014 
12 
0.02158 0.87416 0.10426 
0.67533 0.20794 0.11673 
0.14849 0.09257 0.75894 
0.59181 0.00302 0.40517 
12 
0.06559 0.87499 0.05942 
0.0569 0.75228 0.19082 
0.11782 0.03464 0.84754 
0.97917 0.00174 0.01909 
12 
0.33027 0.51308 0.15665 
0.10861 0.19304 0.69835 
0.02308 0.87998 0.09694 
0.02746 0.53451 0.43803 
12 
0.167 0.22698 0.60602 
0.01021 0.06209 0.9277 
0.43534 0.53601 0.02865 
0.21356 0.5984 0.18804 
12 
0.17561 0.25687 0.56752 
0.08657 0.39409 0.51934 
0.30302 0.69529 0.00169 
0.31009 0.27401 0.4159 
