V-CREDAL
10
2 4 4 4 2 3 3 2 4 2
10
1 0
2 0 1
2 1 2
2 2 3
2 3 4
2 4 5
2 5 6
2 6 7
2 7 8
2 8 9

4
0.987 0.013
0.018 0.982

16
0.043 0.222 0.338 0.397
0.661 0.097 0.069 0.173
0.256 0.121 0.164 0.459
0.089 0.057 0.341 0.513
16
0.175 0.021 0.745 0.059
0.006 0.026 0.132 0.836
0.103 0.429 0.151 0.317
0.235 0.561 0.158 0.046

16
0.174 0.37 0.414 0.042
0.209 0.631 0.109 0.051
0.213 0.442 0.118 0.227
0.074 0.005 0.541 0.38
16
0.289 0.018 0.605 0.088
0.235 0.189 0.026 0.55
0.069 0.169 0.703 0.059
0.183 0.032 0.751 0.034
16
0.125 0.144 0.648 0.083
0.384 0.014 0.593 0.009
0.01 0.087 0.556 0.347
0.792 0.018 0.134 0.056
16
0.625 0.095 0.126 0.154
0.005 0.084 0.148 0.763
0.052 0.739 0.013 0.196
0.087 0.025 0.038 0.85

16
0.062 0.062 0.01 0.866
0.443 0.102 0.026 0.429
0.398 0.105 0.102 0.395
0.114 0.822 0.029 0.035
16
0.922 0.074 0.003 0.001
0.042 0.481 0.469 0.008
0.314 0.017 0.432 0.237
0.117 0.193 0.538 0.152
16
0.074 0.226 0.109 0.591
0.212 0.558 0.195 0.035
0.273 0.028 0.365 0.334
0.074 0.181 0.672 0.073
16
0.03 0.624 0.344 0.002
0.2 0.244 0.151 0.405
0.003 0.447 0.168 0.382
0.028 0.459 0.164 0.349

4
0.687 0.313
0.519 0.481
4
0.719 0.281
0.965 0.035
4
0.379 0.621
0.048 0.952
4
0.539 0.461
0.902 0.098

12
0.494 0.461 0.045
0.449 0.465 0.086
0.035 0.008 0.957
0.0 0.002 0.998
12
0.852 0.011 0.137
0.108 0.082 0.81
0.187 0.402 0.411
0.29 0.52 0.19

12
0.495 0.087 0.418
0.001 0.027 0.972
0.202 0.427 0.371
0.099 0.246 0.655
12
0.255 0.41 0.335
0.044 0.263 0.693
0.147 0.025 0.828
0.087 0.851 0.062
12
0.605 0.278 0.117
0.077 0.833 0.09
0.654 0.266 0.08
0.027 0.918 0.055

4
0.405 0.595
0.66 0.34
4
0.675 0.325
0.203 0.797
4
0.297 0.703
0.341 0.659

16
0.471 0.063 0.053 0.413
0.029 0.285 0.051 0.635
0.304 0.054 0.632 0.01
0.018 0.917 0.005 0.06
16
0.136 0.432 0.386 0.046
0.798 0.006 0.084 0.112
0.013 0.22 0.748 0.019
0.021 0.096 0.489 0.394

4
0.671 0.329
0.631 0.369
4
0.722 0.278
0.636 0.364
4
0.075 0.925
0.663 0.337
4
0.619 0.381
0.815 0.185
