V-CREDAL 
8 
4 5 5 3 5 5 2 4 
8 
1 0 
2 0 1 
2 1 2 
2 2 3 
2 3 4 
2 4 5 
2 5 6 
2 6 7 

24 
0.0736 0.90455 0.00925 0.0126 
0.0688 0.10692 0.61861 0.20567 
0.63671 0.15399 0.20776 0.00154 
0.202 0.78762 7.7E-4 0.00961 
0.54123 0.08871 0.33102 0.03904 
0.07935 0.03489 0.11263 0.77313 

30 
0.10991 0.1571 0.34801 0.25857 0.12641 
0.06742 0.08943 0.04886 0.73449 0.0598 
0.37225 0.00325 0.07461 0.04825 0.50164 
0.00932 0.01026 0.13009 0.00178 0.84855 
0.04475 0.18984 0.00224 0.68838 0.07479 
0.16672 0.07945 0.31997 0.07451 0.35935 
30 
0.01456 0.0056 0.06694 0.20822 0.70468 
0.01042 0.00719 0.08976 0.79959 0.09304 
0.56296 0.01681 0.13255 0.02925 0.25843 
0.07079 0.02725 0.00528 0.86834 0.02834 
0.05007 0.15904 0.11173 0.21655 0.46261 
0.05097 0.061 0.48086 0.00723 0.39994 
30 
0.15957 0.07581 0.64884 0.00781 0.10797 
0.43811 0.01243 0.00105 0.54538 0.00303 
0.01761 0.84964 0.01272 0.01663 0.1034 
0.0084 0.26265 0.42217 0.03627 0.27051 
4.0E-5 2.9E-4 0.00729 0.94146 0.05092 
0.66839 0.04954 0.02805 0.17218 0.08184 
30 
0.00487 0.00311 0.01127 0.97391 0.00684 
0.4183 0.00313 0.4455 0.02278 0.11029 
2.0E-4 9.0E-5 0.98288 0.01665 1.8E-4 
0.00721 0.00972 0.86544 0.05453 0.0631 
0.40552 0.07523 0.12893 0.27046 0.11986 
0.02281 8.4E-4 0.02677 0.90276 0.04682 

30 
0.91699 0.05831 0.0104 0.00969 0.00461 
0.25752 0.05858 0.11104 0.40252 0.17034 
0.05548 0.00257 0.85848 0.07036 0.01311 
0.00913 0.49467 0.01583 0.05953 0.42084 
0.14126 0.41686 0.13079 0.01768 0.29341 
0.0011 0.00213 0.80081 0.18487 0.01109 
30 
0.39065 2.0E-5 0.57727 2.2E-4 0.03184 
0.0353 0.71506 0.05616 0.00469 0.18879 
0.96456 8.0E-5 0.01201 0.00543 0.01792 
1.2E-4 0.03052 0.00561 2.1E-4 0.96354 
0.4995 0.10384 0.03429 0.08143 0.28094 
0.01358 0.03667 0.21286 0.21909 0.5178 
30 
0.21384 0.0171 0.66264 0.07682 0.0296 
0.78144 0.0261 0.03804 0.01253 0.14189 
0.03862 0.32562 0.08126 0.53272 0.02178 
3.8E-4 0.09448 0.82883 0.00568 0.07063 
0.80071 0.00754 0.02384 0.05288 0.11503 
0.12929 0.28664 0.16637 0.17004 0.24766 
30 
7.0E-5 0.23276 5.7E-4 0.52625 0.24035 
0.08649 0.0816 0.17446 0.44909 0.20836 
0.08808 0.38341 0.00259 0.40272 0.1232 
0.13592 0.31261 0.35085 0.10441 0.09621 
0.06061 4.4E-4 0.0092 0.04035 0.8894 
0.32827 0.47318 0.1687 0.01752 0.01233 
30 
0.01194 0.01757 0.05222 0.0301 0.88817 
0.36129 0.3578 0.06727 0.09438 0.11926 
0.04862 0.03301 0.03221 0.48711 0.39905 
0.01157 0.53475 0.43466 0.01179 0.00723 
0.09908 0.26538 0.4355 0.00933 0.19071 
0.29553 0.01454 0.0192 0.65618 0.01455 

18 
0.34533 0.55722 0.09745 
0.57113 0.30007 0.1288 
0.41739 0.00321 0.5794 
6.9E-4 0.94613 0.05318 
0.13576 0.01528 0.84896 
0.01161 0.1591 0.82929 
18 
0.78897 0.05242 0.15861 
0.18526 0.00374 0.811 
0.13577 0.67348 0.19075 
0.00456 0.01501 0.98043 
0.58781 0.01028 0.40191 
0.58717 0.34185 0.07098 
18 
0.65902 0.04537 0.29561 
0.24483 0.02755 0.72762 
0.16045 0.28415 0.5554 
0.25756 0.37615 0.36629 
0.78541 0.17295 0.04164 
0.8674 0.07923 0.05337 
18 
0.11419 0.14456 0.74125 
0.92157 0.02563 0.0528 
0.30378 0.02193 0.67429 
0.07632 0.91764 0.00604 
0.07469 0.28011 0.6452 
0.08397 0.91339 0.00264 
18 
0.00248 0.46103 0.53649 
0.22268 0.53057 0.24675 
0.21115 0.10122 0.68763 
0.65285 0.12973 0.21742 
0.69964 0.07181 0.22855 
0.10722 0.17635 0.71643 

30 
0.00111 0.03406 0.10262 0.02236 0.83985 
0.00195 0.27289 0.02202 0.12756 0.57558 
0.34494 0.06435 0.07797 0.3079 0.20484 
0.11279 0.03855 0.65132 0.07966 0.11768 
0.47598 0.06839 0.05911 0.3913 0.00522 
0.13242 0.65308 0.06201 0.08482 0.06767 
30 
0.03657 0.25483 0.00569 0.66063 0.04228 
0.02569 0.01848 0.3664 0.00776 0.58167 
0.02766 0.01207 0.66781 0.06604 0.22642 
0.02144 0.01482 0.83988 0.11988 0.00398 
0.23705 0.0644 0.66706 0.01197 0.01952 
0.02573 0.00429 0.46332 0.06114 0.44552 
30 
0.00343 0.23387 5.7E-4 0.76204 9.0E-5 
0.15723 0.40229 0.07116 0.24764 0.12168 
0.17209 0.51513 0.29897 0.00287 0.01094 
0.16697 0.0288 0.48334 0.26429 0.0566 
0.02998 4.4E-4 0.95807 0.00178 0.00973 
0.60428 0.01856 0.27211 0.0867 0.01835 

30 
0.61099 0.26948 0.02718 0.05553 0.03682 
0.11026 0.00987 0.82802 0.04252 0.00933 
0.25389 0.08541 0.30741 0.02723 0.32606 
0.72443 0.00777 0.05442 0.18626 0.02712 
0.07119 0.03515 0.05231 0.10964 0.73171 
0.43534 0.41794 0.09433 0.04755 0.00484 
30 
0.72756 0.0462 0.18761 0.0376 0.00103 
6.7E-4 1.8E-4 0.00668 0.96982 0.02265 
4.1E-4 0.04153 0.00202 0.07437 0.88167 
0.46294 0.26159 0.08311 0.13429 0.05807 
0.12348 0.02196 0.12204 0.70986 0.02266 
0.40372 0.01114 0.26629 0.05755 0.2613 
30 
0.42291 0.04544 0.09978 0.21492 0.21695 
0.12767 0.20365 0.05054 0.31477 0.30337 
0.2153 0.23316 0.23637 0.30262 0.01255 
0.86632 0.04613 0.00434 0.03228 0.05093 
0.00821 0.00135 0.98593 0.00278 0.00173 
0.42159 0.03166 0.1292 0.33721 0.08034 
30 
0.48618 0.06852 0.18904 0.24896 0.0073 
0.15656 0.01911 0.16843 0.64529 0.01061 
0.39858 0.08261 0.14527 0.0154 0.35814 
0.00108 0.90022 0.07067 0.01739 0.01064 
0.19219 0.00961 0.37378 0.37991 0.04451 
0.02075 0.52177 0.44915 0.00633 0.002 
30 
0.0941 0.0073 0.84341 0.04845 0.00674 
0.36583 0.07739 0.0819 0.03062 0.44426 
0.38807 0.0311 0.05972 0.40492 0.11619 
0.2957 0.39867 0.03602 7.1E-4 0.2689 
0.00465 0.21314 0.60873 0.02655 0.14693 
0.17603 0.00205 0.24606 0.02 0.55586 

4 
0.89192 0.10808 
0.6458 0.3542 
4 
0.09812 0.90188 
0.18226 0.81774 
4 
0.92995 0.07005 
0.67131 0.32869 
4 
0.54644 0.45356 
0.55821 0.44179 
4 
0.05114 0.94886 
0.69493 0.30507 

24 
0.03266 0.63379 0.32515 0.0084 
0.66797 0.24122 0.05218 0.03863 
0.70459 0.00205 0.21204 0.08132 
0.7988 0.13162 0.00819 0.06139 
0.16864 0.38747 0.37749 0.0664 
0.07619 0.56681 0.26288 0.09412 
24 
0.12057 0.32238 0.19181 0.36524 
0.00278 0.91695 0.03417 0.0461 
0.63435 0.27019 0.06232 0.03314 
0.03663 0.58161 0.30244 0.07932 
0.11097 0.77592 0.07526 0.03785 
0.00182 5.6E-4 0.00274 0.99488 
