V-CREDAL
7
3 2 3 2 3 3 3
7
2 3 0
2 2 1
1 2
1 3
3 0 6 4
3 2 4 5
1 6

18
0.906 0.038 0.056
0.054 0.665 0.281
0.228 0.303 0.469
0.852 0.034 0.114
0.261 0.596 0.143
0.101 0.521 0.378
18
0.952 0.028 0.02
0.008 0.0 0.992
0.057 0.938 0.005
0.879 0.106 0.015
0.004 0.989 0.007
0.643 0.349 0.008

4
0.078 0.922
0.184 0.816
4
0.653 0.347
0.902 0.098
4
0.687 0.313
0.22 0.78

18
0.805 0.186 0.009
0.028 0.153 0.819
0.23 0.725 0.045
0.182 0.768 0.05
0.017 0.832 0.151
0.333 0.014 0.653

4
0.746 0.254
0.303 0.697

18
0.025 0.262 0.713
0.216 0.681 0.103
0.942 0.0 0.058
0.371 0.563 0.066
0.005 0.128 0.867
0.196 0.69 0.114
18
0.595 0.039 0.366
0.983 0.004 0.013
0.12 0.086 0.794
0.26 0.678 0.062
0.098 0.708 0.194
0.979 0.014 0.007
18
0.548 0.223 0.229
0.003 0.995 0.002
0.416 0.421 0.163
0.033 0.407 0.56
0.061 0.117 0.822
0.108 0.014 0.878
18
0.099 0.836 0.065
0.145 0.063 0.792
0.952 0.021 0.027
0.08 0.321 0.599
0.355 0.609 0.036
0.29 0.047 0.663
18
0.533 0.152 0.315
0.004 0.991 0.005
0.424 0.052 0.524
0.077 0.233 0.69
0.544 0.44 0.016
0.556 0.386 0.058
18
0.083 0.0 0.917
0.023 0.291 0.686
0.04 0.922 0.038
0.017 0.897 0.086
0.999 0.0 0.001
0.022 0.925 0.053
18
0.029 0.126 0.845
0.761 0.21 0.029
0.002 0.686 0.312
0.145 0.793 0.062
0.056 0.865 0.079
0.81 0.061 0.129
18
0.807 0.094 0.099
0.042 0.704 0.254
0.069 0.138 0.793
0.043 0.286 0.671
0.505 0.069 0.426
0.226 0.695 0.079
18
0.02 0.946 0.034
0.47 0.465 0.065
0.047 0.088 0.865
0.065 0.023 0.912
0.613 0.065 0.322
0.026 0.704 0.27

18
0.239 0.498 0.263
0.043 0.472 0.485
0.692 0.096 0.212
0.308 0.047 0.645
0.728 0.06 0.212
0.157 0.054 0.789
18
0.142 0.849 0.009
0.07 0.657 0.273
0.773 0.111 0.116
0.549 0.191 0.26
0.514 0.425 0.061
0.061 0.931 0.008
18
0.213 0.737 0.05
0.749 0.078 0.173
0.034 0.017 0.949
0.719 0.024 0.257
0.029 0.483 0.488
0.777 0.184 0.039
18
0.087 0.834 0.079
0.095 0.017 0.888
0.023 0.305 0.672
0.917 0.05 0.033
0.009 0.691 0.3
0.694 0.269 0.037
18
0.131 0.051 0.818
0.994 0.0 0.006
0.063 0.694 0.243
0.88 0.1 0.02
0.102 0.743 0.155
0.067 0.308 0.625
18
0.942 0.021 0.037
0.903 0.097 0.0
0.007 0.674 0.319
0.054 0.106 0.84
0.028 0.908 0.064
0.037 0.246 0.717
18
0.917 0.052 0.031
0.387 0.603 0.01
0.065 0.141 0.794
0.008 0.961 0.031
0.042 0.432 0.526
0.817 0.162 0.021
18
0.001 0.05 0.949
0.0 0.993 0.007
0.995 0.0 0.005
0.933 0.063 0.004
0.069 0.014 0.917
0.235 0.765 0.0
18
0.097 0.87 0.033
0.943 0.053 0.004
0.028 0.65 0.322
0.022 0.046 0.932
0.109 0.013 0.878
0.351 0.631 0.018

18
0.098 0.305 0.597
0.13 0.052 0.818
0.544 0.088 0.368
0.135 0.849 0.016
0.132 0.044 0.824
0.534 0.075 0.391
