V-CREDAL
8
3 4 4 4 2 4 3 2
8
1 0
2 0 1
2 1 2
2 2 3
2 3 4
2 4 5
2 5 6
2 6 7

12
0.295 0.251 0.454
0.483 0.417 0.1
0.287 0.019 0.694
0.925 0.065 0.01

16
0.011 0.14 0.831 0.018
0.297 0.084 0.587 0.032
0.242 0.036 0.702 0.02
0.002 0.005 0.979 0.014
16
0.764 0.045 0.066 0.125
0.99 0.003 0.004 0.003
0.137 0.549 0.283 0.031
0.487 0.04 0.008 0.465
16
0.059 0.903 0.026 0.012
0.168 0.74 0.023 0.069
0.071 0.638 0.205 0.086
0.276 0.028 0.637 0.059

16
0.164 0.065 0.18 0.591
0.09 0.477 0.272 0.161
0.612 0.135 0.055 0.198
0.095 0.231 0.019 0.655
16
0.179 0.144 0.519 0.158
0.011 0.119 0.709 0.161
0.69 0.012 0.09 0.208
0.082 0.853 0.031 0.034
16
0.471 0.471 0.022 0.036
0.252 0.043 0.033 0.672
0.008 0.822 0.143 0.027
0.167 0.382 0.02 0.431
16
0.09 0.564 0.055 0.291
0.065 0.194 0.076 0.665
0.214 0.237 0.024 0.525
0.609 0.063 0.023 0.305

16
0.217 0.266 0.348 0.169
0.015 0.02 0.772 0.193
0.139 0.164 0.144 0.553
0.163 0.432 0.258 0.147
16
0.046 0.304 0.642 0.008
0.609 0.238 0.13 0.023
0.021 0.891 0.026 0.062
0.774 0.022 0.048 0.156
16
0.238 0.148 0.151 0.463
0.027 0.082 0.015 0.876
0.523 0.064 0.154 0.259
0.312 0.132 0.511 0.045
16
0.426 0.036 0.073 0.465
0.795 0.169 0.019 0.017
0.266 0.147 0.407 0.18
0.019 0.164 0.543 0.274

4
0.309 0.691
0.857 0.143
4
0.102 0.898
0.503 0.497
4
0.129 0.871
0.971 0.029
4
0.194 0.806
0.002 0.998

16
0.059 0.044 0.878 0.019
0.008 0.204 0.375 0.413
0.217 0.771 0.006 0.006
0.448 0.017 0.527 0.008
16
0.363 0.134 0.158 0.345
0.791 0.114 0.023 0.072
0.082 0.242 0.542 0.134
0.01 0.003 0.023 0.964

12
0.426 0.388 0.186
0.067 0.018 0.915
0.631 0.21 0.159
0.008 0.059 0.933
12
0.948 0.008 0.044
0.121 0.027 0.852
0.104 0.642 0.254
0.067 0.657 0.276
12
0.136 0.47 0.394
0.79 0.195 0.015
0.171 0.357 0.472
0.08 0.738 0.182
12
0.015 0.855 0.13
0.017 0.927 0.056
0.299 0.65 0.051
0.83 0.033 0.137

4
0.082 0.918
0.3 0.7
4
0.512 0.488
0.834 0.166
4
0.532 0.468
0.645 0.355
