V-CREDAL
6
4 4 4 2 2 4
6
1 0
2 0 1
2 1 2
2 2 3
2 3 4
2 4 5

24
0.004 0.343 0.271 0.382
0.032 0.012 0.016 0.94
0.446 0.247 0.279 0.028
0.444 0.38 0.089 0.087
0.05 0.61 0.027 0.313
0.627 0.029 0.067 0.277

24
0.019 0.106 0.585 0.29
0.135 0.094 0.025 0.746
0.22 0.005 0.774 0.001
0.738 0.01 0.216 0.036
0.374 0.427 0.112 0.087
0.012 0.016 0.743 0.229
24
0.321 0.217 0.093 0.369
0.037 0.013 0.937 0.013
0.099 0.336 0.121 0.444
0.825 0.038 0.046 0.091
0.178 0.063 0.174 0.585
0.11 0.681 0.155 0.054
24
0.474 0.14 0.367 0.019
0.022 0.554 0.143 0.281
0.007 0.042 0.069 0.882
0.134 0.125 0.048 0.693
0.005 0.421 0.459 0.115
0.135 0.83 0.016 0.019
24
0.227 0.205 0.547 0.021
0.053 0.336 0.048 0.563
0.544 0.022 0.045 0.389
0.325 0.027 0.62 0.028
0.119 0.761 0.117 0.003
0.33 0.021 0.002 0.647

24
0.689 0.029 0.071 0.211
0.022 0.644 0.24 0.094
0.51 0.01 0.093 0.387
0.145 0.575 0.047 0.233
0.08 0.062 0.751 0.107
0.007 0.024 0.159 0.81
24
0.042 0.196 0.506 0.256
0.128 0.536 0.092 0.244
0.346 0.178 0.308 0.168
0.87 0.016 0.007 0.107
0.032 0.017 0.052 0.899
0.222 0.024 0.441 0.313
24
0.059 0.014 0.617 0.31
0.362 0.022 0.536 0.08
0.145 0.053 0.716 0.086
0.022 0.015 0.467 0.496
0.294 0.323 0.271 0.112
0.175 0.137 0.26 0.428
24
0.08 0.097 0.793 0.03
0.116 0.251 0.318 0.315
0.003 0.915 0.08 0.002
0.811 0.004 0.1 0.085
0.135 0.253 0.194 0.418
0.25 0.278 0.452 0.02

4
0.883 0.117
0.049 0.951
4
0.974 0.026
0.018 0.982
4
0.653 0.347
0.019 0.981
4
0.65 0.35
0.471 0.529

4
0.067 0.933
0.003 0.997
4
0.125 0.875
0.087 0.913

24
0.236 0.158 0.083 0.523
0.768 0.069 0.114 0.049
0.062 0.231 0.634 0.073
0.01 0.008 0.009 0.973
0.148 0.004 0.104 0.744
0.651 0.055 0.035 0.259
24
0.549 0.015 0.376 0.06
0.028 0.038 0.684 0.25
0.659 0.158 0.143 0.04
0.474 0.053 0.042 0.431
0.128 0.114 0.606 0.152
0.845 0.005 0.118 0.032
