V-CREDAL
10
3 3 3 4 2 2 4 4 3 4
10
1 0
2 0 1
2 1 2
2 2 3
2 3 4
2 4 5
2 5 6
2 6 7
2 7 8
2 8 9

18
0.157 0.051 0.792
0.723 0.045 0.232
0.077 0.723 0.2
0.854 0.079 0.067
0.015 0.062 0.923
0.562 0.33 0.108

18
0.458 0.046 0.496
0.083 0.091 0.826
0.002 0.995 0.003
0.996 0.0 0.004
0.094 0.081 0.825
0.861 0.01 0.129
18
0.0 0.362 0.638
0.972 0.023 0.005
0.286 0.707 0.007
0.017 0.96 0.023
0.07 0.017 0.913
0.001 0.041 0.958
18
0.957 0.032 0.011
0.015 0.09 0.895
0.042 0.908 0.05
0.002 0.46 0.538
0.367 0.002 0.631
0.872 0.006 0.122

18
0.547 0.395 0.058
0.247 0.025 0.728
0.711 0.182 0.107
0.034 0.786 0.18
0.104 0.21 0.686
0.042 0.488 0.47
18
0.831 0.14 0.029
0.084 0.084 0.832
0.113 0.669 0.218
0.429 0.057 0.514
0.017 0.39 0.593
0.231 0.647 0.122
18
0.057 0.032 0.911
0.039 0.045 0.916
0.897 0.012 0.091
0.009 0.939 0.052
0.497 0.483 0.02
0.87 0.096 0.034

24
0.591 0.015 0.288 0.106
0.195 0.378 0.292 0.135
0.203 0.298 0.435 0.064
0.263 0.09 0.035 0.612
0.005 0.029 0.966 0.0
0.004 0.023 0.258 0.715
24
0.837 0.105 0.04 0.018
0.519 0.007 0.474 0.0
0.019 0.895 0.009 0.077
0.041 0.949 0.001 0.009
0.051 0.139 0.002 0.808
0.005 0.027 0.433 0.535
24
0.005 0.582 0.411 0.002
0.114 0.113 0.104 0.669
0.79 0.014 0.036 0.16
0.555 0.045 0.333 0.067
0.379 0.113 0.322 0.186
0.021 0.952 0.001 0.026

4
0.623 0.377
0.388 0.612
4
0.096 0.904
0.947 0.053
4
0.095 0.905
0.36 0.64
4
0.409 0.591
0.861 0.139

4
0.506 0.494
0.434 0.566
4
0.715 0.285
0.773 0.227

24
0.012 0.447 0.28 0.261
0.16 0.02 0.251 0.569
0.0 0.703 0.296 0.001
0.008 0.097 0.037 0.858
0.337 0.022 0.031 0.61
0.454 0.093 0.006 0.447
24
0.436 0.276 0.242 0.046
0.225 0.05 0.66 0.065
0.027 0.815 0.026 0.132
0.015 0.378 0.596 0.011
0.065 0.542 0.249 0.144
0.296 0.598 0.079 0.027

24
0.246 0.384 0.344 0.026
0.001 0.951 0.033 0.015
0.062 0.28 0.177 0.481
0.046 0.855 0.042 0.057
0.424 0.051 0.24 0.285
0.04 0.596 0.065 0.299
24
0.26 0.065 0.184 0.491
0.732 0.245 0.013 0.01
0.548 0.159 0.084 0.209
0.535 0.208 0.193 0.064
0.004 0.003 0.988 0.005
0.291 0.154 0.191 0.364
24
0.189 0.063 0.649 0.099
0.022 0.012 0.731 0.235
0.409 0.051 0.27 0.27
0.063 0.059 0.84 0.038
0.058 0.004 0.002 0.936
0.014 0.017 0.949 0.02
24
0.234 0.352 0.392 0.022
0.09 0.003 0.884 0.023
0.015 0.255 0.73 0.0
0.39 0.066 0.541 0.003
0.183 0.145 0.381 0.291
0.436 0.307 0.111 0.146

18
0.05 0.172 0.778
0.125 0.021 0.854
0.008 0.607 0.385
0.748 0.217 0.035
0.189 0.568 0.243
0.888 0.043 0.069
18
0.658 0.31 0.032
0.003 0.539 0.458
0.026 0.845 0.129
0.049 0.833 0.118
0.344 0.071 0.585
0.134 0.191 0.675
18
0.031 0.013 0.956
0.472 0.415 0.113
0.144 0.011 0.845
0.419 0.538 0.043
0.117 0.296 0.587
0.078 0.179 0.743
18
0.149 0.839 0.012
0.574 0.037 0.389
0.853 0.014 0.133
0.479 0.127 0.394
0.93 0.032 0.038
0.273 0.727 0.0

24
0.002 0.605 0.363 0.03
0.205 0.536 0.172 0.087
0.029 0.113 0.005 0.853
0.768 0.204 0.021 0.007
0.002 0.0 0.094 0.904
0.079 0.002 0.007 0.912
24
0.023 0.826 0.006 0.145
0.081 0.221 0.672 0.026
0.023 0.752 0.165 0.06
0.049 0.193 0.246 0.512
0.789 0.015 0.104 0.092
0.126 0.144 0.189 0.541
24
0.294 0.002 0.546 0.158
0.051 0.129 0.149 0.671
0.566 0.375 0.037 0.022
0.21 0.553 0.217 0.02
0.456 0.21 0.286 0.048
0.272 0.018 0.066 0.644
