V-CREDAL
4
4 4 2 2
4
1 0
2 0 1
2 1 2
2 2 3

16
0.119 0.012 0.791 0.078
0.101 0.166 0.251 0.482
0.719 0.089 0.151 0.041
0.039 0.957 0.001 0.003

16
0.002 0.937 0.006 0.055
0.513 0.101 0.357 0.029
0.736 0.057 0.044 0.163
0.373 0.274 0.082 0.271
16
0.06 0.472 0.031 0.437
0.737 0.006 0.038 0.219
0.001 0.99 0.009 0.0
0.091 0.307 0.082 0.52
16
0.49 0.163 0.133 0.214
0.157 0.106 0.092 0.645
0.305 0.396 0.03 0.269
0.202 0.003 0.011 0.784
16
0.398 0.268 0.202 0.132
0.049 0.104 0.357 0.49
0.021 0.006 0.97 0.003
0.128 0.419 0.139 0.314

4
0.533 0.467
0.031 0.969
4
0.626 0.374
0.026 0.974
4
0.371 0.629
0.038 0.962
4
0.03 0.97
0.68 0.32

4
0.014 0.986
0.269 0.731
4
0.605 0.395
0.032 0.968
