V-CREDAL 
10 
2 3 2 2 2 2 3 2 2 2 
10 
1 0 
2 7 1 
1 2 
3 0 9 3 
3 2 5 4 
2 7 5 
2 7 6 
1 7 
2 0 8 
2 5 9 

4 
0.5872 0.4128 
0.48418 0.51582 

12 
0.12483 0.0072 0.86797 
0.12627 0.33071 0.54302 
0.2246 0.37122 0.40418 
0.68411 0.05824 0.25765 
12 
0.047 0.26353 0.68947 
0.06107 0.85002 0.08891 
0.43538 0.03228 0.53234 
0.44196 0.4578 0.10024 

4 
0.39088 0.60912 
0.28847 0.71153 

4 
0.38711 0.61289 
0.98083 0.01917 
4 
0.22948 0.77052 
0.83702 0.16298 
4 
0.69921 0.30079 
0.90718 0.09282 
4 
0.06344 0.93656 
0.75296 0.24704 

4 
0.15007 0.84993 
0.84252 0.15748 
4 
0.578 0.422 
0.47672 0.52328 
4 
0.13993 0.86007 
0.73435 0.26565 
4 
0.86551 0.13449 
0.02165 0.97835 

4 
0.66227 0.33773 
0.37525 0.62475 
4 
0.53803 0.46197 
0.82343 0.17657 

12 
0.03486 0.25452 0.71062 
0.2221 0.56021 0.21769 
0.09019 0.05852 0.85129 
0.23969 0.35597 0.40434 
12 
0.1364 0.33527 0.52833 
0.01409 0.00465 0.98126 
0.27585 0.30034 0.42381 
0.2851 0.12125 0.59365 

4 
0.75607 0.24393 
0.18 0.82 

4 
0.69862 0.30138 
0.70876 0.29124 
4 
0.03933 0.96067 
0.50852 0.49148 

4 
0.8194 0.1806 
0.82242 0.17758 
4 
0.60969 0.39031 
0.80992 0.19008 
