V-CREDAL 
8 
3 3 2 2 2 2 3 3 
8 
1 0 
2 0 1 
2 1 2 
2 2 3 
2 3 4 
2 4 5 
2 5 6 
2 6 7 

18 
0.41086 0.00771 0.58143 
0.02795 0.21898 0.75307 
0.01729 0.85919 0.12352 
0.12462 0.09929 0.77609 
0.72324 0.25175 0.02501 
0.76975 0.12205 0.1082 

18 
0.02673 0.82543 0.14784 
0.89117 0.07168 0.03715 
0.02854 0.04626 0.9252 
0.04222 0.90181 0.05597 
0.01186 0.05817 0.92997 
0.85164 0.12622 0.02214 
18 
0.68902 0.26502 0.04596 
0.60681 0.22368 0.16951 
0.01907 0.94813 0.0328 
0.01555 0.04458 0.93987 
0.06638 0.03659 0.89703 
0.1807 0.03839 0.78091 
18 
0.35128 0.08888 0.55984 
0.57304 0.19981 0.22715 
0.05403 0.53407 0.4119 
0.03632 0.02522 0.93846 
0.15987 0.76399 0.07614 
0.41062 0.46386 0.12552 

4 
0.82818 0.17182 
0.83408 0.16592 
4 
0.87688 0.12312 
0.19975 0.80025 
4 
0.89485 0.10515 
0.36783 0.63217 

4 
0.80073 0.19927 
0.15271 0.84729 
4 
0.09395 0.90605 
0.01067 0.98933 

4 
0.98721 0.01279 
0.52187 0.47813 
4 
0.59195 0.40805 
0.32365 0.67635 

4 
0.23743 0.76257 
0.65208 0.34792 
4 
0.36248 0.63752 
0.99722 0.00278 

18 
0.0113 0.96233 0.02637 
0.00452 0.00249 0.99299 
0.88886 0.00106 0.11008 
0.91759 0.07451 0.0079 
0.93042 0.03183 0.03775 
0.5575 0.42957 0.01293 
18 
0.99683 3.9E-4 0.00278 
0.04775 0.9083 0.04395 
0.02051 0.0254 0.95409 
0.17517 0.81837 0.00646 
0.02934 0.80227 0.16839 
0.90631 0.09169 0.002 

18 
0.96364 0.00198 0.03438 
0.64815 0.2532 0.09865 
0.88963 0.08618 0.02419 
0.02063 0.01407 0.9653 
0.10412 0.59461 0.30127 
0.00524 0.13149 0.86327 
18 
0.05621 0.3396 0.60419 
0.2786 0.10188 0.61952 
0.19215 0.77986 0.02799 
0.05821 0.91173 0.03006 
0.58203 0.10119 0.31678 
0.63975 0.17941 0.18084 
18 
0.546 0.39474 0.05926 
0.55679 0.41153 0.03168 
0.28576 0.64732 0.06692 
0.07009 0.14009 0.78982 
0.1388 0.76914 0.09206 
0.13151 0.04187 0.82662 
