V-CREDAL 
4 
3 2 3 3 
4 
1 0 
2 0 1 
2 1 2 
2 2 3 

12 
0.14983 0.10643 0.74374 
0.25764 0.6149 0.12746 
0.11982 0.62317 0.25701 
0.9795 0.01519 0.00531 

4 
0.58066 0.41934 
0.14641 0.85359 
4 
0.93487 0.06513 
0.76492 0.23508 
4 
0.79064 0.20936 
0.24681 0.75319 

12 
0.86634 0.08255 0.05111 
0.65684 0.23666 0.1065 
0.64011 0.0066 0.35329 
0.01887 0.01145 0.96968 
12 
0.78903 0.13916 0.07181 
0.01353 0.26244 0.72403 
0.00976 0.79243 0.19781 
0.76148 0.00984 0.22868 

12 
0.57737 0.17566 0.24697 
0.02647 0.96832 0.00521 
0.0215 0.02234 0.95616 
0.61703 0.04741 0.33556 
12 
0.13411 0.09592 0.76997 
0.12325 0.4905 0.38625 
0.79868 0.04351 0.15781 
0.61135 0.26349 0.12516 
12 
0.63764 0.0586 0.30376 
0.19021 0.80149 0.0083 
0.06024 0.49408 0.44568 
0.02707 0.53777 0.43516 
