V-CREDAL
9
4 3 2 2 2 3 3 4 3
9
3 2 4 0
1 1
2 8 2
2 4 3
2 5 4
1 5
1 6
3 5 6 7
2 1 8

24
0.003 0.006 0.882 0.109
0.301 0.121 0.144 0.434
0.001 0.001 0.263 0.735
0.074 0.089 0.743 0.094
0.079 0.656 0.215 0.05
0.329 0.031 0.209 0.431
24
0.045 0.336 0.154 0.465
0.043 0.037 0.903 0.017
0.077 0.011 0.006 0.906
0.714 0.165 0.03 0.091
0.651 0.026 0.238 0.085
0.226 0.767 0.004 0.003
24
0.843 0.031 0.031 0.095
0.243 0.164 0.004 0.589
0.028 0.074 0.346 0.552
0.019 0.233 0.65 0.098
0.183 0.36 0.203 0.254
0.699 0.079 0.207 0.015
24
0.009 0.611 0.026 0.354
0.207 0.019 0.095 0.679
0.685 0.154 0.013 0.148
0.656 0.171 0.101 0.072
0.054 0.019 0.881 0.046
0.01 0.055 0.426 0.509

18
0.269 0.399 0.332
0.08 0.032 0.888
0.115 0.298 0.587
0.189 0.02 0.791
0.962 0.029 0.009
0.736 0.224 0.04

4
0.553 0.447
0.718 0.282
4
0.434 0.566
0.892 0.108
4
0.643 0.357
0.396 0.604

4
0.01 0.99
0.904 0.096
4
0.34 0.66
0.041 0.959

4
0.63 0.37
0.002 0.998
4
0.901 0.099
0.219 0.781
4
0.923 0.077
0.541 0.459

18
0.21 0.183 0.607
0.494 0.5 0.006
0.747 0.105 0.148
0.399 0.146 0.455
0.265 0.696 0.039
0.192 0.624 0.184

18
0.634 0.174 0.192
0.011 0.197 0.792
0.006 0.902 0.092
0.461 0.074 0.465
0.389 0.519 0.092
0.093 0.007 0.9

24
0.085 0.043 0.872 0.0
0.0 0.504 0.494 0.002
0.433 0.052 0.451 0.064
0.366 0.008 0.615 0.011
0.166 0.114 0.277 0.443
0.453 0.03 0.489 0.028
24
0.01 0.033 0.957 0.0
0.345 0.034 0.009 0.612
0.002 0.986 0.008 0.004
0.05 0.462 0.11 0.378
0.356 0.138 0.215 0.291
0.011 0.797 0.001 0.191
24
0.037 0.177 0.569 0.217
0.749 0.018 0.072 0.161
0.214 0.75 0.012 0.024
0.001 0.017 0.001 0.981
0.126 0.03 0.011 0.833
0.53 0.24 0.127 0.103
24
0.401 0.098 0.02 0.481
0.428 0.495 0.051 0.026
0.932 0.016 0.022 0.03
0.67 0.01 0.308 0.012
0.084 0.23 0.004 0.682
0.853 0.074 0.005 0.068
24
0.013 0.044 0.879 0.064
0.75 0.247 0.003 0.0
0.679 0.153 0.145 0.023
0.051 0.496 0.267 0.186
0.826 0.004 0.096 0.074
0.17 0.52 0.22 0.09
24
0.021 0.099 0.061 0.819
0.005 0.011 0.008 0.976
0.169 0.652 0.008 0.171
0.039 0.144 0.782 0.035
0.545 0.364 0.088 0.003
0.032 0.056 0.556 0.356
24
0.08 0.125 0.058 0.737
0.364 0.413 0.077 0.146
0.294 0.047 0.054 0.605
0.021 0.267 0.027 0.685
0.187 0.645 0.122 0.046
0.167 0.316 0.147 0.37
24
0.047 0.393 0.053 0.507
0.852 0.103 0.002 0.043
0.004 0.218 0.078 0.7
0.187 0.108 0.304 0.401
0.098 0.323 0.193 0.386
0.079 0.018 0.021 0.882
24
0.947 0.009 0.024 0.02
0.287 0.201 0.099 0.413
0.044 0.68 0.022 0.254
0.906 0.008 0.058 0.028
0.708 0.043 0.249 0.0
0.244 0.393 0.322 0.041

18
0.485 0.192 0.323
0.322 0.146 0.532
0.549 0.385 0.066
0.177 0.276 0.547
0.163 0.559 0.278
0.188 0.224 0.588
18
0.069 0.052 0.879
0.818 0.0 0.182
0.069 0.814 0.117
0.146 0.777 0.077
0.281 0.682 0.037
0.894 0.027 0.079
18
0.043 0.816 0.141
0.123 0.779 0.098
0.042 0.148 0.81
0.845 0.135 0.02
0.922 0.043 0.035
0.044 0.036 0.92
