V-CREDAL
4
3 3 3 3
4
2 2 0
2 0 1
1 2
2 1 3

12
0.629 0.091 0.28
0.028 0.812 0.16
0.073 0.282 0.645
0.839 0.045 0.116
12
0.915 0.076 0.009
0.408 0.228 0.364
0.31 0.451 0.239
0.126 0.562 0.312
12
0.754 0.063 0.183
0.083 0.089 0.828
0.082 0.703 0.215
0.58 0.4 0.02

12
0.711 0.157 0.132
0.394 0.231 0.375
0.277 0.685 0.038
0.563 0.011 0.426
12
0.734 0.231 0.035
0.115 0.772 0.113
0.042 0.038 0.92
0.655 0.094 0.251
12
0.958 0.031 0.011
0.002 0.954 0.044
0.122 0.307 0.571
0.69 0.021 0.289

12
0.269 0.261 0.47
0.195 0.032 0.773
0.834 0.129 0.037
0.652 0.011 0.337

12
0.145 0.103 0.752
0.467 0.149 0.384
0.5 0.312 0.188
0.615 0.206 0.179
12
0.139 0.102 0.759
0.571 0.426 0.003
0.017 0.947 0.036
0.509 0.249 0.242
12
0.988 0.009 0.003
0.03 0.949 0.021
0.014 0.119 0.867
0.438 0.018 0.544
