V-CREDAL 
8 
3 4 4 3 4 3 3 4 
8 
1 0 
3 0 2 1 
1 2 
2 5 3 
2 6 4 
2 2 5 
2 2 6 
2 5 7 

12 
0.06745 0.29937 0.63318 
0.69554 0.12809 0.17637 
0.16069 0.63204 0.20727 
0.47803 0.1786 0.34337 

16 
0.61093 0.11322 0.00262 0.27323 
0.01107 0.24764 0.09883 0.64246 
0.79454 0.17467 0.0291 0.00169 
0.07977 0.00762 0.82032 0.09229 
16 
0.01287 0.01907 0.94076 0.0273 
0.43834 0.48332 0.00232 0.07602 
0.00588 0.05474 0.71449 0.22489 
0.00329 0.66013 0.3361 4.8E-4 
16 
0.03791 0.07524 0.00957 0.87728 
0.00368 0.77554 0.19846 0.02232 
0.73856 0.15642 0.00979 0.09523 
0.081 0.8313 0.0431 0.0446 
16 
0.06453 0.27866 0.09977 0.55704 
0.08806 0.19033 0.2215 0.50011 
0.00132 0.63537 0.32892 0.03439 
0.02071 0.0352 0.77171 0.17238 
16 
0.09178 0.08997 0.79276 0.02549 
0.01037 0.33113 0.64817 0.01033 
0.02784 0.01734 0.1158 0.83902 
0.45055 0.36285 0.00897 0.17763 
16 
0.68009 0.2023 0.0302 0.08741 
0.17009 0.13367 0.1223 0.57394 
0.3223 0.1327 0.06378 0.48122 
0.37115 0.09725 0.52303 0.00857 
16 
0.33555 0.3789 0.02097 0.26458 
0.64557 0.09751 0.1816 0.07532 
0.09172 0.37043 0.47244 0.06541 
0.03671 0.51369 0.22248 0.22712 
16 
0.04626 0.42876 0.44645 0.07853 
0.92317 0.07297 0.00199 0.00187 
0.16318 0.4703 0.31697 0.04955 
0.03161 0.00501 0.02888 0.9345 
16 
0.49057 0.02425 0.45761 0.02757 
0.15877 0.01232 0.79183 0.03708 
0.01264 5.2E-4 0.12115 0.86569 
0.02804 0.51484 0.42263 0.03449 
16 
0.2447 0.02322 0.15337 0.57871 
0.0398 0.09504 0.52252 0.34264 
0.09121 0.20293 0.35544 0.35042 
0.29392 0.02622 0.1641 0.51576 
16 
0.25147 0.24371 0.4659 0.03892 
0.19163 0.07623 0.68781 0.04433 
9.4E-4 0.00209 0.99254 0.00443 
0.41008 0.19493 0.14198 0.25301 
16 
0.41241 0.41138 0.02909 0.14712 
0.13259 0.02007 0.00336 0.84398 
0.63011 0.20686 0.06206 0.10097 
0.1146 0.16478 0.11577 0.60485 

16 
0.01435 0.08037 0.87161 0.03367 
0.13393 0.35968 0.02101 0.48538 
0.31151 0.11242 0.1604 0.41567 
0.13706 0.37893 0.10259 0.38142 

12 
0.49256 0.08718 0.42026 
0.39702 0.53466 0.06832 
0.34969 0.62987 0.02044 
0.46183 0.0853 0.45287 
12 
0.02471 0.01764 0.95765 
0.07469 0.73476 0.19055 
0.41884 0.13632 0.44484 
0.40532 0.39696 0.19772 
12 
0.07501 0.21033 0.71466 
0.34566 0.0325 0.62184 
0.0786 0.91922 0.00218 
0.90053 0.00797 0.0915 

16 
0.0854 0.21551 0.01817 0.68092 
0.00102 0.08639 0.27437 0.63822 
0.03344 0.89855 0.06728 7.3E-4 
0.00966 0.08082 0.90401 0.00551 
16 
0.08521 0.21507 0.09367 0.60605 
0.44794 0.0631 0.39783 0.09113 
0.3028 0.10974 0.22569 0.36177 
0.04175 0.85531 0.04195 0.06099 
16 
0.1476 0.82297 0.0242 0.00523 
0.22865 0.6194 0.11585 0.0361 
0.0081 0.59011 0.35177 0.05002 
0.00149 0.43316 0.56311 0.00224 

12 
0.99461 0.00123 0.00416 
0.3241 0.07862 0.59728 
0.29116 0.3874 0.32144 
0.66088 0.23762 0.1015 
12 
0.09541 0.83347 0.07112 
0.00891 0.76876 0.22233 
0.09004 0.36501 0.54495 
0.66478 0.01242 0.3228 
12 
0.0208 0.97108 0.00812 
0.49247 0.38669 0.12084 
0.00114 0.14676 0.8521 
0.05044 0.00365 0.94591 
12 
0.0338 0.83013 0.13607 
0.61331 0.00116 0.38553 
0.16404 0.07517 0.76079 
0.859 0.10558 0.03542 

12 
0.04353 0.5716 0.38487 
0.46033 0.16166 0.37801 
0.08399 0.91237 0.00364 
0.40386 0.37306 0.22308 
12 
0.86778 2.5E-4 0.13197 
0.08182 0.16432 0.75386 
0.31987 0.58062 0.09951 
0.73728 0.15295 0.10977 
12 
0.89462 0.10219 0.00319 
0.13019 0.83393 0.03588 
0.2639 0.43289 0.30321 
0.3887 0.06572 0.54558 
12 
0.25674 0.5234 0.21986 
0.19723 0.51825 0.28452 
0.76345 0.11115 0.1254 
0.04521 0.00257 0.95222 

16 
0.45819 0.03657 0.42071 0.08453 
0.11762 0.58354 0.18811 0.11073 
0.23539 0.2445 0.49431 0.0258 
0.09965 0.87855 0.00524 0.01656 
16 
0.13016 0.29765 0.22546 0.34673 
0.11482 0.037 0.8427 0.00548 
0.04499 0.66406 0.01514 0.27581 
0.00135 0.06805 0.9245 0.0061 
16 
0.07053 0.47537 0.26769 0.18641 
0.0016 0.04368 0.01069 0.94403 
0.09326 0.27937 0.47571 0.15166 
0.21971 0.03062 0.00188 0.74779 
