V-CREDAL 
10 
2 2 3 3 2 4 2 3 2 4 
10 
2 7 0 
2 4 1 
2 0 2 
1 3 
2 5 4 
3 0 6 5 
1 6 
1 7 
4 3 5 9 8 
1 9 

4 
0.93962 0.06038 
0.0155 0.9845 
4 
0.41614 0.58386 
0.72614 0.27386 
4 
0.01696 0.98304 
0.82699 0.17301 

4 
0.82107 0.17893 
0.19735 0.80265 
4 
0.17707 0.82293 
0.93041 0.06959 

12 
0.00636 0.4148 0.57884 
0.00749 0.91004 0.08247 
0.23752 0.67552 0.08696 
0.45449 0.42286 0.12265 
12 
0.79376 0.20433 0.00191 
0.14492 0.72399 0.13109 
0.33416 0.14645 0.51939 
0.64233 0.11757 0.2401 

12 
0.02594 0.01577 0.95829 
0.17851 0.09427 0.72722 
0.26361 0.47001 0.26638 
0.13869 0.01408 0.84723 

4 
0.49135 0.50865 
0.63099 0.36901 
4 
0.50383 0.49617 
0.36436 0.63564 
4 
0.19631 0.80369 
0.50025 0.49975 
4 
0.48509 0.51491 
0.77779 0.22221 

16 
0.23197 0.13659 0.00786 0.62358 
0.08382 0.41008 0.12838 0.37772 
0.27381 0.03129 0.05178 0.64312 
0.06916 0.25876 0.37367 0.29841 
16 
0.24692 0.36952 0.22933 0.15423 
6.7E-4 0.0049 0.99129 0.00314 
0.31812 0.02028 0.48593 0.17567 
0.00683 0.08272 0.90347 0.00698 
16 
0.29366 0.08025 0.29204 0.33405 
0.31091 0.03342 0.12079 0.53488 
0.4701 0.0051 0.37163 0.15317 
0.38143 0.17416 0.00454 0.43987 
16 
0.48655 0.09755 0.23512 0.18078 
0.30433 0.25262 0.06853 0.37452 
0.13536 0.65695 0.15629 0.0514 
0.74574 0.03486 0.03001 0.18939 

4 
0.31187 0.68813 
0.05348 0.94652 

12 
0.95328 0.04315 0.00357 
0.50056 0.36644 0.133 
0.18564 0.1226 0.69176 
0.56624 0.3474 0.08636 

4 
0.45634 0.54366 
0.62482 0.37518 
4 
0.61679 0.38321 
0.23466 0.76534 
4 
0.84258 0.15742 
0.92186 0.07814 
4 
0.97612 0.02388 
0.76291 0.23709 
4 
0.41224 0.58776 
0.22418 0.77582 
4 
0.60247 0.39753 
0.41372 0.58628 
4 
0.2168 0.7832 
0.48859 0.51141 
4 
0.19826 0.80174 
0.22881 0.77119 
4 
0.50923 0.49077 
0.56089 0.43911 
4 
0.25568 0.74432 
0.23913 0.76087 
4 
0.54858 0.45142 
0.39064 0.60936 
4 
0.08139 0.91861 
0.67687 0.32313 
4 
0.71122 0.28878 
0.27189 0.72811 
4 
0.84449 0.15551 
0.18902 0.81098 
4 
0.81994 0.18006 
0.09358 0.90642 
4 
0.35637 0.64363 
0.28517 0.71483 
4 
0.05363 0.94637 
0.49988 0.50012 
4 
0.38162 0.61838 
0.3784 0.6216 
4 
0.78669 0.21331 
0.52052 0.47948 
4 
0.65079 0.34921 
0.87315 0.12685 
4 
0.08234 0.91766 
0.08789 0.91211 
4 
0.71629 0.28371 
0.0083 0.9917 
4 
0.23452 0.76548 
0.96254 0.03746 
4 
0.54455 0.45545 
0.9984 0.0016 
4 
0.11512 0.88488 
0.93504 0.06496 
4 
0.70814 0.29186 
0.13292 0.86708 
4 
0.22809 0.77191 
0.60958 0.39042 
4 
0.65615 0.34385 
0.7123 0.2877 
4 
0.0825 0.9175 
0.49933 0.50067 
4 
0.46934 0.53066 
0.02273 0.97727 
4 
0.38081 0.61919 
0.39067 0.60933 
4 
0.39905 0.60095 
0.51139 0.48861 
4 
0.87122 0.12878 
0.03551 0.96449 
4 
0.07569 0.92431 
0.47727 0.52273 
4 
0.98352 0.01648 
0.65583 0.34417 
4 
0.05567 0.94433 
0.40967 0.59033 
4 
0.66464 0.33536 
0.51879 0.48121 
4 
0.15585 0.84415 
0.01163 0.98837 
4 
0.42251 0.57749 
0.2294 0.7706 
4 
0.76316 0.23684 
0.21534 0.78466 
4 
0.18275 0.81725 
0.2071 0.7929 
4 
0.28706 0.71294 
0.95364 0.04636 
4 
0.92817 0.07183 
0.48307 0.51693 
4 
0.16741 0.83259 
0.65954 0.34046 
4 
0.84482 0.15518 
0.84796 0.15204 
4 
0.40903 0.59097 
0.2402 0.7598 
4 
0.50558 0.49442 
0.05942 0.94058 
4 
0.47259 0.52741 
0.85251 0.14749 

16 
0.68103 0.00972 0.26558 0.04367 
0.10255 0.49971 0.23642 0.16132 
0.02771 0.80401 0.15244 0.01584 
0.43973 0.0191 0.35995 0.18122 
