V-CREDAL
6
2 2 3 4 3 3
6
1 0
2 0 1
2 1 2
2 2 3
2 3 4
2 4 5

4
0.892 0.108
0.467 0.533

4
0.493 0.507
0.051 0.949
4
0.611 0.389
0.858 0.142

12
0.968 0.026 0.006
0.074 0.914 0.012
0.677 0.19 0.133
0.092 0.885 0.023
12
0.211 0.765 0.024
0.033 0.95 0.017
0.183 0.17 0.647
0.002 0.883 0.115

16
0.049 0.375 0.276 0.3
0.059 0.094 0.826 0.021
0.411 0.547 0.011 0.031
0.025 0.065 0.099 0.811
16
0.108 0.031 0.029 0.832
0.119 0.217 0.623 0.041
0.801 0.047 0.086 0.066
0.089 0.61 0.032 0.269
16
0.037 0.49 0.446 0.027
0.91 0.072 0.015 0.003
0.257 0.106 0.598 0.039
0.222 0.234 0.142 0.402

12
0.075 0.089 0.836
0.398 0.256 0.346
0.368 0.005 0.627
0.198 0.535 0.267
12
0.617 0.359 0.024
0.64 0.171 0.189
0.515 0.3 0.185
0.094 0.839 0.067
12
0.064 0.558 0.378
0.012 0.623 0.365
0.152 0.083 0.765
0.223 0.179 0.598
12
0.684 0.222 0.094
0.096 0.128 0.776
0.11 0.709 0.181
0.081 0.612 0.307

12
0.309 0.167 0.524
0.139 0.101 0.76
0.481 0.101 0.418
0.064 0.126 0.81
12
0.241 0.191 0.568
0.369 0.43 0.201
0.329 0.516 0.155
0.373 0.237 0.39
12
0.107 0.12 0.773
0.331 0.036 0.633
0.014 0.614 0.372
0.146 0.637 0.217
