V-CREDAL 
10 
4 2 4 3 4 2 2 4 4 2 
10 
1 0 
2 0 1 
2 1 2 
2 2 3 
2 3 4 
2 4 5 
2 5 6 
2 6 7 
2 7 8 
2 8 9 

24 
0.626 0.003 0.333 0.038 
0.24 0.411 0.183 0.166 
0.003 0.58 0.2 0.217 
0.002 0.456 0.399 0.143 
0.503 0.036 0.063 0.398 
0.224 0.008 0.544 0.224 

4 
0.846 0.154 
0.43 0.57 
4 
0.661 0.339 
0.43 0.57 
4 
0.612 0.388 
0.27 0.73 
4 
0.543 0.457 
0.302 0.698 

24 
0.012 0.242 0.181 0.565 
0.163 0.055 0.082 0.7 
0.063 0.47 0.292 0.175 
0.201 0.491 0.026 0.282 
0.476 0.074 0.133 0.317 
0.166 0.056 0.557 0.221 
24 
0.031 0.555 0.244 0.17 
0.049 0.353 0.261 0.337 
0.687 0.098 0.062 0.153 
0.173 0.047 0.236 0.544 
0.397 0.24 0.204 0.159 
0.326 0.006 0.411 0.257 

18 
0.262 0.614 0.124 
0.246 0.569 0.185 
0.961 0.032 0.007 
0.93 0.028 0.042 
0.182 0.052 0.766 
0.391 0.032 0.577 
18 
0.131 0.004 0.865 
0.031 0.938 0.031 
0.97 0.02 0.01 
0.397 0.588 0.015 
0.054 0.003 0.943 
0.032 0.631 0.337 
18 
0.037 0.025 0.938 
0.014 0.958 0.028 
0.956 0.024 0.02 
0.43 0.56 0.01 
0.118 0.003 0.879 
0.01 0.846 0.144 
18 
0.624 0.214 0.162 
0.395 0.072 0.533 
0.009 0.025 0.966 
0.086 0.006 0.908 
0.11 0.587 0.303 
0.216 0.743 0.041 

24 
0.011 0.725 0.003 0.261 
0.695 0.055 0.119 0.131 
0.791 0.033 0.108 0.068 
0.09 0.854 0.045 0.011 
0.338 0.386 0.079 0.197 
0.032 0.151 0.804 0.013 
24 
0.383 0.567 0.034 0.016 
0.432 0.008 0.474 0.086 
0.795 0.089 0.108 0.008 
0.039 0.761 0.192 0.008 
0.007 0.014 0.063 0.916 
0.053 0.022 0.008 0.917 
24 
0.351 0.357 0.277 0.015 
0.063 0.263 0.209 0.465 
0.343 0.041 0.558 0.058 
0.119 0.013 0.002 0.866 
0.626 0.08 0.135 0.159 
0.003 0.001 0.014 0.982 

4 
0.653 0.347 
0.398 0.602 
4 
0.505 0.495 
0.791 0.209 
4 
0.728 0.272 
0.482 0.518 
4 
0.725 0.275 
0.56 0.44 

4 
0.814 0.186 
0.018 0.982 
4 
0.322 0.678 
0.167 0.833 

24 
0.122 0.019 0.02 0.839 
0.269 0.519 0.086 0.126 
0.466 0.465 0.017 0.052 
0.798 0.143 0.003 0.056 
0.958 0.01 0.017 0.015 
0.103 0.254 0.497 0.146 
24 
0.079 0.22 0.228 0.473 
0.376 0.126 0.348 0.15 
0.077 0.117 0.744 0.062 
0.023 0.065 0.097 0.815 
0.262 0.055 0.671 0.012 
0.232 0.486 0.078 0.204 

24 
0.139 0.003 0.27 0.588 
0.745 0.064 0.091 0.1 
0.31 0.167 0.2 0.323 
0.149 0.465 0.223 0.163 
0.148 0.261 0.534 0.057 
0.712 0.031 0.158 0.099 
24 
0.115 0.294 0.268 0.323 
0.108 0.043 0.193 0.656 
0.629 0.05 0.041 0.28 
0.124 0.062 0.011 0.803 
0.006 0.002 0.976 0.016 
0.247 0.386 0.355 0.012 
24 
0.285 0.077 0.163 0.475 
0.376 0.018 0.422 0.184 
0.335 0.185 0.082 0.398 
0.077 0.902 0.006 0.015 
0.403 0.198 0.144 0.255 
0.202 0.091 0.652 0.055 
24 
0.098 0.1 0.785 0.017 
0.024 0.574 0.35 0.052 
0.113 0.017 0.088 0.782 
0.008 0.124 0.014 0.854 
0.783 0.007 0.133 0.077 
0.003 0.802 0.172 0.023 

4 
0.501 0.499 
0.811 0.189 
4 
0.91 0.09 
0.426 0.574 
4 
0.305 0.695 
0.791 0.209 
4 
0.081 0.919 
0.153 0.847 
