V-CREDAL 
6 
5 5 3 2 5 4 
6 
2 2 0 
2 4 1 
2 5 2 
1 3 
2 2 4 
2 3 5 

30 
0.01379 2.2E-4 0.61804 0.01505 0.3529 
0.15734 0.00872 0.39536 0.23367 0.20491 
0.0129 0.01622 0.00684 0.93588 0.02816 
0.02276 0.20346 0.01831 0.20112 0.55435 
0.03395 0.36175 0.06764 0.39893 0.13773 
0.00236 0.53205 0.10719 0.25182 0.10658 
30 
0.01459 0.50712 0.0066 0.02487 0.44682 
0.03171 0.12298 0.43514 0.33885 0.07132 
0.0402 0.48285 0.00943 0.37907 0.08845 
0.1912 0.06777 0.4286 0.16853 0.1439 
0.37742 0.07242 0.45894 0.02464 0.06658 
0.88831 0.00588 0.06868 0.00193 0.0352 
30 
0.10621 0.11738 0.54459 0.05242 0.1794 
0.0335 0.0159 0.0819 0.11282 0.75588 
0.07606 0.09338 0.11363 0.62089 0.09604 
0.01414 0.09282 0.79728 0.09415 0.00161 
0.49349 0.2378 0.20216 0.02024 0.04631 
0.08413 0.21093 0.05706 0.12597 0.52191 

30 
0.18548 0.02999 0.07159 0.58239 0.13055 
0.5825 0.04138 0.04722 0.03365 0.29525 
0.66312 0.03967 0.24203 0.05482 3.6E-4 
0.07247 0.37486 0.2055 0.27285 0.07432 
0.79265 0.04778 0.00232 0.12774 0.02951 
0.38024 0.11686 0.33093 0.00648 0.16549 
30 
0.00507 0.00511 0.02074 0.31825 0.65083 
0.13793 0.07958 0.10381 0.08602 0.59266 
0.13399 0.02623 0.49984 0.09825 0.24169 
0.7296 0.19857 0.01348 0.02918 0.02917 
0.19521 0.10751 0.08555 0.24308 0.36865 
0.24728 0.08411 0.09664 0.52048 0.05149 
30 
0.70006 0.01008 0.00116 0.28536 0.00334 
0.5106 0.18488 0.01249 0.00209 0.28994 
0.03834 0.68893 0.08286 0.17366 0.01621 
0.03352 0.26266 0.02267 0.6788 0.00235 
0.41705 0.29502 0.023 0.23588 0.02905 
0.001 0.67205 0.2476 0.0074 0.07195 
30 
0.0972 0.12914 0.73388 0.02114 0.01864 
0.48061 0.08942 0.00695 0.00641 0.41661 
0.00439 0.1968 0.34746 0.40645 0.0449 
0.06022 0.60755 0.01993 0.3104 0.0019 
0.20354 0.02688 0.03294 0.72191 0.01473 
0.15971 0.02202 0.02273 0.00152 0.79402 
30 
0.01015 0.3297 0.64287 0.00509 0.01219 
0.1159 0.00735 0.00559 0.00438 0.86678 
0.81945 0.00164 0.01071 0.15736 0.01084 
0.82444 1.7E-4 0.15305 0.01305 0.00929 
0.14065 0.03593 0.17088 0.49077 0.16177 
0.08787 0.32413 0.13364 0.26424 0.19012 

18 
0.01425 0.00818 0.97757 
0.29781 0.1054 0.59679 
0.63912 0.02569 0.33519 
0.06412 0.00698 0.9289 
9.0E-4 0.02683 0.97227 
0.68963 0.03695 0.27342 
18 
7.6E-4 0.00108 0.99816 
0.98634 0.01339 2.7E-4 
7.6E-4 0.9983 9.4E-4 
0.457 8.0E-5 0.54292 
0.95984 0.00738 0.03278 
0.91123 0.00551 0.08326 
18 
0.51839 0.40986 0.07175 
0.50015 0.25603 0.24382 
0.19101 0.65772 0.15127 
0.07881 0.29266 0.62853 
0.04826 0.02205 0.92969 
0.01167 0.01586 0.97247 
18 
0.08047 0.082 0.83753 
0.98779 0.00171 0.0105 
0.96249 0.02938 0.00813 
0.04924 0.9336 0.01716 
0.00135 0.97348 0.02517 
0.02516 0.39961 0.57523 

4 
0.05894 0.94106 
0.69157 0.30843 

30 
0.50994 0.31562 0.08487 0.05753 0.03204 
0.01964 0.00976 0.81719 0.13381 0.0196 
0.0014 0.03001 0.05724 0.90162 0.00973 
0.0236 0.00467 0.70608 0.07197 0.19368 
0.00114 0.2419 5.3E-4 0.13041 0.62602 
0.30416 0.07176 0.29351 0.15126 0.17931 
30 
0.07689 0.1729 0.18972 0.1231 0.43739 
0.42107 0.10881 0.2266 0.21421 0.02931 
0.0027 0.23125 0.05441 0.71017 0.00147 
0.63038 0.03159 0.16918 0.14952 0.01933 
0.02386 0.04392 0.02494 0.86772 0.03956 
0.0963 0.29902 0.24041 4.2E-4 0.36385 
30 
0.7677 0.0152 0.04445 0.00299 0.16966 
0.15446 0.01362 0.03902 0.69079 0.10211 
0.25005 0.35363 0.31788 0.05539 0.02305 
0.74556 0.00172 0.0038 0.01443 0.23449 
0.77598 0.00306 0.12691 0.00612 0.08793 
0.51999 0.15959 0.06276 0.13094 0.12672 

24 
0.00962 0.05683 0.93274 8.1E-4 
0.01746 0.36448 0.01094 0.60712 
0.06594 0.58241 0.34753 0.00412 
0.12198 0.09153 0.71026 0.07623 
0.33637 0.07885 0.00452 0.58026 
0.00473 0.83174 0.02422 0.13931 
24 
0.01034 0.45032 0.10263 0.43671 
0.21893 0.21291 0.55035 0.01781 
0.75922 0.04361 0.11052 0.08665 
0.03113 0.76782 0.11575 0.0853 
0.28225 0.00174 0.70961 0.0064 
0.03531 0.14249 0.04028 0.78192 
