V-CREDAL
7
4 3 2 4 4 2 2
7
1 0
2 0 1
2 1 2
2 2 3
2 3 4
2 4 5
2 5 6

16
0.257 0.213 0.4 0.13
0.008 0.833 0.017 0.142
0.427 0.035 0.233 0.305
0.247 0.195 0.301 0.257

12
0.375 0.237 0.388
0.049 0.343 0.608
0.144 0.512 0.344
0.071 0.312 0.617
12
0.928 0.012 0.06
0.18 0.062 0.758
0.511 0.086 0.403
0.383 0.093 0.524
12
0.039 0.049 0.912
0.748 0.157 0.095
0.531 0.046 0.423
0.254 0.736 0.01
12
0.583 0.276 0.141
0.228 0.128 0.644
0.104 0.275 0.621
0.3 0.082 0.618

4
0.305 0.695
0.746 0.254
4
0.889 0.111
0.685 0.315
4
0.896 0.104
0.962 0.038

16
0.012 0.34 0.041 0.607
0.099 0.222 0.435 0.244
0.117 0.284 0.541 0.058
0.226 0.031 0.684 0.059
16
0.149 0.399 0.2 0.252
0.27 0.212 0.467 0.051
0.08 0.049 0.781 0.09
0.786 0.018 0.173 0.023

16
0.078 0.017 0.031 0.874
0.523 0.024 0.292 0.161
0.115 0.213 0.054 0.618
0.159 0.509 0.285 0.047
16
0.445 0.093 0.431 0.031
0.06 0.394 0.077 0.469
0.046 0.005 0.001 0.948
0.111 0.75 0.0 0.139
16
0.009 0.0 0.989 0.002
0.332 0.056 0.516 0.096
0.067 0.833 0.038 0.062
0.007 0.005 0.964 0.024
16
0.2 0.279 0.129 0.392
0.016 0.164 0.817 0.003
0.015 0.003 0.958 0.024
0.045 0.034 0.916 0.005

4
0.666 0.334
0.146 0.854
4
0.983 0.017
0.04 0.96
4
0.863 0.137
0.305 0.695
4
0.415 0.585
0.963 0.037

4
0.729 0.271
0.557 0.443
4
0.26 0.74
0.896 0.104
