V-CREDAL 
10 
4 4 3 2 4 4 2 3 2 2 
10 
1 0 
2 0 1 
2 1 2 
2 2 3 
2 3 4 
2 4 5 
2 5 6 
2 6 7 
2 7 8 
2 8 9 

16 
0.12889 0.09694 0.05675 0.71742 
0.20279 0.13262 0.23605 0.42854 
0.7532 0.09066 0.10442 0.05172 
0.01252 0.92302 0.04269 0.02177 

16 
0.20907 0.01987 0.4642 0.30686 
0.54998 0.12744 0.28539 0.03719 
0.00156 0.09471 0.12326 0.78047 
0.03639 0.42431 0.53354 0.00576 
16 
0.69096 0.28804 0.01146 0.00954 
0.30249 0.66222 0.01764 0.01765 
0.00395 0.11468 0.1911 0.69027 
0.00363 0.11724 0.18665 0.69248 
16 
0.02404 0.91719 0.00884 0.04993 
0.33008 0.21764 0.32707 0.12521 
0.63839 0.00345 0.26379 0.09437 
0.16641 0.18906 0.34741 0.29712 
16 
0.36014 0.57278 0.01835 0.04873 
0.05972 0.75215 0.13652 0.05161 
0.75813 0.06951 0.10079 0.07157 
0.69662 0.06843 0.09592 0.13903 

12 
0.02511 0.06809 0.9068 
0.08733 0.2114 0.70127 
0.01906 0.17363 0.80731 
0.82908 0.15176 0.01916 
12 
0.11954 0.13082 0.74964 
0.77946 0.13565 0.08489 
0.11556 0.10464 0.7798 
0.36736 0.28757 0.34507 
12 
0.01048 0.07769 0.91183 
0.08266 0.47145 0.44589 
0.85115 0.14151 0.00734 
0.04028 0.00708 0.95264 
12 
0.14344 0.02916 0.8274 
0.07411 0.48162 0.44427 
0.57974 0.37505 0.04521 
0.1643 0.4913 0.3444 

4 
0.70987 0.29013 
0.45784 0.54216 
4 
0.00774 0.99226 
0.7148 0.2852 
4 
0.82952 0.17048 
0.67729 0.32271 

16 
0.0093 0.14203 0.73139 0.11728 
0.08104 0.42619 0.06587 0.4269 
0.18652 0.29532 0.40543 0.11273 
0.00559 0.99421 6.0E-5 1.4E-4 
16 
0.82156 0.15114 0.00963 0.01767 
0.33503 0.19208 0.30697 0.16592 
0.06836 0.01115 0.59051 0.32998 
0.03141 0.00605 0.02071 0.94183 

16 
0.51432 0.27734 0.02936 0.17898 
0.5354 0.08374 0.20461 0.17625 
0.38788 0.17194 0.15957 0.28061 
0.64596 0.07394 0.0688 0.2113 
16 
0.1365 0.40049 0.4324 0.03061 
0.01386 0.00364 0.9594 0.0231 
0.21096 0.69698 0.04923 0.04283 
0.70053 0.21247 0.0148 0.0722 
16 
0.10244 0.4194 0.26935 0.20881 
0.26376 0.18634 0.51963 0.03027 
0.38194 0.07491 0.47125 0.0719 
0.01241 0.18208 0.12002 0.68549 
16 
0.06247 0.22955 0.01666 0.69132 
0.36491 0.39214 0.14254 0.10041 
0.24163 0.17689 0.29718 0.2843 
0.053 0.32574 0.28087 0.34039 

4 
0.36696 0.63304 
0.42061 0.57939 
4 
0.48112 0.51888 
0.79745 0.20255 
4 
0.98042 0.01958 
0.81706 0.18294 
4 
0.84704 0.15296 
0.42249 0.57751 

12 
0.77109 0.21311 0.0158 
0.20174 0.19699 0.60127 
0.0386 0.94925 0.01215 
0.47781 0.02822 0.49397 
12 
0.41046 0.24673 0.34281 
0.26873 0.58086 0.15041 
0.52332 0.4148 0.06188 
0.33943 0.26581 0.39476 

4 
0.38616 0.61384 
0.99568 0.00432 
4 
0.06174 0.93826 
0.90941 0.09059 
4 
0.12439 0.87561 
0.40024 0.59976 

4 
0.32829 0.67171 
0.53886 0.46114 
4 
0.72082 0.27918 
0.3737 0.6263 
