V-CREDAL 
6 
5 5 5 4 3 3 
6 
1 0 
2 0 1 
2 1 2 
2 2 3 
2 3 4 
2 4 5 

20 
0.05646 0.88754 0.00751 0.00188 0.04661 
0.36574 0.10148 0.25553 0.16584 0.11141 
0.56021 0.36578 0.06658 3.8E-4 0.00705 
0.09352 0.13677 0.29035 0.04989 0.42947 

20 
0.27555 0.10527 0.0773 0.46935 0.07253 
0.02621 0.05526 0.80808 0.08611 0.02434 
0.01308 0.01021 0.09872 0.87457 0.00342 
0.0046 0.19562 0.03174 0.4542 0.31384 
20 
0.0383 0.00263 0.02463 0.92818 0.00626 
0.95177 0.01086 0.03687 6.0E-5 4.4E-4 
0.23598 0.24131 0.14717 0.06093 0.31461 
0.43942 0.21124 0.06199 0.21856 0.06879 
20 
0.48602 0.0336 0.05302 0.28304 0.14432 
0.27605 0.5045 0.04559 0.0053 0.16856 
0.46126 0.00158 1.0E-4 4.2E-4 0.53664 
0.27844 0.11184 0.53382 0.00618 0.06972 
20 
0.05731 0.66957 0.04857 0.16412 0.06043 
0.00594 0.01374 0.77361 0.09274 0.11397 
0.01489 0.10539 0.04571 0.0106 0.82341 
0.05574 0.52948 0.03524 0.26468 0.11486 
20 
0.00322 0.09598 0.69576 0.19651 0.00853 
0.18893 0.67783 0.1287 0.00322 0.00132 
0.17281 0.38995 0.13379 0.14719 0.15626 
0.00192 0.74957 0.05211 0.11128 0.08512 

20 
0.0014 0.16814 0.09843 0.01 0.72203 
0.48871 1.7E-4 0.50812 7.7E-4 0.00223 
0.13301 0.05736 0.15222 0.65607 0.00134 
0.00852 0.01729 0.00291 0.01273 0.95855 
20 
0.15824 0.6426 0.12605 0.06696 0.00615 
0.0519 0.74712 0.16762 0.02407 0.00929 
0.73736 0.00659 0.02972 5.8E-4 0.22575 
0.01572 0.27938 0.00841 0.29841 0.39808 
20 
0.16736 0.01268 0.45702 0.17295 0.18999 
0.01812 0.0071 0.82138 0.14258 0.01082 
0.20567 0.12969 0.54951 0.09394 0.02119 
0.1748 0.06316 0.58873 0.11233 0.06098 
20 
0.04259 0.00498 0.38948 0.03379 0.52916 
0.02102 0.00809 0.9478 0.00212 0.02097 
0.19219 0.59321 0.0331 0.00848 0.17302 
0.00123 0.05693 0.05951 0.0532 0.82913 
20 
0.01012 0.97331 0.0025 0.00651 0.00756 
0.16555 0.00232 0.11481 0.02011 0.69721 
0.42834 0.25477 0.00294 0.30938 0.00457 
0.0213 0.0124 0.27476 0.66745 0.02409 

16 
0.39228 0.15806 0.21942 0.23024 
0.0142 0.58737 0.38722 0.01121 
0.05589 0.02465 0.91315 0.00631 
0.56193 0.18879 0.11323 0.13605 
16 
0.13588 0.33823 0.34561 0.18028 
0.10302 0.78551 0.09278 0.01869 
0.07054 0.72214 0.06887 0.13845 
0.50008 0.30704 0.13386 0.05902 
16 
0.11382 0.07202 0.33173 0.48243 
0.07679 0.14068 0.66062 0.12191 
0.86137 0.08622 0.03048 0.02193 
0.91553 0.00428 0.07759 0.0026 
16 
0.95704 0.03863 0.004 3.3E-4 
8.0E-5 0.03672 3.0E-5 0.96317 
0.15772 0.7487 0.03682 0.05676 
0.07318 0.52087 0.03362 0.37233 
16 
0.03886 0.00194 0.15039 0.80881 
0.03113 0.77529 0.07011 0.12347 
0.0908 0.22929 0.40765 0.27226 
0.0848 0.24094 0.21856 0.4557 

12 
0.17112 0.16799 0.66089 
0.59186 0.2273 0.18084 
0.19179 0.69244 0.11577 
0.53201 0.30988 0.15811 
12 
0.56234 0.19555 0.24211 
0.11577 0.00525 0.87898 
0.31237 0.09156 0.59607 
0.33258 0.06486 0.60256 
12 
0.08922 0.01555 0.89523 
0.47288 0.30223 0.22489 
0.70546 0.07913 0.21541 
0.12212 0.22622 0.65166 
12 
0.24191 0.7072 0.05089 
0.09703 0.25167 0.6513 
0.02164 0.96297 0.01539 
0.00911 0.89289 0.098 

12 
0.07404 0.27424 0.65172 
0.50252 0.4167 0.08078 
0.15635 0.54342 0.30023 
0.10474 0.44132 0.45394 
12 
0.56136 0.37491 0.06373 
0.55466 0.31099 0.13435 
0.12201 0.75407 0.12392 
0.28928 0.57355 0.13717 
12 
0.87577 0.08493 0.0393 
0.41039 0.57496 0.01465 
0.6612 0.08823 0.25057 
0.02187 0.20397 0.77416 
