V-CREDAL
6
2 3 3 2 4 4
6
2 2 0
3 2 3 1
1 2
1 3
3 3 5 4
1 5

4
0.444 0.556
0.894 0.106
4
0.23 0.77
0.189 0.811
4
0.588 0.412
0.203 0.797

18
0.024 0.322 0.654
0.807 0.124 0.069
0.313 0.064 0.623
0.025 0.312 0.663
0.243 0.558 0.199
0.383 0.064 0.553
18
0.02 0.188 0.792
0.006 0.987 0.007
0.146 0.071 0.783
0.826 0.006 0.168
0.971 0.003 0.026
0.566 0.03 0.404
18
0.004 0.125 0.871
0.844 0.149 0.007
0.126 0.012 0.862
0.864 0.022 0.114
0.174 0.553 0.273
0.052 0.419 0.529
18
0.806 0.008 0.186
0.008 0.615 0.377
0.247 0.694 0.059
0.254 0.009 0.737
0.138 0.257 0.605
0.61 0.314 0.076
18
0.227 0.286 0.487
0.092 0.903 0.005
0.757 0.021 0.222
0.073 0.917 0.01
0.874 0.004 0.122
0.985 0.01 0.005
18
0.022 0.273 0.705
0.771 0.163 0.066
0.385 0.029 0.586
0.147 0.838 0.015
0.051 0.046 0.903
0.082 0.862 0.056

18
0.628 0.336 0.036
0.454 0.12 0.426
0.046 0.056 0.898
0.002 0.994 0.004
0.013 0.246 0.741
0.564 0.423 0.013

4
0.991 0.009
0.046 0.954

24
0.222 0.334 0.134 0.31
0.681 0.017 0.252 0.05
0.072 0.254 0.628 0.046
0.035 0.062 0.013 0.89
0.014 0.208 0.764 0.014
0.602 0.017 0.228 0.153
24
0.529 0.098 0.24 0.133
0.129 0.205 0.631 0.035
0.013 0.0 0.912 0.075
0.581 0.011 0.406 0.002
0.008 0.101 0.823 0.068
0.001 0.845 0.009 0.145
24
0.0 0.001 0.999 0.0
0.567 0.247 0.042 0.144
0.706 0.029 0.11 0.155
0.67 0.002 0.326 0.002
0.002 0.002 0.001 0.995
0.272 0.319 0.267 0.142
24
0.547 0.24 0.126 0.087
0.028 0.208 0.433 0.331
0.9 0.03 0.068 0.002
0.112 0.007 0.881 0.0
0.006 0.609 0.34 0.045
0.093 0.233 0.173 0.501
24
0.178 0.032 0.003 0.787
0.033 0.005 0.926 0.036
0.119 0.689 0.122 0.07
0.261 0.192 0.134 0.413
0.108 0.78 0.018 0.094
0.023 0.925 0.027 0.025
24
0.261 0.212 0.329 0.198
0.442 0.471 0.002 0.085
0.419 0.062 0.514 0.005
0.015 0.893 0.026 0.066
0.008 0.147 0.016 0.829
0.474 0.179 0.236 0.111
24
0.068 0.231 0.486 0.215
0.353 0.038 0.461 0.148
0.144 0.464 0.368 0.024
0.078 0.03 0.689 0.203
0.024 0.023 0.411 0.542
0.14 0.747 0.106 0.007
24
0.068 0.075 0.084 0.773
0.252 0.196 0.492 0.06
0.022 0.097 0.694 0.187
0.17 0.626 0.134 0.07
0.298 0.125 0.244 0.333
0.301 0.044 0.125 0.53

24
0.836 0.0 0.075 0.089
0.083 0.097 0.053 0.767
0.004 0.075 0.875 0.046
0.341 0.074 0.575 0.01
0.009 0.205 0.225 0.561
0.047 0.049 0.023 0.881
