V-CREDAL 
4 
3 3 3 4 
4 
1 0 
2 0 1 
2 1 2 
2 2 3 

12 
0.0431 0.39132 0.56558 
0.40297 0.45869 0.13834 
0.19484 0.6699 0.13526 
0.6942 0.05699 0.24881 

12 
0.09094 0.84664 0.06242 
0.20457 0.25347 0.54196 
0.07176 0.86178 0.06646 
0.36772 0.23118 0.4011 
12 
0.89962 0.08174 0.01864 
0.05296 0.44855 0.49849 
0.86853 0.0254 0.10607 
0.37184 0.597 0.03116 
12 
0.76336 0.21063 0.02601 
0.13581 0.11476 0.74943 
0.0019 0.32669 0.67141 
0.81506 0.15 0.03494 

12 
0.63649 0.36002 0.00349 
0.16303 0.35621 0.48076 
0.4976 0.23724 0.26516 
0.24496 0.25216 0.50288 
12 
0.30296 0.2955 0.40154 
0.03219 0.91797 0.04984 
0.28897 0.53078 0.18025 
0.09493 0.39501 0.51006 
12 
6.9E-4 0.01924 0.98007 
0.16225 0.11714 0.72061 
0.40548 0.03227 0.56225 
0.70288 0.12659 0.17053 

16 
0.35303 0.01291 0.04873 0.58533 
0.60476 0.1768 0.13004 0.0884 
0.87736 0.00149 4.5E-4 0.1207 
0.0245 0.81785 0.0974 0.06025 
16 
0.05242 0.3729 0.23411 0.34057 
0.86414 0.04948 0.0142 0.07218 
0.02883 0.78991 0.1414 0.03986 
0.17759 0.25825 0.06634 0.49782 
16 
0.9325 0.00418 0.00543 0.05789 
0.00268 0.04113 0.90419 0.052 
0.11796 0.70396 0.16045 0.01763 
0.94997 0.01841 0.02567 0.00595 
