V-CREDAL 
8 
2 3 2 3 3 2 2 3 
8 
2 2 0 
2 7 1 
2 6 2 
2 6 3 
3 1 5 4 
2 6 5 
1 6 
1 7 

4 
0.78653 0.21347 
0.98015 0.01985 
4 
0.04902 0.95098 
0.44598 0.55402 

18 
0.0214 0.25461 0.72399 
0.49978 0.04434 0.45588 
0.10617 0.55378 0.34005 
0.96042 0.01342 0.02616 
0.19885 0.73874 0.06241 
0.16605 0.73649 0.09746 
18 
0.89694 0.00489 0.09817 
0.00411 0.00862 0.98727 
0.28413 0.63465 0.08122 
0.46566 0.50372 0.03062 
0.18937 0.63033 0.1803 
0.10314 0.38345 0.51341 
18 
0.65411 0.03519 0.3107 
0.3945 0.09066 0.51484 
0.56969 0.38548 0.04483 
0.05473 0.57015 0.37512 
0.06268 0.93117 0.00615 
0.51465 0.04128 0.44407 

4 
0.72626 0.27374 
0.10138 0.89862 
4 
0.57871 0.42129 
0.93154 0.06846 

18 
0.1585 0.61597 0.22553 
0.94705 0.01956 0.03339 
0.23017 0.66577 0.10406 
0.44699 0.02698 0.52603 
0.71741 0.26066 0.02193 
0.07948 0.11448 0.80604 
18 
0.23906 0.69631 0.06463 
0.16742 0.14296 0.68962 
0.84625 0.10838 0.04537 
0.13009 0.76734 0.10257 
0.72033 0.02032 0.25935 
0.04545 0.21736 0.73719 

18 
9.5E-4 0.21621 0.78284 
0.93292 0.04107 0.02601 
0.05102 0.92871 0.02027 
0.33653 0.01955 0.64392 
0.50037 2.9E-4 0.49934 
0.01368 0.4232 0.56312 
18 
0.08293 0.48646 0.43061 
0.61609 0.18506 0.19885 
0.55703 0.15106 0.29191 
0.49913 0.34718 0.15369 
0.05608 0.03312 0.9108 
0.03706 0.14755 0.81539 
18 
0.98764 0.00406 0.0083 
0.10507 6.9E-4 0.89424 
0.00879 0.96571 0.0255 
0.28064 0.70622 0.01314 
0.06169 0.0323 0.90601 
0.80444 0.18864 0.00692 
18 
0.98764 0.01155 8.1E-4 
0.95085 0.00506 0.04409 
0.30903 0.65143 0.03954 
0.05007 0.07455 0.87538 
0.05408 0.6866 0.25932 
0.97744 0.00784 0.01472 
18 
0.10905 0.0639 0.82705 
0.0588 0.15439 0.78681 
0.89193 0.04677 0.0613 
0.81886 0.16659 0.01455 
7.9E-4 0.90734 0.09187 
0.0094 0.42886 0.56174 
18 
0.01114 0.98462 0.00424 
0.75384 0.02023 0.22593 
0.03278 0.29294 0.67428 
0.93972 0.03932 0.02096 
0.06144 0.00295 0.93561 
0.91995 0.0294 0.05065 

4 
0.89973 0.10027 
0.13217 0.86783 
4 
0.94849 0.05151 
0.10837 0.89163 

4 
0.76672 0.23328 
0.02538 0.97462 

18 
0.03571 0.07301 0.89128 
0.14352 0.85179 0.00469 
0.20879 0.77702 0.01419 
0.1004 0.02027 0.87933 
0.7124 0.0436 0.244 
0.305 0.0052 0.6898 
