V-CREDAL
7
4 2 2 4 4 4 3
7
1 0
2 6 1
2 5 2
2 5 3
1 4
3 0 1 5
2 4 6

24
0.12 0.216 0.368 0.296
0.948 0.033 0.019 0.0
0.033 0.044 0.068 0.855
0.003 0.025 0.939 0.033
0.322 0.03 0.434 0.214
0.605 0.104 0.274 0.017

4
0.709 0.291
0.743 0.257
4
0.946 0.054
0.419 0.581
4
0.196 0.804
0.95 0.05

4
0.414 0.586
0.708 0.292
4
0.871 0.129
0.959 0.041
4
0.334 0.666
0.081 0.919
4
0.486 0.514
0.979 0.021

24
0.255 0.316 0.349 0.08
0.404 0.254 0.022 0.32
0.062 0.904 0.026 0.008
0.624 0.02 0.203 0.153
0.015 0.356 0.008 0.621
0.108 0.549 0.339 0.004
24
0.576 0.137 0.254 0.033
0.371 0.133 0.015 0.481
0.385 0.378 0.148 0.089
0.986 0.001 0.004 0.009
0.003 0.009 0.002 0.986
0.879 0.02 0.071 0.03
24
0.359 0.412 0.088 0.141
0.619 0.036 0.261 0.084
0.016 0.098 0.878 0.008
0.009 0.104 0.032 0.855
0.036 0.055 0.173 0.736
0.318 0.171 0.103 0.408
24
0.001 0.007 0.042 0.95
0.973 0.004 0.023 0.0
0.034 0.713 0.017 0.236
0.466 0.146 0.353 0.035
0.611 0.022 0.26 0.107
0.204 0.696 0.073 0.027

24
0.341 0.12 0.112 0.427
0.242 0.037 0.469 0.252
0.082 0.029 0.674 0.215
0.004 0.736 0.069 0.191
0.275 0.15 0.511 0.064
0.004 0.155 0.124 0.717

24
0.003 0.0 0.132 0.865
0.808 0.107 0.065 0.02
0.016 0.143 0.707 0.134
0.04 0.253 0.006 0.701
0.158 0.826 0.01 0.006
0.068 0.88 0.048 0.004
24
0.209 0.063 0.485 0.243
0.025 0.137 0.006 0.832
0.022 0.391 0.455 0.132
0.077 0.075 0.671 0.177
0.986 0.006 0.001 0.007
0.125 0.372 0.408 0.095
24
0.008 0.398 0.014 0.58
0.043 0.052 0.641 0.264
0.011 0.554 0.047 0.388
0.551 0.129 0.228 0.092
0.04 0.952 0.008 0.0
0.095 0.008 0.004 0.893
24
0.002 0.163 0.795 0.04
0.28 0.528 0.009 0.183
0.042 0.127 0.769 0.062
0.061 0.094 0.577 0.268
0.227 0.225 0.02 0.528
0.149 0.018 0.577 0.256
24
0.065 0.471 0.319 0.145
0.0 0.021 0.02 0.959
0.028 0.074 0.001 0.897
0.386 0.111 0.123 0.38
0.016 0.039 0.006 0.939
0.061 0.427 0.066 0.446
24
0.555 0.278 0.017 0.15
0.87 0.106 0.001 0.023
0.136 0.23 0.401 0.233
0.213 0.125 0.019 0.643
0.305 0.018 0.668 0.009
0.507 0.291 0.058 0.144
24
0.299 0.001 0.075 0.625
0.207 0.167 0.578 0.048
0.045 0.097 0.438 0.42
0.027 0.316 0.096 0.561
0.779 0.035 0.009 0.177
0.306 0.013 0.271 0.41
24
0.074 0.487 0.179 0.26
0.083 0.013 0.887 0.017
0.74 0.134 0.125 0.001
0.427 0.464 0.023 0.086
0.211 0.038 0.578 0.173
0.788 0.063 0.062 0.087

18
0.575 0.342 0.083
0.044 0.161 0.795
0.181 0.308 0.511
0.003 0.102 0.895
0.906 0.085 0.009
0.758 0.217 0.025
18
0.632 0.354 0.014
0.452 0.121 0.427
0.107 0.321 0.572
0.88 0.032 0.088
0.056 0.894 0.05
0.041 0.43 0.529
18
0.838 0.137 0.025
0.048 0.867 0.085
0.093 0.9 0.007
0.822 0.159 0.019
0.05 0.686 0.264
0.762 0.017 0.221
18
0.185 0.129 0.686
0.849 0.12 0.031
0.334 0.003 0.663
0.101 0.862 0.037
0.059 0.741 0.2
0.288 0.687 0.025
