V-CREDAL
9
2 2 2 3 4 2 3 2 3
9
2 3 0
3 0 5 1
2 4 2
2 7 3
1 4
2 4 5
2 7 6
2 8 7
1 8

4
0.3 0.7
0.372 0.628
4
0.016 0.984
0.614 0.386
4
0.801 0.199
0.272 0.728

4
0.628 0.372
0.258 0.742
4
0.781 0.219
0.665 0.335
4
0.669 0.331
0.45 0.55
4
0.367 0.633
0.956 0.044

4
0.123 0.877
0.413 0.587
4
0.822 0.178
0.374 0.626
4
0.267 0.733
0.859 0.141
4
0.449 0.551
0.248 0.752

12
0.769 0.092 0.139
0.035 0.373 0.592
0.045 0.937 0.018
0.355 0.128 0.517
12
0.073 0.323 0.604
0.041 0.925 0.034
0.666 0.304 0.03
0.014 0.744 0.242

16
0.014 0.899 0.027 0.06
0.004 0.598 0.054 0.344
0.128 0.499 0.114 0.259
0.11 0.015 0.619 0.256

4
0.579 0.421
0.399 0.601
4
0.496 0.504
0.069 0.931
4
0.451 0.549
0.538 0.462
4
0.157 0.843
0.936 0.064

12
0.386 0.613 0.001
0.429 0.459 0.112
0.024 0.692 0.284
0.517 0.073 0.41
12
0.146 0.118 0.736
0.475 0.425 0.1
0.003 0.544 0.453
0.06 0.781 0.159

4
0.317 0.683
0.695 0.305
4
0.302 0.698
0.28 0.72
4
0.656 0.344
0.562 0.438

12
0.793 0.113 0.094
0.918 0.069 0.013
0.119 0.764 0.117
0.003 0.992 0.005
