V-CREDAL 
6 
2 4 4 4 2 2 
6 
2 2 0 
2 5 1 
2 5 2 
2 1 3 
2 1 4 
1 5 

4 
0.33578 0.66422 
0.88943 0.11057 
4 
0.6616 0.3384 
0.77396 0.22604 
4 
0.1925 0.8075 
0.47434 0.52566 
4 
0.45833 0.54167 
0.5862 0.4138 

24 
0.49607 0.16023 0.02871 0.31499 
0.00449 0.01326 0.04639 0.93586 
0.40946 0.44686 0.00174 0.14194 
0.04648 0.01013 0.03864 0.90475 
0.48739 0.23854 0.17345 0.10062 
0.19512 0.23399 0.46957 0.10132 
24 
0.20457 0.0713 0.00746 0.71667 
0.02868 0.29356 0.03075 0.64701 
0.85198 0.00779 0.04029 0.09994 
0.0041 0.99456 6.9E-4 6.5E-4 
0.1991 0.09097 0.68067 0.02926 
0.86321 0.12641 5.1E-4 0.00987 

24 
0.29054 0.01273 0.02205 0.67468 
0.14007 0.00728 0.71893 0.13372 
0.00833 0.90147 0.08247 0.00773 
0.10306 0.68472 0.01014 0.20208 
0.04126 0.13918 0.39179 0.42777 
0.06449 0.92713 0.00714 0.00124 
24 
0.06219 0.39469 0.08397 0.45915 
1.2E-4 0.00101 1.8E-4 0.99869 
0.31028 0.02194 0.6489 0.01888 
0.71419 0.11408 0.01449 0.15724 
0.52248 0.46923 5.5E-4 0.00774 
0.2028 0.02146 0.59078 0.18496 

24 
0.00609 0.2235 0.13465 0.63576 
0.64404 0.17496 0.13313 0.04787 
0.03093 0.58423 0.33799 0.04685 
0.22295 0.29174 0.4758 0.00951 
0.04871 0.46908 0.46765 0.01456 
0.49385 0.40245 0.09331 0.01039 
24 
0.03168 0.12319 0.84051 0.00462 
0.11182 0.20618 0.05495 0.62705 
0.18379 0.59585 0.11667 0.10369 
0.33509 0.02637 0.25538 0.38316 
0.94658 0.03035 0.01088 0.01219 
0.13736 0.10587 0.31461 0.44216 
24 
0.61946 0.08071 0.10803 0.1918 
0.27414 0.04775 0.3021 0.37601 
0.00459 0.96845 0.01041 0.01655 
0.04225 0.01283 0.36796 0.57696 
0.63927 0.17361 0.18472 0.0024 
0.09678 0.19714 0.60555 0.10053 
24 
0.00778 0.98271 0.00359 0.00592 
0.08055 0.1265 0.63499 0.15796 
0.47386 0.17209 0.10471 0.24934 
0.00732 0.77519 0.08538 0.13211 
0.84634 0.04244 0.07158 0.03964 
3.2E-4 0.05287 0.94634 4.7E-4 

4 
0.86836 0.13164 
0.33123 0.66877 
4 
0.42941 0.57059 
0.50294 0.49706 
4 
0.51493 0.48507 
0.1529 0.8471 
4 
0.71366 0.28634 
0.1841 0.8159 

4 
0.80969 0.19031 
0.06609 0.93391 
