V-CREDAL 
6 
4 4 4 2 4 4 
6 
1 0 
1 1 
3 1 5 2 
2 2 3 
3 0 1 4 
1 5 

16 
0.00802 0.96942 1.1E-4 0.02245 
0.18347 0.47072 0.23361 0.1122 
0.1857 0.10369 0.1038 0.60681 
0.14207 0.61619 0.03427 0.20747 

16 
0.39099 0.01739 0.25143 0.34019 
0.13148 0.66009 0.06598 0.14245 
0.03503 0.13796 0.79943 0.02758 
0.03165 0.08966 0.84311 0.03558 

16 
0.20824 0.70454 0.08612 0.0011 
0.73157 0.21867 0.02834 0.02142 
0.00122 0.37773 0.56928 0.05177 
0.37978 0.252 0.25709 0.11113 
16 
0.0612 0.44748 0.01263 0.47869 
0.15447 0.39659 0.38446 0.06448 
0.00232 0.21918 0.70201 0.07649 
0.01966 0.1633 0.17247 0.64457 
16 
0.2734 0.6727 0.04332 0.01058 
0.02369 0.15137 0.0035 0.82144 
0.10778 0.31216 0.4765 0.10356 
0.0081 0.02305 0.40664 0.56221 
16 
0.56313 0.08239 0.04022 0.31426 
0.001 0.02614 0.8791 0.09376 
0.29295 0.2967 0.06919 0.34116 
0.18425 0.0226 0.01421 0.77894 
16 
0.10836 0.08973 0.0404 0.76151 
0.29359 0.37585 0.01317 0.31739 
0.25621 0.60293 0.05961 0.08125 
0.1635 0.10067 0.59879 0.13704 
16 
0.01097 0.14952 0.83134 0.00817 
0.29512 0.12414 0.16056 0.42018 
0.18591 0.01024 0.23329 0.57056 
0.00354 0.81881 0.0458 0.13185 
16 
0.23634 0.13425 0.17714 0.45227 
0.24569 0.20783 0.18045 0.36603 
0.48993 0.41757 0.07572 0.01678 
0.81807 0.00255 0.17859 7.9E-4 
16 
0.34673 0.49219 0.01608 0.145 
0.45022 0.11153 0.28864 0.14961 
0.38421 0.03864 0.15057 0.42658 
0.57062 0.05904 0.00866 0.36168 
16 
0.10888 0.43272 0.14147 0.31693 
0.12648 0.8184 0.01215 0.04297 
0.46367 0.47607 0.01133 0.04893 
0.21737 0.43911 0.31344 0.03008 
16 
0.00874 0.33584 0.05519 0.60023 
0.17377 0.15638 0.19937 0.47048 
0.06066 0.47426 0.35374 0.11134 
0.13274 0.74236 0.00844 0.11646 
16 
0.03558 0.75724 0.06292 0.14426 
0.05977 0.47808 0.41639 0.04576 
0.03879 7.0E-5 0.89163 0.06951 
0.30198 0.04 0.51913 0.13889 
16 
0.12463 0.05775 0.63503 0.18259 
0.00993 0.12627 0.44503 0.41877 
0.02537 0.03205 0.93158 0.011 
0.01445 0.68115 0.07663 0.22777 
16 
0.24765 0.01144 0.03067 0.71024 
0.01753 0.01403 0.87948 0.08896 
0.56092 0.11111 0.30453 0.02344 
0.20565 0.02179 0.21224 0.56032 
16 
0.039 0.08933 0.7528 0.11887 
0.15644 0.37418 0.43972 0.02966 
0.07371 0.12317 0.70399 0.09913 
0.09746 0.03133 0.37544 0.49577 
16 
0.20579 0.0291 0.24456 0.52055 
0.85602 0.04026 0.01228 0.09144 
0.01861 0.14552 0.47731 0.35856 
0.29621 0.05264 0.16211 0.48904 
16 
0.32811 0.0482 0.04763 0.57606 
0.1786 0.08499 0.09439 0.64202 
0.14851 0.39654 0.11936 0.33559 
0.09999 0.05528 0.02723 0.8175 

4 
0.16066 0.83934 
0.55386 0.44614 
4 
0.42783 0.57217 
0.77592 0.22408 
4 
0.37337 0.62663 
0.25201 0.74799 
4 
0.64988 0.35012 
0.83645 0.16355 

16 
0.4045 0.03902 0.49745 0.05903 
0.53852 0.09937 0.33777 0.02434 
1.0E-5 0.1951 2.7E-4 0.80462 
0.64991 0.1523 0.00935 0.18844 
16 
0.09938 0.28115 0.30244 0.31703 
0.10195 0.13203 0.0277 0.73832 
0.28617 0.62322 0.08302 0.00759 
0.1321 0.45964 0.26839 0.13987 
16 
0.64934 0.26901 0.0615 0.02015 
0.01852 7.9E-4 5.0E-5 0.98064 
0.00462 0.2029 0.00437 0.78811 
0.05309 0.7785 0.12019 0.04822 
16 
0.05965 0.5904 0.32384 0.02611 
0.06404 0.20287 0.48957 0.24352 
6.0E-4 0.03342 0.07732 0.88866 
0.38195 0.51431 0.09399 0.00975 
16 
0.17049 0.35475 0.33536 0.1394 
0.03497 0.06504 0.09056 0.80943 
0.34476 0.05029 0.54456 0.06039 
0.11221 0.0079 0.04532 0.83457 
16 
0.05988 0.05369 0.14601 0.74042 
0.02508 0.08248 0.83689 0.05555 
0.3247 0.07957 0.00406 0.59167 
0.0037 0.16339 0.17148 0.66143 
16 
0.0093 0.34953 0.42768 0.21349 
0.07063 0.53628 0.01341 0.37968 
0.02773 0.09185 0.83571 0.04471 
0.01298 0.04381 0.33978 0.60343 
16 
0.0136 0.00669 0.9702 0.00951 
0.10376 0.06937 0.27884 0.54803 
0.17544 0.185 0.23644 0.40312 
0.00203 0.97983 0.00138 0.01676 
16 
0.68674 0.10861 0.16853 0.03612 
0.11031 0.04975 0.07816 0.76178 
2.0E-5 0.0991 0.01406 0.88682 
0.20629 0.26515 0.12414 0.40442 
16 
0.64867 0.1028 0.11281 0.13572 
0.8668 0.00987 0.09351 0.02982 
0.4212 0.18993 0.13127 0.2576 
0.03522 0.94321 0.01377 0.0078 
16 
0.47781 0.4201 0.0506 0.05149 
0.28041 0.55447 0.04996 0.11516 
0.01825 0.92095 4.7E-4 0.06033 
0.00294 0.45503 0.52162 0.02041 
16 
0.43642 0.00283 0.24575 0.315 
0.24867 0.07865 0.12704 0.54564 
0.09375 0.46233 0.27305 0.17087 
0.76915 0.00515 0.0015 0.2242 
16 
0.38915 0.37247 0.05352 0.18486 
0.1388 0.06326 0.40859 0.38935 
0.06902 0.76126 0.02466 0.14506 
0.04931 0.3941 0.06178 0.49481 
16 
0.43394 0.00853 0.40739 0.15014 
0.76377 0.03472 0.19616 0.00535 
0.5758 0.32617 0.02057 0.07746 
0.75501 0.24461 1.2E-4 2.6E-4 
16 
0.71917 0.16561 0.00315 0.11207 
0.01713 0.64803 0.13366 0.20118 
0.33803 0.34818 0.17289 0.1409 
0.31633 0.04971 0.44105 0.19291 
16 
0.76389 0.00445 0.21253 0.01913 
0.0357 0.94414 0.00536 0.0148 
0.26753 0.21405 0.09252 0.4259 
0.63189 0.01676 0.15916 0.19219 

16 
0.15039 0.67954 0.04514 0.12493 
0.03465 0.72768 0.18042 0.05725 
0.04451 0.38693 0.53842 0.03014 
0.819 0.11107 0.00299 0.06694 
