V-CREDAL 
10 
2 3 3 4 3 3 3 3 2 4 
10 
1 0 
2 0 1 
2 1 2 
2 2 3 
2 3 4 
2 4 5 
2 5 6 
2 6 7 
2 7 8 
2 8 9 

4 
0.44688 0.55312 
0.72547 0.27453 

18 
0.08679 0.82613 0.08708 
0.51506 0.48141 0.00353 
0.65503 0.31914 0.02583 
0.01352 0.30214 0.68434 
0.79415 0.02012 0.18573 
0.02717 0.04563 0.9272 
18 
0.84426 0.13907 0.01667 
0.11621 0.05157 0.83222 
0.0097 0.21627 0.77403 
0.48118 0.51169 0.00713 
0.89875 0.07301 0.02824 
0.06246 0.4437 0.49384 

18 
0.0326 0.95612 0.01128 
0.39639 0.31028 0.29333 
0.07176 0.12643 0.80181 
0.2805 0.65977 0.05973 
0.37032 0.24944 0.38024 
0.35115 0.22656 0.42229 
18 
0.95211 0.00693 0.04096 
0.6434 0.03403 0.32257 
0.08228 0.17648 0.74124 
0.256 0.74381 1.9E-4 
0.0455 0.80414 0.15036 
0.97718 0.02177 0.00105 
18 
0.63548 0.18119 0.18333 
0.00107 0.98926 0.00967 
0.03537 0.13549 0.82914 
0.12117 0.03473 0.8441 
0.69475 0.0303 0.27495 
0.0454 0.95124 0.00336 

24 
8.0E-4 0.57003 0.38202 0.04715 
0.11214 0.70009 0.17355 0.01422 
0.01539 0.07046 0.84868 0.06547 
0.69388 0.02151 0.0136 0.27101 
0.1578 0.04594 0.53915 0.25711 
0.02646 0.00909 0.9402 0.02425 
24 
0.03733 0.15228 0.36579 0.4446 
0.02444 0.91013 0.02618 0.03925 
0.26758 0.31463 0.11373 0.30406 
0.9259 3.2E-4 0.07207 0.00171 
0.79542 0.1837 0.008 0.01288 
0.3286 0.18594 0.37028 0.11518 
24 
0.22741 0.55927 0.02424 0.18908 
0.02923 0.01773 0.44869 0.50435 
0.29869 0.23567 0.04083 0.42481 
0.81437 0.0161 0.12816 0.04137 
0.09673 0.15029 0.75142 0.00156 
0.37422 0.01209 0.61233 0.00136 

18 
0.1769 0.41625 0.40685 
0.74309 0.08633 0.17058 
0.03919 0.06082 0.89999 
0.23373 0.51687 0.2494 
0.05051 0.05239 0.8971 
0.58476 0.00642 0.40882 
18 
0.51044 0.16513 0.32443 
0.00896 2.0E-4 0.99084 
0.08962 0.49065 0.41973 
0.52422 0.3166 0.15918 
0.34166 0.08777 0.57057 
0.05584 0.28836 0.6558 
18 
0.04637 0.00849 0.94514 
0.01886 0.96873 0.01241 
0.84255 0.0787 0.07875 
0.87735 0.00626 0.11639 
0.01528 0.01006 0.97466 
0.21824 0.00701 0.77475 
18 
0.38599 0.59849 0.01552 
0.64935 0.01492 0.33573 
0.04163 0.02085 0.93752 
0.01347 0.83393 0.1526 
0.72765 0.02316 0.24919 
0.02872 0.04132 0.92996 

18 
0.06913 0.01451 0.91636 
0.6418 0.30459 0.05361 
0.56561 0.4033 0.03109 
0.02525 0.85089 0.12386 
0.0501 0.8973 0.0526 
0.00642 0.01245 0.98113 
18 
0.20755 0.55207 0.24038 
0.29929 0.04343 0.65728 
0.00768 0.06849 0.92383 
0.52154 0.46595 0.01251 
0.91573 0.06707 0.0172 
0.71929 0.2728 0.00791 
18 
0.99179 0.00405 0.00416 
0.00578 0.05444 0.93978 
0.03169 0.95599 0.01232 
0.01424 0.00422 0.98154 
0.00696 0.93877 0.05427 
0.01842 0.94926 0.03232 

18 
0.00351 0.99535 0.00114 
0.27704 0.13275 0.59021 
0.09983 0.60426 0.29591 
0.58526 0.2703 0.14444 
0.35475 0.14075 0.5045 
0.43806 0.5195 0.04244 
18 
0.57759 0.41868 0.00373 
0.08609 0.12544 0.78847 
0.95387 0.04021 0.00592 
0.07102 0.89891 0.03007 
0.89921 0.03993 0.06086 
0.03032 0.58131 0.38837 
18 
0.19759 0.78007 0.02234 
0.05241 0.05935 0.88824 
0.99293 0.00289 0.00418 
0.13074 0.65726 0.212 
0.00855 0.37988 0.61157 
0.47341 0.00166 0.52493 

18 
0.74703 0.21425 0.03872 
0.98279 0.00672 0.01049 
0.01604 0.07546 0.9085 
0.00847 0.28909 0.70244 
0.22127 0.52297 0.25576 
0.10064 0.00806 0.8913 
18 
0.09787 0.03793 0.8642 
0.01048 0.37858 0.61094 
0.50717 0.02001 0.47282 
0.00202 0.78332 0.21466 
0.75232 0.19088 0.0568 
0.1948 0.66333 0.14187 
18 
0.30018 0.68704 0.01278 
0.2004 0.74174 0.05786 
0.02891 0.03005 0.94104 
0.73466 0.02113 0.24421 
0.62867 0.20108 0.17025 
0.03877 0.34135 0.61988 

4 
0.56419 0.43581 
0.88293 0.11707 
4 
0.26618 0.73382 
0.08755 0.91245 
4 
0.71427 0.28573 
0.69056 0.30944 

24 
0.27055 0.17955 0.14844 0.40146 
0.00324 0.97631 1.7E-4 0.02028 
8.0E-5 0.35833 0.01515 0.62644 
0.20345 0.0861 0.42833 0.28212 
0.33917 0.09395 0.49419 0.07269 
0.09436 0.03246 0.69546 0.17772 
24 
0.19669 0.29549 0.50184 0.00598 
0.78281 0.05133 0.0771 0.08876 
0.01901 0.01575 0.80433 0.16091 
0.01158 0.00687 0.00581 0.97574 
0.20345 0.0208 0.75762 0.01813 
0.02911 0.23838 0.43542 0.29709 
