V-CREDAL 
4 
3 5 5 5 
4 
1 0 
2 0 1 
2 1 2 
2 2 3 

12 
0.32213 0.57591 0.10196 
0.87882 7.7E-4 0.12041 
0.08135 0.00762 0.91103 
0.49864 0.46884 0.03252 

20 
0.52558 0.15327 0.1143 0.1359 0.07095 
0.38184 0.09383 0.23357 0.24732 0.04344 
0.92346 0.01558 0.05485 6.4E-4 0.00547 
0.04538 0.00838 0.02443 0.03142 0.89039 
20 
0.04052 0.04321 0.06382 0.57829 0.27416 
0.05087 0.13955 0.32687 0.10483 0.37788 
0.08696 0.11296 0.07759 0.07032 0.65217 
0.00626 0.50007 0.16887 0.21643 0.10837 
20 
0.2945 0.47234 0.07337 0.05395 0.10584 
0.11986 0.15503 0.21803 0.48096 0.02612 
0.51486 0.05337 0.13036 0.28328 0.01813 
0.01171 0.17781 2.6E-4 0.11266 0.69756 

20 
0.20425 0.30889 0.30987 0.054 0.12299 
0.00171 0.05989 0.00493 0.01732 0.91615 
6.6E-4 0.44608 0.215 0.02596 0.3123 
0.14007 0.15948 0.36564 0.29985 0.03496 
20 
0.06751 0.90631 0.00205 0.01005 0.01408 
0.69408 0.02915 0.00316 0.00651 0.2671 
0.04089 0.5307 0.14369 0.09555 0.18917 
0.08886 0.03508 0.28874 0.31805 0.26927 
20 
0.10139 0.34369 0.0692 0.0163 0.46942 
0.57674 0.12021 0.01334 0.04779 0.24192 
0.05327 0.92728 0.01052 0.00322 0.00571 
0.07837 0.10885 0.01431 0.00955 0.78892 
20 
0.0282 0.02959 0.00718 0.02125 0.91378 
2.3E-4 0.0018 0.00446 0.98281 0.0107 
0.15608 0.02116 0.51111 0.31126 3.9E-4 
0.08056 0.18428 0.10075 0.31252 0.32189 
20 
0.33671 0.23231 0.03519 0.33448 0.06131 
0.26603 0.00898 0.25114 0.4606 0.01325 
0.03414 0.03212 0.28782 0.04424 0.60168 
0.01728 0.03939 0.93324 9.2E-4 0.00917 

20 
0.15835 0.70206 0.13535 0.00373 5.1E-4 
0.62757 0.13535 0.22381 0.01054 0.00273 
0.05894 0.32031 0.24545 0.01081 0.36449 
0.26511 0.01341 0.68952 3.0E-4 0.03166 
20 
0.26165 0.1339 0.44248 0.11067 0.0513 
0.05799 0.16995 0.01452 0.63327 0.12427 
0.02687 0.08426 0.36542 0.03484 0.48861 
0.40125 0.39468 0.03934 0.02269 0.14204 
20 
0.65179 0.10731 0.04198 0.15698 0.04194 
0.15886 0.69348 0.13899 0.00297 0.0057 
0.23913 0.20221 0.06085 0.10919 0.38862 
0.02303 0.00437 0.01257 0.11355 0.84648 
20 
0.08772 0.1144 0.00824 0.78824 0.0014 
0.35699 0.25382 0.00846 0.07174 0.30899 
0.8748 0.01757 0.03637 0.06274 0.00852 
0.92316 8.8E-4 8.6E-4 0.017 0.0581 
20 
0.06621 7.7E-4 0.89812 0.03452 3.8E-4 
0.54821 0.30782 0.03883 0.05333 0.05181 
0.00574 0.51798 0.00328 0.46 0.013 
0.01349 0.11542 0.02166 0.41185 0.43758 
