V-CREDAL
4
3 3 3 4
4
1 0
2 0 1
2 0 2
2 0 3

18
0.803 0.07 0.127
0.017 0.926 0.057
0.017 0.132 0.851
0.121 0.093 0.786
0.197 0.075 0.728
0.822 0.018 0.16

18
0.075 0.895 0.03
0.815 0.171 0.014
0.089 0.434 0.477
0.015 0.708 0.277
0.262 0.732 0.006
0.029 0.9 0.071
18
0.116 0.066 0.818
0.038 0.904 0.058
0.779 0.094 0.127
0.753 0.22 0.027
0.866 0.098 0.036
0.039 0.471 0.49
18
0.588 0.056 0.356
0.023 0.951 0.026
0.729 0.205 0.066
0.114 0.028 0.858
0.796 0.09 0.114
0.208 0.007 0.785

18
0.085 0.095 0.82
0.406 0.545 0.049
0.803 0.053 0.144
0.139 0.018 0.843
0.016 0.958 0.026
0.589 0.345 0.066
18
0.002 0.955 0.043
0.176 0.669 0.155
0.146 0.168 0.686
0.034 0.224 0.742
0.228 0.357 0.415
0.175 0.214 0.611
18
0.007 0.058 0.935
0.85 0.129 0.021
0.155 0.816 0.029
0.855 0.115 0.03
0.084 0.014 0.902
0.556 0.023 0.421

24
0.389 0.151 0.013 0.447
0.381 0.003 0.013 0.603
0.778 0.028 0.077 0.117
0.12 0.736 0.04 0.104
0.011 0.47 0.011 0.508
0.09 0.093 0.036 0.781
24
0.002 0.003 0.009 0.986
0.425 0.047 0.034 0.494
0.828 0.034 0.019 0.119
0.05 0.143 0.684 0.123
0.422 0.143 0.129 0.306
0.061 0.249 0.516 0.174
24
0.049 0.886 0.059 0.006
0.065 0.297 0.552 0.086
0.026 0.954 0.019 0.001
0.025 0.037 0.009 0.929
0.47 0.29 0.021 0.219
0.569 0.025 0.046 0.36
