V-CREDAL 
6 
3 3 3 3 4 3 
6 
1 0 
2 0 1 
2 1 2 
2 2 3 
2 3 4 
2 4 5 

12 
0.22702 0.7028 0.07018 
0.65979 0.33091 0.0093 
0.12315 0.07081 0.80604 
0.13307 0.28496 0.58197 

12 
0.14657 0.6465 0.20693 
0.05261 0.55011 0.39728 
0.00133 0.13896 0.85971 
0.79267 0.1477 0.05963 
12 
0.166 0.73805 0.09595 
0.89742 0.06029 0.04229 
0.12311 0.31038 0.56651 
0.57302 0.39997 0.02701 
12 
0.67308 0.14587 0.18105 
0.86243 0.11362 0.02395 
0.54085 0.02905 0.4301 
0.99498 0.00307 0.00195 

12 
0.76004 0.06951 0.17045 
0.9053 0.05878 0.03592 
0.34927 0.18911 0.46162 
0.02055 0.79865 0.1808 
12 
0.12893 0.85658 0.01449 
0.3051 0.0479 0.647 
0.00876 0.7997 0.19154 
0.50664 0.23474 0.25862 
12 
0.02667 0.71711 0.25622 
0.45936 0.49019 0.05045 
0.03915 0.81068 0.15017 
0.30969 0.02335 0.66696 

12 
0.07037 0.91072 0.01891 
0.514 0.24717 0.23883 
0.31272 0.6635 0.02378 
0.22094 0.68333 0.09573 
12 
0.05668 0.83088 0.11244 
0.58358 0.04034 0.37608 
0.02619 0.14911 0.8247 
0.33548 0.51216 0.15236 
12 
0.03992 0.43855 0.52153 
0.38376 0.581 0.03524 
0.53911 0.31777 0.14312 
0.05124 0.88803 0.06073 

16 
0.003 0.00119 0.99295 0.00286 
0.01249 0.01992 0.89376 0.07383 
0.62988 0.00191 0.08884 0.27937 
0.82064 0.03933 0.10308 0.03695 
16 
0.00605 0.01581 0.9348 0.04334 
0.23118 0.08883 0.32081 0.35918 
0.08306 0.07605 0.07717 0.76372 
0.02076 5.7E-4 0.03796 0.94071 
16 
0.04619 0.59586 0.10895 0.249 
0.2174 0.14934 0.55941 0.07385 
0.15987 0.48497 0.31946 0.0357 
0.5594 0.00402 0.18651 0.25007 

12 
0.9402 0.05569 0.00411 
0.06463 0.88611 0.04926 
0.74358 0.03996 0.21646 
0.11215 0.78781 0.10004 
12 
0.24233 0.60652 0.15115 
0.40944 0.1936 0.39696 
0.12628 0.63047 0.24325 
0.20171 0.3444 0.45389 
12 
0.163 0.74546 0.09154 
0.56491 0.29649 0.1386 
0.06212 0.38419 0.55369 
0.43371 0.0896 0.47669 
12 
0.21057 0.3319 0.45753 
0.0358 0.46238 0.50182 
0.0038 0.28107 0.71513 
0.24817 0.14132 0.61051 
