V-CREDAL 
6 
2 4 4 2 2 5 
6 
2 1 0 
1 1 
1 2 
2 2 3 
1 4 
4 1 2 4 5 

4 
0.6017 0.3983 
0.63327 0.36673 
4 
0.09003 0.90997 
0.40929 0.59071 
4 
0.83137 0.16863 
0.79693 0.20307 
4 
0.69533 0.30467 
0.76642 0.23358 

24 
0.14619 0.06739 0.68892 0.0975 
0.58374 0.1032 0.01034 0.30272 
0.47465 0.40658 0.02424 0.09453 
0.37924 0.00518 0.6111 0.00448 
0.10863 0.17256 0.52874 0.19007 
0.07084 0.68118 0.01827 0.22971 

24 
4.6E-4 0.99811 3.4E-4 0.00109 
0.00434 0.7094 0.13741 0.14885 
0.07754 0.02798 0.01328 0.8812 
0.0161 0.87057 0.10237 0.01096 
0.00275 0.6203 0.36837 0.00858 
0.15983 0.28384 0.43666 0.11967 

4 
0.36131 0.63869 
0.32761 0.67239 
4 
0.04809 0.95191 
0.1158 0.8842 
4 
0.45892 0.54108 
0.91749 0.08251 
4 
0.00357 0.99643 
0.09878 0.90122 

4 
0.13734 0.86266 
0.16327 0.83673 

30 
0.89349 0.01553 0.07871 0.00927 0.003 
0.04692 0.16146 0.65909 0.04548 0.08705 
0.30152 0.09602 0.02421 0.30298 0.27527 
0.01563 0.00239 0.00216 0.00102 0.9788 
0.01138 0.51665 0.0252 0.32778 0.11899 
0.04807 0.03678 0.43148 0.46935 0.01432 
30 
0.97369 0.00124 0.01601 0.00818 8.8E-4 
0.28627 0.21952 0.02105 0.28963 0.18353 
0.10444 4.5E-4 0.11794 5.7E-4 0.7766 
0.39003 0.02937 0.22743 0.27839 0.07478 
0.07695 0.18141 0.0975 0.61273 0.03141 
0.43392 0.01293 0.01024 0.53861 0.0043 
30 
0.04516 0.02304 0.51561 0.0489 0.36729 
0.10079 0.0025 0.88202 0.00204 0.01265 
0.00208 0.84458 0.01756 5.3E-4 0.13525 
0.13824 0.33976 0.1176 0.37962 0.02478 
0.20305 0.04471 0.58496 0.14594 0.02134 
0.13834 0.17948 0.39961 0.06329 0.21928 
30 
0.0227 0.00305 0.75262 0.21952 0.00211 
0.00389 0.94007 0.02142 4.2E-4 0.0342 
0.0861 0.09798 0.62584 0.01528 0.1748 
0.00976 0.94744 0.02376 0.01496 0.00408 
0.03513 0.02955 0.03347 0.85492 0.04693 
0.36073 0.57218 0.02031 0.02981 0.01697 
30 
0.01806 0.00901 0.55177 0.41995 0.00121 
0.00117 0.0316 0.0016 0.89642 0.06921 
0.0013 0.04974 0.16169 0.74174 0.04553 
0.11993 0.03222 0.04957 0.77154 0.02674 
0.10188 0.13685 0.26348 0.32399 0.1738 
0.42147 0.21517 0.12206 0.04739 0.19391 
30 
0.01522 0.02428 0.20425 0.71966 0.03659 
0.25496 0.47075 0.02895 0.08598 0.15936 
0.06147 0.50796 0.3153 0.04636 0.06891 
0.00346 0.26554 0.003 0.64721 0.08079 
0.02094 0.94766 0.00264 0.02759 0.00117 
0.02216 0.54284 0.34536 0.05828 0.03136 
30 
0.01736 0.13564 0.251 0.59274 0.00326 
0.18756 0.04449 7.2E-4 0.00163 0.7656 
0.11561 0.57338 0.29738 0.01025 0.00338 
0.05873 0.5367 0.06168 0.26781 0.07508 
0.65908 0.05493 0.01017 0.0666 0.20922 
0.00115 0.69469 0.1767 0.07857 0.04889 
30 
0.05819 0.88503 0.00563 0.05055 6.0E-4 
0.00757 0.0141 0.86463 0.01728 0.09642 
0.03051 0.28506 0.57434 0.02314 0.08695 
0.10462 0.01062 0.54736 0.14866 0.18874 
0.20113 0.04985 0.31531 0.00335 0.43036 
0.09847 0.61645 0.11133 0.09491 0.07884 
30 
0.06549 0.23377 0.19159 0.01316 0.49599 
0.00196 0.14228 0.04234 0.07724 0.73618 
0.40257 0.09617 0.0175 0.3373 0.14646 
0.38078 0.29994 0.12148 0.18467 0.01313 
0.02403 0.03422 0.30822 0.44664 0.18689 
0.0634 0.04773 0.46587 0.10395 0.31905 
30 
0.22654 0.45721 0.09629 0.08535 0.13461 
0.02129 0.82422 0.00524 0.12202 0.02723 
3.4E-4 0.06895 0.91649 5.4E-4 0.01368 
0.23936 0.06627 0.65493 0.03892 5.2E-4 
0.0286 0.02042 0.57647 0.10281 0.2717 
0.02585 0.01459 0.01449 0.01974 0.92533 
30 
0.08004 0.67125 0.22392 0.01568 0.00911 
0.1044 0.02773 0.00468 0.0017 0.86149 
0.02449 0.09732 0.69245 0.16596 0.01978 
0.05018 0.00165 0.89861 4.8E-4 0.04908 
0.08096 0.18995 0.00905 0.10859 0.61145 
0.02912 0.00998 0.03657 0.80936 0.11497 
30 
0.28496 0.07949 0.41253 0.01712 0.2059 
0.01559 0.03647 0.21616 0.72695 0.00483 
0.05678 0.00363 0.0074 0.904 0.02819 
0.53976 0.14135 0.30824 0.00742 0.00323 
0.18169 0.00987 0.00365 0.00305 0.80174 
0.02155 0.32355 0.06056 0.13161 0.46273 
30 
0.02631 0.4835 0.12553 0.36373 9.3E-4 
0.00974 0.52354 0.37587 0.01476 0.07609 
0.10743 0.0883 0.22918 0.05749 0.5176 
0.50602 0.01108 0.01756 0.35929 0.10605 
8.0E-4 0.99667 5.8E-4 9.7E-4 9.8E-4 
0.13467 0.17408 0.54003 0.0519 0.09932 
30 
0.01549 0.05533 0.3133 0.58883 0.02705 
0.00342 0.03289 0.01304 0.15029 0.80036 
0.13288 0.0149 0.06172 0.78085 0.00965 
0.00717 0.9761 0.0098 0.00584 0.00109 
0.01137 0.28044 0.0134 0.0877 0.60709 
0.04398 0.29474 0.44232 0.21 0.00896 
30 
0.23552 0.32827 0.07722 0.13018 0.22881 
0.68704 0.02112 0.00118 0.02619 0.26447 
0.07618 0.37518 0.09084 0.02214 0.43566 
0.00345 0.28472 0.37798 0.0609 0.27295 
0.17439 6.5E-4 0.21867 0.02531 0.58098 
0.03021 0.62802 0.26054 0.06437 0.01686 
30 
0.00982 0.08656 0.06789 0.53972 0.29601 
0.01953 0.18273 0.29783 0.17714 0.32277 
0.00764 0.02893 0.02468 0.00693 0.93182 
0.22682 0.40608 0.17781 0.18675 0.00254 
0.63882 0.31548 0.00455 0.03955 0.0016 
0.04285 0.03922 0.77608 0.01709 0.12476 
30 
0.04255 0.36574 0.428 0.00506 0.15865 
6.9E-4 0.00131 0.99631 4.0E-5 0.00165 
0.0084 0.00496 0.04838 0.87604 0.06222 
0.18017 0.30958 0.10578 0.10203 0.30244 
0.02418 0.20261 3.0E-4 0.00247 0.77044 
0.4123 0.06046 0.06263 0.33698 0.12763 
30 
0.12284 0.48696 0.02865 0.19816 0.16339 
0.02397 0.10199 0.00129 3.6E-4 0.87239 
0.07623 0.14445 0.22678 0.03268 0.51986 
0.05452 0.6257 0.02776 0.00862 0.2834 
0.45436 0.11334 0.016 0.37077 0.04553 
0.0274 0.8509 0.09265 0.02636 0.00269 
30 
0.48237 0.00391 0.08406 0.36535 0.06431 
0.01359 7.3E-4 0.89489 0.0892 0.00159 
0.41976 0.04457 0.11009 0.04219 0.38339 
0.70695 0.25787 0.00116 0.01791 0.01611 
0.00282 0.82508 1.1E-4 0.13186 0.04013 
0.02718 0.0967 0.11626 0.72447 0.03539 
30 
0.02516 0.25638 0.3455 0.36269 0.01027 
0.01946 0.92689 0.02383 0.00765 0.02217 
0.66962 0.01812 0.01443 0.00768 0.29015 
0.23049 0.24443 0.10629 0.04923 0.36956 
0.03106 0.2013 0.04123 0.71499 0.01142 
0.0709 0.54433 0.02468 0.00406 0.35603 
30 
0.69151 0.03878 0.05727 0.02249 0.18995 
0.16738 0.00155 0.04464 0.29071 0.49572 
0.01219 0.39437 0.45347 0.0896 0.05037 
0.05394 0.00159 0.0136 0.02003 0.91084 
0.27643 0.07327 0.39983 0.24664 0.00383 
0.15046 0.30849 0.21122 0.21911 0.11072 
30 
0.17205 0.34164 0.00331 0.13099 0.35201 
0.00761 0.03994 0.44942 0.4984 0.00463 
0.0478 0.12124 0.7026 0.12239 0.00597 
0.28051 0.25118 0.01443 0.00559 0.44829 
6.9E-4 0.40505 0.0014 0.59107 0.00179 
0.02022 0.03247 0.04012 0.89898 0.00821 
30 
0.26846 0.08354 0.2087 0.00491 0.43439 
0.01158 0.12825 0.55948 0.16754 0.13315 
0.27734 0.00358 0.7167 5.0E-5 0.00233 
0.04995 0.00194 0.91537 0.00222 0.03052 
0.383 0.07258 0.03482 0.48693 0.02267 
0.21072 1.6E-4 0.00388 0.10744 0.6778 
30 
0.00623 0.00126 0.5998 8.3E-4 0.39188 
0.00164 0.21063 0.0215 0.08616 0.68007 
0.14173 0.13428 0.13379 0.16068 0.42952 
0.01304 0.1392 0.05521 0.00305 0.7895 
0.36475 0.40806 0.14694 0.06864 0.01161 
0.00478 0.24518 0.57569 0.01723 0.15712 
30 
0.94873 0.01419 0.01702 0.00594 0.01412 
0.16018 0.05608 0.01001 0.07091 0.70282 
0.76946 0.01279 0.05266 0.12953 0.03556 
0.41772 0.19247 0.00103 0.31786 0.07092 
0.54127 0.03231 0.20441 0.0733 0.14871 
0.21166 0.11654 0.23355 0.29928 0.13897 
30 
0.10927 0.04315 0.29072 0.40563 0.15123 
0.0252 0.11341 0.21429 0.60482 0.04228 
0.19064 0.05641 0.08461 0.27382 0.39452 
0.61603 0.03453 0.32045 0.01682 0.01217 
0.00851 0.10304 0.09983 0.59803 0.19059 
0.01883 0.00609 0.96313 0.00488 0.00707 
30 
0.05 0.00222 0.31474 0.07037 0.56267 
0.01861 0.31803 0.61885 0.02919 0.01532 
0.94445 1.5E-4 0.00286 0.047 0.00554 
0.31096 0.03988 0.04616 0.56128 0.04172 
0.00328 0.81855 0.05763 0.07344 0.0471 
0.33088 0.02083 0.00621 0.03389 0.60819 
30 
0.36354 0.16436 0.24194 0.09533 0.13483 
0.00101 0.27205 0.64021 0.08418 0.00255 
0.91163 0.01098 0.02483 0.03641 0.01615 
0.0417 0.28162 0.47054 0.04253 0.16361 
0.14574 0.42717 0.01558 0.00161 0.4099 
0.00166 9.2E-4 0.95936 0.03556 0.0025 
30 
0.00819 0.91336 0.01374 0.00575 0.05896 
0.14704 0.46273 0.04171 0.21753 0.13099 
0.07815 0.03865 0.11556 0.39981 0.36783 
0.02245 0.02116 0.70758 0.07374 0.17507 
0.65251 0.00513 0.2801 0.01369 0.04857 
0.4085 0.26091 0.18106 0.00602 0.14351 
30 
1.2E-4 0.19583 0.35549 0.44695 0.00161 
0.01906 0.00492 0.01809 0.0278 0.93013 
0.6258 0.18501 0.00759 0.07985 0.10175 
0.25742 0.11996 0.24522 0.32791 0.04949 
0.2552 0.40355 0.00377 0.28537 0.05211 
0.09697 0.02221 0.00597 0.00682 0.86803 
30 
8.6E-4 0.98866 1.0E-4 0.00951 8.7E-4 
0.00142 0.02457 0.16137 0.81211 5.3E-4 
0.56483 0.09063 0.01249 0.09069 0.24136 
0.73121 0.04476 0.02037 0.07717 0.12649 
0.25138 0.60956 0.08895 0.01872 0.03139 
0.08741 0.10014 0.01844 0.05493 0.73908 
30 
0.07115 0.40319 0.0144 0.46094 0.05032 
0.63184 0.07242 0.05379 0.05672 0.18523 
0.00387 0.0078 0.95243 0.01601 0.01989 
0.14723 0.06461 0.05913 0.10158 0.62745 
0.04136 0.0183 7.5E-4 0.14539 0.7942 
0.20842 0.01735 0.05443 0.03713 0.68267 
