V-CREDAL 
10 
5 4 3 4 2 4 2 5 2 2 
10 
1 0 
2 0 1 
2 1 2 
2 2 3 
2 3 4 
2 4 5 
2 5 6 
2 6 7 
2 7 8 
2 8 9 

20 
0.13223 0.02017 0.00476 0.01529 0.82755 
0.04308 0.89948 0.00118 0.02937 0.02689 
0.0746 0.49987 0.37623 0.0014 0.0479 
0.00503 0.00103 0.3286 0.00293 0.66241 

16 
0.15637 0.56762 0.11919 0.15682 
0.56196 0.15327 0.13767 0.1471 
0.23441 0.3619 0.15791 0.24578 
0.82694 0.07868 0.03674 0.05764 
16 
0.54142 0.30194 0.02417 0.13247 
0.91583 0.02436 0.04579 0.01402 
0.05619 0.05691 0.02532 0.86158 
0.81224 0.0417 0.02611 0.11995 
16 
0.06238 0.12308 0.11617 0.69837 
0.65877 0.00488 0.29311 0.04324 
0.04951 0.75713 0.16146 0.0319 
0.44551 0.13662 0.08947 0.3284 
16 
0.46943 0.15428 0.27895 0.09734 
0.27522 0.23315 0.42459 0.06704 
0.00576 0.00402 0.00329 0.98693 
0.93279 0.00761 0.04007 0.01953 
16 
0.11984 0.83759 0.03252 0.01005 
0.74286 0.0369 0.02586 0.19438 
0.05297 0.06754 0.08722 0.79227 
0.10951 0.67311 0.09048 0.1269 

12 
0.47284 0.10901 0.41815 
0.01112 0.97738 0.0115 
0.89789 0.10178 3.3E-4 
0.09021 0.74061 0.16918 
12 
0.27928 0.0634 0.65732 
0.23168 0.45864 0.30968 
0.01634 0.02935 0.95431 
0.05057 0.83922 0.11021 
12 
0.10451 0.10816 0.78733 
0.21714 0.57373 0.20913 
0.35177 0.53806 0.11017 
0.66605 0.25295 0.081 
12 
0.10762 0.04448 0.8479 
0.79966 0.19416 0.00618 
0.57941 0.0768 0.34379 
0.76994 0.1324 0.09766 

16 
0.12188 0.4954 0.14085 0.24187 
0.24297 0.01967 0.59367 0.14369 
0.36945 0.23739 0.12381 0.26935 
0.66138 0.0826 0.05129 0.20473 
16 
0.33831 0.52676 0.10629 0.02864 
0.03042 0.8215 0.11968 0.0284 
0.75319 0.03357 0.14053 0.07271 
0.2763 0.67587 0.00592 0.04191 
16 
0.72403 0.00599 0.11857 0.15141 
0.15179 0.59156 0.2532 0.00345 
0.09042 0.17064 0.55262 0.18632 
0.50481 0.44816 0.00467 0.04236 

4 
0.44942 0.55058 
0.1576 0.8424 
4 
0.46877 0.53123 
0.32916 0.67084 
4 
0.70655 0.29345 
0.18373 0.81627 
4 
0.61765 0.38235 
0.0538 0.9462 

16 
0.66055 0.14334 0.12153 0.07458 
0.26095 0.56899 0.15374 0.01632 
0.10872 0.62919 0.07445 0.18764 
0.72539 0.01604 0.03823 0.22034 
16 
0.39713 0.17181 0.08722 0.34384 
0.0598 0.25464 0.01252 0.67304 
0.26119 0.07582 0.46736 0.19563 
0.51595 0.00999 0.45986 0.0142 

4 
0.29501 0.70499 
0.63398 0.36602 
4 
0.62897 0.37103 
0.14751 0.85249 
4 
0.06964 0.93036 
0.76573 0.23427 
4 
0.87455 0.12545 
0.45371 0.54629 

20 
0.00226 0.95891 0.01518 0.01333 0.01032 
0.71212 0.00105 0.02996 2.7E-4 0.2566 
0.34459 0.49063 0.12836 1.3E-4 0.03629 
0.57405 0.33189 0.08666 2.4E-4 0.00716 
20 
0.16055 0.04653 0.06631 0.49439 0.23222 
0.01229 0.1634 0.03324 0.59528 0.19579 
0.79471 0.02863 0.03313 7.0E-5 0.14346 
0.55852 0.00438 0.0448 0.07362 0.31868 

4 
0.23681 0.76319 
0.55736 0.44264 
4 
0.46045 0.53955 
0.83918 0.16082 
4 
0.15504 0.84496 
0.59012 0.40988 
4 
0.3275 0.6725 
0.45814 0.54186 
4 
0.03327 0.96673 
0.59072 0.40928 

4 
0.0056 0.9944 
0.00388 0.99612 
4 
0.56755 0.43245 
0.29829 0.70171 
