V-CREDAL
5
2 4 3 4 2
5
2 1 0
2 2 1
2 3 2
1 3
2 1 4

4
0.447 0.553
0.274 0.726
4
0.302 0.698
0.418 0.582
4
0.394 0.606
0.649 0.351
4
0.021 0.979
0.546 0.454

24
0.014 0.408 0.025 0.553
0.484 0.359 0.022 0.135
0.544 0.2 0.175 0.081
0.836 0.09 0.042 0.032
0.092 0.116 0.613 0.179
0.09 0.087 0.414 0.409
24
0.004 0.006 0.981 0.009
0.134 0.39 0.156 0.32
0.052 0.756 0.176 0.016
0.228 0.146 0.571 0.055
0.144 0.737 0.056 0.063
0.085 0.161 0.437 0.317
24
0.122 0.396 0.005 0.477
0.211 0.314 0.201 0.274
0.183 0.794 0.008 0.015
0.06 0.558 0.063 0.319
0.903 0.062 0.017 0.018
0.147 0.747 0.016 0.09

18
0.861 0.053 0.086
0.019 0.511 0.47
0.035 0.086 0.879
0.007 0.306 0.687
0.016 0.163 0.821
0.121 0.851 0.028
18
0.084 0.913 0.003
0.975 0.01 0.015
0.029 0.905 0.066
0.019 0.005 0.976
0.002 0.165 0.833
0.96 0.039 0.001
18
0.076 0.289 0.635
0.825 0.168 0.007
0.028 0.056 0.916
0.532 0.077 0.391
0.39 0.467 0.143
0.122 0.377 0.501
18
0.999 0.0 0.001
0.162 0.818 0.02
0.248 0.034 0.718
0.0 0.942 0.058
0.06 0.31 0.63
0.02 0.636 0.344

24
0.086 0.845 0.039 0.03
0.069 0.008 0.044 0.879
0.043 0.237 0.536 0.184
0.004 0.007 0.111 0.878
0.758 0.014 0.021 0.207
0.339 0.112 0.291 0.258

4
0.814 0.186
0.336 0.664
4
0.586 0.414
0.551 0.449
4
0.692 0.308
0.397 0.603
4
0.831 0.169
0.756 0.244
