V-CREDAL 
10 
3 2 4 4 3 4 2 3 4 3 
10 
2 5 0 
2 2 1 
1 2 
2 9 3 
2 5 4 
2 7 5 
2 1 6 
3 1 8 7 
1 8 
2 8 9 

18 
0.186 0.771 0.043 
0.046 0.329 0.625 
0.765 0.166 0.069 
0.157 0.013 0.83 
0.052 0.766 0.182 
0.709 0.084 0.207 
18 
0.131 0.776 0.093 
0.236 0.376 0.388 
0.176 0.486 0.338 
0.383 0.212 0.405 
0.345 0.518 0.137 
0.298 0.306 0.396 
18 
0.147 0.114 0.739 
0.035 0.867 0.098 
0.856 0.13 0.014 
0.757 0.014 0.229 
0.027 0.325 0.648 
0.929 0.02 0.051 
18 
0.072 0.559 0.369 
0.537 0.253 0.21 
0.331 0.101 0.568 
0.585 0.108 0.307 
0.126 0.643 0.231 
0.372 0.585 0.043 

4 
0.265 0.735 
0.929 0.071 
4 
0.245 0.755 
0.23 0.77 
4 
0.441 0.559 
0.143 0.857 
4 
0.428 0.572 
0.487 0.513 

24 
0.241 0.108 0.151 0.5 
0.834 0.004 0.144 0.018 
0.006 0.638 0.001 0.355 
0.034 0.187 0.777 0.002 
0.095 0.34 0.038 0.527 
0.108 0.183 0.287 0.422 

24 
0.013 0.482 0.162 0.343 
0.248 0.636 0.102 0.014 
0.468 0.036 0.363 0.133 
0.01 0.017 0.964 0.009 
0.71 0.019 0.009 0.262 
0.097 0.884 0.004 0.015 
24 
0.15 0.084 0.568 0.198 
0.626 0.047 0.026 0.301 
0.197 0.4 0.074 0.329 
0.123 0.597 0.136 0.144 
0.824 0.081 0.005 0.09 
0.018 0.293 0.135 0.554 
24 
0.068 0.06 0.839 0.033 
0.601 0.014 0.384 0.001 
0.032 0.917 0.049 0.002 
0.364 0.041 0.099 0.496 
0.384 0.402 0.016 0.198 
0.226 0.04 0.556 0.178 

18 
0.27 0.671 0.059 
0.079 0.027 0.894 
0.157 0.797 0.046 
0.018 0.114 0.868 
0.704 0.032 0.264 
0.733 0.046 0.221 
18 
0.763 0.162 0.075 
0.486 0.045 0.469 
0.435 0.264 0.301 
0.429 0.072 0.499 
0.826 0.07 0.104 
0.531 0.465 0.004 
18 
0.254 0.702 0.044 
0.961 0.013 0.026 
0.011 0.427 0.562 
0.372 0.049 0.579 
0.09 0.843 0.067 
0.22 0.108 0.672 
18 
0.967 0.007 0.026 
0.032 0.881 0.087 
0.018 0.01 0.972 
0.047 0.95 0.003 
0.009 0.023 0.968 
0.012 0.157 0.831 

24 
0.156 0.027 0.023 0.794 
0.101 0.147 0.232 0.52 
0.334 0.032 0.167 0.467 
0.209 0.198 0.523 0.07 
0.006 0.801 0.004 0.189 
0.115 0.715 0.121 0.049 
24 
0.908 0.086 0.003 0.003 
0.017 0.772 0.192 0.019 
0.876 0.005 0.101 0.018 
0.07 0.232 0.045 0.653 
0.08 0.009 0.004 0.907 
0.192 0.005 0.443 0.36 
24 
0.093 0.737 0.006 0.164 
0.954 0.005 0.022 0.019 
0.813 0.034 0.144 0.009 
0.286 0.002 0.575 0.137 
0.689 0.002 0.235 0.074 
0.156 0.45 0.037 0.357 

4 
0.751 0.249 
0.574 0.426 
4 
0.989 0.011 
0.213 0.787 

18 
0.989 0.006 0.005 
0.645 0.023 0.332 
0.394 0.044 0.562 
0.023 0.102 0.875 
0.021 0.956 0.023 
0.012 0.586 0.402 
18 
0.521 0.332 0.147 
0.007 0.643 0.35 
0.329 0.401 0.27 
0.977 0.003 0.02 
0.928 0.021 0.051 
0.889 0.081 0.03 
18 
0.611 0.222 0.167 
0.677 0.058 0.265 
0.208 0.075 0.717 
0.096 0.86 0.044 
0.259 0.665 0.076 
0.089 0.792 0.119 
18 
0.122 0.102 0.776 
0.068 0.402 0.53 
0.64 0.224 0.136 
0.762 0.024 0.214 
0.697 0.156 0.147 
0.205 0.612 0.183 
18 
0.926 0.053 0.021 
0.283 0.047 0.67 
0.439 0.552 0.009 
0.08 0.28 0.64 
0.137 0.641 0.222 
0.171 0.739 0.09 
18 
0.425 0.025 0.55 
0.813 0.022 0.165 
0.106 0.843 0.051 
0.138 0.047 0.815 
0.029 0.641 0.33 
0.023 0.727 0.25 
18 
0.822 0.08 0.098 
0.046 0.364 0.59 
0.422 0.567 0.011 
0.012 0.98 0.008 
0.394 0.048 0.558 
0.856 0.086 0.058 
18 
0.967 0.012 0.021 
0.036 0.486 0.478 
0.065 0.834 0.101 
0.063 0.05 0.887 
0.211 0.718 0.071 
0.841 0.016 0.143 

24 
0.186 0.635 0.036 0.143 
0.529 0.05 0.019 0.402 
0.622 0.341 0.007 0.03 
0.272 0.405 0.219 0.104 
0.016 0.69 0.259 0.035 
0.28 0.014 0.024 0.682 

18 
0.551 0.324 0.125 
0.722 0.145 0.133 
0.126 0.386 0.488 
0.268 0.587 0.145 
0.813 0.004 0.183 
0.327 0.053 0.62 
18 
0.139 0.462 0.399 
0.561 0.421 0.018 
0.988 0.008 0.004 
0.441 0.033 0.526 
0.15 0.356 0.494 
0.13 0.456 0.414 
18 
0.304 0.509 0.187 
0.08 0.018 0.902 
0.078 0.399 0.523 
0.06 0.283 0.657 
0.545 0.409 0.046 
0.465 0.508 0.027 
18 
0.277 0.545 0.178 
0.879 0.001 0.12 
0.553 0.39 0.057 
0.007 0.01 0.983 
0.905 0.091 0.004 
0.913 0.027 0.06 
