V-CREDAL 
4 
4 3 4 4 
4 
1 0 
2 0 1 
2 1 2 
2 2 3 

16 
0.06573 0.32465 0.51368 0.09594 
0.01628 0.0235 0.18144 0.77878 
0.05038 0.88324 0.05979 0.00659 
0.00842 0.02258 0.23348 0.73552 

12 
0.04712 0.08276 0.87012 
0.2314 0.42291 0.34569 
0.5549 0.20924 0.23586 
0.08108 0.20375 0.71517 
12 
0.07864 0.36259 0.55877 
0.93443 0.05825 0.00732 
0.09168 0.72747 0.18085 
0.08639 0.31969 0.59392 
12 
0.66945 0.04846 0.28209 
0.01286 0.96169 0.02545 
0.04934 0.56917 0.38149 
0.32667 0.21546 0.45787 
12 
0.18231 0.76079 0.0569 
0.36812 0.53914 0.09274 
0.0868 0.18827 0.72493 
0.10633 0.46464 0.42903 

16 
0.01484 0.00739 0.00267 0.9751 
0.08751 0.02248 0.44945 0.44056 
0.08128 0.50266 0.22188 0.19418 
0.88089 0.04818 0.04269 0.02824 
16 
0.11192 0.28223 0.39488 0.21097 
0.99825 8.6E-4 6.6E-4 2.3E-4 
0.32296 0.03767 0.19517 0.4442 
0.29228 0.46351 0.12738 0.11683 
16 
0.9518 0.04816 2.0E-5 2.0E-5 
0.00146 0.0122 3.5E-4 0.98599 
0.16142 0.00175 0.78586 0.05097 
0.42793 0.03419 0.17681 0.36107 

16 
0.79023 0.09365 0.09376 0.02236 
0.01276 0.04489 0.79432 0.14803 
0.79308 0.15842 0.03079 0.01771 
0.27315 0.5381 0.04348 0.14527 
16 
0.30842 0.22011 0.13422 0.33725 
0.79488 0.02339 0.06692 0.11481 
0.08853 0.39017 0.49752 0.02378 
0.49727 0.04709 0.24157 0.21407 
16 
0.32032 0.20059 0.40314 0.07595 
0.20918 0.66726 0.05897 0.06459 
0.0171 0.4773 0.00825 0.49735 
0.39826 0.59692 3.8E-4 0.00444 
16 
0.98912 0.00275 6.4E-4 0.00749 
0.02357 0.0302 0.87923 0.067 
0.12724 0.01846 0.71195 0.14235 
0.09884 0.32763 0.28607 0.28746 
