V-CREDAL
4
2 3 2 3
4
1 0
1 1
2 0 2
3 0 1 3

4
0.483 0.517
0.242 0.758

12
0.244 0.18 0.576
0.945 0.018 0.037
0.57 0.084 0.346
0.729 0.158 0.113

4
0.979 0.021
0.642 0.358
4
0.205 0.795
0.959 0.041

12
0.377 0.142 0.481
0.347 0.109 0.544
0.433 0.123 0.444
0.064 0.173 0.763
12
0.606 0.126 0.268
0.356 0.226 0.418
0.422 0.043 0.535
0.698 0.211 0.091
12
0.529 0.324 0.147
0.589 0.293 0.118
0.677 0.202 0.121
0.84 0.097 0.063
12
0.809 0.025 0.166
0.501 0.424 0.075
0.185 0.303 0.512
0.608 0.09 0.302
12
0.084 0.248 0.668
0.128 0.519 0.353
0.694 0.171 0.135
0.164 0.542 0.294
12
0.068 0.037 0.895
0.0 0.998 0.002
0.753 0.046 0.201
0.896 0.077 0.027
