V-CREDAL 
4 
2 2 5 4 
4 
1 0 
2 0 1 
2 1 2 
2 2 3 

4 
0.89885 0.10115 
0.44109 0.55891 

4 
0.59357 0.40643 
0.34667 0.65333 
4 
0.01376 0.98624 
0.92768 0.07232 

20 
0.012 0.85975 0.02716 0.05393 0.04716 
0.14779 0.01371 0.69399 0.11348 0.03103 
0.07688 0.14921 0.18311 0.51555 0.07525 
0.01188 0.03187 0.00164 0.06034 0.89427 
20 
0.01463 0.00136 0.48382 0.06936 0.43083 
0.14262 0.4928 0.12741 0.09249 0.14468 
3.7E-4 4.3E-4 0.2108 0.01341 0.77499 
0.18738 0.00598 0.40886 0.19402 0.20376 

16 
0.4437 0.04324 0.4589 0.05416 
0.01328 0.32204 0.197 0.46768 
0.01898 0.08528 0.43995 0.45579 
0.29922 0.13644 0.01744 0.5469 
16 
0.36385 0.24303 0.10023 0.29289 
0.09357 0.11851 0.04684 0.74108 
0.60894 0.17494 0.16937 0.04675 
0.01957 0.36217 0.24323 0.37503 
16 
0.00792 0.0083 0.06964 0.91414 
0.01161 0.1485 0.64214 0.19775 
0.03795 0.08042 0.62209 0.25954 
0.02494 0.30489 0.41004 0.26013 
16 
0.11852 0.02728 0.12636 0.72784 
0.32788 0.37904 0.01669 0.27639 
0.22928 0.19977 0.47252 0.09843 
0.22582 0.02447 0.51482 0.23489 
16 
0.12152 0.34501 0.51999 0.01348 
0.0585 0.00263 0.92801 0.01086 
0.72017 0.06428 0.18649 0.02906 
0.44965 0.05396 0.25007 0.24632 
