V-CREDAL 
4 
5 5 3 5 
4 
1 0 
2 0 1 
2 1 2 
2 2 3 

20 
0.11974 0.26154 0.32106 0.19545 0.10221 
0.16215 0.08291 0.73808 0.01675 1.1E-4 
0.05355 0.8328 0.04934 0.00395 0.06036 
0.39657 2.0E-4 0.58427 0.00362 0.01534 

20 
0.00667 0.03784 0.31031 0.0278 0.61738 
0.24738 0.3243 0.07048 0.33141 0.02643 
1.6E-4 0.97764 0.02168 2.0E-4 3.2E-4 
0.02142 0.11441 0.60097 0.01902 0.24418 
20 
0.00685 0.02514 0.00275 0.08493 0.88033 
0.01106 0.63639 0.01845 0.13526 0.19884 
0.05802 0.04384 0.16965 0.04444 0.68405 
0.1919 0.01021 0.0163 0.02719 0.7544 
20 
0.31716 0.00223 0.15267 0.2734 0.25454 
0.12693 0.48835 0.09904 0.23941 0.04627 
6.6E-4 0.92345 6.1E-4 8.8E-4 0.0744 
0.06953 0.00716 0.05155 0.52466 0.3471 
20 
0.75571 0.05602 0.04125 0.14132 0.0057 
0.41656 0.08505 0.21003 0.23216 0.0562 
0.00337 0.15773 0.43883 0.0075 0.39257 
0.03184 0.0829 0.03084 0.02063 0.83379 
20 
0.00651 0.06395 0.90053 0.00451 0.0245 
0.06716 0.00675 0.30391 0.23841 0.38377 
0.03409 0.18131 0.44921 0.23792 0.09747 
0.02393 0.0171 0.37137 0.52474 0.06286 

12 
0.98391 9.2E-4 0.01517 
0.9735 0.01266 0.01384 
0.02144 0.95692 0.02164 
0.04297 0.60536 0.35167 
12 
0.11681 0.65856 0.22463 
0.06418 0.42397 0.51185 
0.12232 0.1316 0.74608 
0.29867 0.04042 0.66091 
12 
0.26149 0.25783 0.48068 
0.34658 0.23271 0.42071 
0.42105 0.40577 0.17318 
0.32112 0.61379 0.06509 
12 
0.06821 0.39191 0.53988 
0.04805 0.13402 0.81793 
0.40537 0.44412 0.15051 
0.3581 0.62443 0.01747 
12 
0.32387 0.10866 0.56747 
0.3846 0.06572 0.54968 
0.16662 0.36096 0.47242 
0.49072 0.41783 0.09145 

20 
0.68567 0.05448 0.07888 0.16688 0.01409 
0.59144 0.00326 0.00236 0.40136 0.00158 
0.13599 0.06741 0.54094 0.02945 0.22621 
0.00585 0.02641 0.90552 0.00342 0.0588 
20 
0.93375 0.00818 0.0559 0.00122 9.5E-4 
0.23601 0.76219 3.1E-4 2.4E-4 0.00125 
0.04453 0.35645 0.35379 0.08563 0.1596 
0.40092 0.01438 0.55971 0.00618 0.01881 
20 
0.00138 0.01031 0.41806 0.56082 0.00943 
0.19723 0.36992 0.07641 0.09794 0.2585 
0.02851 0.90121 0.00185 0.0413 0.02713 
0.44726 0.26479 0.01195 0.18143 0.09457 
