V-CREDAL 
10 
2 3 2 2 2 2 3 3 2 2 
10 
3 1 5 0 
1 1 
2 7 2 
1 3 
3 3 7 4 
2 2 5 
2 0 6 
1 7 
2 7 8 
2 5 9 

4 
0.4657 0.5343 
0.03973 0.96027 
4 
0.68464 0.31536 
0.18671 0.81329 
4 
0.94766 0.05234 
0.69624 0.30376 
4 
0.22521 0.77479 
0.74763 0.25237 
4 
0.61748 0.38252 
0.52306 0.47694 
4 
0.39034 0.60966 
0.49414 0.50586 

18 
0.94592 0.03957 0.01451 
0.4567 0.0955 0.4478 
0.74236 0.18353 0.07411 
0.54616 0.28458 0.16926 
0.57755 0.01305 0.4094 
0.92106 0.01848 0.06046 

4 
0.0857 0.9143 
0.77544 0.22456 
4 
0.36175 0.63825 
0.89588 0.10412 
4 
0.36846 0.63154 
0.86407 0.13593 

4 
0.18731 0.81269 
0.75206 0.24794 

4 
0.25354 0.74646 
0.40628 0.59372 
4 
0.0697 0.9303 
0.4093 0.5907 
4 
0.70483 0.29517 
0.24578 0.75422 
4 
0.7919 0.2081 
0.80371 0.19629 
4 
0.78414 0.21586 
0.57647 0.42353 
4 
0.81864 0.18136 
0.88587 0.11413 

4 
0.60514 0.39486 
0.18011 0.81989 
4 
0.98178 0.01822 
0.50544 0.49456 

18 
0.98444 0.01126 0.0043 
0.00396 0.02771 0.96833 
0.07023 0.83587 0.0939 
0.53555 0.45881 0.00564 
0.93493 0.00134 0.06373 
0.11679 0.84234 0.04087 
18 
0.01783 0.92002 0.06215 
0.15926 0.0212 0.81954 
0.21642 0.72275 0.06083 
0.84082 0.0921 0.06708 
0.49173 0.03225 0.47602 
0.05041 0.49068 0.45891 

18 
0.63249 0.0455 0.32201 
0.15117 0.22862 0.62021 
0.00908 0.87445 0.11647 
0.18419 0.81338 0.00243 
0.83704 0.10226 0.0607 
0.74215 0.21824 0.03961 

4 
0.29417 0.70583 
0.39201 0.60799 
4 
0.97208 0.02792 
0.14947 0.85053 
4 
0.14755 0.85245 
0.5653 0.4347 

4 
0.01031 0.98969 
0.23385 0.76615 
4 
0.6813 0.3187 
0.38775 0.61225 
