V-CREDAL 
10 
3 5 3 2 2 5 5 4 5 2 
10 
1 0 
2 0 1 
2 1 2 
2 2 3 
2 3 4 
2 4 5 
2 5 6 
2 6 7 
2 7 8 
2 8 9 

18 
0.13788 0.09939 0.76273 
0.80175 0.07247 0.12578 
0.01858 0.22965 0.75177 
0.11091 0.70722 0.18187 
0.07772 0.11138 0.8109 
0.20781 0.77152 0.02067 

30 
0.15731 0.10578 0.60342 0.07112 0.06237 
5.7E-4 0.00247 0.91713 0.00572 0.07411 
0.60891 0.03027 0.34598 0.00704 0.0078 
0.55543 2.4E-4 0.01122 0.36695 0.06616 
0.74204 0.0438 0.01652 0.1722 0.02544 
0.34156 0.09452 0.1709 0.13859 0.25443 
30 
0.06242 0.05456 0.02142 0.69972 0.16188 
0.01493 0.18338 0.57676 0.16384 0.06109 
0.0175 0.02474 0.02104 0.00291 0.93381 
8.3E-4 4.9E-4 3.4E-4 0.49144 0.5069 
0.01947 0.92362 0.01129 1.4E-4 0.04548 
0.03341 0.00475 0.00366 0.00118 0.957 
30 
0.02015 0.2617 0.47601 9.3E-4 0.24121 
0.02934 0.49908 0.00652 0.43358 0.03148 
0.30422 0.00553 0.07177 0.57545 0.04303 
0.07999 0.78218 0.00176 0.01771 0.11836 
0.03599 0.01641 0.02184 0.03593 0.88983 
0.03537 0.50487 0.05638 0.2277 0.17568 

18 
0.03363 0.0675 0.89887 
0.51778 0.26406 0.21816 
0.4072 0.06821 0.52459 
0.02963 0.96387 0.0065 
0.31183 0.05383 0.63434 
7.3E-4 0.85518 0.14409 
18 
0.00646 0.97963 0.01391 
0.1248 0.27879 0.59641 
0.55382 0.39455 0.05163 
0.06347 0.54771 0.38882 
0.40765 0.2017 0.39065 
0.8203 0.09501 0.08469 
18 
0.94652 0.02796 0.02552 
0.0325 0.83491 0.13259 
0.12148 0.33736 0.54116 
0.69153 0.03401 0.27446 
0.86308 0.01383 0.12309 
0.23165 0.73958 0.02877 
18 
0.78338 0.03142 0.1852 
0.82274 0.0158 0.16146 
0.02132 0.84703 0.13165 
0.00641 0.90373 0.08986 
0.29263 0.44324 0.26413 
0.00851 0.99065 8.4E-4 
18 
0.21159 0.74588 0.04253 
0.8053 0.12548 0.06922 
0.04619 0.43167 0.52214 
0.18419 0.07565 0.74016 
0.11056 0.83386 0.05558 
0.37303 0.01535 0.61162 

4 
0.08699 0.91301 
0.84457 0.15543 
4 
0.25344 0.74656 
0.3891 0.6109 
4 
0.19076 0.80924 
0.46356 0.53644 

4 
0.52216 0.47784 
0.58356 0.41644 
4 
0.42463 0.57537 
0.01723 0.98277 

30 
0.13136 0.01118 0.05766 0.69266 0.10714 
0.18553 0.21935 0.3735 0.09881 0.12281 
0.02268 0.57339 8.0E-4 0.00498 0.39815 
0.07542 0.31634 0.02523 0.01848 0.56453 
4.0E-5 0.40436 2.6E-4 0.52419 0.07115 
0.01066 0.02286 0.01913 0.00386 0.94349 
30 
0.0397 0.12837 0.1172 0.32366 0.39107 
0.04849 0.5857 0.27229 0.0879 0.00562 
0.8007 0.05421 0.13394 0.00572 0.00543 
0.09105 0.04393 0.53412 0.12609 0.20481 
0.40095 0.02011 0.004 0.16502 0.40992 
0.11532 0.25957 0.13862 0.42739 0.0591 

30 
0.38793 0.03574 0.34803 0.10767 0.12063 
0.19671 0.05936 0.12757 0.60269 0.01367 
0.01428 0.15067 0.7882 0.02523 0.02162 
1.4E-4 0.59422 0.04312 0.20519 0.15733 
0.10765 0.02814 0.71601 0.03988 0.10832 
0.01373 0.3724 0.01662 0.23854 0.35871 
30 
0.05904 0.06184 0.48589 0.02365 0.36958 
0.18591 0.01052 0.27146 0.49753 0.03458 
0.01183 0.56742 0.14802 0.00627 0.26646 
0.39121 0.011 0.47196 0.04367 0.08216 
0.29878 0.4974 0.15366 0.02169 0.02847 
0.04114 0.16492 0.02929 0.22563 0.53902 
30 
0.03392 0.41971 0.02778 0.10993 0.40866 
0.08118 0.00232 0.19658 0.71309 0.00683 
0.38557 0.01357 0.14753 0.42037 0.03296 
0.48412 0.01429 0.10652 0.39046 0.00461 
0.04369 0.04124 0.26322 0.58036 0.07149 
4.0E-4 0.96084 0.00211 9.1E-4 0.03574 
30 
0.67718 0.05821 2.6E-4 0.04459 0.21976 
0.9781 5.0E-5 0.00761 1.3E-4 0.01411 
0.34923 0.08795 0.38648 0.13398 0.04236 
0.97861 0.00342 0.00262 0.00717 0.00818 
0.24295 0.03634 0.60173 0.09475 0.02423 
0.01549 0.01919 0.91024 0.05179 0.00329 
30 
0.06416 0.03356 0.14098 0.6625 0.0988 
0.00799 0.71939 0.05811 0.00385 0.21066 
0.23902 0.01734 0.53268 0.04934 0.16162 
0.02958 0.00659 0.00366 1.2E-4 0.96005 
8.3E-4 0.88583 0.10667 0.00536 0.00131 
0.00464 0.04642 0.24488 0.13789 0.56617 

24 
0.48624 0.08374 0.34996 0.08006 
0.83861 0.10902 0.0123 0.04007 
0.76412 0.22204 0.00345 0.01039 
0.1559 0.20471 0.51635 0.12304 
0.2266 0.19256 0.08581 0.49503 
0.75427 0.07338 0.0918 0.08055 
24 
0.84853 0.00408 0.03175 0.11564 
0.40993 0.14617 0.32711 0.11679 
0.08943 0.87199 0.01211 0.02647 
0.56717 0.26505 0.10056 0.06722 
0.01165 0.04281 0.39985 0.54569 
4.2E-4 0.52097 0.44437 0.03424 
24 
0.76538 0.1068 0.10359 0.02423 
0.02926 0.49386 0.34124 0.13564 
0.27038 0.23191 0.30833 0.18938 
0.03964 0.8642 0.09137 0.00479 
0.18754 0.10603 0.66284 0.04359 
0.01004 0.22285 0.74875 0.01836 
24 
0.55907 0.00683 0.06987 0.36423 
0.15074 0.0626 0.69663 0.09003 
0.00654 0.75398 0.15892 0.08056 
0.79335 0.01344 0.11075 0.08246 
0.66774 0.01235 0.29413 0.02578 
0.09406 0.71369 0.04547 0.14678 
24 
0.6859 0.15178 0.08734 0.07498 
0.00166 0.98867 0.00616 0.00351 
0.33895 0.06566 0.29989 0.2955 
0.07077 0.04835 0.34272 0.53816 
0.59037 0.20463 0.1696 0.0354 
0.07866 0.15297 0.29643 0.47194 

30 
0.0487 0.50202 0.12537 0.31629 0.00762 
0.97617 2.6E-4 0.0041 0.01612 0.00335 
0.26444 0.21489 0.02264 0.0859 0.41213 
0.00166 0.20697 0.78682 0.00237 0.00218 
0.01645 0.00993 0.48467 0.08554 0.40341 
0.12256 0.33317 0.18548 0.09067 0.26812 
30 
0.23105 0.47436 0.02339 7.6E-4 0.27044 
0.18322 0.09987 0.04775 0.20617 0.46299 
8.0E-5 0.00106 0.95116 0.03987 0.00783 
0.82565 0.00103 0.17166 0.00123 4.3E-4 
0.00745 0.29245 0.68504 0.01477 2.9E-4 
0.13204 0.10689 0.16471 0.17756 0.4188 
30 
0.06306 0.65312 0.19013 0.04224 0.05145 
0.0126 0.86686 0.03839 0.03968 0.04247 
0.00901 0.39425 0.00532 0.00487 0.58655 
0.34487 0.30937 0.15761 0.02206 0.16609 
0.70875 0.02388 0.0527 0.03248 0.18219 
0.01594 0.00727 0.00446 0.0253 0.94703 
30 
0.12683 0.04621 0.01713 0.60962 0.20021 
0.80725 0.0311 0.01816 0.14277 7.2E-4 
0.04253 0.27082 0.54184 0.13366 0.01115 
0.07558 0.11638 0.74158 0.0359 0.03056 
0.08825 0.80184 0.07763 0.03065 0.00163 
0.01319 0.50841 0.14743 0.08108 0.24989 

4 
0.39529 0.60471 
0.3672 0.6328 
4 
0.10831 0.89169 
0.86451 0.13549 
4 
0.18949 0.81051 
0.97955 0.02045 
4 
0.82803 0.17197 
0.67072 0.32928 
4 
0.94604 0.05396 
0.5323 0.4677 
