V-CREDAL 
4 
2 3 3 2 
4 
3 1 3 0 
2 2 1 
1 2 
1 3 

4 
0.00218 0.99782 
0.81805 0.18195 
4 
0.92814 0.07186 
0.22949 0.77051 
4 
0.66736 0.33264 
0.23266 0.76734 
4 
0.36114 0.63886 
0.27695 0.72305 
4 
0.7711 0.2289 
0.53231 0.46769 
4 
0.94638 0.05362 
0.67891 0.32109 

12 
0.61883 0.23643 0.14474 
4.1E-4 0.98587 0.01372 
0.30281 0.01606 0.68113 
0.02983 0.64176 0.32841 
12 
0.16998 0.09382 0.7362 
0.11188 0.77715 0.11097 
0.75372 0.00264 0.24364 
0.0572 0.59159 0.35121 
12 
0.0243 0.96219 0.01351 
0.37774 0.19088 0.43138 
0.59396 0.40088 0.00516 
6.4E-4 0.68513 0.31423 

12 
0.61638 0.35252 0.0311 
0.84634 0.11496 0.0387 
0.413 0.33961 0.24739 
0.05549 0.02983 0.91468 

4 
0.40297 0.59703 
0.20555 0.79445 
