V-CREDAL 
4 
5 4 5 5 
4 
1 0 
2 0 1 
2 1 2 
2 2 3 

20 
0.01272 0.05983 0.00255 0.90506 0.01984 
0.00223 0.98703 0.00653 1.6E-4 0.00405 
0.01212 0.61057 0.26298 0.11411 2.2E-4 
0.04129 0.4319 0.4892 0.01835 0.01926 

16 
0.32251 0.3842 0.10596 0.18733 
0.1121 0.12363 0.75824 0.00603 
0.12506 0.69632 0.1678 0.01082 
0.05027 0.72604 0.20429 0.0194 
16 
0.50783 0.17641 0.28138 0.03438 
0.04066 0.03039 0.0694 0.85955 
0.06765 0.08935 0.72074 0.12226 
0.57024 0.18167 0.19868 0.04941 
16 
0.00448 0.07252 0.74862 0.17438 
0.85548 0.01316 0.11447 0.01689 
0.08764 0.25258 0.47168 0.1881 
4.0E-4 0.01073 7.1E-4 0.98816 
16 
0.02628 0.51482 0.06015 0.39875 
0.03695 0.10537 0.37367 0.48401 
0.02722 0.01196 0.31778 0.64304 
0.09744 0.0162 0.32615 0.56021 
16 
0.54402 0.10115 0.01025 0.34458 
0.19722 0.07245 0.56467 0.16566 
0.00319 0.01323 0.00492 0.97866 
0.22328 0.57218 0.01468 0.18986 

20 
0.6249 0.19541 0.17858 7.8E-4 3.3E-4 
0.02671 0.01771 0.03373 0.08649 0.83536 
0.10778 0.13371 0.42877 0.16145 0.16829 
0.09284 0.03168 0.85876 0.00691 0.00981 
20 
0.16314 0.31252 0.03982 0.08379 0.40073 
0.2367 0.11322 0.28686 0.06255 0.30067 
0.04617 0.33481 0.54876 0.05541 0.01485 
0.14512 0.14154 0.4036 0.2998 0.00994 
20 
0.04145 0.0159 0.37136 0.45826 0.11303 
4.0E-5 0.30608 0.00358 0.69006 2.4E-4 
0.09251 0.08769 0.77371 0.01593 0.03016 
0.01346 0.51503 0.01737 0.06507 0.38907 
20 
6.7E-4 0.07518 0.00509 0.00551 0.91355 
0.01294 0.02404 0.08601 0.85949 0.01752 
0.22292 0.2025 0.47177 0.0196 0.08321 
0.04973 0.08307 0.0923 0.70229 0.07261 

20 
0.06937 0.66673 0.04254 0.03353 0.18783 
0.24458 0.00271 0.00282 0.14608 0.60381 
0.00548 0.90436 0.07862 0.0018 0.00974 
0.1354 0.01275 0.32832 0.06753 0.456 
20 
0.12558 0.121 0.037 0.04848 0.66794 
0.00263 0.55819 0.09689 0.11011 0.23218 
0.17624 0.57111 0.06985 0.05126 0.13154 
0.04049 0.00357 0.91264 0.04047 0.00283 
20 
0.01187 0.00797 0.09784 0.85787 0.02445 
1.8E-4 0.00198 0.96283 0.01781 0.0172 
0.02278 0.47827 0.20326 0.1094 0.18629 
0.02184 0.03975 0.05806 0.86508 0.01527 
20 
0.0385 0.00952 0.02421 0.9187 0.00907 
0.14479 0.02851 0.08521 0.6983 0.04319 
0.06698 0.01713 0.00294 0.01714 0.89581 
0.01822 0.85084 0.01352 0.03961 0.07781 
20 
0.68628 0.03039 0.0065 0.05206 0.22477 
0.02722 0.01758 0.01201 0.90437 0.03882 
0.35267 0.0746 0.04489 0.50007 0.02777 
0.00753 0.26137 0.03173 0.64477 0.0546 
