V-CREDAL 
6 
2 5 4 5 4 2 
6 
2 3 0 
2 2 1 
2 3 2 
2 5 3 
2 1 4 
1 5 

4 
0.65347 0.34653 
0.48657 0.51343 
4 
0.20609 0.79391 
0.47931 0.52069 
4 
0.08287 0.91713 
0.25869 0.74131 
4 
0.89928 0.10072 
0.38375 0.61625 
4 
0.26164 0.73836 
0.50025 0.49975 

20 
0.61713 0.12158 0.17328 0.07446 0.01355 
0.02272 0.01636 0.36749 0.41529 0.17814 
0.00903 0.00903 0.74158 0.021 0.21936 
0.10896 0.43736 0.07162 0.35149 0.03057 
20 
0.05538 0.38234 0.23134 0.02145 0.30949 
0.24385 0.36875 0.12721 0.08099 0.1792 
0.80063 0.00208 0.0027 0.18221 0.01238 
0.02607 0.51302 0.0081 0.43114 0.02167 
20 
0.039 0.21327 0.0072 0.00925 0.73128 
0.79112 0.00134 0.19641 0.00792 0.00321 
0.24752 0.17458 0.0184 0.08967 0.46983 
0.63496 0.00833 0.00647 0.34434 0.0059 
20 
0.10874 0.4818 0.0696 0.28811 0.05175 
0.18796 0.11823 0.12651 0.28696 0.28034 
0.7952 0.02403 0.01616 0.16329 0.00132 
0.00526 0.03 0.03868 0.09511 0.83095 

16 
0.14038 0.08208 0.45868 0.31886 
0.01217 0.01395 0.75418 0.2197 
0.76706 0.06296 0.07183 0.09815 
0.91508 0.00908 0.03596 0.03988 
16 
0.03101 0.94086 0.00202 0.02611 
0.8903 0.04165 0.06608 0.00197 
0.26773 0.0225 0.04429 0.66548 
0.25271 0.22262 0.46362 0.06105 
16 
0.10946 0.28588 0.20546 0.3992 
0.51955 0.18006 0.07549 0.2249 
0.53464 0.311 0.0377 0.11666 
0.5537 0.03599 0.02854 0.38177 
16 
0.3459 0.02928 0.41191 0.21291 
0.01335 0.73316 0.03879 0.2147 
0.07749 0.69711 0.12443 0.10097 
0.22949 0.14956 0.03292 0.58803 
16 
0.48362 0.32298 0.08514 0.10826 
0.12821 0.09157 0.53045 0.24977 
0.01938 0.17769 0.02832 0.77461 
0.04837 0.74713 0.01396 0.19054 

20 
0.00148 0.00191 0.98098 0.01099 0.00464 
0.11917 0.28628 0.58397 0.00719 0.00339 
0.23969 0.03719 0.27175 0.41589 0.03548 
0.00303 0.01904 0.91769 0.05576 0.00448 
20 
0.08701 0.4465 0.0033 3.7E-4 0.46282 
0.27122 0.36286 0.00159 0.36041 0.00392 
0.00528 0.01742 0.06565 0.13078 0.78087 
0.14672 0.0869 0.04829 0.25058 0.46751 

16 
0.97756 0.00128 0.00393 0.01723 
0.26437 0.00973 0.60746 0.11844 
0.31432 0.06467 0.09394 0.52707 
0.35076 0.34269 0.08044 0.22611 
16 
0.6788 0.25434 0.00325 0.06361 
0.0702 0.13185 0.43065 0.3673 
0.00286 0.02108 0.35655 0.61951 
0.23504 0.4558 0.26476 0.0444 
16 
0.04138 0.01987 0.73935 0.1994 
0.49559 0.17759 0.01152 0.3153 
0.15593 0.27478 0.38205 0.18724 
0.05734 0.11491 0.81593 0.01182 
16 
0.0051 0.03744 0.25744 0.70002 
0.02975 0.00324 0.14082 0.82619 
0.02456 0.7363 0.19309 0.04605 
0.1062 0.01749 0.82784 0.04847 
16 
0.01178 0.98783 2.7E-4 1.2E-4 
0.10231 0.00141 0.5731 0.32318 
0.58348 0.0875 0.27708 0.05194 
0.96949 0.02751 5.0E-4 0.0025 

4 
0.30951 0.69049 
0.42851 0.57149 
