V-CREDAL 
8 
2 4 4 5 3 5 2 4 
8 
1 0 
2 0 1 
2 1 2 
2 2 3 
2 3 4 
2 4 5 
2 5 6 
2 6 7 

4 
0.03013 0.96987 
0.61887 0.38113 

24 
0.17445 0.77589 0.00799 0.04167 
0.11156 0.27901 0.07657 0.53286 
0.65371 0.09649 0.0804 0.1694 
0.03065 0.03807 0.85568 0.0756 
0.02678 0.81082 0.00963 0.15277 
0.4913 0.21675 0.17989 0.11206 
24 
0.04753 0.01314 0.93453 0.0048 
0.01104 0.88325 0.00873 0.09698 
0.7676 0.04065 0.16906 0.02269 
0.24815 0.20385 0.47884 0.06916 
0.35156 0.48329 0.13591 0.02924 
0.6242 0.29865 0.06016 0.01699 

24 
0.04534 0.44344 0.45727 0.05395 
0.58352 0.3021 0.04826 0.06612 
0.22556 0.01343 0.17799 0.58302 
0.1969 0.34483 0.02226 0.43601 
0.73107 0.01537 0.07117 0.18239 
0.03403 0.92653 0.02304 0.0164 
24 
0.22503 0.00139 0.00207 0.77151 
0.11698 0.03254 0.80121 0.04927 
0.09156 0.07362 0.06445 0.77037 
0.25085 0.07129 0.14791 0.52995 
0.24258 0.13142 0.36718 0.25882 
0.19379 0.62911 0.04449 0.13261 
24 
0.98964 0.00478 3.6E-4 0.00522 
0.21853 0.4479 0.1514 0.18217 
0.36043 0.02725 0.10674 0.50558 
0.09019 0.01813 0.03964 0.85204 
0.15321 0.33727 0.39673 0.11279 
0.01513 0.04612 0.01099 0.92776 
24 
0.40814 0.46467 0.10117 0.02602 
0.05932 0.14085 0.1738 0.62603 
0.44279 0.03447 0.28488 0.23786 
0.02332 0.04587 0.91747 0.01334 
0.02021 0.71074 0.21711 0.05194 
0.16647 0.01883 0.25758 0.55712 

30 
0.00919 0.61575 0.05705 0.30196 0.01605 
0.0523 0.76428 0.00684 0.13447 0.04211 
0.01447 0.8224 0.00529 0.02948 0.12836 
0.0057 0.09394 0.46172 0.36897 0.06967 
0.11299 0.05726 0.43728 0.16219 0.23028 
0.00439 0.61434 0.1282 0.25153 0.00154 
30 
0.00314 0.6545 0.00488 0.3371 3.8E-4 
0.41654 0.01035 0.05089 0.00502 0.5172 
0.08379 0.17904 0.04147 0.006 0.6897 
0.3314 0.00528 0.63391 0.02507 0.00434 
0.08938 0.218 0.47772 0.19227 0.02263 
0.07749 0.02205 0.06926 0.01511 0.81609 
30 
1.7E-4 2.6E-4 0.99932 1.8E-4 7.0E-5 
0.09715 0.68113 0.0155 0.02464 0.18158 
0.12824 0.45079 0.40436 0.00428 0.01233 
0.01111 0.47503 0.18712 4.1E-4 0.32633 
0.18044 0.79001 6.4E-4 0.02639 0.00252 
0.03097 0.75298 0.06202 5.7E-4 0.15346 
30 
0.39486 0.45188 0.05432 0.04438 0.05456 
0.03248 0.20868 0.11326 0.51658 0.129 
0.00582 0.47216 0.4294 0.00533 0.08729 
0.12655 0.79813 0.00671 0.06264 0.00597 
0.12872 0.32577 0.01796 0.28933 0.23822 
0.72915 0.09751 0.04906 0.03194 0.09234 

18 
0.81424 0.18522 5.4E-4 
0.84646 0.0553 0.09824 
0.00764 0.66924 0.32312 
0.05941 0.15284 0.78775 
0.06147 0.79316 0.14537 
0.74008 0.24523 0.01469 
18 
0.00104 2.8E-4 0.99868 
0.03371 0.8232 0.14309 
0.99945 2.4E-4 3.1E-4 
0.74341 0.24288 0.01371 
0.25153 0.68953 0.05894 
2.2E-4 0.00264 0.99714 
18 
0.50556 0.22251 0.27193 
0.14878 0.13577 0.71545 
0.57048 0.02973 0.39979 
0.40755 0.46948 0.12297 
0.24881 0.02838 0.72281 
0.39724 0.0202 0.58256 
18 
0.00605 0.09647 0.89748 
0.0215 0.02853 0.94997 
0.02134 0.95337 0.02529 
0.92045 0.06347 0.01608 
0.00324 0.96543 0.03133 
0.51285 0.0016 0.48555 
18 
0.03489 0.75584 0.20927 
0.06634 0.87724 0.05642 
0.14819 0.14989 0.70192 
0.687 0.15428 0.15872 
0.18903 0.04612 0.76485 
0.67109 0.03082 0.29809 

30 
0.90434 0.00102 3.1E-4 0.00801 0.08632 
0.18277 0.47264 0.23986 0.03134 0.07339 
0.23636 0.4311 0.17276 0.15852 0.00126 
0.0233 0.03693 0.51491 0.36905 0.05581 
0.01567 0.35434 0.1814 0.33251 0.11608 
0.30031 0.06397 0.39992 0.22792 0.00788 
30 
0.40191 0.00374 0.12252 0.16802 0.30381 
0.55997 0.03733 0.35973 0.03472 0.00825 
0.00413 0.04222 0.02017 0.91399 0.01949 
0.01093 0.54458 0.30787 0.10328 0.03334 
0.00791 0.05577 0.03371 0.31605 0.58656 
0.1737 0.1156 0.13146 0.09057 0.48867 
30 
0.65081 0.28159 0.03752 0.01272 0.01736 
0.68068 0.11403 0.11019 0.03865 0.05645 
0.03044 0.04502 0.24323 0.1576 0.52371 
0.00665 0.52278 0.01783 0.00303 0.44971 
9.5E-4 0.2137 0.00545 0.73446 0.04544 
0.01983 0.01104 0.09091 0.56565 0.31257 

4 
0.53219 0.46781 
0.43723 0.56277 
4 
0.4804 0.5196 
0.68567 0.31433 
4 
0.73455 0.26545 
0.94229 0.05771 
4 
0.71247 0.28753 
0.80015 0.19985 
4 
0.63037 0.36963 
0.01169 0.98831 

24 
0.56031 0.04279 0.35103 0.04587 
0.00578 0.93748 0.00769 0.04905 
0.05477 0.86323 0.01513 0.06687 
0.34527 0.36431 0.15762 0.1328 
0.2894 0.11814 0.27709 0.31537 
0.25659 0.20762 0.0553 0.48049 
24 
0.1277 0.20804 0.6567 0.00756 
0.3074 0.07873 0.49847 0.1154 
0.01811 0.06939 0.88667 0.02583 
0.01082 0.96658 0.01391 0.00869 
0.08144 0.18862 0.4504 0.27954 
0.03973 0.06761 0.88734 0.00532 
