V-CREDAL 
10 
2 2 3 2 3 2 3 3 2 2 
10 
2 4 0 
2 5 1 
2 4 2 
3 7 8 3 
2 8 4 
2 3 5 
1 6 
2 9 7 
2 6 8 
1 9 

4 
0.02667 0.97333 
0.42397 0.57603 
4 
0.27041 0.72959 
0.16944 0.83056 
4 
0.49771 0.50229 
0.48369 0.51631 

4 
0.20147 0.79853 
0.43065 0.56935 
4 
0.44025 0.55975 
0.88516 0.11484 

12 
0.22574 0.20706 0.5672 
0.27999 0.15006 0.56995 
0.08607 0.32259 0.59134 
0.07288 0.1811 0.74602 
12 
0.31981 0.08122 0.59897 
0.02074 0.80107 0.17819 
0.09764 0.32195 0.58041 
0.26669 0.27601 0.4573 
12 
0.05451 0.86415 0.08134 
0.43553 0.39256 0.17191 
0.35931 0.2276 0.41309 
0.0078 0.23259 0.75961 

4 
0.61161 0.38839 
0.47082 0.52918 
4 
0.75443 0.24557 
0.0458 0.9542 
4 
0.6658 0.3342 
0.62038 0.37962 
4 
0.67189 0.32811 
0.2419 0.7581 
4 
0.18695 0.81305 
0.8954 0.1046 
4 
0.61695 0.38305 
0.13646 0.86354 

12 
0.34236 0.59207 0.06557 
0.72442 0.05686 0.21872 
0.31822 0.22267 0.45911 
0.04988 0.45264 0.49748 
12 
0.70381 0.11515 0.18104 
0.05762 0.27368 0.6687 
0.18085 0.38176 0.43739 
0.03231 0.11579 0.8519 

4 
0.81427 0.18573 
0.42022 0.57978 
4 
0.68757 0.31243 
0.28932 0.71068 

12 
0.22145 0.43204 0.34651 
0.57862 0.35811 0.06327 
0.19852 0.38206 0.41942 
0.86315 0.00753 0.12932 

12 
0.79832 0.04964 0.15204 
0.18647 0.13074 0.68279 
0.25342 0.57548 0.1711 
0.10625 0.7136 0.18015 
12 
0.04179 0.21089 0.74732 
0.47053 0.4089 0.12057 
0.05367 0.42574 0.52059 
0.65342 0.10035 0.24623 

4 
0.46637 0.53363 
0.21821 0.78179 
4 
0.38682 0.61318 
0.85522 0.14478 
4 
0.21288 0.78712 
0.06739 0.93261 

4 
0.35174 0.64826 
0.81937 0.18063 
