V-CREDAL 
6 
4 5 4 3 5 4 
6 
1 0 
2 0 1 
2 1 2 
2 2 3 
2 3 4 
2 4 5 

24 
0.05937 0.0069 0.44286 0.49087 
0.01293 6.3E-4 0.00464 0.9818 
0.01781 0.69752 0.14544 0.13923 
0.02094 0.04944 0.57414 0.35548 
0.70421 0.13119 0.16371 8.9E-4 
0.48121 0.08351 0.06702 0.36826 

30 
0.54641 0.04604 0.03959 0.04837 0.31959 
0.44481 0.5281 0.0073 0.00468 0.01511 
0.20573 0.13711 0.44969 0.18296 0.02451 
0.71475 0.26701 2.1E-4 8.1E-4 0.01722 
0.00421 2.1E-4 0.79189 0.11879 0.0849 
0.43328 0.25198 0.10168 0.05618 0.15688 
30 
0.01323 0.0761 0.01306 0.58133 0.31628 
0.35239 0.09843 0.23549 0.30222 0.01147 
0.19133 0.4334 0.16624 0.11103 0.098 
0.02572 0.80439 0.01188 0.13606 0.02195 
0.19127 0.12475 0.53435 0.08239 0.06724 
0.39253 0.27307 0.00685 0.02656 0.30099 
30 
0.02909 0.06657 0.01416 0.78604 0.10414 
0.24875 0.21807 0.00972 0.03675 0.48671 
0.80641 0.00923 0.05919 0.08625 0.03892 
0.05334 0.01781 0.57155 0.35289 0.00441 
0.46344 0.02035 0.06232 0.3756 0.07829 
0.03835 0.57073 0.03257 0.31651 0.04184 
30 
0.08978 0.90388 0.0018 4.2E-4 0.00412 
0.16732 0.6327 0.03471 0.16401 0.00126 
0.66016 6.0E-5 0.23988 0.06968 0.03022 
0.05505 0.00142 0.89636 0.00146 0.04571 
0.04035 0.19868 0.01633 0.4768 0.26784 
0.07643 0.27211 0.12437 0.29395 0.23314 

24 
0.0163 0.73385 0.0019 0.24795 
0.64227 0.12213 0.12331 0.11229 
0.06249 0.09807 0.54199 0.29745 
0.00238 0.96371 0.01794 0.01597 
0.2368 0.00382 0.75685 0.00253 
0.02542 0.64168 0.05034 0.28256 
24 
0.08778 0.17302 0.45805 0.28115 
0.24018 0.32533 0.01688 0.41761 
0.33618 0.07801 0.33685 0.24896 
0.38504 5.0E-4 0.61235 0.00211 
0.04854 0.15425 0.18466 0.61255 
0.27524 0.06067 0.57813 0.08596 
24 
0.46752 0.04032 0.01711 0.47505 
0.0297 0.32175 0.12328 0.52527 
0.38206 0.1561 0.05381 0.40803 
0.06889 0.12267 0.23108 0.57736 
0.35868 0.04367 0.53587 0.06178 
0.02774 0.12313 0.06605 0.78308 
24 
0.31548 0.06792 0.59794 0.01866 
0.1752 0.03782 0.78518 0.0018 
0.34174 0.10338 0.26737 0.28751 
0.17929 0.06261 0.48175 0.27635 
0.08182 0.06047 0.77303 0.08468 
0.31679 0.11473 0.35621 0.21227 
24 
4.3E-4 0.89578 0.09879 0.005 
0.39366 0.05665 0.46278 0.08691 
0.00136 0.05125 0.00128 0.94611 
0.28486 0.03508 0.62292 0.05714 
8.9E-4 0.58742 0.41144 2.5E-4 
0.00466 0.92608 0.00244 0.06682 

18 
0.07052 0.48635 0.44313 
0.53128 0.00565 0.46307 
0.93734 0.01982 0.04284 
0.25725 0.64714 0.09561 
0.31106 0.66642 0.02252 
0.10635 0.00497 0.88868 
18 
0.00841 0.9875 0.00409 
0.00568 0.01644 0.97788 
0.8867 0.08192 0.03138 
0.77043 0.20448 0.02509 
0.03415 0.00268 0.96317 
0.28082 0.02462 0.69456 
18 
0.34511 0.5935 0.06139 
0.04039 0.32291 0.6367 
0.57753 0.24919 0.17328 
0.21376 0.04616 0.74008 
0.21844 0.58754 0.19402 
0.06093 0.00418 0.93489 
18 
0.02053 0.30919 0.67028 
0.49317 0.00471 0.50212 
0.04006 0.89487 0.06507 
9.6E-4 0.35964 0.6394 
0.78079 0.03218 0.18703 
0.86773 0.05379 0.07848 

30 
0.33679 0.02172 0.45749 0.01847 0.16553 
0.00716 0.4134 0.33746 0.07017 0.17181 
0.69412 0.14484 0.07975 0.05039 0.0309 
0.00673 0.14192 0.00182 0.44134 0.40819 
0.38975 0.2843 0.32556 1.3E-4 2.6E-4 
0.42498 0.17039 0.09071 0.22946 0.08446 
30 
0.89429 0.09478 3.5E-4 0.00499 0.00559 
0.04707 0.22639 0.22735 0.01893 0.48026 
2.1E-4 0.18827 0.08804 0.71729 0.00619 
0.50877 0.0407 0.01764 0.01863 0.41426 
0.09587 0.05503 0.12495 0.65818 0.06597 
3.0E-5 6.4E-4 0.99628 3.6E-4 0.00269 
30 
2.0E-5 1.0E-5 0.99993 3.0E-5 1.0E-5 
0.07068 0.00192 0.00101 1.6E-4 0.92623 
0.64996 0.11268 0.01382 0.20096 0.02258 
0.81454 0.13561 0.00588 0.03853 0.00544 
0.25057 0.36432 0.06825 0.2493 0.06756 
0.00334 0.43312 6.3E-4 0.03417 0.52874 

24 
0.04738 0.52263 0.26843 0.16156 
0.06588 0.11515 0.00327 0.8157 
0.8639 0.05165 0.02558 0.05887 
0.18906 0.00688 0.80112 0.00294 
0.2756 0.53365 0.05658 0.13417 
0.0263 0.34158 0.438 0.19412 
24 
0.92704 0.05185 0.00975 0.01136 
0.00983 0.91409 0.00684 0.06924 
0.01372 0.00625 0.89191 0.08812 
0.20439 0.16886 0.49305 0.1337 
0.27423 0.65558 0.06448 0.00571 
0.05885 0.20528 0.66614 0.06973 
24 
0.09629 0.86444 0.00505 0.03422 
0.01792 0.87288 0.06506 0.04414 
0.204 0.15223 0.59756 0.04621 
0.78259 0.129 0.05663 0.03178 
0.01191 0.17017 0.00757 0.81035 
0.14261 0.43363 0.3833 0.04046 
24 
0.0271 0.56136 0.28433 0.12721 
0.13655 0.36383 0.42823 0.07139 
0.46263 0.07088 0.3712 0.09529 
0.29183 0.02212 0.12119 0.56486 
0.00687 0.00331 0.98494 0.00488 
0.63212 0.23939 0.11529 0.0132 
24 
0.22257 0.55283 0.1243 0.1003 
0.41851 0.04914 0.11938 0.41297 
0.09642 0.06004 0.54105 0.30249 
0.00725 0.44211 0.19879 0.35185 
0.51465 0.39403 0.07149 0.01983 
0.11258 0.44557 0.39639 0.04546 
