V-CREDAL
6
2 2 3 3 3 3
6
3 1 3 0
1 1
3 0 5 2
1 3
1 4
2 4 5

4
0.573 0.427
0.493 0.507
4
0.039 0.961
0.012 0.988
4
0.483 0.517
0.718 0.282
4
0.314 0.686
0.403 0.597
4
0.014 0.986
0.171 0.829
4
0.244 0.756
0.758 0.242

4
0.683 0.317
0.218 0.782

12
0.263 0.065 0.672
0.123 0.8 0.077
0.267 0.616 0.117
0.056 0.828 0.116
12
0.071 0.113 0.816
0.531 0.418 0.051
0.08 0.868 0.052
0.883 0.048 0.069
12
0.281 0.002 0.717
0.92 0.051 0.029
0.451 0.342 0.207
0.21 0.086 0.704
12
0.205 0.261 0.534
0.061 0.713 0.226
0.818 0.051 0.131
0.198 0.775 0.027
12
0.031 0.001 0.968
0.269 0.667 0.064
0.019 0.08 0.901
0.754 0.142 0.104
12
0.019 0.561 0.42
0.021 0.776 0.203
0.087 0.295 0.618
0.137 0.221 0.642

12
0.232 0.714 0.054
0.674 0.139 0.187
0.207 0.242 0.551
0.066 0.54 0.394

12
0.449 0.021 0.53
0.341 0.203 0.456
0.512 0.207 0.281
0.386 0.466 0.148

12
0.289 0.553 0.158
0.467 0.257 0.276
0.651 0.048 0.301
0.256 0.518 0.226
12
0.345 0.098 0.557
0.787 0.142 0.071
0.703 0.035 0.262
0.508 0.437 0.055
12
0.391 0.201 0.408
0.025 0.954 0.021
0.275 0.661 0.064
0.458 0.386 0.156
