V-CREDAL 
6 
3 2 3 3 2 4 
6 
3 2 4 0 
1 1 
3 1 3 2 
2 5 3 
1 4 
1 5 

18 
0.97716 0.01884 0.004 
0.08852 0.67126 0.24022 
0.02587 0.01275 0.96138 
0.42869 0.55715 0.01416 
0.00873 0.15998 0.83129 
0.3295 0.61792 0.05258 
18 
0.25561 0.59904 0.14535 
0.31608 0.5608 0.12312 
0.40464 0.04269 0.55267 
0.04499 4.7E-4 0.95454 
0.64227 0.14279 0.21494 
0.10441 0.23963 0.65596 
18 
0.03765 0.02043 0.94192 
0.0328 0.43309 0.53411 
0.65722 0.27629 0.06649 
0.20727 0.74917 0.04356 
0.11499 0.63663 0.24838 
0.52686 0.13966 0.33348 
18 
0.44113 0.02625 0.53262 
0.73244 0.16174 0.10582 
0.01857 0.5292 0.45223 
0.76991 0.11649 0.1136 
0.3482 0.54927 0.10253 
0.09028 0.24131 0.66841 
18 
0.65343 0.05022 0.29635 
0.86945 0.11836 0.01219 
0.00172 0.07075 0.92753 
0.42941 0.05411 0.51648 
0.04092 0.89417 0.06491 
0.0776 0.86879 0.05361 
18 
0.01077 0.1817 0.80753 
0.06075 0.8928 0.04645 
0.24752 0.73993 0.01255 
0.71036 0.25898 0.03066 
0.09041 0.0239 0.88569 
0.43591 0.55132 0.01277 

4 
0.66117 0.33883 
0.9898 0.0102 

18 
0.11584 0.20504 0.67912 
0.48668 0.50979 0.00353 
0.22436 0.05259 0.72305 
0.75015 0.06113 0.18872 
0.7599 0.22553 0.01457 
0.14502 0.07736 0.77762 
18 
0.23423 0.3947 0.37107 
0.08745 0.05 0.86255 
0.14245 0.36821 0.48934 
0.2053 0.16293 0.63177 
4.6E-4 0.04126 0.95828 
0.21226 0.39631 0.39143 
18 
0.15395 0.8185 0.02755 
0.21065 0.18761 0.60174 
0.75629 0.05838 0.18533 
0.60819 0.35451 0.0373 
0.01367 0.30261 0.68372 
0.23657 0.74158 0.02185 
18 
0.01363 0.29224 0.69413 
0.02992 0.83014 0.13994 
0.76764 0.025 0.20736 
0.06112 0.21648 0.7224 
0.39874 0.11795 0.48331 
0.98995 0.0042 0.00585 
18 
0.86642 0.08166 0.05192 
0.00368 0.94186 0.05446 
0.01134 0.07713 0.91153 
0.27391 0.00725 0.71884 
0.62988 0.04529 0.32483 
0.06722 0.05127 0.88151 
18 
0.68286 0.0411 0.27604 
0.24464 0.20964 0.54572 
0.8082 0.0038 0.188 
0.15086 0.80024 0.0489 
0.05284 0.51599 0.43117 
0.88441 0.01853 0.09706 

18 
0.03497 0.11042 0.85461 
0.02557 0.34101 0.63342 
0.01199 0.96802 0.01999 
0.73731 0.19621 0.06648 
0.86048 0.00892 0.1306 
0.09961 0.88318 0.01721 
18 
0.07122 0.91892 0.00986 
0.89356 0.07386 0.03258 
0.0484 0.06975 0.88185 
0.0056 0.97773 0.01667 
0.86912 0.11701 0.01387 
0.73784 0.25665 0.00551 
18 
0.03398 0.42729 0.53873 
0.19626 0.7054 0.09834 
0.67152 0.29115 0.03733 
0.38937 0.12601 0.48462 
0.23003 0.69915 0.07082 
0.24277 0.23883 0.5184 
18 
0.95786 0.01297 0.02917 
0.04657 0.81755 0.13588 
0.02703 0.66629 0.30668 
6.0E-4 0.01338 0.98602 
0.21612 0.73984 0.04404 
0.9004 0.0899 0.0097 

4 
0.78326 0.21674 
0.95998 0.04002 

24 
0.01799 0.06226 0.89465 0.0251 
0.19136 0.03759 0.26497 0.50608 
0.21326 0.11398 0.59609 0.07667 
0.00752 0.54889 0.30026 0.14333 
0.01499 0.17498 0.55441 0.25562 
0.12331 0.37008 0.38181 0.1248 
