V-CREDAL 
4 
4 4 3 2 
4 
1 0 
1 1 
2 1 2 
3 0 2 3 

24 
0.03917 0.48634 0.36176 0.11273 
0.11548 0.02065 0.78505 0.07882 
0.11452 0.85611 0.0059 0.02347 
0.04115 0.02901 0.00463 0.92521 
0.57619 0.31087 0.00823 0.10471 
0.0109 0.00391 0.19359 0.7916 

24 
0.7073 0.05676 0.22833 0.00761 
0.07817 0.78148 0.0097 0.13065 
0.02009 0.05424 0.85982 0.06585 
0.01121 0.08786 0.88608 0.01485 
0.04842 0.09759 0.594 0.25999 
0.9304 0.05386 0.00934 0.0064 

18 
0.03369 0.34794 0.61837 
0.98725 3.0E-5 0.01272 
0.63265 0.00253 0.36482 
0.17605 0.72244 0.10151 
0.56329 0.41593 0.02078 
0.07556 0.1465 0.77794 
18 
0.00638 0.0072 0.98642 
0.28672 0.71231 9.7E-4 
0.8346 0.08474 0.08066 
0.01553 0.97743 0.00704 
0.79411 0.18915 0.01674 
0.00828 0.94023 0.05149 
18 
0.06027 0.92009 0.01964 
0.02164 0.03369 0.94467 
0.88332 0.06688 0.0498 
0.00307 0.84144 0.15549 
0.47282 0.49613 0.03105 
0.16744 0.01652 0.81604 
18 
0.06987 0.40667 0.52346 
0.1145 0.72051 0.16499 
0.97314 0.00802 0.01884 
0.35973 0.06972 0.57055 
0.69933 0.26923 0.03144 
0.0185 0.67362 0.30788 

4 
0.63047 0.36953 
0.09039 0.90961 
4 
0.88693 0.11307 
0.63191 0.36809 
4 
0.21411 0.78589 
0.1809 0.8191 
4 
0.76603 0.23397 
0.4414 0.5586 
4 
0.32732 0.67268 
0.13503 0.86497 
4 
0.17246 0.82754 
0.21696 0.78304 
4 
0.9883 0.0117 
0.23497 0.76503 
4 
0.69566 0.30434 
0.54723 0.45277 
4 
0.50362 0.49638 
0.43395 0.56605 
4 
0.38113 0.61887 
0.84182 0.15818 
4 
0.629 0.371 
0.56508 0.43492 
4 
0.97458 0.02542 
0.85737 0.14263 
