V-CREDAL
8
4 3 2 4 2 2 4 3
8
1 0
2 0 1
2 1 2
2 2 3
2 3 4
2 4 5
2 5 6
2 6 7

24
0.075 0.0 0.521 0.404
0.088 0.851 0.008 0.053
0.179 0.079 0.094 0.648
0.045 0.25 0.614 0.091
0.282 0.107 0.573 0.038
0.678 0.178 0.139 0.005

18
0.004 0.235 0.761
0.006 0.178 0.816
0.699 0.083 0.218
0.126 0.134 0.74
0.738 0.035 0.227
0.292 0.24 0.468
18
0.215 0.657 0.128
0.012 0.501 0.487
0.9 0.026 0.074
0.006 0.004 0.99
0.796 0.171 0.033
0.345 0.653 0.002
18
0.003 0.429 0.568
0.841 0.082 0.077
0.232 0.733 0.035
0.096 0.004 0.9
0.579 0.4 0.021
0.065 0.548 0.387
18
0.759 0.23 0.011
0.589 0.124 0.287
0.829 0.111 0.06
0.221 0.239 0.54
0.127 0.214 0.659
0.239 0.174 0.587

4
0.086 0.914
0.481 0.519
4
0.674 0.326
0.129 0.871
4
0.064 0.936
0.719 0.281

24
0.019 0.001 0.644 0.336
0.325 0.159 0.428 0.088
0.016 0.283 0.556 0.145
0.024 0.004 0.008 0.964
0.717 0.23 0.044 0.009
0.045 0.855 0.024 0.076
24
0.598 0.129 0.015 0.258
0.008 0.133 0.023 0.836
0.042 0.757 0.148 0.053
0.323 0.009 0.225 0.443
0.816 0.078 0.019 0.087
0.241 0.136 0.612 0.011

4
0.512 0.488
0.335 0.665
4
0.22 0.78
0.13 0.87
4
0.829 0.171
0.846 0.154
4
0.045 0.955
0.228 0.772

4
0.329 0.671
0.861 0.139
4
0.415 0.585
0.137 0.863

24
0.966 0.006 0.009 0.019
0.094 0.007 0.587 0.312
0.042 0.404 0.239 0.315
0.492 0.195 0.215 0.098
0.296 0.136 0.512 0.056
0.067 0.059 0.175 0.699
24
0.073 0.043 0.0 0.884
0.01 0.401 0.087 0.502
0.073 0.011 0.191 0.725
0.005 0.0 0.983 0.012
0.392 0.234 0.027 0.347
0.29 0.463 0.084 0.163

18
0.345 0.087 0.568
0.387 0.515 0.098
0.979 0.008 0.013
0.817 0.147 0.036
0.114 0.713 0.173
0.678 0.029 0.293
18
0.081 0.322 0.597
0.191 0.704 0.105
0.647 0.24 0.113
0.597 0.021 0.382
0.028 0.021 0.951
0.411 0.005 0.584
18
0.358 0.62 0.022
0.624 0.128 0.248
0.091 0.04 0.869
0.109 0.675 0.216
0.599 0.075 0.326
0.01 0.423 0.567
18
0.393 0.164 0.443
0.727 0.071 0.202
0.875 0.115 0.01
0.11 0.874 0.016
0.151 0.271 0.578
0.832 0.159 0.009
