V-CREDAL 
8 
4 5 5 2 5 3 3 4 
8 
1 0 
2 0 1 
2 1 2 
2 2 3 
2 3 4 
2 4 5 
2 5 6 
2 6 7 

16 
6.0E-5 0.99823 5.6E-4 0.00115 
0.09176 0.05393 0.05354 0.80077 
0.39427 0.0598 0.37584 0.17009 
0.04653 0.55627 0.38673 0.01047 

20 
0.10118 0.30086 0.2805 0.28025 0.03721 
0.56366 0.24059 0.14073 0.03089 0.02413 
0.09841 0.16484 0.34136 0.01751 0.37788 
0.04985 0.33908 0.02126 0.42758 0.16223 
20 
0.93822 0.05758 0.00222 0.00131 6.7E-4 
0.01483 0.02879 0.41781 0.04241 0.49616 
0.31593 0.39393 0.2823 8.3E-4 0.00701 
0.51215 0.00105 1.4E-4 0.48593 7.3E-4 
20 
0.33516 0.03026 0.46118 0.01238 0.16102 
0.12466 0.37555 0.09226 0.30736 0.10017 
0.64284 0.08971 0.13986 0.08471 0.04288 
0.27946 0.24763 0.22406 0.11964 0.12921 
20 
0.35088 0.00709 0.13261 0.32863 0.18079 
0.66561 0.01642 0.08082 0.00164 0.23551 
0.07832 0.22697 0.01116 0.3407 0.34285 
0.14179 0.59616 0.11115 0.00351 0.14739 

20 
0.00753 0.97718 3.3E-4 0.0137 0.00126 
0.02685 0.0205 0.02364 0.89172 0.03729 
0.2815 0.05084 0.07133 0.52503 0.0713 
0.00206 0.00234 0.16037 0.82343 0.0118 
20 
0.51982 0.12594 0.05839 0.03415 0.2617 
0.05771 0.60439 0.2802 0.00729 0.05041 
0.47304 0.16786 0.0968 0.12302 0.13928 
0.00342 0.98528 0.00425 0.00496 0.00209 
20 
0.05829 0.1287 0.06276 0.06687 0.68338 
0.08901 0.01197 0.00128 0.87385 0.02389 
0.16059 0.28 0.02397 0.27789 0.25755 
2.9E-4 0.01855 0.96429 0.01251 0.00436 
20 
0.34618 4.0E-4 0.09088 0.4512 0.11134 
0.41237 0.25405 0.28828 0.0222 0.0231 
0.1131 0.21788 0.19275 0.05311 0.42316 
0.00408 0.55282 0.05332 0.0616 0.32818 
20 
0.01401 0.13808 0.17959 0.32473 0.34359 
0.1477 0.00279 0.71895 0.10898 0.02158 
0.00428 0.005 0.19945 0.00412 0.78715 
0.02781 0.01596 0.19412 0.00495 0.75716 

4 
0.53409 0.46591 
0.37469 0.62531 
4 
0.58902 0.41098 
0.03769 0.96231 
4 
0.55965 0.44035 
0.26813 0.73187 
4 
0.6154 0.3846 
0.27908 0.72092 
4 
0.87876 0.12124 
0.76824 0.23176 

20 
0.06203 0.22087 0.16438 0.25371 0.29901 
0.00287 0.61889 0.26229 0.04294 0.07301 
0.09013 0.28026 0.51216 0.04483 0.07262 
0.1976 0.7082 8.3E-4 0.037 0.05637 
20 
0.11479 0.58959 0.04591 0.15902 0.09069 
0.75499 0.02599 0.0372 0.06085 0.12097 
0.00311 0.04068 0.02771 0.00107 0.92743 
0.4117 0.2838 0.05558 0.20495 0.04397 

12 
0.01444 0.80738 0.17818 
0.91964 0.06664 0.01372 
0.01829 0.04196 0.93975 
0.69826 0.00376 0.29798 
12 
0.6739 0.28949 0.03661 
0.11604 0.65641 0.22755 
0.28557 0.69641 0.01802 
0.05975 0.93005 0.0102 
12 
0.26265 0.39502 0.34233 
0.59719 0.32064 0.08217 
0.09087 0.34159 0.56754 
0.04447 0.28345 0.67208 
12 
0.10583 0.70878 0.18539 
0.01341 0.05721 0.92938 
0.4581 0.53636 0.00554 
0.47539 0.03705 0.48756 
12 
0.09805 0.71612 0.18583 
0.60326 0.15058 0.24616 
0.01945 0.85506 0.12549 
0.37731 0.33589 0.2868 

12 
0.85736 0.07853 0.06411 
0.12431 0.22623 0.64946 
0.16266 0.829 0.00834 
0.57145 0.0518 0.37675 
12 
2.4E-4 8.6E-4 0.9989 
0.28116 0.00476 0.71408 
0.02285 0.10728 0.86987 
0.55817 0.24461 0.19722 
12 
0.06235 0.62792 0.30973 
0.03091 0.34358 0.62551 
0.16165 0.58123 0.25712 
0.88752 0.02354 0.08894 

16 
0.17924 0.27798 0.50727 0.03551 
0.12881 0.30536 0.17402 0.39181 
0.03062 0.81968 0.06702 0.08268 
0.24754 0.22666 0.32858 0.19722 
16 
0.22122 0.53292 0.13977 0.10609 
0.05789 0.03983 0.82098 0.0813 
0.05652 0.32138 0.61934 0.00276 
0.04116 0.13582 0.79514 0.02788 
16 
1.4E-4 6.4E-4 0.88309 0.11613 
0.06143 0.10613 0.42923 0.40321 
0.39832 0.25557 0.03119 0.31492 
0.12168 0.55399 0.20092 0.12341 
