V-CREDAL
10
4 3 2 4 4 3 3 4 4 3
10
2 7 0
1 1
3 1 5 2
2 0 3
2 5 4
1 5
3 4 7 6
1 7
2 0 8
2 5 9

24
0.155 0.005 0.149 0.691
0.105 0.795 0.033 0.067
0.645 0.133 0.157 0.065
0.008 0.011 0.979 0.002
0.011 0.05 0.275 0.664
0.007 0.952 0.032 0.009
24
0.005 0.681 0.01 0.304
0.449 0.304 0.168 0.079
0.147 0.042 0.038 0.773
0.041 0.466 0.483 0.01
0.031 0.094 0.787 0.088
0.05 0.019 0.05 0.881
24
0.012 0.803 0.178 0.007
0.523 0.394 0.035 0.048
0.227 0.19 0.414 0.169
0.069 0.619 0.039 0.273
0.076 0.034 0.002 0.888
0.104 0.241 0.241 0.414
24
0.03 0.311 0.321 0.338
0.003 0.841 0.026 0.13
0.008 0.002 0.954 0.036
0.895 0.086 0.011 0.008
0.146 0.061 0.204 0.589
0.071 0.254 0.008 0.667

18
0.336 0.064 0.6
0.1 0.841 0.059
0.477 0.35 0.173
0.499 0.428 0.073
0.402 0.192 0.406
0.089 0.598 0.313

4
0.099 0.901
0.55 0.45
4
0.794 0.206
0.175 0.825
4
0.406 0.594
0.15 0.85
4
0.244 0.756
0.1 0.9
4
0.678 0.322
0.171 0.829
4
0.652 0.348
0.064 0.936
4
0.559 0.441
0.228 0.772
4
0.844 0.156
0.098 0.902
4
0.259 0.741
0.154 0.846

24
0.625 0.138 0.201 0.036
0.147 0.478 0.342 0.033
0.986 0.011 0.0 0.003
0.766 0.069 0.001 0.164
0.657 0.038 0.022 0.283
0.001 0.225 0.273 0.501
24
0.012 0.14 0.782 0.066
0.028 0.17 0.051 0.751
0.13 0.585 0.036 0.249
0.091 0.714 0.101 0.094
0.051 0.384 0.031 0.534
0.634 0.223 0.015 0.128
24
0.033 0.015 0.706 0.246
0.797 0.033 0.002 0.168
0.043 0.045 0.48 0.432
0.314 0.146 0.007 0.533
0.081 0.893 0.011 0.015
0.879 0.029 0.084 0.008
24
0.017 0.055 0.122 0.806
0.3 0.123 0.056 0.521
0.402 0.07 0.473 0.055
0.116 0.711 0.051 0.122
0.971 0.006 0.009 0.014
0.016 0.005 0.09 0.889

24
0.22 0.718 0.014 0.048
0.081 0.386 0.42 0.113
0.185 0.069 0.722 0.024
0.036 0.116 0.553 0.295
0.124 0.786 0.074 0.016
0.29 0.027 0.564 0.119
24
0.261 0.297 0.012 0.43
0.615 0.038 0.035 0.312
0.115 0.401 0.464 0.02
0.046 0.282 0.546 0.126
0.183 0.131 0.594 0.092
0.108 0.146 0.211 0.535
24
0.072 0.208 0.686 0.034
0.652 0.059 0.158 0.131
0.028 0.013 0.84 0.119
0.101 0.237 0.48 0.182
0.015 0.981 0.004 0.0
0.287 0.101 0.39 0.222

18
0.079 0.015 0.906
0.204 0.752 0.044
0.059 0.022 0.919
0.294 0.219 0.487
0.339 0.487 0.174
0.041 0.442 0.517

18
0.733 0.218 0.049
0.414 0.574 0.012
0.109 0.017 0.874
0.091 0.1 0.809
0.306 0.674 0.02
0.739 0.176 0.085
18
0.785 0.097 0.118
0.117 0.249 0.634
0.061 0.838 0.101
0.605 0.385 0.01
0.024 0.388 0.588
0.603 0.042 0.355
18
0.642 0.157 0.201
0.065 0.252 0.683
0.079 0.052 0.869
0.488 0.039 0.473
0.041 0.939 0.02
0.233 0.014 0.753
18
0.017 0.079 0.904
0.426 0.021 0.553
0.027 0.069 0.904
0.223 0.001 0.776
0.43 0.547 0.023
0.721 0.176 0.103
18
0.021 0.673 0.306
0.548 0.304 0.148
0.682 0.098 0.22
0.176 0.293 0.531
0.314 0.548 0.138
0.585 0.081 0.334
18
0.703 0.063 0.234
0.094 0.154 0.752
0.841 0.123 0.036
0.759 0.208 0.033
0.6 0.353 0.047
0.548 0.081 0.371
18
0.119 0.758 0.123
0.828 0.158 0.014
0.942 0.019 0.039
0.283 0.026 0.691
0.153 0.032 0.815
0.901 0.084 0.015
18
0.163 0.198 0.639
0.571 0.029 0.4
0.553 0.245 0.202
0.141 0.632 0.227
0.331 0.097 0.572
0.473 0.424 0.103
18
0.09 0.826 0.084
0.024 0.018 0.958
0.991 0.005 0.004
0.95 0.001 0.049
0.139 0.846 0.015
0.021 0.396 0.583
18
0.727 0.139 0.134
0.112 0.625 0.263
0.159 0.025 0.816
0.046 0.114 0.84
0.467 0.522 0.011
0.31 0.008 0.682
18
0.083 0.125 0.792
0.026 0.972 0.002
0.069 0.184 0.747
0.968 0.028 0.004
0.023 0.905 0.072
0.03 0.704 0.266
18
0.171 0.261 0.568
0.341 0.376 0.283
0.546 0.389 0.065
0.707 0.141 0.152
0.396 0.083 0.521
0.408 0.382 0.21
18
0.002 0.052 0.946
0.878 0.091 0.031
0.541 0.409 0.05
0.166 0.54 0.294
0.238 0.034 0.728
0.066 0.574 0.36
18
0.141 0.139 0.72
0.582 0.203 0.215
0.307 0.675 0.018
0.129 0.147 0.724
0.218 0.095 0.687
0.39 0.556 0.054
18
0.181 0.611 0.208
0.348 0.13 0.522
0.713 0.003 0.284
0.148 0.59 0.262
0.428 0.459 0.113
0.144 0.407 0.449
18
0.775 0.093 0.132
0.782 0.114 0.104
0.01 0.579 0.411
0.159 0.794 0.047
0.495 0.195 0.31
0.315 0.642 0.043

24
0.192 0.097 0.181 0.53
0.08 0.296 0.372 0.252
0.39 0.33 0.175 0.105
0.049 0.069 0.871 0.011
0.729 0.132 0.097 0.042
0.302 0.014 0.634 0.05

24
0.03 0.075 0.89 0.005
0.141 0.227 0.611 0.021
0.025 0.024 0.491 0.46
0.032 0.055 0.293 0.62
0.213 0.075 0.36 0.352
0.034 0.162 0.596 0.208
24
0.084 0.254 0.339 0.323
0.067 0.835 0.059 0.039
0.207 0.162 0.624 0.007
0.019 0.459 0.015 0.507
0.063 0.802 0.002 0.133
0.269 0.154 0.362 0.215
24
0.09 0.197 0.29 0.423
0.198 0.173 0.045 0.584
0.024 0.011 0.011 0.954
0.655 0.197 0.052 0.096
0.233 0.015 0.751 0.001
0.019 0.181 0.556 0.244
24
0.126 0.017 0.386 0.471
0.219 0.059 0.221 0.501
0.001 0.175 0.071 0.753
0.328 0.269 0.276 0.127
0.526 0.172 0.2 0.102
0.031 0.123 0.014 0.832

18
0.404 0.243 0.353
0.058 0.087 0.855
0.023 0.954 0.023
0.021 0.878 0.101
0.03 0.662 0.308
0.402 0.146 0.452
18
0.006 0.386 0.608
0.004 0.084 0.912
0.942 0.024 0.034
0.074 0.006 0.92
0.016 0.742 0.242
0.162 0.737 0.101
18
0.038 0.009 0.953
0.606 0.087 0.307
0.479 0.405 0.116
0.199 0.768 0.033
0.01 0.693 0.297
0.039 0.853 0.108
