V-CREDAL 
6 
3 2 3 3 3 3 
6 
1 0 
2 0 1 
2 1 2 
2 2 3 
2 3 4 
2 4 5 

18 
0.84401 0.15048 0.00551 
0.00139 0.00129 0.99732 
0.007 0.93467 0.05833 
0.94164 0.05238 0.00598 
0.12364 0.86185 0.01451 
0.92626 0.0133 0.06044 

4 
0.06181 0.93819 
0.82302 0.17698 
4 
0.9238 0.0762 
0.26594 0.73406 
4 
0.99768 0.00232 
0.42595 0.57405 

18 
0.11406 0.0492 0.83674 
0.0026 0.2519 0.7455 
0.72419 0.25278 0.02303 
0.02373 0.67727 0.299 
4.1E-4 0.61271 0.38688 
0.09621 0.72557 0.17822 
18 
0.04172 0.3933 0.56498 
0.82301 0.10479 0.0722 
0.0111 0.96317 0.02573 
0.06964 0.01419 0.91617 
0.34847 0.61178 0.03975 
0.57493 0.01456 0.41051 

18 
0.05375 0.72756 0.21869 
0.23446 0.64442 0.12112 
0.0075 0.10135 0.89115 
0.94606 0.00788 0.04606 
9.0E-5 8.0E-5 0.99983 
0.50057 0.45347 0.04596 
18 
0.00186 0.44673 0.55141 
0.21198 0.73529 0.05273 
0.99248 0.00466 0.00286 
0.18164 0.0477 0.77066 
0.02196 0.71639 0.26165 
0.04742 0.24936 0.70322 
18 
0.93638 0.0234 0.04022 
0.72158 0.21076 0.06766 
0.39573 0.3096 0.29467 
0.22382 0.36112 0.41506 
6.1E-4 0.11066 0.88873 
0.75841 0.17972 0.06187 

18 
0.10051 0.88946 0.01003 
0.64416 0.07522 0.28062 
0.00606 0.68215 0.31179 
0.81146 0.13255 0.05599 
0.35706 0.17261 0.47033 
0.51996 0.10489 0.37515 
18 
0.39637 0.51329 0.09034 
0.12377 0.60944 0.26679 
0.04312 0.44092 0.51596 
0.8989 0.0081 0.093 
0.67244 0.30551 0.02205 
0.95064 0.00479 0.04457 
18 
0.59823 0.00272 0.39905 
0.05218 0.79425 0.15357 
0.12232 0.16314 0.71454 
0.01582 0.30623 0.67795 
0.31063 0.09743 0.59194 
0.56338 0.21609 0.22053 

18 
0.14202 0.75411 0.10387 
0.07243 0.71906 0.20851 
0.16197 0.17974 0.65829 
0.61125 8.8E-4 0.38787 
0.04889 0.70098 0.25013 
0.53479 0.36692 0.09829 
18 
0.99324 0.00129 0.00547 
0.00374 0.99277 0.00349 
5.4E-4 0.99141 0.00805 
1.0E-5 0.00144 0.99855 
0.95989 0.0365 0.00361 
0.89387 0.10424 0.00189 
18 
0.03596 0.19549 0.76855 
0.78662 0.00104 0.21234 
0.00247 0.96878 0.02875 
0.72638 0.20999 0.06363 
0.37 0.61256 0.01744 
0.30254 0.00419 0.69327 
