V-CREDAL 
4 
2 2 5 4 
4 
1 0 
2 0 1 
2 1 2 
2 2 3 

4 
0.28198 0.71802 
0.5334 0.4666 

4 
0.71825 0.28175 
0.00781 0.99219 
4 
0.33586 0.66414 
0.53662 0.46338 

30 
0.32972 0.1721 0.06726 0.15647 0.27445 
0.14582 0.59264 0.05773 0.1163 0.08751 
0.00256 0.08575 0.59151 0.31775 0.00243 
0.01989 0.06075 0.77117 0.05376 0.09443 
0.05726 0.01969 0.15094 0.03492 0.73719 
0.17358 0.00703 0.06825 0.54583 0.20531 
30 
0.34642 0.04902 0.44108 0.02374 0.13974 
0.0382 0.10535 0.1278 0.45405 0.2746 
0.00369 0.6715 0.02762 0.02124 0.27595 
0.00441 0.05668 0.34165 0.01309 0.58417 
0.57912 0.04398 0.34937 0.00744 0.02009 
0.38182 0.00287 0.30913 0.00315 0.30303 

24 
0.05066 0.27482 0.00458 0.66994 
0.43615 0.1097 0.01191 0.44224 
0.08084 0.23373 0.65634 0.02909 
0.14665 0.11572 0.68268 0.05495 
0.2868 0.42926 0.15251 0.13143 
0.07812 0.51163 0.14506 0.26519 
24 
0.00852 0.62125 0.18078 0.18945 
0.02871 0.83222 0.06625 0.07282 
0.92038 0.01785 0.0113 0.05047 
0.11376 0.11551 0.37376 0.39697 
0.01345 0.00429 0.6634 0.31886 
0.55353 0.00171 0.15362 0.29114 
24 
0.2718 0.13408 0.12038 0.47374 
0.16133 0.34121 0.06456 0.4329 
0.03407 0.45411 0.12287 0.38895 
0.06205 0.89849 0.00875 0.03071 
0.59889 0.00732 0.15504 0.23875 
0.03248 0.02178 0.57679 0.36895 
24 
0.1008 0.07723 0.57025 0.25172 
0.76572 0.00575 0.0965 0.13203 
0.19841 0.18221 0.00968 0.6097 
0.0443 0.1484 0.43441 0.37289 
0.59643 0.02785 0.06205 0.31367 
0.06475 0.14592 0.35287 0.43646 
24 
0.13027 0.03153 0.16238 0.67582 
0.19523 0.00441 0.74907 0.05129 
0.70106 0.07834 0.12019 0.10041 
0.14237 0.09278 0.51182 0.25303 
0.39206 0.30361 0.11431 0.19002 
0.02073 0.59098 0.22485 0.16344 
