V-CREDAL 
8 
3 4 4 2 2 2 3 4 
8 
2 2 0 
1 1 
2 1 2 
4 1 4 5 3 
1 4 
1 5 
2 0 6 
2 5 7 

18 
0.90664 0.04563 0.04773 
0.05079 0.0616 0.88761 
0.07195 0.91709 0.01096 
0.01691 0.65324 0.32985 
0.27822 0.04941 0.67237 
0.00284 0.14306 0.8541 
18 
0.02487 0.58529 0.38984 
0.03013 0.72083 0.24904 
0.55256 0.032 0.41544 
0.88299 0.07621 0.0408 
0.21594 0.71787 0.06619 
0.07633 0.07879 0.84488 
18 
0.13784 0.14902 0.71314 
0.24692 0.03807 0.71501 
0.46225 0.41438 0.12337 
0.02317 0.94491 0.03192 
0.04295 0.40463 0.55242 
0.5784 0.2161 0.2055 
18 
0.93735 0.01659 0.04606 
0.16557 0.02506 0.80937 
0.03243 0.1922 0.77537 
0.22748 0.74978 0.02274 
0.22351 0.749 0.02749 
0.94451 0.03649 0.019 

24 
0.15416 0.12612 0.20358 0.51614 
0.07837 0.84463 0.06075 0.01625 
0.89271 0.06958 0.02775 0.00996 
0.04811 0.12951 0.01072 0.81166 
0.27121 0.51584 0.19493 0.01802 
0.02783 0.17162 0.55056 0.24999 

24 
0.45301 0.0023 0.51111 0.03358 
0.24245 7.0E-4 0.74498 0.01187 
0.01965 0.06355 0.86452 0.05228 
0.52316 0.17109 0.23049 0.07526 
0.41954 0.30215 0.07448 0.20383 
0.19226 0.46021 0.02774 0.31979 
24 
0.39842 0.0497 0.34915 0.20273 
0.54905 0.25688 0.15885 0.03522 
0.06474 0.00221 0.79022 0.14283 
0.0189 0.02558 0.07571 0.87981 
0.08072 0.00473 0.00698 0.90757 
0.22842 0.28116 0.02403 0.46639 
24 
0.49151 0.05225 0.20167 0.25457 
0.15414 0.284 0.15455 0.40731 
0.84431 0.14151 0.0126 0.00158 
0.1247 0.12058 0.03259 0.72213 
0.1881 0.39123 0.12516 0.29551 
0.41583 0.36995 0.12888 0.08534 
24 
0.73965 0.01508 0.22815 0.01712 
6.3E-4 0.00324 0.05487 0.94126 
0.02757 0.33114 0.51102 0.13027 
0.00618 0.11601 0.19284 0.68497 
0.28674 0.65728 0.00533 0.05065 
0.1124 0.27299 0.00961 0.605 

4 
0.45956 0.54044 
0.78819 0.21181 
4 
0.46007 0.53993 
0.28692 0.71308 
4 
0.47567 0.52433 
0.30699 0.69301 
4 
0.45516 0.54484 
0.51074 0.48926 
4 
0.11412 0.88588 
0.08578 0.91422 
4 
0.14639 0.85361 
0.09913 0.90087 
4 
0.26306 0.73694 
0.13312 0.86688 
4 
0.7545 0.2455 
0.6227 0.3773 
4 
0.04403 0.95597 
0.83488 0.16512 
4 
0.76008 0.23992 
0.02885 0.97115 
4 
0.18376 0.81624 
0.75166 0.24834 
4 
0.29706 0.70294 
0.18351 0.81649 
4 
0.93448 0.06552 
0.31568 0.68432 
4 
0.04823 0.95177 
0.05541 0.94459 
4 
0.65072 0.34928 
0.32668 0.67332 
4 
0.58908 0.41092 
0.39883 0.60117 

4 
0.71856 0.28144 
0.39764 0.60236 

4 
0.06755 0.93245 
0.21466 0.78534 

18 
0.08719 0.06533 0.84748 
0.05018 0.00912 0.9407 
0.00537 0.00649 0.98814 
0.07433 0.86705 0.05862 
0.17741 0.79137 0.03122 
0.13808 0.19955 0.66237 
18 
0.74543 0.02374 0.23083 
0.02159 0.00626 0.97215 
0.05903 0.91627 0.0247 
0.88266 0.07557 0.04177 
0.41256 0.55686 0.03058 
0.04127 0.68505 0.27368 
18 
0.53509 0.26467 0.20024 
0.55665 0.11609 0.32726 
0.49261 0.02262 0.48477 
0.08328 0.26932 0.6474 
0.183 0.55433 0.26267 
0.07365 0.42825 0.4981 

24 
0.992 3.1E-4 0.00692 7.7E-4 
0.04163 0.03033 0.86515 0.06289 
0.17712 0.81444 0.00769 7.5E-4 
0.72493 0.03336 0.06543 0.17628 
0.04108 0.19723 0.70233 0.05936 
0.4162 0.54364 0.00448 0.03568 
24 
0.12251 0.14881 0.72721 0.00147 
0.04867 0.94391 0.00399 0.00343 
0.41771 0.34331 0.07508 0.1639 
0.04769 0.10682 0.43802 0.40747 
0.18337 0.12028 0.67207 0.02428 
0.14207 0.05146 0.44767 0.3588 
