V-CREDAL
6
4 4 3 4 4 2
6
1 0
2 0 1
2 1 2
2 2 3
2 3 4
2 4 5

24
0.175 0.088 0.381 0.356
0.01 0.022 0.344 0.624
0.331 0.097 0.06 0.512
0.184 0.049 0.204 0.563
0.082 0.299 0.035 0.584
0.471 0.469 0.057 0.003

24
0.562 0.368 0.008 0.062
0.525 0.065 0.32 0.09
0.212 0.623 0.123 0.042
0.041 0.351 0.453 0.155
0.122 0.135 0.015 0.728
0.028 0.037 0.91 0.025
24
0.346 0.154 0.026 0.474
0.059 0.018 0.501 0.422
0.912 0.002 0.002 0.084
0.457 0.164 0.342 0.037
0.123 0.808 0.008 0.061
0.819 0.003 0.177 0.001
24
0.183 0.049 0.241 0.527
0.082 0.276 0.28 0.362
0.221 0.175 0.191 0.413
0.002 0.677 0.003 0.318
0.355 0.17 0.242 0.233
0.39 0.244 0.24 0.126
24
0.097 0.092 0.613 0.198
0.14 0.385 0.046 0.429
0.547 0.176 0.227 0.05
0.72 0.252 0.012 0.016
0.098 0.553 0.072 0.277
0.247 0.124 0.423 0.206

18
0.921 0.07 0.009
0.005 0.951 0.044
0.016 0.143 0.841
0.031 0.018 0.951
0.028 0.939 0.033
0.02 0.055 0.925
18
0.549 0.355 0.096
0.277 0.32 0.403
0.759 0.018 0.223
0.088 0.249 0.663
0.258 0.037 0.705
0.922 0.031 0.047
18
0.658 0.026 0.316
0.217 0.179 0.604
0.065 0.656 0.279
0.283 0.455 0.262
0.018 0.562 0.42
0.032 0.312 0.656
18
0.067 0.822 0.111
0.759 0.051 0.19
0.23 0.147 0.623
0.115 0.261 0.624
0.39 0.589 0.021
0.059 0.72 0.221

24
0.07 0.187 0.106 0.637
0.063 0.453 0.418 0.066
0.122 0.071 0.67 0.137
0.948 0.002 0.016 0.034
0.031 0.526 0.113 0.33
0.324 0.176 0.025 0.475
24
0.009 0.041 0.024 0.926
0.405 0.056 0.457 0.082
0.026 0.006 0.049 0.919
0.07 0.003 0.924 0.003
0.014 0.983 0.001 0.002
0.055 0.005 0.127 0.813
24
0.08 0.3 0.057 0.563
0.073 0.299 0.22 0.408
0.274 0.253 0.034 0.439
0.26 0.091 0.262 0.387
0.532 0.183 0.062 0.223
0.185 0.077 0.163 0.575

24
0.093 0.045 0.829 0.033
0.01 0.257 0.499 0.234
0.085 0.051 0.671 0.193
0.007 0.527 0.35 0.116
0.35 0.257 0.013 0.38
0.832 0.064 0.092 0.012
24
0.007 0.422 0.536 0.035
0.114 0.138 0.6 0.148
0.396 0.024 0.548 0.032
0.312 0.458 0.2 0.03
0.011 0.199 0.386 0.404
0.451 0.317 0.22 0.012
24
0.35 0.507 0.135 0.008
0.095 0.088 0.639 0.178
0.031 0.294 0.581 0.094
0.93 0.014 0.027 0.029
0.105 0.234 0.464 0.197
0.054 0.11 0.801 0.035
24
0.422 0.194 0.338 0.046
0.677 0.03 0.244 0.049
0.46 0.016 0.241 0.283
0.026 0.009 0.042 0.923
0.109 0.083 0.553 0.255
0.128 0.198 0.521 0.153

4
0.773 0.227
0.234 0.766
4
0.612 0.388
0.46 0.54
4
0.919 0.081
0.24 0.76
4
0.277 0.723
0.057 0.943
