V-CREDAL
8
3 4 2 3 4 4 4 3
8
2 5 0
1 1
4 3 6 7 2
1 3
2 1 4
1 5
3 0 1 6
1 7

12
0.295 0.627 0.078
0.21 0.105 0.685
0.986 0.013 0.001
0.445 0.014 0.541
12
0.987 0.004 0.009
0.989 0.004 0.007
0.087 0.442 0.471
0.941 0.011 0.048
12
0.412 0.02 0.568
0.053 0.704 0.243
0.415 0.576 0.009
0.441 0.524 0.035
12
0.007 0.004 0.989
0.072 0.079 0.849
0.353 0.461 0.186
0.064 0.859 0.077

16
0.076 0.636 0.048 0.24
0.001 0.0 0.155 0.844
0.969 0.005 0.025 0.001
0.865 0.108 0.017 0.01

4
0.033 0.967
0.63 0.37
4
0.882 0.118
0.141 0.859
4
0.036 0.964
0.078 0.922
4
0.8 0.2
0.983 0.017
4
0.23 0.77
0.998 0.002
4
0.429 0.571
0.653 0.347
4
0.593 0.407
0.144 0.856
4
0.158 0.842
0.034 0.966
4
0.663 0.337
0.049 0.951
4
0.344 0.656
0.773 0.227
4
0.985 0.015
0.882 0.118
4
0.394 0.606
0.232 0.768
4
0.945 0.055
0.712 0.288
4
0.727 0.273
0.437 0.563
4
0.518 0.482
0.929 0.071
4
0.927 0.073
0.879 0.121
4
0.543 0.457
0.957 0.043
4
0.688 0.312
0.39 0.61
4
0.705 0.295
0.041 0.959
4
0.178 0.822
0.83 0.17
4
0.897 0.103
0.45 0.55
4
0.171 0.829
0.271 0.729
4
0.797 0.203
0.24 0.76
4
0.996 0.004
0.817 0.183
4
0.953 0.047
0.934 0.066
4
0.362 0.638
0.085 0.915
4
0.781 0.219
0.4 0.6
4
0.003 0.997
0.701 0.299
4
0.822 0.178
0.492 0.508
4
0.311 0.689
0.504 0.496
4
0.267 0.733
0.013 0.987
4
0.859 0.141
0.869 0.131
4
0.615 0.385
0.337 0.663
4
0.045 0.955
0.462 0.538
4
0.57 0.43
0.454 0.546
4
0.18 0.82
0.112 0.888

12
0.156 0.14 0.704
0.152 0.834 0.014
0.399 0.272 0.329
0.149 0.284 0.567

16
0.017 0.35 0.588 0.045
0.155 0.001 0.571 0.273
0.036 0.099 0.069 0.796
0.162 0.123 0.139 0.576
16
0.366 0.112 0.415 0.107
0.094 0.119 0.755 0.032
0.027 0.162 0.708 0.103
0.088 0.124 0.287 0.501
16
0.069 0.002 0.004 0.925
0.479 0.029 0.008 0.484
0.063 0.011 0.112 0.814
0.246 0.004 0.017 0.733
16
0.637 0.174 0.006 0.183
0.122 0.358 0.005 0.515
0.094 0.226 0.173 0.507
0.718 0.151 0.021 0.11

16
0.019 0.113 0.108 0.76
0.217 0.116 0.614 0.053
0.256 0.378 0.052 0.314
0.003 0.994 0.001 0.002

16
0.002 0.007 0.879 0.112
0.016 0.754 0.223 0.007
0.252 0.332 0.098 0.318
0.026 0.053 0.912 0.009
16
0.106 0.008 0.01 0.876
0.524 0.35 0.087 0.039
0.036 0.092 0.865 0.007
0.012 0.031 0.048 0.909
16
0.052 0.021 0.163 0.764
0.597 0.165 0.204 0.034
0.731 0.118 0.042 0.109
0.089 0.175 0.363 0.373
16
0.36 0.044 0.223 0.373
0.004 0.013 0.245 0.738
0.583 0.349 0.063 0.005
0.62 0.049 0.289 0.042
16
0.267 0.308 0.187 0.238
0.09 0.839 0.014 0.057
0.029 0.308 0.198 0.465
0.207 0.09 0.689 0.014
16
0.285 0.261 0.144 0.31
0.19 0.443 0.024 0.343
0.078 0.216 0.217 0.489
0.005 0.557 0.03 0.408
16
0.543 0.161 0.248 0.048
0.14 0.603 0.123 0.134
0.588 0.112 0.231 0.069
0.026 0.025 0.585 0.364
16
0.021 0.034 0.018 0.927
0.437 0.085 0.034 0.444
0.136 0.032 0.4 0.432
0.385 0.0 0.548 0.067
16
0.441 0.042 0.006 0.511
0.428 0.317 0.011 0.244
0.382 0.016 0.023 0.579
0.009 0.161 0.809 0.021
16
0.065 0.085 0.014 0.836
0.208 0.055 0.461 0.276
0.039 0.043 0.623 0.295
0.203 0.317 0.349 0.131
16
0.068 0.016 0.16 0.756
0.134 0.131 0.378 0.357
0.058 0.015 0.192 0.735
0.008 0.017 0.212 0.763
16
0.487 0.012 0.005 0.496
0.201 0.31 0.215 0.274
0.08 0.706 0.126 0.088
0.008 0.272 0.026 0.694

12
0.163 0.002 0.835
0.425 0.36 0.215
0.839 0.006 0.155
0.09 0.051 0.859
