V-CREDAL
4
4 2 2 4
4
1 0
2 0 1
2 1 2
2 2 3

24
0.01 0.033 0.943 0.014
0.065 0.082 0.558 0.295
0.396 0.012 0.03 0.562
0.024 0.117 0.541 0.318
0.04 0.136 0.791 0.033
0.613 0.012 0.142 0.233

4
0.633 0.367
0.604 0.396
4
0.965 0.035
0.907 0.093
4
0.024 0.976
0.911 0.089
4
0.504 0.496
0.272 0.728

4
0.862 0.138
0.485 0.515
4
0.718 0.282
0.068 0.932

24
0.674 0.097 0.162 0.067
0.985 0.001 0.002 0.012
0.008 0.794 0.185 0.013
0.243 0.221 0.049 0.487
0.2 0.312 0.486 0.002
0.001 0.007 0.017 0.975
24
0.539 0.32 0.067 0.074
0.324 0.027 0.312 0.337
0.034 0.894 0.011 0.061
0.246 0.011 0.279 0.464
0.959 0.011 0.013 0.017
0.39 0.045 0.078 0.487
