V-CREDAL 
10 
2 2 2 2 2 5 4 3 5 2 
10 
3 6 8 0 
1 1 
1 2 
2 7 3 
2 2 4 
1 5 
1 6 
3 2 8 7 
2 9 8 
3 1 5 9 

4 
0.11595 0.88405 
0.72565 0.27435 
4 
0.36762 0.63238 
0.22787 0.77213 
4 
0.92288 0.07712 
0.83486 0.16514 
4 
0.85343 0.14657 
0.50426 0.49574 
4 
0.9157 0.0843 
0.82839 0.17161 
4 
0.77667 0.22333 
0.9651 0.0349 
4 
0.20278 0.79722 
0.752 0.248 
4 
0.02016 0.97984 
0.3873 0.6127 
4 
0.29163 0.70837 
0.09361 0.90639 
4 
0.85686 0.14314 
0.48239 0.51761 
4 
0.15078 0.84922 
0.07658 0.92342 
4 
0.28439 0.71561 
0.84675 0.15325 
4 
0.30835 0.69165 
0.9758 0.0242 
4 
0.64025 0.35975 
0.98708 0.01292 
4 
0.13665 0.86335 
0.13036 0.86964 
4 
0.73937 0.26063 
0.76822 0.23178 
4 
0.72099 0.27901 
0.36091 0.63909 
4 
0.1224 0.8776 
0.49357 0.50643 
4 
0.24554 0.75446 
0.70214 0.29786 
4 
0.51421 0.48579 
0.19898 0.80102 

4 
0.76704 0.23296 
0.51772 0.48228 

4 
0.51754 0.48246 
0.55227 0.44773 

4 
0.46778 0.53222 
0.0563 0.9437 
4 
0.21776 0.78224 
0.25995 0.74005 
4 
0.57069 0.42931 
0.51139 0.48861 

4 
0.15295 0.84705 
0.43717 0.56283 
4 
0.86726 0.13274 
0.9166 0.0834 

20 
0.11646 0.30945 0.29576 0.21295 0.06538 
0.0238 0.01711 0.76607 0.07028 0.12274 
0.09201 0.3898 0.00443 0.01262 0.50114 
0.66753 0.02119 0.22058 0.06891 0.02179 

16 
0.03304 0.51045 0.43699 0.01952 
0.4332 0.17914 0.2814 0.10626 
0.00204 0.6786 7.3E-4 0.31863 
0.04295 0.12675 0.55709 0.27321 

12 
0.30517 0.14779 0.54704 
0.18329 0.72649 0.09022 
0.02463 0.87557 0.0998 
0.14144 0.23439 0.62417 
12 
0.39046 0.06245 0.54709 
0.21118 0.20759 0.58123 
0.21867 0.6887 0.09263 
0.34986 0.39735 0.25279 
12 
0.01532 0.43809 0.54659 
0.2953 0.26365 0.44105 
0.19102 0.60377 0.20521 
0.30954 0.14522 0.54524 
12 
0.41476 0.06358 0.52166 
0.14473 0.38681 0.46846 
0.00422 0.80161 0.19417 
0.90564 0.08472 0.00964 
12 
0.14232 0.75173 0.10595 
0.21058 0.77164 0.01778 
0.68598 0.19668 0.11734 
0.00724 0.41741 0.57535 
12 
0.17843 0.44672 0.37485 
0.40933 0.25756 0.33311 
0.04874 0.75838 0.19288 
0.21593 0.40216 0.38191 
12 
0.10939 0.44674 0.44387 
0.25057 0.61734 0.13209 
0.51884 0.47164 0.00952 
0.18299 0.62294 0.19407 
12 
0.12768 0.55111 0.32121 
0.13114 0.36207 0.50679 
0.28298 0.59163 0.12539 
0.73866 0.10349 0.15785 
12 
0.0111 0.87721 0.11169 
0.6155 0.33543 0.04907 
0.2057 0.73763 0.05667 
0.7912 0.18249 0.02631 
12 
0.56007 0.2344 0.20553 
0.30034 0.1511 0.54856 
0.63398 0.35537 0.01065 
0.32499 0.59262 0.08239 

20 
0.00521 0.00646 9.7E-4 0.90307 0.08429 
0.3245 0.30942 0.05623 0.05477 0.25508 
0.03586 0.27933 0.2624 0.07145 0.35096 
0.30577 0.03573 0.02468 0.56168 0.07214 
20 
0.02745 0.01283 0.82635 0.0556 0.07777 
0.0021 0.85085 0.01182 0.00226 0.13297 
0.76555 0.01098 0.01706 0.00598 0.20043 
0.15211 0.04713 0.12604 0.00216 0.67256 

4 
0.0534 0.9466 
0.64001 0.35999 
4 
0.77496 0.22504 
0.48347 0.51653 
4 
0.04867 0.95133 
0.32792 0.67208 
4 
0.86807 0.13193 
0.83056 0.16944 
4 
0.18879 0.81121 
0.36837 0.63163 
4 
0.93921 0.06079 
0.38459 0.61541 
4 
0.08068 0.91932 
0.24476 0.75524 
4 
0.72251 0.27749 
0.47517 0.52483 
4 
0.29283 0.70717 
0.53174 0.46826 
4 
0.4509 0.5491 
0.16307 0.83693 
