V-CREDAL
8
2 4 4 4 4 4 3 2
8
1 0
2 0 1
2 1 2
2 2 3
2 3 4
2 4 5
2 5 6
2 6 7

4
0.054 0.946
0.755 0.245

24
0.33 0.517 0.149 0.004
0.117 0.011 0.054 0.818
0.413 0.218 0.32 0.049
0.026 0.04 0.048 0.886
0.037 0.195 0.339 0.429
0.085 0.083 0.771 0.061
24
0.258 0.417 0.306 0.019
0.587 0.169 0.008 0.236
0.518 0.023 0.327 0.132
0.58 0.076 0.141 0.203
0.014 0.006 0.67 0.31
0.047 0.066 0.44 0.447

24
0.518 0.114 0.104 0.264
0.654 0.326 0.005 0.015
0.009 0.554 0.072 0.365
0.022 0.189 0.295 0.494
0.056 0.075 0.558 0.311
0.034 0.841 0.034 0.091
24
0.472 0.393 0.062 0.073
0.223 0.056 0.264 0.457
0.017 0.068 0.483 0.432
0.374 0.252 0.165 0.209
0.155 0.26 0.187 0.398
0.017 0.004 0.93 0.049
24
0.006 0.977 0.01 0.007
0.946 0.017 0.014 0.023
0.466 0.024 0.081 0.429
0.7 0.048 0.024 0.228
0.253 0.022 0.277 0.448
0.22 0.083 0.308 0.389
24
0.028 0.289 0.131 0.552
0.728 0.207 0.023 0.042
0.351 0.074 0.082 0.493
0.208 0.19 0.497 0.105
0.037 0.151 0.317 0.495
0.948 0.004 0.007 0.041

24
0.085 0.187 0.603 0.125
0.026 0.714 0.157 0.103
0.006 0.011 0.959 0.024
0.206 0.734 0.029 0.031
0.155 0.044 0.222 0.579
0.158 0.06 0.072 0.71
24
0.036 0.041 0.914 0.009
0.164 0.566 0.056 0.214
0.028 0.63 0.012 0.33
0.116 0.069 0.704 0.111
0.299 0.506 0.143 0.052
0.124 0.212 0.473 0.191
24
0.002 0.002 0.992 0.004
0.138 0.044 0.221 0.597
0.006 0.065 0.321 0.608
0.024 0.057 0.153 0.766
0.024 0.033 0.905 0.038
0.307 0.185 0.502 0.006
24
0.602 0.039 0.035 0.324
0.012 0.195 0.199 0.594
0.291 0.187 0.124 0.398
0.125 0.483 0.299 0.093
0.286 0.047 0.073 0.594
0.427 0.195 0.182 0.196

24
0.021 0.235 0.132 0.612
0.055 0.354 0.011 0.58
0.873 0.038 0.026 0.063
0.377 0.074 0.004 0.545
0.955 0.017 0.011 0.017
0.222 0.635 0.086 0.057
24
0.972 0.002 0.009 0.017
0.008 0.623 0.015 0.354
0.102 0.039 0.852 0.007
0.006 0.241 0.692 0.061
0.023 0.019 0.05 0.908
0.491 0.321 0.138 0.05
24
0.058 0.715 0.016 0.211
0.073 0.423 0.326 0.178
0.009 0.704 0.181 0.106
0.001 0.511 0.234 0.254
0.388 0.205 0.363 0.044
0.02 0.086 0.11 0.784
24
0.284 0.542 0.071 0.103
0.099 0.578 0.104 0.219
0.041 0.512 0.318 0.129
0.041 0.489 0.131 0.339
0.007 0.705 0.115 0.173
0.206 0.38 0.392 0.022

24
0.126 0.038 0.83 0.006
0.709 0.007 0.067 0.217
0.038 0.39 0.251 0.321
0.287 0.075 0.024 0.614
0.267 0.572 0.026 0.135
0.002 0.002 0.988 0.008
24
0.048 0.022 0.02 0.91
0.195 0.093 0.647 0.065
0.757 0.071 0.106 0.066
0.023 0.519 0.147 0.311
0.045 0.022 0.883 0.05
0.106 0.012 0.727 0.155
24
0.025 0.015 0.27 0.69
0.002 0.953 0.035 0.01
0.14 0.8 0.005 0.055
0.257 0.141 0.064 0.538
0.165 0.626 0.199 0.01
0.229 0.342 0.316 0.113
24
0.039 0.268 0.616 0.077
0.497 0.088 0.256 0.159
0.004 0.07 0.89 0.036
0.051 0.018 0.223 0.708
0.54 0.129 0.097 0.234
0.011 0.011 0.157 0.821

18
0.427 0.474 0.099
0.034 0.034 0.932
0.712 0.074 0.214
0.03 0.256 0.714
0.107 0.855 0.038
0.25 0.016 0.734
18
0.432 0.303 0.265
0.25 0.642 0.108
0.112 0.792 0.096
0.422 0.009 0.569
0.009 0.102 0.889
0.008 0.047 0.945
18
0.006 0.737 0.257
0.669 0.321 0.01
0.014 0.024 0.962
0.537 0.014 0.449
0.026 0.97 0.004
0.738 0.065 0.197
18
0.022 0.97 0.008
0.96 0.01 0.03
0.054 0.296 0.65
0.403 0.052 0.545
0.231 0.104 0.665
0.55 0.016 0.434

4
0.542 0.458
0.72 0.28
4
0.344 0.656
0.265 0.735
4
0.816 0.184
0.314 0.686
