V-CREDAL
8
2 3 4 4 2 3 3 4
8
1 0
2 4 1
1 2
3 0 1 3
1 4
2 1 5
3 2 4 6
2 0 7

4
0.5 0.5
0.066 0.934

12
0.258 0.19 0.552
0.168 0.219 0.613
0.271 0.095 0.634
0.379 0.104 0.517
12
0.83 0.159 0.011
0.122 0.391 0.487
0.271 0.046 0.683
0.939 0.002 0.059

16
0.216 0.099 0.63 0.055
0.052 0.659 0.164 0.125
0.053 0.632 0.086 0.229
0.254 0.096 0.413 0.237

16
0.936 0.004 0.054 0.006
0.854 0.015 0.072 0.059
0.768 0.068 0.092 0.072
0.002 0.718 0.279 0.001
16
0.016 0.917 0.028 0.039
0.038 0.038 0.857 0.067
0.345 0.254 0.282 0.119
0.021 0.268 0.534 0.177
16
0.01 0.016 0.939 0.035
0.009 0.124 0.095 0.772
0.609 0.021 0.327 0.043
0.017 0.267 0.706 0.01
16
0.093 0.651 0.212 0.044
0.104 0.64 0.192 0.064
0.281 0.026 0.138 0.555
0.183 0.577 0.069 0.171
16
0.048 0.001 0.117 0.834
0.006 0.022 0.011 0.961
0.213 0.135 0.241 0.411
0.039 0.044 0.801 0.116
16
0.595 0.374 0.002 0.029
0.107 0.082 0.012 0.799
0.012 0.664 0.249 0.075
0.077 0.444 0.272 0.207

4
0.67 0.33
0.88 0.12

12
0.035 0.804 0.161
0.531 0.346 0.123
0.206 0.187 0.607
0.205 0.691 0.104
12
0.798 0.028 0.174
0.658 0.274 0.068
0.238 0.457 0.305
0.003 0.049 0.948
12
0.17 0.018 0.812
0.21 0.012 0.778
0.441 0.06 0.499
0.337 0.424 0.239

12
0.605 0.161 0.234
0.456 0.437 0.107
0.814 0.021 0.165
0.894 0.044 0.062
12
0.021 0.841 0.138
0.188 0.485 0.327
0.151 0.825 0.024
0.435 0.154 0.411
12
0.117 0.003 0.88
0.012 0.853 0.135
0.143 0.837 0.02
0.129 0.155 0.716
12
0.166 0.529 0.305
0.74 0.246 0.014
0.206 0.66 0.134
0.153 0.565 0.282
12
0.092 0.014 0.894
0.229 0.727 0.044
0.687 0.143 0.17
0.002 0.966 0.032
12
0.799 0.002 0.199
0.022 0.43 0.548
0.381 0.031 0.588
0.848 0.109 0.043
12
0.053 0.937 0.01
0.653 0.067 0.28
0.023 0.08 0.897
0.428 0.014 0.558
12
0.174 0.79 0.036
0.514 0.336 0.15
0.279 0.228 0.493
0.51 0.43 0.06

16
0.209 0.177 0.607 0.007
0.01 0.316 0.289 0.385
0.007 0.073 0.004 0.916
0.125 0.669 0.16 0.046
16
0.253 0.491 0.225 0.031
0.569 0.42 0.002 0.009
0.904 0.009 0.07 0.017
0.142 0.148 0.664 0.046
