V-CREDAL
6
3 3 4 3 4 3
6
1 0
2 0 1
2 1 2
2 2 3
2 3 4
2 4 5

18
0.002 0.045 0.953
0.919 0.03 0.051
0.079 0.576 0.345
0.625 0.264 0.111
0.472 0.366 0.162
0.02 0.537 0.443

18
0.004 0.986 0.01
0.006 0.845 0.149
0.072 0.639 0.289
0.359 0.234 0.407
0.005 0.882 0.113
0.944 0.025 0.031
18
0.001 0.995 0.004
0.4 0.449 0.151
0.062 0.162 0.776
0.327 0.203 0.47
0.145 0.812 0.043
0.419 0.251 0.33
18
0.027 0.394 0.579
0.033 0.637 0.33
0.315 0.078 0.607
0.662 0.205 0.133
0.438 0.508 0.054
0.072 0.814 0.114

24
0.016 0.104 0.493 0.387
0.065 0.051 0.108 0.776
0.027 0.795 0.167 0.011
0.28 0.188 0.217 0.315
0.064 0.832 0.004 0.1
0.036 0.075 0.061 0.828
24
0.011 0.001 0.987 0.001
0.005 0.874 0.002 0.119
0.404 0.385 0.204 0.007
0.16 0.011 0.759 0.07
0.114 0.036 0.093 0.757
0.002 0.181 0.773 0.044
24
0.059 0.689 0.227 0.025
0.0 0.002 0.001 0.997
0.843 0.095 0.037 0.025
0.347 0.089 0.357 0.207
0.742 0.183 0.046 0.029
0.206 0.218 0.367 0.209

18
0.16 0.794 0.046
0.106 0.844 0.05
0.436 0.206 0.358
0.435 0.441 0.124
0.0 0.056 0.944
0.038 0.567 0.395
18
0.817 0.016 0.167
0.821 0.068 0.111
0.001 0.998 0.001
0.019 0.526 0.455
0.112 0.019 0.869
0.043 0.332 0.625
18
0.007 0.801 0.192
0.979 0.007 0.014
0.099 0.142 0.759
0.275 0.723 0.002
0.036 0.924 0.04
0.504 0.039 0.457
18
0.273 0.045 0.682
0.774 0.045 0.181
0.042 0.754 0.204
0.768 0.226 0.006
0.15 0.684 0.166
0.041 0.624 0.335

24
0.222 0.262 0.116 0.4
0.022 0.056 0.606 0.316
0.242 0.628 0.025 0.105
0.162 0.144 0.516 0.178
0.05 0.305 0.074 0.571
0.032 0.821 0.006 0.141
24
0.661 0.06 0.194 0.085
0.403 0.16 0.08 0.357
0.0 0.001 0.999 0.0
0.001 0.696 0.294 0.009
0.02 0.842 0.006 0.132
0.07 0.13 0.598 0.202
24
0.022 0.576 0.252 0.15
0.006 0.016 0.831 0.147
0.45 0.03 0.436 0.084
0.058 0.096 0.309 0.537
0.28 0.393 0.161 0.166
0.036 0.088 0.875 0.001

18
0.169 0.25 0.581
0.168 0.789 0.043
0.321 0.197 0.482
0.736 0.233 0.031
0.704 0.148 0.148
0.064 0.672 0.264
18
0.252 0.56 0.188
0.216 0.058 0.726
0.076 0.08 0.844
0.872 0.124 0.004
0.643 0.326 0.031
0.09 0.419 0.491
18
0.001 0.001 0.998
0.973 0.01 0.017
0.332 0.658 0.01
0.007 0.961 0.032
0.287 0.001 0.712
0.634 0.365 0.001
18
0.014 0.023 0.963
0.062 0.886 0.052
0.317 0.653 0.03
0.948 0.0 0.052
0.024 0.867 0.109
0.926 0.038 0.036
