V-CREDAL 
6 
3 3 2 3 2 3 
6 
3 2 5 0 
3 3 4 1 
1 2 
1 3 
1 4 
2 4 5 

18 
0.72383 0.19561 0.08056 
0.11887 0.0661 0.81503 
0.23605 0.64942 0.11453 
0.4299 0.12555 0.44455 
0.03327 0.30814 0.65859 
0.04837 0.15965 0.79198 
18 
0.69523 0.28332 0.02145 
0.08092 0.90846 0.01062 
0.00576 0.01063 0.98361 
0.61253 0.0585 0.32897 
0.82501 0.12392 0.05107 
0.20651 0.01963 0.77386 
18 
0.00925 0.98716 0.00359 
0.74509 0.16802 0.08689 
0.00136 0.04902 0.94962 
0.11255 0.01281 0.87464 
0.82783 0.06711 0.10506 
0.27536 0.02133 0.70331 
18 
0.79904 0.11073 0.09023 
0.07439 0.57208 0.35353 
0.55224 0.37058 0.07718 
0.05995 0.677 0.26305 
0.30128 0.6143 0.08442 
0.15387 0.48281 0.36332 
18 
0.05241 0.82878 0.11881 
0.28954 0.36219 0.34827 
0.93673 0.04748 0.01579 
0.56893 0.13924 0.29183 
0.2137 0.71389 0.07241 
0.87819 0.02454 0.09727 
18 
0.00197 0.30273 0.6953 
0.03367 0.92397 0.04236 
0.75751 0.10351 0.13898 
0.54407 0.39785 0.05808 
0.00219 0.04998 0.94783 
0.55737 0.38019 0.06244 

18 
0.25785 0.10826 0.63389 
0.82085 0.01964 0.15951 
0.83565 0.15124 0.01311 
0.99488 8.7E-4 0.00425 
0.00876 0.8794 0.11184 
0.08282 0.50416 0.41302 
18 
0.90237 0.04597 0.05166 
0.00808 0.3436 0.64832 
0.34638 0.03892 0.6147 
0.03479 0.94058 0.02463 
0.06835 0.07274 0.85891 
0.91963 0.05837 0.022 
18 
0.23549 0.68415 0.08036 
0.24609 0.35519 0.39872 
0.93706 0.02542 0.03752 
0.22377 0.63473 0.1415 
0.88877 0.07407 0.03716 
0.38281 0.1638 0.45339 
18 
9.0E-5 0.00304 0.99687 
0.92864 0.04243 0.02893 
0.95262 0.00197 0.04541 
0.07042 0.92373 0.00585 
9.2E-4 0.19479 0.80429 
0.00703 0.98113 0.01184 
18 
0.00104 0.99793 0.00103 
0.02523 0.03407 0.9407 
0.98384 0.01396 0.0022 
0.00737 0.49026 0.50237 
0.96335 0.00511 0.03154 
0.69095 0.01197 0.29708 
18 
0.07954 0.02771 0.89275 
0.00285 0.83047 0.16668 
0.01258 0.49651 0.49091 
0.66343 0.30025 0.03632 
0.95107 0.02462 0.02431 
0.2745 0.62213 0.10337 

4 
0.90083 0.09917 
0.7387 0.2613 

18 
0.00919 0.0136 0.97721 
0.97413 0.00537 0.0205 
0.08807 0.87923 0.0327 
0.05381 0.87088 0.07531 
0.02972 0.82875 0.14153 
0.94483 0.00456 0.05061 

4 
0.6355 0.3645 
0.19954 0.80046 

18 
2.0E-5 0.973 0.02698 
0.56712 0.20615 0.22673 
0.00782 0.0763 0.91588 
0.42322 0.42862 0.14816 
0.13946 0.05909 0.80145 
0.03885 0.92959 0.03156 
18 
0.02489 0.01637 0.95874 
0.15607 0.11157 0.73236 
0.32434 0.23127 0.44439 
0.78827 0.11995 0.09178 
0.85065 0.08828 0.06107 
0.21452 0.00771 0.77777 
