V-CREDAL 
8 
4 2 2 2 3 2 3 3 
8 
1 0 
2 0 1 
2 1 2 
2 2 3 
2 3 4 
2 4 5 
2 5 6 
2 6 7 

16 
0.26917 0.48822 0.23225 0.01036 
0.09978 0.24081 0.61159 0.04782 
0.72206 0.02228 0.25497 6.9E-4 
0.01937 0.27136 0.10442 0.60485 

4 
0.04632 0.95368 
0.87939 0.12061 
4 
0.18554 0.81446 
0.04932 0.95068 
4 
0.63464 0.36536 
0.35815 0.64185 
4 
0.23765 0.76235 
0.80005 0.19995 

4 
0.74552 0.25448 
0.08391 0.91609 
4 
0.10645 0.89355 
0.08732 0.91268 

4 
0.15379 0.84621 
0.37454 0.62546 
4 
0.54648 0.45352 
0.87319 0.12681 

12 
0.75593 0.06681 0.17726 
0.11038 0.76489 0.12473 
0.18202 0.27443 0.54355 
0.91281 0.03928 0.04791 
12 
0.17484 0.59013 0.23503 
0.20318 0.45033 0.34649 
0.06413 0.47637 0.4595 
0.08991 0.64145 0.26864 

4 
0.94839 0.05161 
0.91783 0.08217 
4 
0.51407 0.48593 
0.55164 0.44836 
4 
0.32587 0.67413 
0.16292 0.83708 

12 
0.34261 0.05834 0.59905 
0.67848 0.093 0.22852 
0.13177 0.82815 0.04008 
0.17729 0.17877 0.64394 
12 
0.21191 0.69891 0.08918 
0.22558 0.5437 0.23072 
0.69087 0.23283 0.0763 
0.54444 0.09284 0.36272 

12 
0.01958 0.3704 0.61002 
0.27499 0.60689 0.11812 
0.56917 0.16702 0.26381 
0.20529 0.16799 0.62672 
12 
0.57195 0.10874 0.31931 
0.0607 0.07435 0.86495 
0.09525 0.60523 0.29952 
0.52984 0.20624 0.26392 
12 
0.08073 0.52921 0.39006 
0.52865 0.1567 0.31465 
0.33873 0.60452 0.05675 
0.02303 0.02273 0.95424 
