V-CREDAL 
6 
4 4 4 2 2 5 
6 
1 0 
2 0 1 
2 1 2 
2 2 3 
2 3 4 
2 4 5 

16 
0.45332 0.06234 0.02854 0.4558 
0.03243 0.45242 0.07317 0.44198 
0.43022 0.19042 0.18718 0.19218 
0.19471 0.42612 0.12932 0.24985 

16 
0.11798 0.45521 0.18052 0.24629 
0.29004 0.48054 0.15494 0.07448 
0.06883 0.15237 0.01576 0.76304 
0.82958 0.12505 0.01897 0.0264 
16 
0.07044 0.2318 0.62218 0.07558 
7.0E-4 0.39689 0.0524 0.55001 
0.82813 0.0127 0.02523 0.13394 
0.01707 0.30132 0.04832 0.63329 
16 
0.22642 0.3382 0.21735 0.21803 
0.86348 0.01642 0.0157 0.1044 
0.02885 0.83103 0.12313 0.01699 
0.91415 0.0734 0.00235 0.0101 
16 
0.08629 0.14158 0.73934 0.03279 
0.34622 0.49237 0.03766 0.12375 
1.4E-4 0.69837 0.29525 0.00624 
0.18154 0.53234 0.11457 0.17155 

16 
0.0622 0.58151 0.03515 0.32114 
0.1813 0.01308 0.41153 0.39409 
0.04336 0.02621 0.81521 0.11522 
0.13952 0.71476 0.10634 0.03938 
16 
0.52389 0.01253 0.09264 0.37094 
0.02861 0.3154 0.26979 0.3862 
0.24211 0.11206 0.58193 0.0639 
0.05945 0.11062 0.43221 0.39772 
16 
0.22884 0.10954 0.24362 0.418 
0.04414 0.76896 0.12339 0.06351 
0.01354 0.10101 0.00475 0.8807 
0.31759 0.27364 0.35721 0.05156 
16 
0.51058 0.22483 0.11173 0.15286 
0.01723 0.03468 0.77279 0.1753 
0.24144 0.27301 0.14044 0.34511 
0.09831 0.75679 0.00463 0.14027 

4 
0.81041 0.18959 
0.7988 0.2012 
4 
0.10897 0.89103 
0.6088 0.3912 
4 
0.2249 0.7751 
0.55499 0.44501 
4 
0.30425 0.69575 
0.94059 0.05941 

4 
0.72485 0.27515 
0.04203 0.95797 
4 
0.40692 0.59308 
0.99143 0.00857 

20 
0.12617 0.49233 0.09503 0.12326 0.16321 
0.02661 0.08336 0.06247 1.6E-4 0.8274 
0.0281 0.136 0.52402 0.07916 0.23272 
0.01241 0.10342 0.09166 0.21037 0.58214 
20 
0.02136 0.9341 0.01789 7.2E-4 0.02593 
0.00765 0.01873 0.02433 0.81146 0.13783 
0.32871 0.20207 0.1964 0.20428 0.06854 
0.04335 0.51538 0.1359 0.03531 0.27006 
