V-CREDAL 
6 
2 2 2 3 2 4 
6 
1 0 
2 0 1 
2 1 2 
2 2 3 
2 3 4 
2 4 5 

4 
0.849 0.151 
0.368 0.632 

4 
0.54 0.46 
0.484 0.516 
4 
0.414 0.586 
0.643 0.357 

4 
0.337 0.663 
0.131 0.869 
4 
0.533 0.467 
0.158 0.842 

18 
0.545 0.043 0.412 
0.09 0.231 0.679 
0.045 0.615 0.34 
0.789 0.142 0.069 
0.881 0.033 0.086 
0.539 0.351 0.11 
18 
0.744 0.16 0.096 
0.459 0.033 0.508 
0.035 0.9 0.065 
0.809 0.053 0.138 
0.043 0.127 0.83 
0.169 0.043 0.788 

4 
0.913 0.087 
0.44 0.56 
4 
0.833 0.167 
0.043 0.957 
4 
0.689 0.311 
0.376 0.624 

24 
0.018 0.722 0.002 0.258 
0.059 0.619 0.028 0.294 
0.598 0.247 0.142 0.013 
0.286 0.352 0.291 0.071 
0.518 0.031 0.129 0.322 
0.035 0.771 0.141 0.053 
24 
0.008 0.174 0.795 0.023 
0.026 0.025 0.672 0.277 
0.32 0.301 0.238 0.141 
0.46 0.042 0.355 0.143 
0.592 0.002 0.103 0.303 
0.121 0.359 0.202 0.318 
