V-CREDAL
10
4 4 3 2 4 4 2 3 2 2
10
1 0
2 0 1
2 1 2
2 2 3
2 3 4
2 4 5
2 5 6
2 6 7
2 7 8
2 8 9

16
0.02 0.893 0.05 0.037
0.539 0.029 0.303 0.129
0.039 0.269 0.202 0.49
0.081 0.181 0.542 0.196

16
0.662 0.068 0.039 0.231
0.097 0.895 0.0 0.008
0.023 0.104 0.079 0.794
0.458 0.271 0.185 0.086
16
0.791 0.139 0.027 0.043
0.683 0.217 0.029 0.071
0.048 0.353 0.069 0.53
0.06 0.081 0.844 0.015
16
0.013 0.978 0.009 0.0
0.183 0.343 0.41 0.064
0.07 0.38 0.102 0.448
0.061 0.149 0.568 0.222
16
0.074 0.553 0.356 0.017
0.007 0.0 0.002 0.991
0.315 0.105 0.02 0.56
0.111 0.07 0.469 0.35

12
0.005 0.619 0.376
0.006 0.076 0.918
0.704 0.248 0.048
0.097 0.717 0.186
12
0.03 0.306 0.664
0.819 0.169 0.012
0.429 0.015 0.556
0.255 0.435 0.31
12
0.1 0.492 0.408
0.165 0.48 0.355
0.231 0.029 0.74
0.819 0.12 0.061
12
0.07 0.817 0.113
0.245 0.531 0.224
0.604 0.249 0.147
0.567 0.383 0.05

4
0.342 0.658
0.614 0.386
4
0.035 0.965
0.422 0.578
4
0.604 0.396
0.949 0.051

16
0.39 0.296 0.133 0.181
0.326 0.315 0.291 0.068
0.057 0.4 0.326 0.217
0.046 0.521 0.001 0.432
16
0.025 0.283 0.038 0.654
0.211 0.761 0.013 0.015
0.058 0.436 0.168 0.338
0.047 0.079 0.012 0.862

16
0.518 0.07 0.378 0.034
0.008 0.009 0.55 0.433
0.186 0.71 0.044 0.06
0.403 0.262 0.265 0.07
16
0.067 0.037 0.027 0.869
0.156 0.517 0.121 0.206
0.433 0.126 0.204 0.237
0.738 0.177 0.007 0.078
16
0.011 0.663 0.273 0.053
0.131 0.863 0.002 0.004
0.073 0.088 0.002 0.837
0.061 0.146 0.138 0.655
16
0.032 0.615 0.252 0.101
0.889 0.066 0.009 0.036
0.559 0.085 0.098 0.258
0.037 0.095 0.741 0.127

4
0.579 0.421
0.436 0.564
4
0.904 0.096
0.054 0.946
4
0.534 0.466
0.446 0.554
4
0.519 0.481
0.981 0.019

12
0.005 0.161 0.834
0.079 0.378 0.543
0.38 0.302 0.318
0.255 0.442 0.303
12
0.141 0.093 0.766
0.613 0.01 0.377
0.019 0.957 0.024
0.709 0.272 0.019

4
0.118 0.882
0.716 0.284
4
0.157 0.843
0.397 0.603
4
0.119 0.881
0.148 0.852

4
0.725 0.275
0.996 0.004
4
0.157 0.843
0.208 0.792
