V-CREDAL 
10 
2 3 2 3 2 2 3 2 3 2 
10 
3 3 9 0 
3 0 6 1 
1 2 
1 3 
1 4 
2 8 5 
2 4 6 
2 5 7 
2 2 8 
2 5 9 

4 
0.89049 0.10951 
0.45571 0.54429 
4 
0.30664 0.69336 
0.23814 0.76186 
4 
0.77304 0.22696 
0.04606 0.95394 
4 
0.35925 0.64075 
0.52055 0.47945 
4 
0.24742 0.75258 
0.62319 0.37681 
4 
0.71856 0.28144 
0.61261 0.38739 

18 
0.35231 0.08138 0.56631 
0.08752 0.1709 0.74158 
0.01934 0.90422 0.07644 
0.733 0.19394 0.07306 
0.83384 0.07545 0.09071 
0.33264 0.08498 0.58238 
18 
0.14618 0.18288 0.67094 
0.03029 0.96811 0.0016 
0.75682 0.01643 0.22675 
0.41541 0.0372 0.54739 
0.11264 0.87768 0.00968 
0.02138 0.5306 0.44802 
18 
0.03876 0.89183 0.06941 
0.47414 0.48243 0.04343 
0.12911 0.11357 0.75732 
0.77626 0.12043 0.10331 
0.50313 0.03291 0.46396 
0.33893 0.63898 0.02209 
18 
0.76417 0.11528 0.12055 
0.34753 0.635 0.01747 
0.26033 0.44409 0.29558 
0.1265 0.09088 0.78262 
0.21471 0.06687 0.71842 
0.57281 0.0562 0.37099 
18 
0.75688 0.17775 0.06537 
0.11481 0.4925 0.39269 
0.46096 0.02211 0.51693 
0.16979 0.16258 0.66763 
0.04365 0.2831 0.67325 
0.72201 0.05833 0.21966 
18 
0.0138 0.20231 0.78389 
0.01124 0.97523 0.01353 
0.07605 0.03435 0.8896 
0.71267 0.01269 0.27464 
0.9571 0.00657 0.03633 
0.7259 0.25845 0.01565 

4 
0.26887 0.73113 
0.15075 0.84925 

18 
0.90603 0.01202 0.08195 
0.1036 0.01751 0.87889 
0.80851 0.15428 0.03721 
0.02331 0.58215 0.39454 
0.26121 0.62254 0.11625 
0.5728 0.00743 0.41977 

4 
0.23972 0.76028 
0.21523 0.78477 

4 
0.00118 0.99882 
0.65053 0.34947 
4 
0.26708 0.73292 
0.78334 0.21666 
4 
0.24801 0.75199 
0.33881 0.66119 

18 
1.1E-4 0.98693 0.01296 
0.02764 0.04056 0.9318 
0.94983 0.04146 0.00871 
0.92257 0.01168 0.06575 
0.01668 0.15909 0.82423 
0.07177 0.91668 0.01155 
18 
0.01955 0.61137 0.36908 
0.92501 0.06662 0.00837 
0.07866 0.03355 0.88779 
0.01748 0.97416 0.00836 
0.04919 0.097 0.85381 
0.59129 0.00647 0.40224 

4 
0.70139 0.29861 
0.26065 0.73935 
4 
0.99115 0.00885 
0.00233 0.99767 

18 
0.98858 0.00356 0.00786 
0.00128 0.01251 0.98621 
0.01012 0.98716 0.00272 
0.0067 0.72018 0.27312 
0.06827 0.00444 0.92729 
0.94605 0.04829 0.00566 
18 
0.01693 0.96476 0.01831 
0.48348 0.51484 0.00168 
0.90048 0.0864 0.01312 
0.01 0.06004 0.92996 
0.01578 0.03829 0.94593 
0.00426 0.57845 0.41729 

4 
0.72532 0.27468 
0.77694 0.22306 
4 
0.56116 0.43884 
0.38445 0.61555 
