V-CREDAL 
6 
3 3 3 3 2 2 
6 
2 5 0 
3 3 5 1 
3 1 4 2 
1 3 
1 4 
1 5 

12 
0.69688 0.17529 0.12783 
0.05099 0.62123 0.32778 
0.01701 0.97546 0.00753 
0.19895 0.41591 0.38514 
12 
0.85862 0.11236 0.02902 
0.17927 0.18701 0.63372 
0.04352 0.00468 0.9518 
0.78685 0.0154 0.19775 

12 
0.40316 0.46924 0.1276 
0.90805 0.06825 0.0237 
0.43341 0.49717 0.06942 
0.57914 0.37453 0.04633 
12 
0.032 0.8399 0.1281 
0.33166 0.23148 0.43686 
0.64275 0.03196 0.32529 
0.83654 0.04168 0.12178 
12 
0.15968 0.17142 0.6689 
0.09918 0.2465 0.65432 
0.10137 0.43682 0.46181 
0.72724 0.04409 0.22867 
12 
0.01626 0.88254 0.1012 
0.67251 0.23846 0.08903 
0.07604 0.19843 0.72553 
0.4804 0.51137 0.00823 
12 
0.45812 0.45142 0.09046 
0.00474 0.12253 0.87273 
0.0887 0.90427 0.00703 
0.12307 0.17323 0.7037 
12 
0.02414 0.63535 0.34051 
0.98446 0.01461 9.3E-4 
0.01635 0.08443 0.89922 
0.52096 0.34807 0.13097 

12 
6.2E-4 0.84775 0.15163 
0.1238 0.79674 0.07946 
0.46624 0.25066 0.2831 
0.25995 0.60759 0.13246 
12 
0.02072 0.95797 0.02131 
0.06218 0.22735 0.71047 
0.66388 0.06044 0.27568 
0.76062 0.22088 0.0185 
12 
0.21069 0.74396 0.04535 
0.03516 0.87177 0.09307 
0.37299 0.36137 0.26564 
0.00179 0.80197 0.19624 
12 
0.84504 0.03198 0.12298 
0.06328 0.27502 0.6617 
0.07639 0.91656 0.00705 
0.04288 0.42046 0.53666 
12 
0.43656 0.37959 0.18385 
0.11088 0.31743 0.57169 
0.00578 0.75754 0.23668 
0.59304 0.142 0.26496 
12 
0.95803 0.01613 0.02584 
0.2861 0.20815 0.50575 
0.99286 0.00288 0.00426 
0.74535 0.08994 0.16471 

12 
0.07212 0.13385 0.79403 
0.08922 0.85665 0.05413 
0.11302 0.10468 0.7823 
0.03492 0.31742 0.64766 

4 
0.29258 0.70742 
0.1857 0.8143 

4 
0.29822 0.70178 
0.88491 0.11509 
