V-CREDAL 
10 
2 3 2 2 3 3 3 3 3 3 
10 
1 0 
2 0 1 
2 1 2 
2 2 3 
2 3 4 
2 4 5 
2 5 6 
2 6 7 
2 7 8 
2 8 9 

4 
0.35049 0.64951 
0.53813 0.46187 

18 
0.00516 0.29182 0.70302 
0.05347 0.93305 0.01348 
0.45823 0.03714 0.50463 
0.73467 0.00138 0.26395 
0.86029 0.13874 9.7E-4 
0.02012 0.09904 0.88084 
18 
0.00393 3.1E-4 0.99576 
0.9217 0.05141 0.02689 
0.02906 0.94801 0.02293 
6.6E-4 0.85842 0.14092 
0.92953 0.01654 0.05393 
0.00781 0.89299 0.0992 

4 
0.18259 0.81741 
0.73516 0.26484 
4 
0.8492 0.1508 
0.64901 0.35099 
4 
0.81079 0.18921 
0.86256 0.13744 

4 
0.78873 0.21127 
0.16009 0.83991 
4 
0.67698 0.32302 
0.82659 0.17341 

18 
0.00196 0.97628 0.02176 
0.02247 0.01219 0.96534 
0.76184 0.23413 0.00403 
0.03135 0.96079 0.00786 
0.67958 0.06344 0.25698 
0.82901 0.14707 0.02392 
18 
0.78951 0.10332 0.10717 
0.00955 0.66534 0.32511 
0.59348 0.38404 0.02248 
0.44393 0.01533 0.54074 
0.01151 0.30261 0.68588 
0.21253 0.65604 0.13143 

18 
0.18243 0.69399 0.12358 
0.50221 0.08167 0.41612 
0.22713 0.34729 0.42558 
0.29335 0.13408 0.57257 
0.56052 0.28675 0.15273 
0.51926 0.09274 0.388 
18 
0.20079 0.51288 0.28633 
0.00982 0.30442 0.68576 
0.26811 0.02435 0.70754 
0.11221 0.12805 0.75974 
0.0186 0.52267 0.45873 
0.1604 0.78763 0.05197 
18 
0.84946 0.09178 0.05876 
0.02017 0.94462 0.03521 
0.30852 0.39024 0.30124 
0.39596 0.59981 0.00423 
0.60365 0.17973 0.21662 
0.1137 0.67651 0.20979 

18 
0.93039 0.04145 0.02816 
0.92942 0.04279 0.02779 
0.16176 0.27764 0.5606 
0.22629 0.38691 0.3868 
0.12577 0.10112 0.77311 
0.43603 0.52652 0.03745 
18 
0.05382 0.33823 0.60795 
0.06489 0.20251 0.7326 
0.38569 0.01767 0.59664 
0.31171 0.49833 0.18996 
0.35655 0.52613 0.11732 
0.85338 0.05961 0.08701 
18 
1.2E-4 0.96186 0.03802 
0.15386 0.43376 0.41238 
0.00992 0.67795 0.31213 
0.47775 0.51689 0.00536 
0.0238 0.94454 0.03166 
0.6134 0.11994 0.26666 

18 
0.00973 0.06897 0.9213 
0.64913 0.31135 0.03952 
0.07669 0.87434 0.04897 
0.02477 0.85063 0.1246 
0.73049 0.07731 0.1922 
0.44082 0.51889 0.04029 
18 
0.10877 0.66408 0.22715 
0.79596 0.01714 0.1869 
0.7509 0.23198 0.01712 
0.42014 0.31742 0.26244 
0.9622 0.01426 0.02354 
0.60835 0.34346 0.04819 
18 
0.06703 0.9111 0.02187 
0.89871 0.02332 0.07797 
0.92728 0.0711 0.00162 
0.00119 0.1112 0.88761 
0.31934 0.02256 0.6581 
0.03826 0.05075 0.91099 

18 
0.91842 0.0137 0.06788 
0.00691 0.95055 0.04254 
0.08272 0.87838 0.0389 
0.01215 0.03191 0.95594 
0.77734 0.21692 0.00574 
0.02418 0.02508 0.95074 
18 
0.95018 0.03159 0.01823 
0.70752 0.02328 0.2692 
0.05706 0.80351 0.13943 
0.12434 0.87235 0.00331 
0.00178 0.0141 0.98412 
0.0767 0.00601 0.91729 
18 
0.47963 0.04666 0.47371 
0.11864 0.04689 0.83447 
0.50322 0.0594 0.43738 
0.03891 0.89293 0.06816 
0.17643 0.01119 0.81238 
0.58229 0.19574 0.22197 

18 
0.2427 0.72668 0.03062 
0.96666 8.0E-5 0.03326 
0.00896 0.86421 0.12683 
0.46493 0.07556 0.45951 
0.19235 0.46321 0.34444 
0.40425 0.57957 0.01618 
18 
0.16118 0.38549 0.45333 
0.05818 0.23708 0.70474 
0.41885 0.40655 0.1746 
0.30103 0.48971 0.20926 
0.80138 0.04981 0.14881 
0.93645 0.02497 0.03858 
18 
0.66374 0.28074 0.05552 
0.05067 0.25135 0.69798 
0.01151 0.62236 0.36613 
0.16077 0.5973 0.24193 
0.50321 0.0082 0.48859 
0.17524 0.13181 0.69295 
