V-CREDAL
10
2 4 4 4 2 3 3 2 4 2
10
1 0
2 0 1
2 1 2
2 2 3
2 3 4
2 4 5
2 5 6
2 6 7
2 7 8
2 8 9

4
0.821 0.179
0.878 0.122

24
0.03 0.1 0.014 0.856
0.013 0.754 0.139 0.094
0.725 0.09 0.024 0.161
0.759 0.021 0.15 0.07
0.745 0.001 0.046 0.208
0.023 0.028 0.871 0.078
24
0.514 0.128 0.215 0.143
0.127 0.704 0.119 0.05
0.065 0.086 0.384 0.465
0.001 0.139 0.061 0.799
0.5 0.033 0.448 0.019
0.03 0.841 0.085 0.044

24
0.015 0.014 0.971 0.0
0.003 0.0 0.989 0.008
0.417 0.058 0.16 0.365
0.222 0.499 0.199 0.08
0.318 0.178 0.022 0.482
0.021 0.016 0.223 0.74
24
0.585 0.043 0.089 0.283
0.661 0.33 0.004 0.005
0.085 0.1 0.239 0.576
0.01 0.315 0.528 0.147
0.046 0.826 0.017 0.111
0.421 0.39 0.011 0.178
24
0.061 0.019 0.729 0.191
0.064 0.004 0.167 0.765
0.35 0.56 0.041 0.049
0.027 0.875 0.037 0.061
0.924 0.006 0.051 0.019
0.04 0.094 0.189 0.677
24
0.254 0.042 0.494 0.21
0.123 0.517 0.098 0.262
0.539 0.041 0.379 0.041
0.123 0.142 0.033 0.702
0.746 0.039 0.2 0.015
0.016 0.143 0.339 0.502

24
0.319 0.204 0.369 0.108
0.043 0.603 0.022 0.332
0.344 0.003 0.003 0.65
0.026 0.055 0.134 0.785
0.205 0.399 0.033 0.363
0.616 0.059 0.241 0.084
24
0.177 0.377 0.419 0.027
0.206 0.511 0.037 0.246
0.015 0.333 0.522 0.13
0.0 0.17 0.031 0.799
0.051 0.639 0.199 0.111
0.074 0.701 0.053 0.172
24
0.169 0.274 0.38 0.177
0.034 0.221 0.169 0.576
0.323 0.258 0.017 0.402
0.192 0.31 0.362 0.136
0.031 0.067 0.057 0.845
0.779 0.034 0.01 0.177
24
0.042 0.008 0.192 0.758
0.004 0.716 0.011 0.269
0.157 0.167 0.675 0.001
0.018 0.062 0.794 0.126
0.0 0.035 0.001 0.964
0.177 0.132 0.143 0.548

4
0.404 0.596
0.281 0.719
4
0.772 0.228
0.129 0.871
4
0.842 0.158
0.063 0.937
4
0.09 0.91
0.275 0.725

18
0.918 0.062 0.02
0.1 0.126 0.774
0.757 0.237 0.006
0.083 0.691 0.226
0.934 0.039 0.027
0.646 0.019 0.335
18
0.099 0.769 0.132
0.01 0.425 0.565
0.854 0.035 0.111
0.093 0.749 0.158
0.018 0.0 0.982
0.397 0.601 0.002

18
0.086 0.869 0.045
0.673 0.049 0.278
0.131 0.348 0.521
0.217 0.12 0.663
0.732 0.148 0.12
0.047 0.833 0.12
18
0.085 0.91 0.005
0.025 0.876 0.099
0.695 0.002 0.303
0.078 0.141 0.781
0.544 0.338 0.118
0.013 0.572 0.415
18
0.007 0.323 0.67
0.692 0.069 0.239
0.004 0.975 0.021
0.495 0.385 0.12
0.292 0.173 0.535
0.122 0.252 0.626

4
0.403 0.597
0.654 0.346
4
0.218 0.782
0.191 0.809
4
0.621 0.379
0.012 0.988

24
0.843 0.042 0.056 0.059
0.186 0.105 0.512 0.197
0.001 0.057 0.437 0.505
0.116 0.271 0.45 0.163
0.078 0.444 0.077 0.401
0.114 0.219 0.052 0.615
24
0.202 0.006 0.001 0.791
0.003 0.76 0.237 0.0
0.008 0.001 0.759 0.232
0.332 0.033 0.274 0.361
0.052 0.313 0.001 0.634
0.082 0.308 0.542 0.068

4
0.352 0.648
0.097 0.903
4
0.064 0.936
0.478 0.522
4
0.758 0.242
0.333 0.667
4
0.023 0.977
0.834 0.166
