V-CREDAL
6
2 4 4 4 2 2
6
2 2 0
2 5 1
2 5 2
2 1 3
2 1 4
1 5

4
0.264 0.736
0.374 0.626
4
0.859 0.141
0.92 0.08
4
0.002 0.998
0.952 0.048
4
0.05 0.95
0.705 0.295

16
0.056 0.215 0.08 0.649
0.296 0.349 0.083 0.272
0.878 0.061 0.012 0.049
0.595 0.284 0.071 0.05
16
0.195 0.504 0.007 0.294
0.646 0.153 0.187 0.014
0.003 0.959 0.037 0.001
0.772 0.05 0.014 0.164

16
0.244 0.482 0.002 0.272
0.268 0.259 0.346 0.127
0.029 0.235 0.063 0.673
0.014 0.321 0.062 0.603
16
0.018 0.846 0.009 0.127
0.527 0.386 0.015 0.072
0.914 0.023 0.005 0.058
0.337 0.104 0.557 0.002

16
0.017 0.694 0.001 0.288
0.286 0.239 0.195 0.28
0.576 0.158 0.074 0.192
0.122 0.123 0.178 0.577
16
0.018 0.058 0.881 0.043
0.89 0.084 0.025 0.001
0.488 0.008 0.493 0.011
0.144 0.068 0.117 0.671
16
0.082 0.297 0.099 0.522
0.125 0.836 0.028 0.011
0.275 0.054 0.379 0.292
0.575 0.421 0.001 0.003
16
0.048 0.3 0.367 0.285
0.557 0.04 0.093 0.31
0.014 0.143 0.148 0.695
0.145 0.306 0.094 0.455

4
0.476 0.524
0.31 0.69
4
0.475 0.525
0.307 0.693
4
0.097 0.903
0.705 0.295
4
0.902 0.098
0.764 0.236

4
0.478 0.522
0.035 0.965
