V-CREDAL
8
2 4 2 2 2 3 2 4
8
1 0
2 0 1
2 1 2
2 2 3
2 3 4
2 4 5
2 5 6
2 6 7

4
0.597 0.403
0.216 0.784

24
0.108 0.323 0.044 0.525
0.048 0.266 0.478 0.208
0.149 0.281 0.067 0.503
0.199 0.395 0.398 0.008
0.001 0.001 0.649 0.349
0.01 0.196 0.775 0.019
24
0.228 0.37 0.121 0.281
0.002 0.457 0.415 0.126
0.744 0.096 0.132 0.028
0.576 0.149 0.082 0.193
0.45 0.092 0.338 0.12
0.088 0.91 0.002 0.0

4
0.346 0.654
0.806 0.194
4
0.567 0.433
0.717 0.283
4
0.379 0.621
0.995 0.005
4
0.62 0.38
0.414 0.586

4
0.554 0.446
0.137 0.863
4
0.951 0.049
0.031 0.969

4
0.99 0.01
0.318 0.682
4
0.813 0.187
0.5 0.5

18
0.864 0.071 0.065
0.079 0.182 0.739
0.869 0.023 0.108
0.152 0.837 0.011
0.701 0.043 0.256
0.112 0.865 0.023
18
0.082 0.833 0.085
0.3 0.673 0.027
0.16 0.054 0.786
0.773 0.036 0.191
0.09 0.55 0.36
0.829 0.078 0.093

4
0.596 0.404
0.936 0.064
4
0.154 0.846
0.057 0.943
4
0.926 0.074
0.764 0.236

24
0.05 0.706 0.048 0.196
0.005 0.411 0.583 0.001
0.015 0.703 0.142 0.14
0.027 0.95 0.009 0.014
0.288 0.1 0.459 0.153
0.155 0.567 0.248 0.03
24
0.04 0.011 0.932 0.017
0.096 0.365 0.202 0.337
0.025 0.739 0.193 0.043
0.6 0.199 0.126 0.075
0.011 0.129 0.567 0.293
0.113 0.081 0.301 0.505
