V-CREDAL 
8 
3 2 2 2 3 3 4 4 
8 
1 0 
2 0 1 
2 1 2 
2 2 3 
2 3 4 
2 4 5 
2 5 6 
2 6 7 

12 
0.11137 0.87895 0.00968 
0.57938 0.07426 0.34636 
0.02647 0.02718 0.94635 
0.01295 0.06417 0.92288 

4 
0.34288 0.65712 
0.61457 0.38543 
4 
0.01583 0.98417 
0.59469 0.40531 
4 
0.48104 0.51896 
0.35175 0.64825 

4 
0.99598 0.00402 
0.50995 0.49005 
4 
0.82126 0.17874 
0.08425 0.91575 

4 
0.32091 0.67909 
0.25639 0.74361 
4 
0.43606 0.56394 
0.58629 0.41371 

12 
0.05965 0.05133 0.88902 
0.29673 0.68256 0.02071 
0.0646 0.45721 0.47819 
0.06289 0.00174 0.93537 
12 
0.55058 0.11256 0.33686 
0.30141 0.45191 0.24668 
0.13802 0.19849 0.66349 
0.20828 0.34664 0.44508 

12 
0.03677 0.53302 0.43021 
0.01034 0.9654 0.02426 
0.21626 0.2743 0.50944 
0.67506 0.13699 0.18795 
12 
0.32319 0.36452 0.31229 
0.08917 0.82026 0.09057 
0.04127 0.7577 0.20103 
0.00862 0.48966 0.50172 
12 
0.02716 0.05605 0.91679 
0.21872 0.55055 0.23073 
0.58614 0.37523 0.03863 
0.63872 0.21879 0.14249 

16 
0.34244 0.01134 0.64598 2.4E-4 
0.38777 0.18258 0.19287 0.23678 
0.01834 0.16937 0.54592 0.26637 
0.03512 0.38285 0.28414 0.29789 
16 
0.93677 0.00757 0.00552 0.05014 
0.0254 0.61644 0.18955 0.16861 
0.15154 0.09168 0.73658 0.0202 
0.35867 0.31118 0.1741 0.15605 
16 
0.0421 0.73205 0.18655 0.0393 
0.15497 0.06475 0.02171 0.75857 
0.78581 0.06882 0.04036 0.10501 
0.40473 0.02772 0.54527 0.02228 

16 
0.15535 0.37914 0.01214 0.45337 
0.44668 0.47454 0.02982 0.04896 
0.17632 0.78094 0.0376 0.00514 
0.56681 0.07856 0.08729 0.26734 
16 
0.26472 0.13321 0.09385 0.50822 
0.07127 0.00992 0.02708 0.89173 
0.05149 0.08855 0.8513 0.00866 
0.63259 0.09887 0.16524 0.1033 
16 
0.14368 0.7268 0.08209 0.04743 
0.14859 0.1718 0.5552 0.12441 
0.22604 0.04101 0.21097 0.52198 
4.9E-4 0.03967 0.00827 0.95157 
16 
0.19789 0.11222 0.36939 0.3205 
0.23807 0.67359 0.08759 7.5E-4 
0.03269 0.00171 0.9226 0.043 
0.45008 0.08537 0.44659 0.01796 
