V-CREDAL
6
2 2 4 2 2 4
6
3 1 5 0
2 3 1
3 3 4 2
1 3
1 4
1 5

4
0.039 0.961
0.089 0.911
4
0.231 0.769
0.549 0.451
4
0.229 0.771
0.822 0.178
4
0.246 0.754
0.864 0.136
4
0.827 0.173
0.13 0.87
4
0.987 0.013
0.202 0.798
4
0.75 0.25
0.747 0.253
4
0.339 0.661
0.495 0.505

4
0.692 0.308
0.848 0.152
4
0.257 0.743
0.527 0.473

24
0.107 0.002 0.783 0.108
0.073 0.01 0.457 0.46
0.195 0.106 0.536 0.163
0.172 0.202 0.52 0.106
0.036 0.203 0.174 0.587
0.249 0.195 0.508 0.048
24
0.033 0.169 0.236 0.562
0.152 0.168 0.315 0.365
0.037 0.369 0.017 0.577
0.031 0.009 0.008 0.952
0.213 0.428 0.358 0.001
0.73 0.034 0.123 0.113
24
0.032 0.066 0.406 0.496
0.169 0.056 0.022 0.753
0.281 0.099 0.096 0.524
0.031 0.356 0.253 0.36
0.126 0.036 0.193 0.645
0.003 0.087 0.124 0.786
24
0.948 0.003 0.038 0.011
0.672 0.01 0.284 0.034
0.13 0.221 0.059 0.59
0.887 0.0 0.001 0.112
0.863 0.021 0.02 0.096
0.185 0.292 0.342 0.181

4
0.357 0.643
0.113 0.887

4
0.615 0.385
0.491 0.509

24
0.023 0.259 0.558 0.16
0.038 0.003 0.002 0.957
0.323 0.001 0.017 0.659
0.01 0.012 0.008 0.97
0.007 0.069 0.051 0.873
0.054 0.714 0.096 0.136
