V-CREDAL
4
3 4 3 3
4
1 0
2 0 1
2 1 2
2 2 3

12
0.632 0.049 0.319
0.011 0.073 0.916
0.128 0.708 0.164
0.321 0.566 0.113

16
0.01 0.176 0.801 0.013
0.026 0.013 0.901 0.06
0.467 0.075 0.268 0.19
0.032 0.532 0.115 0.321
16
0.013 0.509 0.36 0.118
0.041 0.336 0.607 0.016
0.179 0.0 0.003 0.818
0.005 0.903 0.088 0.004
16
0.03 0.355 0.462 0.153
0.833 0.044 0.036 0.087
0.126 0.149 0.11 0.615
0.115 0.197 0.233 0.455

12
0.462 0.013 0.525
0.045 0.639 0.316
0.518 0.423 0.059
0.373 0.065 0.562
12
0.079 0.86 0.061
0.476 0.367 0.157
0.08 0.294 0.626
0.591 0.396 0.013
12
0.462 0.437 0.101
0.176 0.41 0.414
0.371 0.167 0.462
0.258 0.52 0.222
12
0.979 0.002 0.019
0.417 0.482 0.101
0.003 0.014 0.983
0.077 0.214 0.709

12
0.071 0.028 0.901
0.535 0.04 0.425
0.281 0.642 0.077
0.49 0.173 0.337
12
0.363 0.312 0.325
0.224 0.675 0.101
0.29 0.109 0.601
0.027 0.376 0.597
12
0.051 0.004 0.945
0.181 0.201 0.618
0.517 0.243 0.24
0.537 0.336 0.127
