V-CREDAL 
4 
3 3 4 2 
4 
1 0 
2 0 1 
2 1 2 
2 2 3 

12 
0.204 0.183 0.613 
0.602 0.278 0.12 
0.243 0.069 0.688 
0.43 0.328 0.242 

12 
0.926 0.05 0.024 
0.071 0.589 0.34 
0.181 0.747 0.072 
0.149 0.166 0.685 
12 
0.709 0.193 0.098 
0.255 0.033 0.712 
0.201 0.774 0.025 
0.017 0.058 0.925 
12 
0.266 0.095 0.639 
0.589 0.288 0.123 
0.161 0.613 0.226 
0.505 0.385 0.11 

16 
0.081 0.417 0.437 0.065 
0.002 0.042 0.268 0.688 
0.111 0.587 0.112 0.19 
0.119 0.181 0.21 0.49 
16 
0.479 0.021 0.34 0.16 
0.56 0.277 0.151 0.012 
0.678 0.105 0.058 0.159 
0.03 0.54 0.305 0.125 
16 
0.197 0.135 0.06 0.608 
0.173 0.088 0.434 0.305 
0.016 0.036 0.867 0.081 
0.088 0.666 0.119 0.127 

4 
0.183 0.817 
0.914 0.086 
4 
0.356 0.644 
0.299 0.701 
4 
0.811 0.189 
0.34 0.66 
4 
0.412 0.588 
0.689 0.311 
