V-CREDAL 
6 
3 3 2 4 4 4 
6 
1 0 
2 0 1 
2 1 2 
2 2 3 
2 3 4 
2 4 5 

18 
0.04071 0.04215 0.91714 
0.7218 0.02396 0.25424 
0.73689 0.04254 0.22057 
0.00218 0.99387 0.00395 
0.01553 0.17984 0.80463 
0.64842 0.16933 0.18225 

18 
0.00862 0.12559 0.86579 
0.02392 0.02096 0.95512 
0.00877 0.99108 1.5E-4 
0.92595 0.07298 0.00107 
0.01472 0.07559 0.90969 
0.81433 0.00271 0.18296 
18 
0.04289 0.00838 0.94873 
0.58593 0.03924 0.37483 
0.00363 0.99079 0.00558 
0.80182 0.15737 0.04081 
0.0094 0.08809 0.90251 
0.80405 0.18345 0.0125 
18 
0.03571 0.04859 0.9157 
0.82291 0.15948 0.01761 
0.18802 0.69812 0.11386 
0.16161 0.01198 0.82641 
0.87568 0.07853 0.04579 
0.08245 0.01549 0.90206 

4 
0.96511 0.03489 
0.44101 0.55899 
4 
0.98303 0.01697 
0.71579 0.28421 
4 
0.0055 0.9945 
0.62869 0.37131 

24 
0.74211 0.05822 0.06472 0.13495 
0.2276 0.26494 0.48985 0.01761 
0.77706 0.10182 0.07136 0.04976 
0.03683 0.29567 0.31322 0.35428 
0.43887 0.09188 0.44384 0.02541 
0.64721 0.2829 0.05282 0.01707 
24 
0.00474 0.88891 0.07378 0.03257 
0.53456 0.37448 0.03146 0.0595 
0.03561 0.25532 0.00706 0.70201 
0.26206 0.02195 0.1681 0.54789 
0.01165 0.11698 0.77931 0.09206 
0.02377 0.31272 0.21968 0.44383 

24 
0.68157 0.2509 0.01342 0.05411 
0.0216 0.00188 0.90202 0.0745 
0.24426 0.00675 0.15185 0.59714 
0.9645 0.00603 0.02167 0.0078 
0.10249 0.14727 0.72686 0.02338 
0.36063 0.11114 0.12724 0.40099 
24 
0.15274 0.69469 0.00461 0.14796 
0.6207 0.16115 0.16473 0.05342 
0.02894 0.12785 0.5066 0.33661 
0.08356 0.16139 0.63019 0.12486 
0.0559 0.12966 0.10706 0.70738 
0.02326 0.64041 0.02053 0.3158 
24 
0.08248 0.00457 0.36932 0.54363 
0.10524 0.02464 0.05404 0.81608 
0.84476 0.07811 0.01195 0.06518 
0.0167 0.48565 0.47109 0.02656 
0.01275 0.90497 0.06556 0.01672 
0.4849 0.00422 0.36227 0.14861 
24 
0.4338 0.20034 0.07294 0.29292 
0.11725 0.59049 0.04095 0.25131 
0.41405 0.33254 0.05789 0.19552 
0.40892 0.01722 0.26462 0.30924 
0.0022 0.21822 0.45222 0.32736 
0.55572 0.04815 0.09031 0.30582 

24 
0.14037 0.09902 0.19531 0.5653 
0.68057 0.00159 0.18461 0.13323 
0.10583 0.02093 0.74886 0.12438 
0.17217 0.32103 0.33521 0.17159 
5.6E-4 0.02723 0.9621 0.01011 
0.77737 0.04094 0.11421 0.06748 
24 
0.02369 0.02553 0.79649 0.15429 
0.02379 0.3193 0.44852 0.20839 
0.06128 0.04028 0.2813 0.61714 
0.71777 0.00625 0.00625 0.26973 
0.49437 0.30558 0.12496 0.07509 
0.00789 0.38977 0.06136 0.54098 
24 
0.77265 0.07757 0.13703 0.01275 
0.02625 0.02362 0.03609 0.91404 
0.95382 0.00119 0.0011 0.04389 
0.16971 0.08869 0.02964 0.71196 
0.01756 0.00932 0.4985 0.47462 
0.49218 0.23495 0.20311 0.06976 
24 
0.30878 0.17535 0.18445 0.33142 
0.41857 0.48315 0.02742 0.07086 
0.00855 0.95918 0.0062 0.02607 
0.18313 0.05157 0.11908 0.64622 
0.29385 0.12706 0.56835 0.01074 
0.1331 0.15662 0.31228 0.398 
