V-CREDAL
4
4 4 3 2
4
1 0
1 1
2 1 2
3 0 2 3

24
0.028 0.208 0.686 0.078
0.344 0.625 0.018 0.013
0.187 0.018 0.756 0.039
0.339 0.586 0.049 0.026
0.004 0.002 0.042 0.952
0.086 0.606 0.254 0.054

24
0.02 0.279 0.012 0.689
0.134 0.149 0.703 0.014
0.368 0.473 0.109 0.05
0.005 0.061 0.057 0.877
0.03 0.743 0.211 0.016
0.012 0.233 0.611 0.144

18
0.321 0.641 0.038
0.251 0.671 0.078
0.067 0.044 0.889
0.756 0.121 0.123
0.22 0.027 0.753
0.103 0.638 0.259
18
0.024 0.675 0.301
0.093 0.882 0.025
0.324 0.281 0.395
0.702 0.294 0.004
0.785 0.004 0.211
0.829 0.121 0.05
18
0.004 0.093 0.903
0.229 0.737 0.034
0.149 0.683 0.168
0.512 0.105 0.383
0.409 0.573 0.018
0.564 0.427 0.009
18
0.002 0.01 0.988
0.828 0.038 0.134
0.013 0.001 0.986
0.04 0.934 0.026
0.013 0.818 0.169
0.481 0.014 0.505

4
0.995 0.005
0.228 0.772
4
0.611 0.389
0.619 0.381
4
0.826 0.174
0.352 0.648
4
0.822 0.178
0.234 0.766
4
0.313 0.687
0.807 0.193
4
0.098 0.902
0.878 0.122
4
0.141 0.859
0.366 0.634
4
0.108 0.892
0.017 0.983
4
0.942 0.058
0.088 0.912
4
0.088 0.912
0.425 0.575
4
0.545 0.455
0.031 0.969
4
0.794 0.206
0.829 0.171
