V-CREDAL 
10 
2 2 2 2 2 3 2 2 3 3 
10 
2 2 0 
2 2 1 
2 7 2 
2 4 3 
1 4 
2 9 5 
2 7 6 
1 7 
3 3 6 8 
2 4 9 

4 
0.69216 0.30784 
0.07446 0.92554 
4 
0.1286 0.8714 
0.20342 0.79658 

4 
0.74349 0.25651 
0.38972 0.61028 
4 
0.69346 0.30654 
0.53263 0.46737 

4 
0.21338 0.78662 
0.3581 0.6419 
4 
0.67329 0.32671 
0.92379 0.07621 

4 
0.6607 0.3393 
0.25699 0.74301 
4 
0.0871 0.9129 
0.78274 0.21726 

4 
0.97555 0.02445 
0.90453 0.09547 

12 
0.02 0.57058 0.40942 
0.69106 0.23686 0.07208 
3.3E-4 0.17648 0.82319 
0.27928 0.61847 0.10225 
12 
0.64297 0.24745 0.10958 
0.53015 0.05824 0.41161 
0.07883 0.59296 0.32821 
0.74235 0.05797 0.19968 
12 
0.2463 0.63892 0.11478 
0.13528 4.3E-4 0.86429 
0.66086 0.10085 0.23829 
0.02415 0.85417 0.12168 

4 
0.87414 0.12586 
0.04158 0.95842 
4 
0.26225 0.73775 
0.14509 0.85491 

4 
0.61464 0.38536 
0.88529 0.11471 

12 
0.02418 0.57079 0.40503 
0.52593 0.33784 0.13623 
0.24435 0.06581 0.68984 
0.12188 0.16237 0.71575 
12 
0.02842 0.96164 0.00994 
0.52494 0.22707 0.24799 
0.9107 0.0223 0.067 
0.70974 0.24402 0.04624 
12 
0.82363 0.13005 0.04632 
0.14696 0.29462 0.55842 
0.24968 0.70964 0.04068 
0.12746 0.04629 0.82625 
12 
0.05168 0.02493 0.92339 
0.76036 0.1469 0.09274 
0.18916 0.68038 0.13046 
0.04714 0.50265 0.45021 

12 
0.49994 0.37343 0.12663 
0.25319 0.39859 0.34822 
0.17312 0.33708 0.4898 
0.12714 0.25161 0.62125 
12 
0.01466 0.57881 0.40653 
0.83101 0.02378 0.14521 
0.0797 0.62864 0.29166 
0.3406 0.27641 0.38299 
