V-CREDAL 
8 
3 3 3 2 4 3 3 2 
8 
1 0 
2 2 1 
3 0 6 2 
1 3 
2 1 4 
2 3 5 
2 7 6 
2 5 7 

12 
0.25331 0.6193 0.12739 
0.82092 0.11455 0.06453 
0.01255 0.49939 0.48806 
0.68664 0.26732 0.04604 

12 
0.0442 0.46219 0.49361 
0.30541 0.0471 0.64749 
0.20095 0.11454 0.68451 
0.0784 0.4194 0.5022 
12 
0.15722 0.75757 0.08521 
0.10687 0.16443 0.7287 
0.69277 0.08362 0.22361 
0.03179 0.69411 0.2741 
12 
0.36644 0.05663 0.57693 
0.34349 0.30772 0.34879 
0.57292 0.22009 0.20699 
0.74637 0.14087 0.11276 

12 
0.33527 0.52036 0.14437 
0.03879 0.48032 0.48089 
0.0023 0.61767 0.38003 
0.76455 0.0774 0.15805 
12 
0.22536 0.30195 0.47269 
0.02187 0.06224 0.91589 
0.97698 0.0012 0.02182 
0.05381 0.31236 0.63383 
12 
0.10105 0.0119 0.88705 
0.18977 0.76743 0.0428 
0.15603 0.70106 0.14291 
0.22104 0.34585 0.43311 
12 
0.02712 0.94217 0.03071 
0.342 0.05892 0.59908 
0.08074 0.91399 0.00527 
0.10818 0.3845 0.50732 
12 
0.35428 0.07806 0.56766 
0.2295 0.18258 0.58792 
0.08847 0.4779 0.43363 
0.36064 0.4355 0.20386 
12 
0.08876 0.14982 0.76142 
0.86638 0.0976 0.03602 
0.02353 0.97381 0.00266 
0.65998 0.09305 0.24697 
12 
0.03613 0.71803 0.24584 
0.12794 0.05564 0.81642 
0.96322 4.2E-4 0.03636 
0.02967 0.18752 0.78281 
12 
0.03496 0.83729 0.12775 
0.66473 0.14801 0.18726 
0.5767 0.00224 0.42106 
0.07755 0.19555 0.7269 
12 
0.02617 0.23149 0.74234 
0.12704 0.53603 0.33693 
0.4923 0.38498 0.12272 
0.14315 0.0951 0.76175 

4 
0.57602 0.42398 
0.26326 0.73674 

16 
0.17637 0.40409 0.40182 0.01772 
0.02042 0.03204 0.0679 0.87964 
0.05194 0.00909 0.92909 0.00988 
0.20305 0.40855 0.16929 0.21911 
16 
0.07545 0.14656 0.4156 0.36239 
0.03863 0.10484 0.85525 0.00128 
0.88182 0.02736 0.01521 0.07561 
0.03639 0.02813 0.55469 0.38079 
16 
0.00926 0.81254 0.14184 0.03636 
0.38368 0.32787 0.11331 0.17514 
0.00533 0.00492 0.91393 0.07582 
0.01904 0.00642 0.96952 0.00502 

12 
0.33335 0.09839 0.56826 
0.22464 0.52017 0.25519 
0.00963 0.21224 0.77813 
0.21233 0.0486 0.73907 
12 
0.96168 0.02496 0.01336 
0.78721 0.17677 0.03602 
0.41331 0.55705 0.02964 
0.06272 0.8168 0.12048 

12 
0.91385 0.00739 0.07876 
0.81801 0.13145 0.05054 
0.04484 0.02321 0.93195 
0.24332 0.58016 0.17652 
12 
0.71554 0.09334 0.19112 
0.12758 0.3251 0.54732 
0.62093 0.24089 0.13818 
0.28292 0.64055 0.07653 

4 
0.72024 0.27976 
0.93491 0.06509 
4 
0.37633 0.62367 
0.78713 0.21287 
4 
0.08358 0.91642 
0.67942 0.32058 
