V-CREDAL 
6 
2 2 3 3 2 3 
6 
1 0 
2 0 1 
1 2 
2 2 3 
1 4 
4 0 2 4 5 

4 
0.11728 0.88272 
0.66324 0.33676 

4 
0.60111 0.39889 
0.17252 0.82748 
4 
0.54158 0.45842 
0.09968 0.90032 

18 
0.99447 0.00148 0.00405 
0.0899 0.06513 0.84497 
0.02802 0.13179 0.84019 
7.0E-5 0.99422 0.00571 
0.65477 0.00616 0.33907 
0.88946 0.00208 0.10846 

18 
0.10454 0.01488 0.88058 
0.22856 0.75946 0.01198 
0.01024 0.95396 0.0358 
0.21289 0.02631 0.7608 
0.70605 0.24724 0.04671 
0.40058 0.58389 0.01553 
18 
0.75365 0.24408 0.00227 
0.00207 0.00247 0.99546 
3.8E-4 0.99944 1.8E-4 
0.98252 0.00144 0.01604 
3.1E-4 0.99871 9.8E-4 
0.62739 0.00128 0.37133 
18 
0.0474 0.81939 0.13321 
0.91722 0.02279 0.05999 
0.03199 0.01827 0.94974 
0.75228 0.24397 0.00375 
0.00451 0.42935 0.56614 
0.19229 0.79051 0.0172 

4 
0.4836 0.5164 
0.56504 0.43496 

18 
0.47658 0.23158 0.29184 
0.33456 0.64589 0.01955 
0.10318 0.47888 0.41794 
0.92885 0.0677 0.00345 
0.07505 0.81402 0.11093 
0.06714 0.77808 0.15478 
18 
0.03171 0.79956 0.16873 
0.07483 0.88881 0.03636 
0.31598 0.59703 0.08699 
0.70102 0.03373 0.26525 
0.00439 0.03279 0.96282 
0.01262 0.01593 0.97145 
18 
0.02072 0.01834 0.96094 
0.015 0.20615 0.77885 
0.11971 0.86849 0.0118 
0.62358 0.05967 0.31675 
0.01876 0.9777 0.00354 
0.09284 0.00855 0.89861 
18 
0.1812 0.78494 0.03386 
0.03901 0.31217 0.64882 
0.08865 0.0997 0.81165 
0.22628 0.7316 0.04212 
0.27977 0.22713 0.4931 
0.32661 0.45114 0.22225 
18 
0.91173 0.01008 0.07819 
0.09928 0.34881 0.55191 
0.3137 0.48462 0.20168 
0.5834 0.0818 0.3348 
0.26907 0.5033 0.22763 
0.76999 0.16926 0.06075 
18 
0.8584 0.08275 0.05885 
4.9E-4 0.94151 0.058 
0.04755 0.92694 0.02551 
0.47877 0.02824 0.49299 
0.12403 0.03328 0.84269 
0.5549 0.42222 0.02288 
18 
0.94835 0.00866 0.04299 
7.8E-4 0.99885 3.7E-4 
0.01619 0.02145 0.96236 
0.8704 0.12843 0.00117 
0.02759 0.0114 0.96101 
0.00676 0.36458 0.62866 
18 
0.85646 0.04628 0.09726 
0.01583 0.90872 0.07545 
0.67472 0.32327 0.00201 
0.72787 0.07348 0.19865 
0.42004 0.20044 0.37952 
0.13743 0.83226 0.03031 
18 
0.48973 0.47138 0.03889 
0.11797 0.56444 0.31759 
0.19029 0.63526 0.17445 
0.72311 0.04445 0.23244 
0.09955 0.0132 0.88725 
0.26574 0.61428 0.11998 
18 
9.2E-4 0.00197 0.99711 
0.81274 0.11171 0.07555 
0.16641 0.83252 0.00107 
0.01206 0.97982 0.00812 
0.13977 0.859 0.00123 
0.32479 0.65953 0.01568 
18 
0.19896 0.67413 0.12691 
0.72247 0.0286 0.24893 
0.23622 0.12748 0.6363 
0.38258 0.59598 0.02144 
0.01473 0.22422 0.76105 
0.89147 0.00599 0.10254 
18 
0.04086 0.77732 0.18182 
0.63764 0.35125 0.01111 
0.73466 0.16807 0.09727 
0.26794 0.00915 0.72291 
0.2672 0.72766 0.00514 
0.73801 0.07033 0.19166 
