V-CREDAL 
10 
2 2 3 3 4 2 3 2 4 3 
10 
1 0 
2 0 1 
2 1 2 
2 2 3 
2 3 4 
2 4 5 
2 5 6 
2 6 7 
2 7 8 
2 8 9 

4 
0.02568 0.97432 
0.02162 0.97838 

4 
0.96077 0.03923 
0.34528 0.65472 
4 
0.89037 0.10963 
0.96557 0.03443 

18 
0.96474 0.02639 0.00887 
0.03947 0.02291 0.93762 
0.01007 0.91896 0.07097 
0.41665 0.54553 0.03782 
0.00114 0.09171 0.90715 
0.89201 0.00419 0.1038 
18 
0.00147 0.00455 0.99398 
0.0028 0.97881 0.01839 
0.2967 0.0035 0.6998 
0.92721 0.03906 0.03373 
0.89829 0.0128 0.08891 
0.00452 0.99301 0.00247 

18 
0.19511 0.62623 0.17866 
0.63031 0.17199 0.1977 
0.38406 0.0185 0.59744 
0.08755 0.01226 0.90019 
0.05049 0.13178 0.81773 
0.32797 0.55779 0.11424 
18 
0.45575 0.05389 0.49036 
0.10155 0.81111 0.08734 
0.08449 0.40915 0.50636 
0.17457 0.07583 0.7496 
0.1094 0.11927 0.77133 
0.44494 0.22305 0.33201 
18 
0.24417 0.23011 0.52572 
0.29288 0.49358 0.21354 
0.11281 0.02654 0.86065 
0.04337 0.23287 0.72376 
0.16837 0.41478 0.41685 
0.2009 0.11999 0.67911 

24 
0.25055 0.01957 0.62083 0.10905 
0.07118 0.13484 0.76514 0.02884 
0.58841 0.02635 0.37703 0.00821 
0.64578 0.00492 0.29147 0.05783 
0.003 0.00172 0.00417 0.99111 
0.02045 0.44928 0.16325 0.36702 
24 
0.29796 0.54683 0.01476 0.14045 
0.43444 0.38965 0.11577 0.06014 
5.5E-4 0.98209 1.3E-4 0.01723 
0.06727 0.05979 0.75662 0.11632 
0.01846 0.96501 0.00722 0.00931 
0.05479 0.12778 0.73751 0.07992 
24 
0.04813 0.01945 0.88867 0.04375 
0.20524 0.04344 0.42827 0.32305 
0.13749 0.11457 0.04842 0.69952 
0.31246 0.44833 0.13575 0.10346 
0.11266 0.29142 0.29975 0.29617 
0.46885 0.04677 0.31602 0.16836 

4 
0.41961 0.58039 
0.55702 0.44298 
4 
0.66584 0.33416 
0.2783 0.7217 
4 
0.34975 0.65025 
0.46135 0.53865 
4 
0.05915 0.94085 
0.8032 0.1968 

18 
0.12602 0.06921 0.80477 
0.09688 0.15596 0.74716 
0.37369 0.60288 0.02343 
0.36645 0.02247 0.61108 
0.97922 0.01633 0.00445 
0.08911 0.84571 0.06518 
18 
0.01001 0.08879 0.9012 
0.23906 0.57124 0.1897 
0.80549 0.00191 0.1926 
0.45932 0.50971 0.03097 
0.68708 0.002 0.31092 
0.88669 0.08597 0.02734 

4 
0.92706 0.07294 
0.99013 0.00987 
4 
0.81664 0.18336 
0.54997 0.45003 
4 
0.57625 0.42375 
0.26311 0.73689 

24 
0.20315 0.38893 0.00391 0.40401 
0.04338 0.10846 0.61667 0.23149 
0.0372 0.012 0.43788 0.51292 
0.572 0.03822 0.07229 0.31749 
0.31339 0.12638 0.04665 0.51358 
0.19957 0.05318 0.74723 2.0E-5 
24 
0.08979 0.31081 0.15305 0.44635 
0.06534 0.76434 0.14229 0.02803 
0.01276 0.13498 0.16344 0.68882 
0.19575 0.54242 0.01068 0.25115 
0.14786 0.46602 0.12578 0.26034 
0.05254 0.49308 0.18425 0.27013 

18 
0.36027 0.02766 0.61207 
0.89028 0.08427 0.02545 
0.08096 0.86736 0.05168 
0.02892 0.35063 0.62045 
0.01035 0.04172 0.94793 
0.89099 0.07137 0.03764 
18 
0.04518 0.9209 0.03392 
0.98444 0.01322 0.00234 
0.02153 0.40009 0.57838 
0.01173 0.03503 0.95324 
0.64775 0.34837 0.00388 
0.20953 0.77676 0.01371 
18 
0.48212 0.14067 0.37721 
0.73335 0.122 0.14465 
0.42177 0.56383 0.0144 
0.72526 0.21988 0.05486 
0.02114 0.30496 0.6739 
0.06419 0.50285 0.43296 
18 
0.44653 0.07974 0.47373 
0.7652 0.03465 0.20015 
0.21279 0.44496 0.34225 
0.23801 0.67419 0.0878 
0.3473 0.62714 0.02556 
0.98446 0.00927 0.00627 
