V-CREDAL 
10 
4 4 2 4 3 2 4 4 4 2 
10 
1 0 
2 0 1 
2 1 2 
2 2 3 
2 3 4 
2 4 5 
2 5 6 
2 6 7 
2 7 8 
2 8 9 

16 
0.726 0.152 0.06 0.062 
0.068 0.031 0.824 0.077 
0.001 0.001 0.986 0.012 
0.185 0.298 0.342 0.175 

16 
0.211 0.158 0.395 0.236 
0.458 0.037 0.244 0.261 
0.118 0.007 0.133 0.742 
0.368 0.123 0.176 0.333 
16 
0.008 0.273 0.409 0.31 
0.434 0.539 0.018 0.009 
0.512 0.097 0.372 0.019 
0.052 0.008 0.63 0.31 
16 
0.026 0.743 0.204 0.027 
0.135 0.091 0.241 0.533 
0.11 0.34 0.414 0.136 
0.051 0.332 0.06 0.557 
16 
0.011 0.73 0.243 0.016 
0.257 0.153 0.011 0.579 
0.148 0.464 0.343 0.045 
0.138 0.628 0.049 0.185 

4 
0.372 0.628 
0.996 0.004 
4 
0.088 0.912 
0.779 0.221 
4 
0.653 0.347 
0.993 0.007 
4 
0.007 0.993 
0.853 0.147 

16 
0.366 0.337 0.202 0.095 
0.002 0.007 0.007 0.984 
0.067 0.496 0.118 0.319 
0.733 0.044 0.172 0.051 
16 
0.061 0.073 0.392 0.474 
0.002 0.587 0.043 0.368 
0.009 0.038 0.182 0.771 
0.06 0.095 0.056 0.789 

12 
0.123 0.136 0.741 
0.071 0.835 0.094 
0.645 0.036 0.319 
0.896 0.031 0.073 
12 
0.014 0.91 0.076 
0.374 0.26 0.366 
0.022 0.825 0.153 
0.39 0.326 0.284 
12 
0.352 0.315 0.333 
0.081 0.052 0.867 
0.024 0.14 0.836 
0.833 0.043 0.124 
12 
0.478 0.036 0.486 
0.449 0.18 0.371 
0.151 0.659 0.19 
0.112 0.526 0.362 

4 
0.837 0.163 
0.408 0.592 
4 
0.404 0.596 
0.337 0.663 
4 
0.558 0.442 
0.287 0.713 

16 
0.17 0.049 0.356 0.425 
0.095 0.008 0.084 0.813 
0.002 0.075 0.002 0.921 
0.298 0.065 0.603 0.034 
16 
0.033 0.626 0.329 0.012 
0.015 0.855 0.063 0.067 
0.195 0.01 0.045 0.75 
0.052 0.02 0.73 0.198 

16 
0.526 0.199 0.002 0.273 
0.148 0.754 0.079 0.019 
0.154 0.528 0.163 0.155 
0.104 0.004 0.88 0.012 
16 
0.428 0.045 0.483 0.044 
0.029 0.214 0.598 0.159 
0.342 0.135 0.033 0.49 
0.718 0.038 0.054 0.19 
16 
0.209 0.055 0.286 0.45 
0.001 0.019 0.97 0.01 
0.142 0.213 0.139 0.506 
0.044 0.441 0.023 0.492 
16 
0.832 0.016 0.092 0.06 
0.073 0.58 0.011 0.336 
0.166 0.53 0.134 0.17 
0.031 0.726 0.152 0.091 

16 
0.215 0.174 0.048 0.563 
0.495 0.01 0.197 0.298 
0.992 0.003 0.003 0.002 
0.141 0.288 0.191 0.38 
16 
0.564 0.122 0.187 0.127 
0.077 0.177 0.564 0.182 
0.182 0.138 0.635 0.045 
0.303 0.019 0.642 0.036 
16 
0.22 0.41 0.065 0.305 
0.078 0.318 0.306 0.298 
0.375 0.199 0.401 0.025 
0.158 0.09 0.568 0.184 
16 
0.856 0.052 0.03 0.062 
0.006 0.259 0.082 0.653 
0.108 0.396 0.283 0.213 
0.965 0.02 0.009 0.006 

4 
0.16 0.84 
0.373 0.627 
4 
0.557 0.443 
0.435 0.565 
4 
0.195 0.805 
0.229 0.771 
4 
0.172 0.828 
0.982 0.018 
