V-CREDAL
4
2 4 2 4
4
1 0
2 0 1
2 1 2
2 2 3

4
0.087 0.913
0.883 0.117

24
0.025 0.678 0.012 0.285
0.629 0.144 0.211 0.016
0.171 0.058 0.073 0.698
0.68 0.079 0.118 0.123
0.232 0.025 0.39 0.353
0.511 0.037 0.098 0.354
24
0.484 0.185 0.256 0.075
0.243 0.001 0.0 0.756
0.166 0.589 0.089 0.156
0.013 0.344 0.133 0.51
0.044 0.141 0.373 0.442
0.216 0.058 0.67 0.056

4
0.773 0.227
0.872 0.128
4
0.264 0.736
0.969 0.031
4
0.108 0.892
0.439 0.561
4
0.822 0.178
0.343 0.657

24
0.302 0.075 0.089 0.534
0.044 0.378 0.398 0.18
0.519 0.136 0.115 0.23
0.07 0.249 0.326 0.355
0.019 0.774 0.031 0.176
0.088 0.587 0.22 0.105
24
0.013 0.062 0.164 0.761
0.126 0.865 0.006 0.003
0.006 0.138 0.022 0.834
0.206 0.256 0.438 0.1
0.619 0.0 0.378 0.003
0.466 0.239 0.012 0.283
