V-CREDAL 
8 
4 3 2 5 2 4 3 4 
8 
2 5 0 
1 1 
2 3 2 
2 5 3 
2 5 4 
1 5 
2 4 6 
3 1 3 7 

24 
0.03881 0.80392 0.02689 0.13038 
0.02179 0.16417 0.62925 0.18479 
0.43174 0.18263 0.33773 0.0479 
0.07889 0.01628 0.6054 0.29943 
0.25392 0.39782 0.04335 0.30491 
0.46621 0.02506 0.43785 0.07088 
24 
0.00907 2.9E-4 1.4E-4 0.9905 
0.00201 0.1607 0.41584 0.42145 
0.16402 0.01815 0.00407 0.81376 
0.39283 0.53918 0.06608 0.00191 
0.11346 0.54366 0.00139 0.34149 
0.8612 0.01038 0.1051 0.02332 
24 
0.02403 0.08848 0.10013 0.78736 
0.66014 0.15143 0.09244 0.09599 
0.23755 0.50898 0.18051 0.07296 
0.25032 0.6091 0.12218 0.0184 
0.27767 0.0074 0.67158 0.04335 
0.07991 0.17746 0.02833 0.7143 
24 
0.47934 0.00441 0.17535 0.3409 
0.26735 0.12452 0.58045 0.02768 
0.10227 0.21261 0.60219 0.08293 
0.04704 0.49343 0.3943 0.06523 
0.32313 0.08288 0.47212 0.12187 
0.09361 0.21702 0.33008 0.35929 

18 
0.0688 0.76201 0.16919 
0.00357 0.26425 0.73218 
0.4125 0.11827 0.46923 
0.5059 0.41084 0.08326 
0.01186 0.61243 0.37571 
0.12585 0.2144 0.65975 

4 
0.05838 0.94162 
0.92675 0.07325 
4 
0.39154 0.60846 
0.04684 0.95316 
4 
0.77941 0.22059 
0.17704 0.82296 
4 
0.35147 0.64853 
0.21042 0.78958 
4 
0.06755 0.93245 
0.84927 0.15073 

30 
0.14007 0.20267 0.01731 0.00417 0.63578 
0.09247 0.78235 0.05048 0.02953 0.04517 
0.0459 0.03053 0.91334 0.00242 0.00781 
0.11353 0.38481 0.03969 0.45812 0.00385 
0.67624 0.02303 0.15759 0.09609 0.04705 
4.8E-4 1.0E-4 0.14576 0.83398 0.01968 
30 
0.17856 0.08912 0.36699 0.12386 0.24147 
0.00198 0.07479 0.07853 0.79774 0.04696 
0.04965 0.3128 0.08272 0.16849 0.38634 
0.05394 0.06736 0.05535 0.17677 0.64658 
0.69962 0.00375 2.0E-4 0.29012 0.00631 
0.03714 0.66541 0.03878 0.18815 0.07052 
30 
0.09983 0.06433 0.52187 0.15684 0.15713 
0.03445 0.0015 0.00542 0.87962 0.07901 
0.76527 0.06076 0.02803 0.02925 0.11669 
0.87453 0.02652 0.05957 0.00343 0.03595 
0.0371 0.04305 0.1401 0.09385 0.6859 
0.03751 0.0743 0.22736 0.51805 0.14278 
30 
0.08583 0.00459 0.02103 0.05132 0.83723 
0.01375 0.00989 0.5969 0.13187 0.24759 
0.00347 7.0E-4 0.04512 0.01334 0.93737 
0.00992 0.04685 0.28509 0.00703 0.65111 
0.0378 0.01125 0.37186 0.51596 0.06313 
0.82439 0.09619 0.00951 0.01098 0.05893 

4 
0.04875 0.95125 
0.84304 0.15696 
4 
0.50727 0.49273 
0.76431 0.23569 
4 
0.83451 0.16549 
0.40266 0.59734 
4 
0.08117 0.91883 
0.0744 0.9256 

24 
0.59562 0.02146 0.10496 0.27796 
0.7574 0.04874 0.11489 0.07897 
0.05326 0.05193 0.86714 0.02767 
0.03913 0.06802 0.85635 0.0365 
0.13148 0.05405 0.05322 0.76125 
0.00198 0.04761 0.03726 0.91315 

18 
0.89887 0.02862 0.07251 
0.28195 0.60164 0.11641 
0.01019 0.3057 0.68411 
0.119 0.00321 0.87779 
0.04184 0.6252 0.33296 
0.79772 0.16823 0.03405 
18 
0.65801 0.07175 0.27024 
0.03053 0.71604 0.25343 
0.79676 0.16322 0.04002 
0.11295 0.02899 0.85806 
0.05744 0.39554 0.54702 
0.0755 0.19293 0.73157 

24 
0.05164 0.18957 0.0015 0.75729 
0.80855 0.0649 0.01155 0.115 
0.00704 0.0413 0.08887 0.86279 
0.42208 0.25386 0.27836 0.0457 
0.33863 0.24475 0.24569 0.17093 
0.16518 0.01393 0.62637 0.19452 
24 
0.19422 0.45028 0.18904 0.16646 
0.42315 0.05128 0.459 0.06657 
0.00969 0.00558 0.59 0.39473 
0.47738 0.11162 0.40473 0.00627 
0.02328 0.039 0.12604 0.81168 
0.03134 0.09401 0.7262 0.14845 
24 
0.1043 0.40009 0.49212 0.00349 
0.6432 0.16287 0.19332 6.1E-4 
0.08659 0.90177 0.0091 0.00254 
0.08048 0.00102 0.08218 0.83632 
0.05101 0.01712 0.71935 0.21252 
0.10656 0.11388 0.01047 0.76909 
24 
0.39389 0.15463 0.37121 0.08027 
0.1747 0.01958 0.01165 0.79407 
0.00198 0.00231 0.17229 0.82342 
0.22267 0.33274 0.01902 0.42557 
0.32691 0.34586 0.10094 0.22629 
0.01982 0.22616 0.52385 0.23017 
24 
0.42319 0.07896 0.4179 0.07995 
0.30971 0.42991 0.16444 0.09594 
0.37094 0.05587 0.02258 0.55061 
0.03321 0.96449 2.8E-4 0.00202 
0.20011 0.42702 0.07008 0.30279 
0.37773 0.06203 0.51975 0.04049 
24 
0.12168 0.07618 0.44096 0.36118 
0.00231 0.71088 0.27015 0.01666 
0.33877 0.53655 0.02018 0.1045 
0.40525 0.02985 0.51493 0.04997 
0.16127 0.04466 0.77824 0.01583 
0.47746 0.0483 0.35816 0.11608 
24 
0.86643 0.06111 0.02919 0.04327 
0.17065 0.82253 0.00555 0.00127 
0.02225 0.6292 0.28906 0.05949 
0.2261 0.21856 0.10495 0.45039 
0.08561 0.1959 0.64728 0.07121 
0.62519 0.22682 0.00986 0.13813 
24 
0.64037 0.05114 0.17395 0.13454 
0.787 0.03468 0.03848 0.13984 
0.41082 0.31773 0.26962 0.00183 
0.01636 0.0232 0.23814 0.7223 
0.91656 0.02001 0.05883 0.0046 
0.11321 0.27619 0.33409 0.27651 
24 
0.01155 0.03803 0.86626 0.08416 
0.17626 0.11268 0.00616 0.7049 
0.10411 0.38786 0.46259 0.04544 
0.42673 0.13681 0.13774 0.29872 
0.06216 0.75408 0.05491 0.12885 
0.03765 0.54874 0.28715 0.12646 
24 
0.0127 0.20782 0.03465 0.74483 
0.25872 0.10035 0.00175 0.63918 
0.06998 0.79901 0.07698 0.05403 
0.728 0.07655 0.12656 0.06889 
0.01414 0.71965 0.05651 0.2097 
0.56401 0.04134 0.05191 0.34274 
24 
0.03398 0.05727 0.86327 0.04548 
0.09414 0.4889 0.14296 0.274 
0.27972 0.07084 0.53213 0.11731 
0.01103 0.21097 0.06752 0.71048 
0.11396 0.04451 0.1725 0.66903 
0.49035 0.48203 0.01534 0.01228 
24 
0.62972 0.03341 0.33359 0.00328 
0.29022 0.00162 0.26023 0.44793 
0.06131 0.17891 0.06564 0.69414 
0.10397 0.00625 0.86579 0.02399 
0.3619 8.7E-4 0.0198 0.61743 
0.85862 0.00936 0.0482 0.08382 
24 
0.09185 0.79722 0.03965 0.07128 
0.33874 0.39828 0.19763 0.06535 
0.04505 0.24766 0.01303 0.69426 
0.85856 0.02371 0.01499 0.10274 
8.0E-5 0.01418 0.98466 0.00108 
0.05393 0.08188 0.57105 0.29314 
24 
0.04267 0.01481 0.60814 0.33438 
0.08303 0.1223 0.56489 0.22978 
0.01908 0.71474 0.16376 0.10242 
0.13997 0.05483 0.46678 0.33842 
0.74841 0.14407 0.01761 0.08991 
0.06718 0.45992 0.19546 0.27744 
24 
0.22706 0.52049 0.04624 0.20621 
0.61671 0.09173 0.23498 0.05658 
0.87357 0.00528 0.04531 0.07584 
0.66482 0.16561 0.0493 0.12027 
0.07636 0.62675 0.14267 0.15422 
0.15819 0.70555 0.1316 0.00466 
