V-CREDAL
8
3 2 3 4 2 3 3 2
8
2 1 0
2 3 1
3 5 7 2
1 3
2 3 4
1 5
2 5 6
2 3 7

12
0.487 0.468 0.045
0.049 0.381 0.57
0.048 0.918 0.034
0.229 0.733 0.038
12
0.911 0.053 0.036
0.031 0.565 0.404
0.116 0.032 0.852
0.085 0.06 0.855

4
0.369 0.631
0.102 0.898
4
0.955 0.045
0.018 0.982
4
0.008 0.992
0.24 0.76
4
0.329 0.671
0.435 0.565

12
0.395 0.335 0.27
0.875 0.091 0.034
0.167 0.654 0.179
0.24 0.455 0.305
12
0.726 0.015 0.259
0.116 0.143 0.741
0.006 0.967 0.027
0.228 0.746 0.026
12
0.284 0.428 0.288
0.777 0.12 0.103
0.854 0.02 0.126
0.448 0.207 0.345
12
0.257 0.19 0.553
0.555 0.382 0.063
0.192 0.77 0.038
0.894 0.01 0.096
12
0.445 0.519 0.036
0.569 0.361 0.07
0.262 0.276 0.462
0.419 0.264 0.317
12
0.014 0.18 0.806
0.03 0.943 0.027
0.772 0.094 0.134
0.785 0.211 0.004

16
0.256 0.494 0.196 0.054
0.052 0.209 0.007 0.732
0.079 0.118 0.596 0.207
0.001 0.266 0.012 0.721

4
0.633 0.367
0.443 0.557
4
0.991 0.009
0.452 0.548
4
0.482 0.518
0.26 0.74
4
0.684 0.316
0.473 0.527

12
0.188 0.652 0.16
0.039 0.272 0.689
0.983 0.014 0.003
0.054 0.078 0.868

12
0.992 0.001 0.007
0.011 0.298 0.691
0.159 0.702 0.139
0.351 0.008 0.641
12
0.298 0.537 0.165
0.084 0.288 0.628
0.083 0.637 0.28
0.197 0.696 0.107
12
0.034 0.191 0.775
0.531 0.262 0.207
0.169 0.414 0.417
0.59 0.005 0.405

4
0.83 0.17
0.17 0.83
4
0.578 0.422
0.327 0.673
4
0.709 0.291
0.036 0.964
4
0.001 0.999
0.369 0.631
