V-CREDAL
5
4 3 3 3 2
5
1 0
3 3 4 1
1 2
3 0 2 3
1 4

16
0.008 0.92 0.051 0.021
0.259 0.395 0.283 0.063
0.0 0.015 0.983 0.002
0.008 0.183 0.053 0.756

12
0.837 0.163 0.0
0.158 0.659 0.183
0.027 0.194 0.779
0.008 0.526 0.466
12
0.182 0.809 0.009
0.134 0.523 0.343
0.303 0.178 0.519
0.558 0.045 0.397
12
0.642 0.358 0.0
0.027 0.945 0.028
0.66 0.253 0.087
0.024 0.794 0.182
12
0.276 0.376 0.348
0.084 0.808 0.108
0.505 0.366 0.129
0.58 0.089 0.331
12
0.007 0.091 0.902
0.279 0.35 0.371
0.109 0.065 0.826
0.717 0.009 0.274
12
0.194 0.553 0.253
0.273 0.055 0.672
0.814 0.1 0.086
0.785 0.163 0.052

12
0.43 0.063 0.507
0.883 0.044 0.073
0.043 0.938 0.019
0.14 0.464 0.396

12
0.137 0.638 0.225
0.314 0.171 0.515
0.254 0.41 0.336
0.14 0.13 0.73
12
0.16 0.317 0.523
0.009 0.197 0.794
0.165 0.785 0.05
0.042 0.934 0.024
12
0.08 0.014 0.906
0.022 0.011 0.967
0.006 0.27 0.724
0.093 0.784 0.123
12
0.007 0.247 0.746
0.327 0.634 0.039
0.699 0.094 0.207
0.29 0.182 0.528
12
0.62 0.105 0.275
0.649 0.128 0.223
0.793 0.083 0.124
0.1 0.244 0.656
12
0.363 0.564 0.073
0.366 0.315 0.319
0.174 0.616 0.21
0.125 0.029 0.846
12
0.086 0.913 0.001
0.8 0.118 0.082
0.007 0.163 0.83
0.189 0.027 0.784
12
0.005 0.6 0.395
0.222 0.361 0.417
0.14 0.853 0.007
0.018 0.02 0.962
12
0.788 0.147 0.065
0.492 0.46 0.048
0.877 0.002 0.121
0.671 0.147 0.182
12
0.385 0.08 0.535
0.027 0.915 0.058
0.875 0.036 0.089
0.223 0.737 0.04
12
0.064 0.247 0.689
0.89 0.001 0.109
0.174 0.552 0.274
0.129 0.173 0.698
12
0.561 0.434 0.005
0.488 0.286 0.226
0.011 0.001 0.988
0.07 0.082 0.848

4
0.45 0.55
0.191 0.809
