V-CREDAL 
6 
2 3 4 2 4 4 
6 
3 3 5 0 
2 2 1 
1 2 
1 3 
1 4 
3 1 4 5 

4 
0.397 0.603 
0.7 0.3 
4 
0.071 0.929 
0.408 0.592 
4 
0.142 0.858 
0.881 0.119 
4 
0.808 0.192 
0.065 0.935 
4 
0.886 0.114 
0.567 0.433 
4 
0.972 0.028 
0.46 0.54 
4 
0.605 0.395 
0.302 0.698 
4 
0.248 0.752 
0.949 0.051 

18 
0.009 0.025 0.966 
0.317 0.682 0.001 
0.024 0.918 0.058 
0.889 0.073 0.038 
0.887 0.029 0.084 
0.775 0.195 0.03 
18 
0.022 0.575 0.403 
0.003 0.094 0.903 
0.168 0.75 0.082 
0.825 0.004 0.171 
0.842 0.083 0.075 
0.238 0.757 0.005 
18 
0.997 0.001 0.002 
0.003 0.994 0.003 
0.002 0.005 0.993 
0.004 0.001 0.995 
0.004 0.994 0.002 
0.002 0.868 0.13 
18 
0.031 0.303 0.666 
0.182 0.783 0.035 
0.84 0.028 0.132 
0.174 0.015 0.811 
0.04 0.041 0.919 
0.026 0.049 0.925 

24 
0.748 0.13 0.073 0.049 
0.14 0.491 0.077 0.292 
0.006 0.048 0.335 0.611 
0.039 0.4 0.006 0.555 
0.016 0.473 0.181 0.33 
0.985 0.012 0.001 0.002 

4 
0.541 0.459 
0.312 0.688 

24 
0.006 0.034 0.909 0.051 
0.273 0.08 0.098 0.549 
0.202 0.402 0.091 0.305 
0.061 0.234 0.54 0.165 
0.677 0.017 0.297 0.009 
0.462 0.385 0.004 0.149 

24 
0.369 0.236 0.282 0.113 
0.203 0.369 0.179 0.249 
0.908 0.048 0.007 0.037 
0.099 0.002 0.858 0.041 
0.03 0.044 0.383 0.543 
0.079 0.306 0.151 0.464 
24 
0.266 0.314 0.389 0.031 
0.665 0.203 0.028 0.104 
0.07 0.004 0.004 0.922 
0.085 0.89 0.007 0.018 
0.002 0.001 0.002 0.995 
0.639 0.269 0.02 0.072 
24 
0.054 0.078 0.068 0.8 
0.002 0.03 0.966 0.002 
0.023 0.008 0.26 0.709 
0.049 0.223 0.628 0.1 
0.022 0.342 0.015 0.621 
0.092 0.202 0.611 0.095 
24 
0.239 0.036 0.057 0.668 
0.196 0.575 0.026 0.203 
0.662 0.016 0.319 0.003 
0.397 0.045 0.55 0.008 
0.017 0.35 0.064 0.569 
0.225 0.004 0.263 0.508 
24 
0.569 0.147 0.281 0.003 
0.444 0.024 0.07 0.462 
0.571 0.133 0.072 0.224 
0.044 0.252 0.6 0.104 
0.105 0.092 0.537 0.266 
0.024 0.008 0.082 0.886 
24 
0.023 0.839 0.08 0.058 
0.063 0.151 0.139 0.647 
0.071 0.113 0.812 0.004 
0.763 0.095 0.133 0.009 
0.463 0.028 0.077 0.432 
0.093 0.705 0.016 0.186 
24 
0.019 0.637 0.334 0.01 
0.129 0.865 0.002 0.004 
0.306 0.117 0.279 0.298 
0.229 0.281 0.338 0.152 
0.472 0.018 0.12 0.39 
0.202 0.724 0.038 0.036 
24 
0.433 0.415 0.01 0.142 
0.005 0.281 0.028 0.686 
0.002 0.014 0.014 0.97 
0.125 0.07 0.41 0.395 
0.913 0.063 0.014 0.01 
0.975 0.011 0.003 0.011 
24 
0.08 0.018 0.076 0.826 
0.241 0.224 0.19 0.345 
0.004 0.203 0.76 0.033 
0.051 0.045 0.86 0.044 
0.362 0.208 0.334 0.096 
0.059 0.517 0.086 0.338 
24 
0.069 0.448 0.262 0.221 
0.13 0.076 0.699 0.095 
0.203 0.148 0.319 0.33 
0.396 0.341 0.242 0.021 
0.015 0.014 0.961 0.01 
0.036 0.026 0.15 0.788 
24 
0.003 0.878 0.115 0.004 
0.219 0.157 0.523 0.101 
0.698 0.019 0.28 0.003 
0.23 0.382 0.094 0.294 
0.082 0.252 0.183 0.483 
0.141 0.039 0.034 0.786 
24 
0.11 0.219 0.629 0.042 
0.815 0.033 0.052 0.1 
0.215 0.563 0.009 0.213 
0.367 0.022 0.349 0.262 
0.872 0.01 0.097 0.021 
0.011 0.038 0.006 0.945 
