V-CREDAL 
6 
4 2 3 2 3 4 
6 
1 0 
2 0 1 
2 1 2 
2 2 3 
2 3 4 
2 4 5 

24 
0.18339 0.34884 0.28799 0.17978 
0.90621 2.6E-4 0.01338 0.08015 
0.25136 0.38444 0.17147 0.19273 
0.82403 0.09119 0.03695 0.04783 
0.02225 0.01789 0.02534 0.93452 
0.0086 0.02084 0.01604 0.95452 

4 
0.21804 0.78196 
0.40396 0.59604 
4 
0.23019 0.76981 
0.13634 0.86366 
4 
0.90909 0.09091 
0.03109 0.96891 
4 
0.97305 0.02695 
0.19613 0.80387 

18 
0.0815 0.00255 0.91595 
0.61307 0.36464 0.02229 
0.56997 0.18295 0.24708 
0.01541 0.97774 0.00685 
0.21304 0.01837 0.76859 
0.01665 0.44569 0.53766 
18 
0.00835 0.99024 0.00141 
0.76462 0.1667 0.06868 
0.03784 0.01868 0.94348 
0.7468 0.14007 0.11313 
0.4851 0.50314 0.01176 
0.761 0.14375 0.09525 

4 
0.99542 0.00458 
0.84245 0.15755 
4 
0.10516 0.89484 
0.85436 0.14564 
4 
0.63709 0.36291 
0.05476 0.94524 

18 
0.02541 0.82484 0.14975 
0.50323 0.03704 0.45973 
0.02514 0.85935 0.11551 
0.14869 0.05928 0.79203 
0.38889 0.53329 0.07782 
0.7214 0.13726 0.14134 
18 
0.93971 0.0028 0.05749 
0.01113 0.87377 0.1151 
0.46444 0.03763 0.49793 
0.08224 0.22563 0.69213 
0.10934 0.12027 0.77039 
0.75335 0.24606 5.9E-4 

24 
0.3578 0.28651 0.33638 0.01931 
0.03768 0.25077 0.65853 0.05302 
0.95967 1.4E-4 0.02819 0.012 
0.15051 0.2898 0.03608 0.52361 
0.4955 0.2802 0.21189 0.01241 
0.49976 0.32574 0.11163 0.06287 
24 
0.01606 0.01968 0.88588 0.07838 
0.07325 0.65279 0.18703 0.08693 
0.00234 0.0138 0.18515 0.79871 
0.16018 0.72135 0.10497 0.0135 
0.05722 0.70132 0.10282 0.13864 
0.45436 0.04942 0.02897 0.46725 
24 
0.30517 0.16901 0.4385 0.08732 
0.42424 0.07538 0.03291 0.46747 
0.03739 0.02005 0.01237 0.93019 
0.34806 0.5521 0.07724 0.0226 
0.36769 0.0814 0.5348 0.01611 
0.62761 0.20321 0.15586 0.01332 
