V-CREDAL
6
2 2 4 2 2 4
6
3 1 5 0
2 3 1
3 3 4 2
1 3
1 4
1 5

4
0.762 0.238
0.849 0.151
4
0.553 0.447
0.216 0.784
4
0.191 0.809
0.202 0.798
4
0.894 0.106
0.238 0.762
4
0.261 0.739
0.614 0.386
4
0.159 0.841
0.957 0.043
4
0.17 0.83
0.8 0.2
4
0.52 0.48
0.062 0.938

4
0.273 0.727
0.838 0.162
4
0.826 0.174
0.052 0.948

16
0.393 0.048 0.421 0.138
0.1 0.087 0.05 0.763
0.824 0.114 0.039 0.023
0.095 0.024 0.842 0.039
16
0.127 0.672 0.184 0.017
0.768 0.053 0.091 0.088
0.008 0.755 0.098 0.139
0.126 0.101 0.383 0.39
16
0.143 0.809 0.011 0.037
0.197 0.016 0.484 0.303
0.183 0.405 0.23 0.182
0.848 0.01 0.04 0.102
16
0.101 0.002 0.787 0.11
0.23 0.051 0.032 0.687
0.577 0.096 0.032 0.295
0.032 0.934 0.027 0.007

4
0.794 0.206
0.803 0.197

4
0.422 0.578
0.821 0.179

16
0.932 0.025 0.034 0.009
0.243 0.002 0.059 0.696
0.042 0.016 0.002 0.94
0.036 0.639 0.148 0.177
