V-CREDAL 
4 
4 4 4 2 
4 
3 1 2 0 
1 1 
2 3 2 
1 3 

24 
0.526 0.007 0.107 0.36 
0.037 0.296 0.088 0.579 
0.252 0.107 0.604 0.037 
0.061 0.803 0.133 0.003 
0.502 0.051 0.058 0.389 
0.386 0.175 0.04 0.399 
24 
0.083 0.108 0.218 0.591 
0.192 0.016 0.779 0.013 
0.873 0.006 0.009 0.112 
0.002 0.008 0.539 0.451 
0.037 0.919 0.036 0.008 
0.282 0.712 0.004 0.002 
24 
0.065 0.452 0.026 0.457 
0.022 0.026 0.03 0.922 
0.019 0.602 0.097 0.282 
0.552 0.05 0.302 0.096 
0.053 0.46 0.407 0.08 
0.063 0.056 0.029 0.852 
24 
0.892 0.032 0.052 0.024 
0.202 0.194 0.022 0.582 
0.07 0.766 0.136 0.028 
0.863 0.026 0.039 0.072 
0.107 0.688 0.099 0.106 
0.02 0.183 0.032 0.765 
24 
0.015 0.301 0.655 0.029 
0.146 0.128 0.137 0.589 
0.33 0.572 0.062 0.036 
0.846 0.092 0.021 0.041 
0.06 0.133 0.584 0.223 
0.125 0.063 0.618 0.194 
24 
0.009 0.036 0.824 0.131 
0.015 0.191 0.053 0.741 
0.255 0.13 0.42 0.195 
0.078 0.463 0.433 0.026 
0.107 0.003 0.011 0.879 
0.002 0.001 0.003 0.994 
24 
0.238 0.684 0.025 0.053 
0.046 0.685 0.06 0.209 
0.494 0.485 0.012 0.009 
0.028 0.651 0.276 0.045 
0.002 0.029 0.621 0.348 
0.184 0.067 0.478 0.271 
24 
0.096 0.307 0.079 0.518 
0.407 0.273 0.213 0.107 
0.055 0.049 0.692 0.204 
0.131 0.127 0.161 0.581 
0.776 0.128 0.022 0.074 
0.545 0.366 0.005 0.084 
24 
0.94 0.013 0.008 0.039 
0.038 0.882 0.048 0.032 
0.023 0.033 0.927 0.017 
0.361 0.001 0.004 0.634 
0.517 0.04 0.439 0.004 
0.893 0.034 0.049 0.024 
24 
0.216 0.129 0.625 0.03 
0.855 0.015 0.09 0.04 
0.069 0.165 0.453 0.313 
0.177 0.702 0.092 0.029 
0.683 0.19 0.026 0.101 
0.027 0.003 0.272 0.698 
24 
0.272 0.3 0.057 0.371 
0.002 0.008 0.005 0.985 
0.202 0.449 0.218 0.131 
0.581 0.062 0.001 0.356 
0.849 0.002 0.001 0.148 
0.24 0.152 0.163 0.445 
24 
0.963 0.017 0.019 0.001 
0.441 0.136 0.398 0.025 
0.384 0.066 0.099 0.451 
0.167 0.008 0.68 0.145 
0.098 0.478 0.336 0.088 
0.011 0.586 0.067 0.336 
24 
0.09 0.605 0.011 0.294 
0.003 0.242 0.753 0.002 
0.149 0.522 0.327 0.002 
0.341 0.012 0.641 0.006 
0.241 0.022 0.047 0.69 
0.099 0.739 0.073 0.089 
24 
0.859 0.02 0.039 0.082 
0.642 0.035 0.084 0.239 
0.174 0.163 0.578 0.085 
0.001 0.062 0.007 0.93 
0.006 0.976 0.011 0.007 
0.66 0.272 0.036 0.032 
24 
0.94 0.001 0.031 0.028 
0.045 0.621 0.186 0.148 
0.935 0.042 0.015 0.008 
0.494 0.473 0.031 0.002 
0.124 0.09 0.034 0.752 
0.011 0.886 0.026 0.077 
24 
0.021 0.258 0.521 0.2 
0.016 0.342 0.634 0.008 
0.824 0.054 0.053 0.069 
0.061 0.009 0.005 0.925 
0.235 0.51 0.222 0.033 
0.115 0.455 0.318 0.112 

24 
0.192 0.125 0.121 0.562 
0.019 0.32 0.659 0.002 
0.066 0.063 0.114 0.757 
0.007 0.003 0.972 0.018 
0.116 0.032 0.003 0.849 
0.497 0.009 0.426 0.068 

24 
0.942 0.05 0.003 0.005 
0.326 0.017 0.294 0.363 
0.125 0.331 0.416 0.128 
0.612 0.011 0.334 0.043 
0.011 0.152 0.004 0.833 
0.808 0.008 0.084 0.1 
24 
0.59 0.017 0.27 0.123 
0.132 0.34 0.144 0.384 
0.005 0.006 0.004 0.985 
0.077 0.187 0.605 0.131 
0.509 0.037 0.371 0.083 
0.128 0.04 0.067 0.765 

4 
0.742 0.258 
0.367 0.633 
