V-CREDAL
8
4 3 2 4 3 2 3 3
8
1 0
2 0 1
2 1 2
2 2 3
2 3 4
2 4 5
2 5 6
2 6 7

24
0.017 0.006 0.841 0.136
0.196 0.193 0.326 0.285
0.355 0.013 0.013 0.619
0.357 0.136 0.283 0.224
0.347 0.005 0.001 0.647
0.132 0.01 0.013 0.845

18
0.113 0.249 0.638
0.072 0.308 0.62
0.632 0.286 0.082
0.352 0.13 0.518
0.013 0.96 0.027
0.018 0.698 0.284
18
0.991 0.007 0.002
0.072 0.773 0.155
0.021 0.026 0.953
0.457 0.005 0.538
0.4 0.569 0.031
0.092 0.855 0.053
18
0.4 0.517 0.083
0.779 0.145 0.076
0.393 0.043 0.564
0.79 0.207 0.003
0.592 0.365 0.043
0.039 0.294 0.667
18
0.0 0.346 0.654
0.005 0.002 0.993
0.605 0.299 0.096
0.038 0.706 0.256
0.582 0.241 0.177
0.009 0.595 0.396

4
0.086 0.914
0.255 0.745
4
0.193 0.807
0.899 0.101
4
0.92 0.08
0.221 0.779

24
0.285 0.052 0.521 0.142
0.951 0.03 0.019 0.0
0.034 0.041 0.92 0.005
0.118 0.677 0.19 0.015
0.028 0.256 0.137 0.579
0.246 0.264 0.108 0.382
24
0.001 0.015 0.865 0.119
0.246 0.654 0.044 0.056
0.258 0.01 0.039 0.693
0.21 0.017 0.389 0.384
0.023 0.103 0.293 0.581
0.094 0.339 0.139 0.428

18
0.529 0.155 0.316
0.068 0.811 0.121
0.633 0.365 0.002
0.243 0.684 0.073
0.046 0.5 0.454
0.671 0.199 0.13
18
0.06 0.025 0.915
0.985 0.013 0.002
0.019 0.225 0.756
0.004 0.996 0.0
0.023 0.124 0.853
0.245 0.001 0.754
18
0.074 0.018 0.908
0.502 0.487 0.011
0.758 0.231 0.011
0.028 0.682 0.29
0.9 0.068 0.032
0.174 0.761 0.065
18
0.854 0.123 0.023
0.094 0.0 0.906
0.779 0.01 0.211
0.006 0.234 0.76
0.129 0.871 0.0
0.039 0.708 0.253

4
0.07 0.93
0.247 0.753
4
0.844 0.156
0.86 0.14
4
0.75 0.25
0.5 0.5

18
0.094 0.638 0.268
0.037 0.938 0.025
0.922 0.076 0.002
0.155 0.383 0.462
0.284 0.086 0.63
0.651 0.057 0.292
18
0.616 0.267 0.117
0.03 0.737 0.233
0.049 0.569 0.382
0.27 0.675 0.055
0.169 0.095 0.736
0.485 0.057 0.458

18
0.275 0.255 0.47
0.327 0.115 0.558
0.692 0.018 0.29
0.403 0.03 0.567
0.617 0.305 0.078
0.013 0.984 0.003
18
0.149 0.362 0.489
0.039 0.023 0.938
0.826 0.009 0.165
0.483 0.196 0.321
0.016 0.323 0.661
0.02 0.069 0.911
18
0.099 0.025 0.876
0.002 0.975 0.023
0.981 0.013 0.006
0.229 0.757 0.014
0.012 0.277 0.711
0.104 0.014 0.882
