V-CREDAL 
6 
3 2 2 3 3 2 
6 
2 4 0 
2 4 1 
2 3 2 
2 0 3 
1 4 
2 0 5 

18 
0.05479 0.00906 0.93615 
0.36939 0.42442 0.20619 
0.94718 0.01802 0.0348 
0.20853 0.42471 0.36676 
0.92363 0.01504 0.06133 
0.88419 0.07185 0.04396 
18 
0.10178 0.89591 0.00231 
0.18468 0.11878 0.69654 
0.33927 0.00847 0.65226 
0.86954 0.11368 0.01678 
0.10464 0.47471 0.42065 
0.8683 0.10462 0.02708 
18 
0.862 0.03451 0.10349 
0.42868 0.43951 0.13181 
0.8901 0.07959 0.03031 
0.17299 0.47189 0.35512 
0.60116 0.01476 0.38408 
0.01868 0.46635 0.51497 

4 
0.64145 0.35855 
0.82284 0.17716 
4 
0.77946 0.22054 
0.99095 0.00905 
4 
0.55006 0.44994 
0.42886 0.57114 

4 
0.79742 0.20258 
0.85583 0.14417 
4 
0.05652 0.94348 
0.00727 0.99273 
4 
0.19253 0.80747 
0.93917 0.06083 

18 
0.98786 0.00476 0.00738 
0.00676 0.97273 0.02051 
0.00653 0.00351 0.98996 
0.00374 0.507 0.48926 
0.10935 0.88961 0.00104 
0.00293 0.26172 0.73535 
18 
3.0E-5 1.3E-4 0.99984 
0.99018 0.00734 0.00248 
0.94588 7.0E-5 0.05405 
7.4E-4 0.99875 5.1E-4 
0.9932 0.0024 0.0044 
2.2E-4 0.52237 0.47741 
18 
0.4141 0.52592 0.05998 
0.0909 0.85155 0.05755 
0.12731 0.03718 0.83551 
0.71748 0.05883 0.22369 
0.06024 0.21564 0.72412 
0.83201 0.10045 0.06754 

18 
0.0214 0.05804 0.92056 
0.95005 0.04331 0.00664 
0.0314 0.13726 0.83134 
0.03564 0.00231 0.96205 
0.16957 0.60341 0.22702 
0.76945 0.02734 0.20321 

4 
0.68367 0.31633 
0.9256 0.0744 
4 
0.65345 0.34655 
0.79942 0.20058 
4 
0.19463 0.80537 
0.34735 0.65265 
