V-CREDAL
5
2 4 2 4 3
5
1 0
2 3 1
2 4 2
2 0 3
2 0 4

4
0.464 0.536
0.379 0.621

16
0.065 0.263 0.434 0.238
0.368 0.266 0.015 0.351
0.438 0.083 0.17 0.309
0.569 0.022 0.0 0.409
16
0.192 0.198 0.541 0.069
0.306 0.115 0.305 0.274
0.221 0.162 0.444 0.173
0.008 0.002 0.99 0.0
16
0.161 0.612 0.222 0.005
0.022 0.074 0.472 0.432
0.08 0.063 0.815 0.042
0.224 0.238 0.176 0.362
16
0.519 0.223 0.1 0.158
0.173 0.458 0.343 0.026
0.001 0.002 0.029 0.968
0.051 0.007 0.045 0.897

4
0.904 0.096
0.911 0.089
4
0.2 0.8
0.495 0.505
4
0.011 0.989
0.507 0.493

16
0.376 0.507 0.009 0.108
0.012 0.024 0.93 0.034
0.421 0.14 0.198 0.241
0.511 0.018 0.079 0.392
16
0.029 0.658 0.147 0.166
0.002 0.996 0.001 0.001
0.285 0.287 0.401 0.027
0.111 0.103 0.302 0.484

12
0.017 0.247 0.736
0.09 0.408 0.502
0.293 0.606 0.101
0.313 0.225 0.462
12
0.0 0.588 0.412
0.038 0.952 0.01
0.399 0.361 0.24
0.011 0.985 0.004
