V-CREDAL 
8 
2 2 3 2 3 3 2 2 
8 
2 6 0 
2 5 1 
2 1 2 
2 5 3 
2 3 4 
1 5 
1 6 
3 0 2 7 

4 
0.83561 0.16439 
0.32124 0.67876 
4 
0.33113 0.66887 
0.56563 0.43437 

4 
0.36805 0.63195 
0.33243 0.66757 
4 
0.81975 0.18025 
0.61528 0.38472 
4 
0.77883 0.22117 
0.71037 0.28963 

18 
0.12525 0.78016 0.09459 
0.0091 0.01437 0.97653 
0.44602 0.03464 0.51934 
0.07791 0.63513 0.28696 
0.58362 0.04755 0.36883 
0.51829 0.21794 0.26377 
18 
0.06905 0.81418 0.11677 
0.0757 0.10663 0.81767 
0.72114 0.14146 0.1374 
0.61907 0.34149 0.03944 
0.03057 0.43121 0.53822 
0.67081 0.26721 0.06198 

4 
0.99512 0.00488 
0.56347 0.43653 
4 
0.14155 0.85845 
0.41631 0.58369 
4 
0.51375 0.48625 
0.91856 0.08144 

18 
0.1773 0.42003 0.40267 
0.2781 0.67908 0.04282 
0.14788 0.07194 0.78018 
0.84759 0.05341 0.099 
0.91093 0.06867 0.0204 
0.47274 0.06301 0.46425 
18 
0.96508 0.01699 0.01793 
0.93339 0.06599 6.2E-4 
0.05473 0.02205 0.92322 
0.59191 0.38713 0.02096 
0.07585 0.1624 0.76175 
0.16673 0.50612 0.32715 

18 
0.09469 0.31031 0.595 
0.77103 0.16994 0.05903 
0.55354 0.24917 0.19729 
0.41555 0.07551 0.50894 
0.4683 0.06968 0.46202 
0.85552 0.13439 0.01009 

4 
0.50015 0.49985 
0.81262 0.18738 

4 
0.30385 0.69615 
0.37569 0.62431 
4 
0.47041 0.52959 
0.97793 0.02207 
4 
0.30924 0.69076 
0.21054 0.78946 
4 
0.87933 0.12067 
0.16857 0.83143 
4 
0.39854 0.60146 
0.19653 0.80347 
4 
0.20267 0.79733 
0.39074 0.60926 
