V-CREDAL 
8 
3 3 3 2 3 2 3 4 
8 
2 5 0 
1 1 
2 1 2 
2 2 3 
3 1 7 4 
1 5 
2 3 6 
2 5 7 

12 
0.93906 0.02744 0.0335 
0.36279 0.1565 0.48071 
0.00675 0.84048 0.15277 
0.64121 0.05341 0.30538 
12 
0.26353 0.38274 0.35373 
0.47863 0.50027 0.0211 
0.01577 0.44328 0.54095 
0.22567 0.67199 0.10234 

12 
0.14292 0.46996 0.38712 
0.09221 0.11359 0.7942 
0.87021 0.01282 0.11697 
0.22701 0.09351 0.67948 

12 
0.13928 0.26416 0.59656 
0.01868 0.94473 0.03659 
0.24227 0.1288 0.62893 
0.11458 0.66324 0.22218 
12 
0.72324 0.20757 0.06919 
0.02553 0.10526 0.86921 
0.00514 0.3614 0.63346 
0.45482 0.093 0.45218 
12 
0.26099 0.65621 0.0828 
0.67803 0.25191 0.07006 
0.12636 0.5783 0.29534 
0.90169 0.01543 0.08288 

4 
0.25878 0.74122 
0.63307 0.36693 
4 
0.43475 0.56525 
0.12793 0.87207 
4 
0.9826 0.0174 
0.43094 0.56906 

12 
0.24254 0.30268 0.45478 
5.0E-4 0.06053 0.93897 
0.24174 0.10733 0.65093 
0.13495 0.51219 0.35286 
12 
0.53962 0.11392 0.34646 
0.0751 0.66355 0.26135 
0.09295 0.21374 0.69331 
0.31925 0.03539 0.64536 
12 
0.07493 0.89904 0.02603 
0.3012 0.33489 0.36391 
0.33303 0.6613 0.00567 
0.08797 0.90426 0.00777 
12 
0.54398 0.0187 0.43732 
0.25206 0.0297 0.71824 
0.44466 0.33228 0.22306 
0.50469 0.3774 0.11791 
12 
0.22272 0.40187 0.37541 
0.79668 0.04572 0.1576 
0.04679 0.93972 0.01349 
0.34212 0.23804 0.41984 
12 
0.02763 0.96828 0.00409 
0.68385 0.09034 0.22581 
0.07476 0.92101 0.00423 
0.4904 0.13666 0.37294 
12 
0.15439 0.11737 0.72824 
0.97911 0.00835 0.01254 
2.0E-5 0.99871 0.00127 
0.01928 0.75696 0.22376 
12 
0.38622 0.45517 0.15861 
0.12865 0.4693 0.40205 
0.12152 0.135 0.74348 
0.30068 0.65736 0.04196 
12 
0.34898 0.47441 0.17661 
0.18601 0.17664 0.63735 
0.83643 0.15189 0.01168 
0.26261 0.39839 0.339 
12 
0.8934 0.05526 0.05134 
0.09492 0.84745 0.05763 
0.01461 0.15467 0.83072 
0.45783 0.50414 0.03803 
12 
0.02442 0.50153 0.47405 
2.1E-4 0.99839 0.0014 
0.88748 0.08974 0.02278 
0.37756 0.07183 0.55061 
12 
0.10652 0.01179 0.88169 
0.09436 0.58584 0.3198 
0.72816 0.06002 0.21182 
0.12467 0.8651 0.01023 

4 
0.23123 0.76877 
0.35595 0.64405 

12 
0.01211 0.76241 0.22548 
0.59021 0.06496 0.34483 
0.00334 0.12457 0.87209 
0.43441 0.45117 0.11442 
12 
0.00435 8.9E-4 0.99476 
0.7073 0.10823 0.18447 
0.08671 0.85798 0.05531 
0.64266 0.2929 0.06444 

16 
0.08234 0.50593 0.40424 0.00749 
0.32562 0.32042 0.03654 0.31742 
0.05754 0.39579 0.23115 0.31552 
0.83759 0.11698 0.0116 0.03383 
16 
0.41426 0.10003 0.48527 4.4E-4 
0.71721 0.1346 0.02725 0.12094 
0.0219 0.05815 0.58505 0.3349 
0.51455 0.2361 0.08487 0.16448 
