V-CREDAL 
8 
5 2 5 5 3 4 2 4 
8 
1 0 
2 0 1 
2 1 2 
2 2 3 
2 3 4 
2 4 5 
2 5 6 
2 6 7 

30 
0.76709 0.01305 0.03053 0.11036 0.07897 
0.08395 0.15239 0.04666 0.29162 0.42538 
0.09216 0.0092 0.0409 0.45759 0.40015 
0.09597 0.02225 0.24524 0.00757 0.62897 
0.09225 0.02467 0.50315 0.18236 0.19757 
0.26139 0.25427 0.06335 0.04398 0.37701 

4 
0.82852 0.17148 
0.15779 0.84221 
4 
0.30687 0.69313 
0.38279 0.61721 
4 
0.94724 0.05276 
0.72616 0.27384 
4 
0.18658 0.81342 
0.28387 0.71613 
4 
0.52457 0.47543 
0.35109 0.64891 

30 
0.05281 0.00453 0.93713 0.00271 0.00282 
0.16975 0.03831 0.05183 0.14197 0.59814 
0.0075 0.16811 0.37612 0.00443 0.44384 
7.0E-5 0.00133 0.22296 0.02816 0.74748 
0.38065 0.07433 0.16212 0.19704 0.18586 
0.04191 0.19458 0.04255 0.07409 0.64687 
30 
0.01079 0.26681 0.48585 0.15085 0.0857 
0.08042 0.0788 0.77513 0.0141 0.05155 
0.44054 0.00159 0.00541 0.27512 0.27734 
0.12329 0.07394 0.47069 0.28588 0.0462 
0.01022 0.00679 0.79656 0.05134 0.13509 
0.25822 6.5E-4 0.04762 0.01675 0.67676 

30 
0.25825 0.56244 0.13105 0.01263 0.03563 
0.64227 0.00776 0.21112 0.10549 0.03336 
0.3117 0.01528 0.16529 5.7E-4 0.50716 
0.33667 0.1852 0.23444 0.03484 0.20885 
0.0317 0.0023 0.07132 0.00376 0.89092 
0.00647 0.19573 0.09985 0.00737 0.69058 
30 
0.43204 0.02269 0.12056 0.04135 0.38336 
6.6E-4 0.06484 0.51712 0.41716 2.2E-4 
0.02008 0.44791 0.44661 0.06991 0.01549 
0.60361 0.13289 0.02899 0.08307 0.15144 
0.05361 0.00917 0.13889 0.67751 0.12082 
0.00226 0.09058 0.00184 0.90516 1.6E-4 
30 
0.81076 0.00527 0.17592 0.00153 0.00652 
0.00724 0.61759 0.00807 0.32183 0.04527 
0.01977 0.00345 0.03051 0.05148 0.89479 
0.63397 0.26414 0.06849 0.00248 0.03092 
0.09692 0.36378 0.02667 0.01704 0.49559 
0.01173 0.01988 3.8E-4 0.89411 0.0739 
30 
0.00634 0.03835 0.00271 0.93169 0.02091 
0.04366 0.84176 0.0581 0.03107 0.02541 
0.96219 0.00899 0.00337 0.02132 0.00413 
0.60526 0.21609 0.16018 0.01368 0.00479 
0.02344 0.00368 0.55366 0.00655 0.41267 
0.5286 0.41791 0.03844 0.0113 0.00375 
30 
0.1094 0.00727 0.87868 0.00433 3.2E-4 
0.95135 0.01926 0.02774 5.7E-4 0.00108 
0.06283 0.01395 0.15526 0.14357 0.62439 
0.5719 0.18092 0.07881 0.16322 0.00515 
0.39378 0.06506 0.12922 0.3628 0.04914 
0.04073 0.07125 0.82308 0.01746 0.04748 

18 
0.615 0.19463 0.19037 
0.04015 0.35595 0.6039 
0.08507 0.20629 0.70864 
0.36553 0.16452 0.46995 
0.51964 0.43019 0.05017 
0.04137 0.23461 0.72402 
18 
0.43956 0.45086 0.10958 
0.01136 0.98795 6.9E-4 
0.11167 0.02932 0.85901 
0.05941 0.09307 0.84752 
0.0209 0.97842 6.8E-4 
0.01122 0.55724 0.43154 
18 
0.05559 0.94007 0.00434 
0.06385 0.00453 0.93162 
0.01086 0.0141 0.97504 
0.94377 0.00994 0.04629 
0.45857 0.53349 0.00794 
0.77015 0.00408 0.22577 
18 
0.00968 0.0033 0.98702 
0.83945 0.10691 0.05364 
0.01689 0.80578 0.17733 
0.2115 0.76479 0.02371 
0.50683 0.49254 6.3E-4 
0.26036 0.73758 0.00206 
18 
0.08381 0.80484 0.11135 
0.03122 0.81805 0.15073 
0.40398 0.59489 0.00113 
0.98085 0.00134 0.01781 
0.16681 0.29222 0.54097 
0.01174 0.80755 0.18071 

24 
0.11279 0.78318 0.00685 0.09718 
0.28076 0.17106 0.21034 0.33784 
0.86859 0.09156 0.02047 0.01938 
0.05536 0.25405 0.13196 0.55863 
0.24757 0.29274 0.25212 0.20757 
0.20684 0.70595 0.04741 0.0398 
24 
0.00639 0.13033 0.00576 0.85752 
0.48394 0.1797 0.27951 0.05685 
4.8E-4 0.00284 0.3224 0.67428 
0.93718 0.02953 0.01234 0.02095 
0.1387 0.40758 0.40131 0.05241 
0.72684 8.1E-4 0.06639 0.20596 
24 
0.49492 0.49347 0.00215 0.00946 
0.5262 0.07582 0.17191 0.22607 
0.00257 0.93364 0.02676 0.03703 
0.11329 0.20407 0.04786 0.63478 
0.02528 0.30596 0.27599 0.39277 
0.86313 0.03352 0.07506 0.02829 

4 
0.2967 0.7033 
0.48768 0.51232 
4 
0.80247 0.19753 
0.65606 0.34394 
4 
0.1973 0.8027 
0.38427 0.61573 
4 
0.03675 0.96325 
0.6458 0.3542 

24 
0.05067 0.80847 0.05137 0.08949 
0.09507 0.04535 0.30472 0.55486 
0.18301 0.34645 0.46871 0.00183 
0.50102 0.17875 0.01921 0.30102 
0.0403 0.01125 0.01878 0.92967 
0.82061 0.06012 0.08986 0.02941 
24 
0.1581 0.06569 0.76518 0.01103 
0.23458 0.13929 0.00493 0.6212 
0.0044 0.37705 0.03514 0.58341 
0.03491 0.93386 0.00599 0.02524 
0.3892 0.04001 0.18598 0.38481 
0.14301 0.16984 0.01441 0.67274 
