V-CREDAL
8
3 4 4 4 2 4 3 2
8
1 0
2 0 1
2 1 2
2 2 3
2 3 4
2 4 5
2 5 6
2 6 7

18
0.001 0.0 0.999
0.016 0.854 0.13
0.917 0.012 0.071
0.651 0.348 0.001
0.921 0.077 0.002
0.931 0.016 0.053

24
0.667 0.055 0.26 0.018
0.04 0.098 0.179 0.683
0.795 0.036 0.049 0.12
0.642 0.032 0.259 0.067
0.139 0.826 0.003 0.032
0.031 0.147 0.441 0.381
24
0.138 0.029 0.748 0.085
0.517 0.015 0.009 0.459
0.135 0.617 0.068 0.18
0.047 0.318 0.626 0.009
0.004 0.015 0.09 0.891
0.227 0.568 0.129 0.076
24
0.295 0.582 0.054 0.069
0.48 0.165 0.347 0.008
0.018 0.09 0.062 0.83
0.017 0.323 0.312 0.348
0.396 0.511 0.073 0.02
0.064 0.825 0.009 0.102

24
0.269 0.004 0.019 0.708
0.014 0.777 0.196 0.013
0.06 0.199 0.5 0.241
0.02 0.807 0.169 0.004
0.554 0.161 0.064 0.221
0.744 0.035 0.143 0.078
24
0.176 0.53 0.069 0.225
0.098 0.721 0.129 0.052
0.09 0.078 0.016 0.816
0.095 0.105 0.382 0.418
0.02 0.117 0.028 0.835
0.191 0.459 0.084 0.266
24
0.139 0.242 0.474 0.145
0.18 0.003 0.174 0.643
0.019 0.555 0.294 0.132
0.037 0.014 0.242 0.707
0.342 0.038 0.447 0.173
0.025 0.726 0.185 0.064
24
0.245 0.443 0.013 0.299
0.466 0.078 0.04 0.416
0.449 0.313 0.104 0.134
0.063 0.003 0.045 0.889
0.005 0.124 0.033 0.838
0.536 0.003 0.461 0.0

24
0.014 0.013 0.002 0.971
0.252 0.381 0.198 0.169
0.41 0.044 0.539 0.007
0.067 0.098 0.635 0.2
0.846 0.094 0.058 0.002
0.439 0.005 0.084 0.472
24
0.006 0.039 0.051 0.904
0.991 0.004 0.005 0.0
0.042 0.926 0.011 0.021
0.649 0.006 0.165 0.18
0.388 0.021 0.425 0.166
0.761 0.049 0.141 0.049
24
0.004 0.023 0.001 0.972
0.001 0.969 0.023 0.007
0.093 0.018 0.872 0.017
0.991 0.003 0.001 0.005
0.005 0.093 0.517 0.385
0.035 0.012 0.868 0.085
24
0.016 0.041 0.883 0.06
0.156 0.298 0.485 0.061
0.289 0.103 0.247 0.361
0.066 0.881 0.046 0.007
0.038 0.022 0.893 0.047
0.139 0.63 0.084 0.147

4
0.136 0.864
0.586 0.414
4
0.204 0.796
0.75 0.25
4
0.703 0.297
0.831 0.169
4
0.055 0.945
0.627 0.373

24
0.005 0.02 0.019 0.956
0.188 0.073 0.602 0.137
0.026 0.957 0.004 0.013
0.351 0.229 0.324 0.096
0.19 0.187 0.619 0.004
0.021 0.081 0.884 0.014
24
0.0 0.877 0.121 0.002
0.124 0.078 0.277 0.521
0.001 0.0 0.98 0.019
0.694 0.168 0.032 0.106
0.164 0.675 0.101 0.06
0.929 0.024 0.012 0.035

18
0.01 0.532 0.458
0.009 0.981 0.01
0.047 0.03 0.923
0.651 0.271 0.078
0.428 0.042 0.53
0.593 0.132 0.275
18
0.075 0.577 0.348
0.776 0.195 0.029
0.133 0.843 0.024
0.018 0.068 0.914
0.165 0.813 0.022
0.258 0.081 0.661
18
0.004 0.442 0.554
0.066 0.913 0.021
0.155 0.058 0.787
0.04 0.004 0.956
0.35 0.295 0.355
0.001 0.962 0.037
18
0.635 0.158 0.207
0.097 0.678 0.225
0.443 0.499 0.058
0.246 0.43 0.324
0.467 0.269 0.264
0.016 0.982 0.002

4
0.175 0.825
0.611 0.389
4
0.193 0.807
0.044 0.956
4
0.676 0.324
0.873 0.127
