V-CREDAL 
10 
2 2 3 3 2 2 3 2 2 3 
10 
1 0 
2 0 1 
2 1 2 
2 2 3 
2 3 4 
2 4 5 
2 5 6 
2 6 7 
2 7 8 
2 8 9 

4 
0.93894 0.06106 
0.07993 0.92007 

4 
0.08466 0.91534 
0.80154 0.19846 
4 
0.84716 0.15284 
0.5758 0.4242 

18 
0.91472 0.06922 0.01606 
0.05537 0.58589 0.35874 
0.9289 0.0321 0.039 
0.00257 0.9955 0.00193 
0.14117 0.03172 0.82711 
0.86784 0.01167 0.12049 
18 
0.08585 0.05306 0.86109 
0.57568 0.21905 0.20527 
0.35077 0.09293 0.5563 
0.56081 0.43071 0.00848 
0.01646 0.89794 0.0856 
0.27914 0.7128 0.00806 

18 
0.03124 0.40335 0.56541 
0.57889 0.1534 0.26771 
0.03594 0.9595 0.00456 
0.20758 0.08014 0.71228 
0.47926 0.46581 0.05493 
0.17367 0.81221 0.01412 
18 
0.07098 0.89206 0.03696 
0.00509 0.04209 0.95282 
0.01176 0.20562 0.78262 
0.85502 0.01378 0.1312 
0.80869 0.18289 0.00842 
0.16305 0.03164 0.80531 
18 
0.3176 0.46769 0.21471 
0.20653 0.43286 0.36061 
0.81562 0.08788 0.0965 
8.7E-4 0.01189 0.98724 
0.00383 0.04666 0.94951 
0.46231 0.01278 0.52491 

4 
0.70033 0.29967 
0.47718 0.52282 
4 
0.48107 0.51893 
0.51704 0.48296 
4 
0.58482 0.41518 
0.8554 0.1446 

4 
0.1405 0.8595 
0.79058 0.20942 
4 
0.88579 0.11421 
0.25898 0.74102 

18 
0.94991 0.01085 0.03924 
0.08793 0.10074 0.81133 
0.01133 0.9776 0.01107 
0.02314 0.12849 0.84837 
0.92068 0.00166 0.07766 
0.36238 0.62004 0.01758 
18 
0.01693 0.38089 0.60218 
0.06115 0.87425 0.0646 
0.60851 0.11523 0.27626 
0.15924 0.01044 0.83032 
0.09956 0.11314 0.7873 
0.40766 0.53939 0.05295 

4 
0.58522 0.41478 
0.80427 0.19573 
4 
0.03831 0.96169 
0.6342 0.3658 
4 
0.46554 0.53446 
0.94383 0.05617 

4 
0.98849 0.01151 
0.81818 0.18182 
4 
0.37248 0.62752 
0.83332 0.16668 

18 
0.42439 0.3789 0.19671 
0.01538 0.90005 0.08457 
0.08324 0.22929 0.68747 
0.02993 0.54019 0.42988 
0.22923 0.75783 0.01294 
0.2924 0.01016 0.69744 
18 
0.91648 0.01286 0.07066 
0.70777 4.5E-4 0.29178 
0.00162 0.00314 0.99524 
0.21646 0.47674 0.3068 
0.10569 0.24867 0.64564 
0.31809 0.42792 0.25399 
