V-CREDAL 
8 
4 5 4 4 5 5 4 4 
8 
1 0 
2 0 1 
2 1 2 
2 2 3 
2 3 4 
2 4 5 
2 5 6 
2 6 7 

16 
0.22078 0.62699 0.04544 0.10679 
0.50508 0.06331 0.07995 0.35166 
0.54612 0.03303 0.41895 0.0019 
0.67232 0.14708 0.17558 0.00502 

20 
0.00116 0.98948 9.0E-5 0.00426 0.00501 
0.15971 0.24703 0.0247 0.01167 0.55689 
0.06041 0.1915 0.00716 0.03548 0.70545 
0.08517 0.10831 0.00672 0.23104 0.56876 
20 
0.1574 0.0825 0.05651 0.52629 0.1773 
8.4E-4 0.96063 0.0019 0.03588 7.5E-4 
0.03142 0.00985 0.01005 0.75714 0.19154 
0.00101 0.09347 0.88787 0.01604 0.00161 
20 
0.55139 0.42382 4.0E-4 0.02207 0.00232 
0.14192 0.0185 0.59011 0.101 0.14847 
0.00823 0.92543 0.00972 0.01317 0.04345 
0.42406 0.43234 0.06655 0.00139 0.07566 
20 
0.1692 0.20537 0.48441 0.07642 0.0646 
0.45073 0.08115 0.05921 0.32536 0.08355 
0.02486 0.06293 0.07857 8.0E-4 0.83284 
0.0048 0.07543 0.75614 0.14042 0.02321 

16 
0.63191 0.08243 0.18197 0.10369 
0.02442 0.41793 0.54826 0.00939 
0.61769 0.05431 0.08444 0.24356 
0.16486 0.81968 0.00297 0.01249 
16 
0.30948 0.01522 0.01429 0.66101 
0.40351 0.4441 0.12716 0.02523 
0.17834 0.00748 0.7157 0.09848 
0.01964 0.08702 0.8392 0.05414 
16 
0.02746 0.21131 0.73133 0.0299 
0.08181 0.84055 0.03689 0.04075 
0.02854 0.68303 0.28409 0.00434 
0.04947 0.63915 0.15709 0.15429 
16 
0.63716 0.12394 0.00145 0.23745 
0.10318 0.04634 0.83833 0.01215 
0.11773 0.39486 0.10784 0.37957 
0.13337 0.08624 0.0685 0.71189 
16 
0.24643 0.49599 0.23889 0.01869 
0.00745 0.09634 0.79533 0.10088 
0.17545 0.68304 0.11115 0.03036 
0.11046 0.00421 0.88144 0.00389 

16 
0.11085 0.02313 0.74903 0.11699 
0.47934 0.23787 0.25411 0.02868 
0.27258 0.00177 0.00865 0.717 
0.70821 0.03141 0.0532 0.20718 
16 
0.01273 0.06074 0.19901 0.72752 
9.0E-5 0.93926 0.02257 0.03808 
0.00326 5.1E-4 0.0013 0.99493 
0.27947 0.03483 0.45115 0.23455 
16 
0.00299 0.89923 0.09484 0.00294 
0.02141 0.34787 0.40081 0.22991 
0.19186 0.06259 0.08984 0.65571 
0.33911 0.11645 0.35641 0.18803 
16 
0.27813 0.26638 0.22337 0.23212 
0.16027 0.40471 0.17892 0.2561 
0.59088 0.15992 0.09392 0.15528 
0.06781 0.0161 0.57507 0.34102 

20 
0.2308 0.24991 0.00699 0.02947 0.48283 
8.5E-4 0.99312 0.00435 0.00135 3.3E-4 
0.00988 0.00592 0.06427 0.90458 0.01535 
0.00352 0.19563 0.80082 1.0E-5 2.0E-5 
20 
0.14061 0.03476 0.02858 0.01771 0.77834 
0.05237 0.29506 0.54023 0.00808 0.10426 
0.41088 0.07964 0.38633 0.05504 0.06811 
0.00206 7.9E-4 0.2205 0.08767 0.68898 
20 
0.07301 0.13645 0.47343 0.28556 0.03155 
0.01717 0.00425 0.60014 0.01411 0.36433 
0.00173 0.25852 0.2788 0.1789 0.28205 
0.41862 0.02324 0.04265 0.51545 4.0E-5 
20 
0.11013 0.03735 0.0114 0.1814 0.65972 
0.09065 0.14589 0.20421 0.09217 0.46708 
0.90993 0.02409 0.01162 0.02838 0.02598 
0.34605 0.03865 0.46985 0.04071 0.10474 

20 
0.33295 0.00561 0.13485 0.0091 0.51749 
0.00485 7.0E-5 0.99437 3.1E-4 4.0E-4 
0.05772 0.03543 0.55636 0.08716 0.26333 
0.23008 0.51254 0.07672 0.06215 0.11851 
20 
0.00215 0.34335 0.0505 0.59288 0.01112 
0.14697 0.22215 0.14851 0.14005 0.34232 
0.56348 0.00842 0.11068 0.21528 0.10214 
0.0022 0.00476 0.98273 5.1E-4 0.0098 
20 
0.53604 0.05153 0.34322 0.05 0.01921 
0.6058 0.30607 0.07956 0.00659 0.00198 
0.08723 0.11829 0.03212 0.00697 0.75539 
0.76495 0.04645 0.18055 0.00181 0.00624 
20 
0.02302 0.09887 0.21105 0.27837 0.38869 
0.36285 0.0409 0.52994 0.05911 0.0072 
8.4E-4 0.00641 0.73014 1.5E-4 0.26246 
0.00175 0.00385 0.96881 0.01934 0.00625 
20 
0.00709 0.04112 0.00514 0.00364 0.94301 
0.00693 0.56538 0.236 0.18976 0.00193 
0.24552 0.3415 0.29414 0.10744 0.0114 
0.01879 0.63141 0.07099 0.25199 0.02682 

16 
0.09147 0.286 0.0806 0.54193 
0.01733 0.32926 0.38481 0.2686 
0.00474 0.3234 0.32875 0.34311 
0.00586 0.63473 0.23376 0.12565 
16 
0.80587 0.08464 0.00903 0.10046 
0.68598 0.04391 0.1098 0.16031 
0.02084 0.81143 0.06573 0.102 
0.14243 0.44289 0.39453 0.02015 
16 
0.0012 0.03168 0.21704 0.75008 
0.08206 0.48018 0.28657 0.15119 
0.38922 0.04631 0.50132 0.06315 
0.00823 0.18776 0.16128 0.64273 
16 
0.11845 0.19002 0.04513 0.6464 
0.14332 0.11166 0.01399 0.73103 
0.06181 0.65066 0.25709 0.03044 
0.40211 0.20046 0.18978 0.20765 
16 
0.41634 0.14731 0.12294 0.31341 
0.59989 0.13403 0.0778 0.18828 
0.65053 0.3248 0.02031 0.00436 
0.0565 0.26007 0.01506 0.66837 

16 
0.00272 0.00768 0.91521 0.07439 
0.433 0.26166 0.09388 0.21146 
0.13685 0.36263 0.17053 0.32999 
0.20449 0.68695 0.05922 0.04934 
16 
6.0E-5 0.00838 0.99116 4.0E-4 
0.04281 0.19732 0.44031 0.31956 
0.11757 0.84878 0.03347 1.8E-4 
0.54691 0.10137 0.1113 0.24042 
16 
0.02922 0.81872 0.11971 0.03235 
0.68372 0.11329 0.01739 0.1856 
0.01221 0.4681 0.16128 0.35841 
0.61085 0.01328 0.04296 0.33291 
16 
0.01731 0.12909 0.74181 0.11179 
0.84877 0.07828 0.00638 0.06657 
0.04906 0.07006 0.79869 0.08219 
0.27387 0.00549 0.51103 0.20961 
