V-CREDAL
4
2 2 4 4
4
1 0
2 0 1
2 1 2
2 2 3

4
0.205 0.795
0.401 0.599

4
0.08 0.92
0.436 0.564
4
0.121 0.879
0.978 0.022

24
0.19 0.013 0.782 0.015
0.623 0.295 0.053 0.029
0.177 0.202 0.567 0.054
0.036 0.032 0.022 0.91
0.005 0.244 0.211 0.54
0.345 0.063 0.445 0.147
24
0.069 0.12 0.764 0.047
0.261 0.39 0.34 0.009
0.015 0.215 0.035 0.735
0.068 0.07 0.308 0.554
0.557 0.191 0.103 0.149
0.0 0.945 0.023 0.032

24
0.01 0.904 0.011 0.075
0.211 0.505 0.011 0.273
0.079 0.079 0.179 0.663
0.001 0.0 0.999 0.0
0.986 0.001 0.008 0.005
0.659 0.003 0.266 0.072
24
0.072 0.03 0.02 0.878
0.737 0.132 0.12 0.011
0.173 0.643 0.047 0.137
0.008 0.474 0.136 0.382
0.033 0.239 0.391 0.337
0.214 0.175 0.03 0.581
24
0.156 0.456 0.073 0.315
0.028 0.016 0.298 0.658
0.085 0.103 0.216 0.596
0.893 0.03 0.04 0.037
0.513 0.266 0.113 0.108
0.005 0.302 0.688 0.005
24
0.166 0.127 0.482 0.225
0.166 0.447 0.294 0.093
0.149 0.322 0.335 0.194
0.169 0.224 0.605 0.002
0.041 0.878 0.032 0.049
0.032 0.1 0.592 0.276
