V-CREDAL 
10 
2 2 3 5 3 5 4 5 4 5 
10 
2 7 0 
2 4 1 
1 2 
3 2 7 3 
2 0 4 
2 3 5 
3 3 9 6 
1 7 
2 7 8 
1 9 

4 
0.27579 0.72421 
0.4011 0.5989 
4 
0.13447 0.86553 
0.53595 0.46405 
4 
0.23794 0.76206 
0.51945 0.48055 
4 
0.57643 0.42357 
0.54673 0.45327 
4 
0.61826 0.38174 
0.77779 0.22221 

4 
0.79271 0.20729 
0.22206 0.77794 
4 
0.42356 0.57644 
0.54199 0.45801 
4 
0.83282 0.16718 
0.32997 0.67003 

12 
0.29455 0.36096 0.34449 
0.95122 0.02091 0.02787 
0.54439 0.05684 0.39877 
0.94053 0.00427 0.0552 

20 
0.47103 0.06794 0.10365 0.31614 0.04124 
0.12773 0.74393 0.00188 8.0E-4 0.12566 
0.04281 0.00671 0.33721 0.58713 0.02614 
0.05347 0.39648 0.04354 0.10555 0.40096 
20 
0.0374 0.21815 0.05868 0.21226 0.47351 
0.23198 0.09909 0.06462 0.04863 0.55568 
0.04161 0.01678 3.0E-5 0.14804 0.79354 
0.02958 0.00325 0.66326 0.00311 0.3008 
20 
0.01155 0.14181 0.06047 0.00568 0.78049 
0.04872 0.41126 0.00576 0.20965 0.32461 
0.21437 0.13149 0.28656 0.02582 0.34176 
0.12168 0.0825 0.03766 0.71423 0.04393 
20 
0.42794 0.08504 0.06957 0.09138 0.32607 
0.02292 0.04428 0.71478 0.13513 0.08289 
0.14987 0.05479 0.009 0.06476 0.72158 
0.00845 0.00205 0.13656 0.61499 0.23795 
20 
0.00658 0.33727 0.63132 0.02305 0.00178 
0.38153 0.01975 0.55462 0.01272 0.03138 
0.0075 0.32151 0.28691 0.22055 0.16353 
0.36179 0.19075 0.2115 0.12619 0.10977 
20 
0.0118 4.5E-4 0.28966 0.6858 0.01229 
0.04228 0.12007 0.15342 0.34045 0.34378 
0.0782 0.07374 0.05812 0.02637 0.76357 
0.00617 0.18177 0.09064 0.01599 0.70543 
20 
3.2E-4 0.00155 1.6E-4 0.98263 0.01534 
0.60665 0.0112 0.08344 0.28609 0.01262 
0.00464 0.04459 0.83301 0.00945 0.10831 
0.00185 4.2E-4 0.9879 0.00719 0.00264 
20 
0.95084 0.01637 0.02769 0.00395 0.00115 
0.16587 0.03367 0.48943 0.27999 0.03104 
0.03705 0.04513 0.89161 0.00213 0.02408 
0.01588 0.52005 0.13092 0.015 0.31815 
20 
3.2E-4 0.53282 0.25035 0.02313 0.19338 
1.0E-4 0.12518 0.001 0.48846 0.38526 
0.16605 0.01461 0.74983 0.0478 0.02171 
0.23411 0.18333 0.46871 0.10688 0.00697 
20 
0.03412 0.23557 0.12888 0.04923 0.5522 
0.04689 0.0487 0.70105 0.0079 0.19546 
0.02336 0.13214 0.68881 0.03429 0.1214 
0.00339 0.05125 0.89674 0.02722 0.0214 
20 
0.84888 0.01238 0.07525 0.0306 0.03289 
0.17294 0.22882 0.01183 0.0325 0.55391 
0.72913 0.00101 0.02423 0.12959 0.11604 
0.03694 0.02079 0.78988 0.07727 0.07512 
20 
0.9823 0.01273 2.8E-4 0.00121 0.00348 
0.0503 0.13644 0.61645 0.11859 0.07822 
0.03155 0.16035 0.15906 0.5489 0.10014 
0.04357 0.64008 0.0026 0.29598 0.01777 
20 
0.01298 0.51448 0.04935 0.22294 0.20025 
0.00339 0.53325 0.45022 0.00802 0.00512 
0.00495 0.0092 0.96144 0.00141 0.023 
0.14721 0.00666 0.00129 0.24579 0.59905 
20 
0.8372 0.00204 0.00125 0.15298 0.00653 
0.00289 0.00191 0.42201 7.9E-4 0.5724 
0.34252 0.12796 0.0149 0.35672 0.1579 
0.10974 0.52677 0.21146 0.10101 0.05102 
20 
0.03781 0.06983 0.00739 0.0091 0.87587 
0.17055 0.517 0.05393 0.19984 0.05868 
0.07665 0.69296 0.01075 0.00805 0.21159 
0.00546 2.6E-4 0.75004 0.24372 5.2E-4 

12 
0.55255 0.27705 0.1704 
0.78978 0.10203 0.10819 
0.1058 0.7334 0.1608 
0.23253 0.68043 0.08704 
12 
0.2652 0.72033 0.01447 
0.12986 0.72414 0.146 
0.00437 0.86134 0.13429 
0.78481 0.06152 0.15367 

20 
0.04077 0.79729 0.04386 0.03525 0.08283 
0.00154 0.01652 0.00634 0.00236 0.97324 
0.15673 0.07311 0.37007 0.17817 0.22192 
0.10496 0.14636 0.31473 0.30865 0.1253 
20 
0.0016 0.53992 0.15541 0.23119 0.07188 
0.05255 0.66616 0.10289 0.15899 0.01941 
0.07782 0.40539 0.01417 0.10163 0.40099 
0.01202 0.02196 0.54743 0.21361 0.20498 
20 
0.07751 0.49419 0.2889 0.01726 0.12214 
0.0139 0.4504 0.07517 0.23671 0.22382 
0.32251 0.5596 0.02232 0.00333 0.09224 
0.11255 0.59427 0.15382 0.07104 0.06832 
20 
0.45633 0.08146 0.01802 0.11341 0.33078 
0.0483 0.05673 0.19378 0.64949 0.0517 
0.03705 0.0033 0.47769 0.00574 0.47622 
0.03442 0.07449 0.28392 6.4E-4 0.60653 
20 
0.02977 0.00401 0.01526 0.80126 0.1497 
0.07976 0.01776 0.12246 0.64572 0.1343 
0.04067 0.4819 0.04721 0.00327 0.42695 
0.26075 0.46135 0.08096 0.12092 0.07602 

16 
0.12417 0.42948 0.34564 0.10071 
0.16478 0.83163 0.00153 0.00206 
0.37932 0.18682 0.39691 0.03695 
0.59681 0.12606 0.25983 0.0173 
16 
0.40763 0.192 0.25034 0.15003 
0.09267 0.33958 0.02432 0.54343 
0.33208 0.17567 0.02277 0.46948 
0.1875 0.18198 0.05989 0.57063 
16 
0.03039 0.0108 0.95459 0.00422 
0.15787 0.25088 0.539 0.05225 
0.03615 0.42221 0.04593 0.49571 
0.1201 0.30202 0.33153 0.24635 
16 
0.22247 0.35559 0.06544 0.3565 
1.7E-4 0.9976 0.0012 0.00103 
0.07085 0.01882 0.9038 0.00653 
0.06375 0.04282 0.8718 0.02163 
16 
0.09251 0.01889 0.86981 0.01879 
0.11376 0.81821 0.0273 0.04073 
0.16148 0.10596 0.0209 0.71166 
0.17128 0.11431 0.49462 0.21979 
16 
0.05849 0.65955 5.2E-4 0.28144 
0.28852 0.19884 0.0487 0.46394 
0.696 0.19683 0.10558 0.00159 
0.02211 0.56743 0.0405 0.36996 
16 
0.05973 6.4E-4 0.01123 0.9284 
0.05991 0.16098 0.47822 0.30089 
0.20267 0.21864 0.01987 0.55882 
0.89765 0.02235 0.06162 0.01838 
16 
0.82672 0.02409 0.00111 0.14808 
0.07958 0.16194 0.1596 0.59888 
0.65846 0.17885 0.05567 0.10702 
0.29955 0.01484 0.15283 0.53278 
16 
0.00242 0.97563 0.00758 0.01437 
0.02359 0.58804 0.09225 0.29612 
0.01505 0.06854 0.25996 0.65645 
0.00205 0.43616 0.43878 0.12301 
16 
0.29915 0.07986 0.09527 0.52572 
0.00201 0.72376 0.16088 0.11335 
0.04014 0.2523 0.01807 0.68949 
0.03314 0.02919 0.93347 0.0042 
16 
0.05788 0.82419 0.1067 0.01123 
0.06879 0.36796 0.03689 0.52636 
0.03157 0.41189 0.01923 0.53731 
0.31512 0.13184 0.55143 0.00161 
16 
0.30724 0.11606 0.41145 0.16525 
0.03115 0.00597 0.3302 0.63268 
0.46972 0.32541 0.09832 0.10655 
0.2343 0.03491 0.65069 0.0801 
16 
0.09453 0.68842 0.07054 0.14651 
0.49173 0.49341 0.00454 0.01032 
0.31529 0.29633 0.17614 0.21224 
0.46718 0.31945 0.12922 0.08415 
16 
0.5952 1.9E-4 0.04426 0.36035 
0.01452 0.95749 0.00422 0.02377 
0.00739 0.73571 0.06302 0.19388 
0.36855 0.18174 0.44139 0.00832 
16 
0.76036 0.20086 0.02497 0.01381 
0.18566 0.30392 0.09951 0.41091 
0.10327 0.43171 0.07565 0.38937 
0.09433 0.66096 0.12884 0.11587 
16 
0.14448 0.01483 0.06956 0.77113 
0.03903 0.65659 0.26655 0.03783 
0.00247 0.01933 0.01188 0.96632 
0.37381 0.01463 0.06266 0.5489 
16 
0.00291 0.89337 0.03774 0.06598 
0.88139 0.07523 0.0105 0.03288 
0.05238 0.25958 0.50432 0.18372 
0.20257 0.03615 0.14582 0.61546 
16 
0.03037 0.00958 0.05302 0.90703 
0.4019 0.46763 0.08007 0.0504 
0.36292 0.01127 0.30341 0.3224 
0.08612 0.32852 0.13649 0.44887 
16 
0.20804 0.19604 0.00833 0.58759 
0.52301 0.04705 0.04045 0.38949 
0.03525 0.50588 0.29091 0.16796 
0.5032 0.46742 0.0268 0.00258 
16 
0.14329 0.66798 0.00564 0.18309 
0.37184 0.01525 0.58588 0.02703 
0.23668 0.49395 2.1E-4 0.26916 
0.08959 0.1344 0.25579 0.52022 
16 
0.12799 0.43004 0.4076 0.03437 
0.03144 0.0563 0.14682 0.76544 
0.03995 0.12205 0.06291 0.77509 
0.1108 0.48399 0.21808 0.18713 
16 
0.09974 0.05614 0.53327 0.31085 
0.35692 0.14346 0.43008 0.06954 
0.29415 0.19625 0.50536 0.00424 
0.29853 0.03108 0.63536 0.03503 
16 
0.83621 0.04654 0.02303 0.09422 
0.65391 0.13893 0.04459 0.16257 
0.04816 0.02247 0.19818 0.73119 
0.85215 0.00732 0.06048 0.08005 
16 
0.46187 0.37057 0.07263 0.09493 
0.01531 0.44552 0.01208 0.52709 
0.05321 0.79975 0.10619 0.04085 
0.41768 0.016 0.55294 0.01338 
16 
0.1254 0.62995 0.15754 0.08711 
2.3E-4 0.67836 0.32041 0.001 
0.05128 0.75267 0.15644 0.03961 
0.12597 0.24156 0.31138 0.32109 

20 
0.12451 0.05443 0.22667 0.12144 0.47295 
0.02295 0.27462 0.68496 0.00605 0.01142 
0.84996 0.12778 0.00705 0.01359 0.00162 
0.01621 0.05031 0.37008 0.05783 0.50557 

16 
0.00483 0.95374 0.00736 0.03407 
0.24724 0.24767 0.35823 0.14686 
0.03278 0.28705 0.6515 0.02867 
0.04813 0.84822 0.07539 0.02826 
16 
0.08612 0.21842 0.1835 0.51196 
0.79902 0.08741 9.9E-4 0.11258 
0.03534 0.09381 0.56043 0.31042 
0.44101 0.45291 0.00641 0.09967 
16 
0.22791 0.13023 0.47016 0.1717 
2.8E-4 0.5117 0.04844 0.43958 
0.01124 0.08373 0.09709 0.80794 
0.05494 0.08169 0.26739 0.59598 
16 
0.49767 0.06423 0.19259 0.24551 
8.0E-5 0.01507 0.54392 0.44093 
0.10053 0.70197 0.18443 0.01307 
0.07037 0.03048 0.04758 0.85157 
16 
0.63399 0.28923 0.01985 0.05693 
0.88898 0.01784 0.05621 0.03697 
0.05717 0.07518 0.86482 0.00283 
0.03618 0.33727 0.21086 0.41569 

20 
0.01381 0.15599 0.05408 0.66716 0.10896 
0.00211 6.0E-5 7.6E-4 1.1E-4 0.99696 
0.18378 8.6E-4 0.12046 0.69335 0.00155 
0.11451 0.48889 0.14739 0.11606 0.13315 
