V-CREDAL 
4 
3 4 2 3 
4 
3 2 3 0 
2 3 1 
1 2 
1 3 

12 
0.329 0.297 0.374 
0.032 0.034 0.934 
0.237 0.63 0.133 
0.012 0.637 0.351 
12 
0.503 0.356 0.141 
0.096 0.884 0.02 
0.232 0.257 0.511 
0.758 0.002 0.24 
12 
0.041 0.19 0.769 
0.541 0.17 0.289 
0.11 0.028 0.862 
0.127 0.633 0.24 
12 
0.382 0.178 0.44 
0.537 0.401 0.062 
0.258 0.475 0.267 
0.484 0.51 0.006 
12 
0.04 0.599 0.361 
0.878 0.007 0.115 
0.342 0.085 0.573 
0.053 0.885 0.062 
12 
0.67 0.083 0.247 
0.117 0.315 0.568 
0.142 0.08 0.778 
0.228 0.588 0.184 

16 
0.303 0.238 0.343 0.116 
0.049 0.761 0.033 0.157 
0.206 0.269 0.382 0.143 
0.262 0.25 0.222 0.266 
16 
0.087 0.015 0.766 0.132 
0.001 0.006 0.749 0.244 
0.011 0.023 0.033 0.933 
0.113 0.673 0.148 0.066 
16 
0.758 0.009 0.083 0.15 
0.015 0.287 0.548 0.15 
0.223 0.009 0.682 0.086 
0.702 0.081 0.072 0.145 

4 
0.235 0.765 
0.143 0.857 

12 
0.099 0.457 0.444 
0.592 0.186 0.222 
0.132 0.815 0.053 
0.494 0.033 0.473 
