V-CREDAL 
4 
3 4 2 3 
4 
3 2 3 0 
2 3 1 
1 2 
1 3 

18 
0.872 0.083 0.045 
0.003 0.154 0.843 
0.052 0.908 0.04 
0.015 0.907 0.078 
0.685 0.082 0.233 
0.004 0.813 0.183 
18 
0.1 0.539 0.361 
0.058 0.8 0.142 
0.273 0.091 0.636 
0.444 0.366 0.19 
0.314 0.577 0.109 
0.141 0.735 0.124 
18 
0.055 0.17 0.775 
0.006 0.914 0.08 
0.405 0.566 0.029 
0.25 0.082 0.668 
0.063 0.91 0.027 
0.062 0.126 0.812 
18 
0.067 0.246 0.687 
0.151 0.156 0.693 
0.648 0.066 0.286 
0.824 0.117 0.059 
0.003 0.985 0.012 
0.352 0.054 0.594 
18 
0.016 0.181 0.803 
0.172 0.627 0.201 
0.265 0.587 0.148 
0.515 0.059 0.426 
0.667 0.143 0.19 
0.133 0.118 0.749 
18 
0.076 0.641 0.283 
0.099 0.882 0.019 
0.255 0.184 0.561 
0.056 0.154 0.79 
0.289 0.591 0.12 
0.128 0.031 0.841 

24 
0.035 0.114 0.261 0.59 
0.098 0.013 0.013 0.876 
0.23 0.258 0.428 0.084 
0.021 0.075 0.76 0.144 
0.057 0.049 0.035 0.859 
0.418 0.151 0.125 0.306 
24 
0.83 0.1 0.031 0.039 
0.125 0.172 0.577 0.126 
0.036 0.204 0.209 0.551 
0.268 0.567 0.129 0.036 
0.072 0.063 0.53 0.335 
0.116 0.301 0.408 0.175 
24 
0.669 0.105 0.096 0.13 
0.085 0.207 0.629 0.079 
0.009 0.04 0.107 0.844 
0.062 0.815 0.043 0.08 
0.003 0.303 0.691 0.003 
0.184 0.095 0.29 0.431 

4 
0.853 0.147 
0.013 0.987 

18 
0.35 0.311 0.339 
0.201 0.103 0.696 
0.019 0.05 0.931 
0.229 0.139 0.632 
0.039 0.209 0.752 
0.188 0.274 0.538 
