V-CREDAL
5
2 4 4 2 4
5
1 0
2 0 1
2 1 2
2 2 3
2 3 4

4
0.251 0.749
0.157 0.843

24
0.255 0.009 0.118 0.618
0.002 0.002 0.939 0.057
0.813 0.022 0.09 0.075
0.003 0.871 0.025 0.101
0.065 0.492 0.424 0.019
0.002 0.374 0.614 0.01
24
0.194 0.001 0.654 0.151
0.642 0.07 0.071 0.217
0.115 0.398 0.414 0.073
0.302 0.375 0.251 0.072
0.117 0.023 0.433 0.427
0.013 0.023 0.017 0.947

24
0.846 0.048 0.079 0.027
0.055 0.004 0.941 0.0
0.166 0.316 0.295 0.223
0.016 0.298 0.466 0.22
0.945 0.021 0.014 0.02
0.082 0.114 0.127 0.677
24
0.0 0.976 0.002 0.022
0.357 0.162 0.432 0.049
0.077 0.337 0.425 0.161
0.187 0.612 0.184 0.017
0.24 0.58 0.063 0.117
0.25 0.077 0.294 0.379
24
0.0 0.139 0.011 0.85
0.818 0.063 0.05 0.069
0.196 0.73 0.051 0.023
0.359 0.068 0.54 0.033
0.031 0.68 0.064 0.225
0.033 0.239 0.348 0.38
24
0.027 0.019 0.837 0.117
0.05 0.279 0.33 0.341
0.918 0.004 0.0 0.078
0.332 0.373 0.039 0.256
0.019 0.315 0.141 0.525
0.306 0.072 0.083 0.539

4
0.438 0.562
0.859 0.141
4
0.957 0.043
0.052 0.948
4
0.354 0.646
0.518 0.482
4
0.815 0.185
0.302 0.698

24
0.012 0.651 0.002 0.335
0.006 0.03 0.575 0.389
0.724 0.234 0.001 0.041
0.167 0.238 0.564 0.031
0.0 0.001 0.998 0.001
0.117 0.038 0.435 0.41
24
0.262 0.043 0.064 0.631
0.151 0.591 0.154 0.104
0.611 0.007 0.367 0.015
0.028 0.591 0.081 0.3
0.2 0.009 0.746 0.045
0.103 0.102 0.03 0.765
