V-CREDAL
6
4 3 2 3 3 3
6
1 0
2 0 1
2 1 2
2 2 3
2 3 4
2 4 5

16
0.512 0.149 0.154 0.185
0.658 0.006 0.168 0.168
0.736 0.001 0.002 0.261
0.407 0.364 0.064 0.165

12
0.015 0.981 0.004
0.405 0.096 0.499
0.093 0.288 0.619
0.786 0.203 0.011
12
0.102 0.158 0.74
0.61 0.376 0.014
0.007 0.953 0.04
0.642 0.098 0.26
12
0.879 0.065 0.056
0.21 0.315 0.475
0.488 0.479 0.033
0.091 0.471 0.438
12
0.307 0.603 0.09
0.012 0.63 0.358
0.246 0.144 0.61
0.035 0.964 0.001

4
0.987 0.013
0.492 0.508
4
0.267 0.733
0.055 0.945
4
0.311 0.689
0.653 0.347

12
0.044 0.657 0.299
0.304 0.392 0.304
0.148 0.811 0.041
0.195 0.267 0.538
12
0.211 0.523 0.266
0.025 0.036 0.939
0.264 0.021 0.715
0.456 0.402 0.142

12
0.018 0.643 0.339
0.37 0.429 0.201
0.338 0.333 0.329
0.021 0.521 0.458
12
0.942 0.034 0.024
0.224 0.459 0.317
0.012 0.032 0.956
0.047 0.264 0.689
12
0.155 0.503 0.342
0.178 0.149 0.673
0.759 0.046 0.195
0.915 0.044 0.041

12
0.967 0.024 0.009
0.169 0.157 0.674
0.565 0.115 0.32
0.503 0.097 0.4
12
0.101 0.591 0.308
0.143 0.823 0.034
0.259 0.016 0.725
0.235 0.751 0.014
12
0.434 0.094 0.472
0.338 0.647 0.015
0.735 0.155 0.11
0.02 0.9 0.08
