V-CREDAL 
6 
2 3 2 3 2 3 
6 
1 0 
2 0 1 
2 1 2 
2 2 3 
2 3 4 
2 4 5 

4 
0.5036 0.4964 
0.80359 0.19641 

12 
0.16878 0.15937 0.67185 
0.02075 0.85585 0.1234 
0.36053 0.48962 0.14985 
0.4808 0.24261 0.27659 
12 
0.10427 0.11973 0.776 
0.10532 0.77347 0.12121 
0.45344 0.54148 0.00508 
0.74192 0.25408 0.004 

4 
0.32169 0.67831 
0.95238 0.04762 
4 
0.10319 0.89681 
0.58724 0.41276 
4 
0.58559 0.41441 
0.19613 0.80387 

12 
0.17588 0.30499 0.51913 
0.13873 0.09063 0.77064 
0.07048 0.34606 0.58346 
0.42605 0.00543 0.56852 
12 
0.38044 0.01996 0.5996 
0.19993 0.15018 0.64989 
0.12794 0.33903 0.53303 
0.24149 0.46163 0.29688 

4 
0.76814 0.23186 
0.67656 0.32344 
4 
0.52185 0.47815 
0.18437 0.81563 
4 
0.99283 0.00717 
0.24974 0.75026 

12 
0.05739 0.83293 0.10968 
0.10675 0.15373 0.73952 
0.33538 0.05419 0.61043 
0.73363 0.14577 0.1206 
12 
0.63511 0.06102 0.30387 
0.98547 0.00475 0.00978 
0.50087 0.13928 0.35985 
0.36696 0.30175 0.33129 
