V-CREDAL 
10 
3 2 3 2 3 3 3 2 3 3 
10 
1 0 
2 0 1 
2 1 2 
2 2 3 
2 3 4 
2 4 5 
2 5 6 
2 6 7 
2 7 8 
2 8 9 

12 
6.6E-4 0.02149 0.97785 
0.10794 0.56104 0.33102 
0.23871 0.12029 0.641 
0.32345 0.46501 0.21154 

4 
0.55982 0.44018 
0.13698 0.86302 
4 
0.4263 0.5737 
0.38141 0.61859 
4 
0.21275 0.78725 
0.37797 0.62203 

12 
0.36923 0.39137 0.2394 
0.23292 0.17666 0.59042 
0.31861 0.64234 0.03905 
0.14966 0.26772 0.58262 
12 
0.0685 0.09543 0.83607 
0.50856 0.31194 0.1795 
0.02499 0.73703 0.23798 
0.73125 0.02626 0.24249 

4 
0.28147 0.71853 
0.26507 0.73493 
4 
0.63522 0.36478 
0.54705 0.45295 
4 
0.36068 0.63932 
0.57727 0.42273 

12 
0.9004 0.01362 0.08598 
0.08668 0.4613 0.45202 
0.26658 0.62694 0.10648 
0.98416 0.0128 0.00304 
12 
0.50823 0.43158 0.06019 
0.727 0.03733 0.23567 
0.37973 0.18042 0.43985 
0.24373 0.38621 0.37006 

12 
0.55503 0.27484 0.17013 
0.25525 0.50559 0.23916 
0.29579 0.16102 0.54319 
0.42766 0.06674 0.5056 
12 
0.89208 0.09154 0.01638 
0.08966 0.45186 0.45848 
0.01661 0.51576 0.46763 
0.62992 0.35103 0.01905 
12 
0.27396 0.043 0.68304 
0.21939 0.08298 0.69763 
0.16253 0.38444 0.45303 
0.03141 0.23048 0.73811 

12 
0.16239 0.06097 0.77664 
0.06612 0.82778 0.1061 
0.51068 0.10488 0.38444 
0.13431 0.16434 0.70135 
12 
0.16655 0.78211 0.05134 
0.55995 0.28297 0.15708 
0.06682 0.47372 0.45946 
0.03055 0.05318 0.91627 
12 
0.12603 0.01619 0.85778 
0.12602 0.78534 0.08864 
0.76527 0.17606 0.05867 
0.0732 0.46338 0.46342 

4 
0.61258 0.38742 
0.00819 0.99181 
4 
0.43534 0.56466 
0.8321 0.1679 
4 
0.33529 0.66471 
0.93466 0.06534 

12 
0.36475 0.4964 0.13885 
0.43084 0.19461 0.37455 
0.22505 0.56821 0.20674 
0.09432 0.49662 0.40906 
12 
0.01337 0.04792 0.93871 
0.76038 0.01222 0.2274 
0.75628 0.21068 0.03304 
0.23661 0.16377 0.59962 

12 
0.47111 0.21824 0.31065 
0.40908 0.57741 0.01351 
0.34401 0.20585 0.45014 
0.1021 0.66665 0.23125 
12 
0.07628 0.90523 0.01849 
0.06177 0.62477 0.31346 
0.43768 0.54559 0.01673 
0.86138 0.12108 0.01754 
12 
0.6649 0.13983 0.19527 
0.12491 0.06503 0.81006 
0.08194 0.00306 0.915 
0.56024 0.00419 0.43557 
