V-CREDAL
9
2 2 3 2 4 4 4 4 3
9
1 0
2 0 1
2 1 2
2 2 3
2 3 4
2 4 5
2 5 6
2 6 7
2 7 8

4
0.716 0.284
0.539 0.461

4
0.103 0.897
0.906 0.094
4
0.586 0.414
0.477 0.523

12
0.402 0.528 0.07
0.606 0.128 0.266
0.065 0.557 0.378
0.254 0.585 0.161
12
0.537 0.156 0.307
0.616 0.346 0.038
0.267 0.623 0.11
0.083 0.233 0.684

4
0.391 0.609
0.091 0.909
4
0.231 0.769
0.21 0.79
4
0.453 0.547
0.972 0.028

16
0.662 0.041 0.16 0.137
0.725 0.073 0.195 0.007
0.153 0.774 0.026 0.047
0.166 0.239 0.075 0.52
16
0.116 0.247 0.085 0.552
0.094 0.889 0.001 0.016
0.223 0.099 0.382 0.296
0.103 0.193 0.547 0.157

16
0.538 0.045 0.14 0.277
0.003 0.449 0.008 0.54
0.041 0.689 0.259 0.011
0.019 0.053 0.468 0.46
16
0.584 0.11 0.145 0.161
0.546 0.331 0.038 0.085
0.158 0.213 0.544 0.085
0.007 0.133 0.137 0.723
16
0.042 0.549 0.173 0.236
0.059 0.036 0.042 0.863
0.085 0.46 0.028 0.427
0.022 0.072 0.828 0.078
16
0.108 0.017 0.086 0.789
0.13 0.098 0.617 0.155
0.351 0.006 0.608 0.035
0.505 0.47 0.012 0.013

16
0.038 0.013 0.811 0.138
0.155 0.083 0.696 0.066
0.001 0.026 0.024 0.949
0.012 0.04 0.013 0.935
16
0.097 0.278 0.248 0.377
0.153 0.052 0.035 0.76
0.105 0.551 0.272 0.072
0.024 0.845 0.003 0.128
16
0.158 0.216 0.43 0.196
0.001 0.865 0.134 0.0
0.003 0.332 0.657 0.008
0.0 0.783 0.076 0.141
16
0.218 0.038 0.722 0.022
0.008 0.331 0.256 0.405
0.55 0.011 0.182 0.257
0.603 0.342 0.024 0.031

16
0.013 0.324 0.052 0.611
0.229 0.281 0.142 0.348
0.045 0.412 0.184 0.359
0.054 0.636 0.168 0.142
16
0.042 0.057 0.022 0.879
0.243 0.268 0.267 0.222
0.967 0.026 0.002 0.005
0.434 0.088 0.37 0.108
16
0.486 0.082 0.277 0.155
0.387 0.033 0.492 0.088
0.289 0.611 0.082 0.018
0.203 0.124 0.12 0.553
16
0.087 0.32 0.187 0.406
0.032 0.234 0.159 0.575
0.032 0.042 0.207 0.719
0.03 0.308 0.609 0.053

12
0.757 0.081 0.162
0.009 0.223 0.768
0.179 0.307 0.514
0.482 0.076 0.442
12
0.197 0.351 0.452
0.02 0.277 0.703
0.124 0.867 0.009
0.253 0.584 0.163
12
0.063 0.893 0.044
0.134 0.421 0.445
0.546 0.305 0.149
0.456 0.013 0.531
12
0.356 0.292 0.352
0.301 0.607 0.092
0.364 0.401 0.235
0.243 0.668 0.089
