V-CREDAL
8
3 3 3 4 3 3 3 2
8
2 7 0
2 4 1
1 2
3 0 2 3
3 3 5 4
2 6 5
1 6
1 7

18
0.046 0.901 0.053
0.986 0.0 0.014
0.019 0.3 0.681
0.508 0.009 0.483
0.173 0.135 0.692
0.004 0.453 0.543
18
0.07 0.03 0.9
0.254 0.733 0.013
0.035 0.344 0.621
0.975 0.006 0.019
0.986 0.006 0.008
0.098 0.706 0.196

18
0.072 0.907 0.021
0.002 0.092 0.906
0.011 0.299 0.69
0.963 0.028 0.009
0.202 0.779 0.019
0.334 0.007 0.659
18
0.034 0.96 0.006
0.071 0.368 0.561
0.375 0.484 0.141
0.648 0.003 0.349
0.475 0.062 0.463
0.006 0.511 0.483
18
0.0 0.044 0.956
0.959 0.014 0.027
0.054 0.921 0.025
0.881 0.003 0.116
0.966 0.031 0.003
0.025 0.663 0.312

18
0.036 0.264 0.7
0.596 0.105 0.299
0.741 0.083 0.176
0.06 0.709 0.231
0.391 0.144 0.465
0.316 0.664 0.02

24
0.482 0.3 0.197 0.021
0.904 0.001 0.094 0.001
0.74 0.002 0.029 0.229
0.037 0.685 0.196 0.082
0.049 0.077 0.654 0.22
0.582 0.13 0.082 0.206
24
0.429 0.557 0.006 0.008
0.098 0.712 0.176 0.014
0.279 0.376 0.202 0.143
0.984 0.007 0.009 0.0
0.453 0.097 0.031 0.419
0.111 0.083 0.057 0.749
24
0.641 0.299 0.02 0.04
0.105 0.021 0.028 0.846
0.177 0.009 0.632 0.182
0.101 0.747 0.002 0.15
0.051 0.489 0.165 0.295
0.489 0.188 0.293 0.03
24
0.544 0.071 0.353 0.032
0.146 0.05 0.656 0.148
0.194 0.065 0.432 0.309
0.049 0.318 0.615 0.018
0.772 0.095 0.067 0.066
0.115 0.536 0.206 0.143
24
0.005 0.292 0.486 0.217
0.001 0.001 0.87 0.128
0.927 0.008 0.001 0.064
0.002 0.035 0.904 0.059
0.068 0.168 0.715 0.049
0.022 0.78 0.126 0.072
24
0.265 0.342 0.272 0.121
0.273 0.137 0.176 0.414
0.006 0.925 0.03 0.039
0.002 0.043 0.287 0.668
0.154 0.043 0.014 0.789
0.005 0.86 0.003 0.132
24
0.166 0.197 0.0 0.637
0.063 0.406 0.322 0.209
0.582 0.047 0.132 0.239
0.448 0.417 0.055 0.08
0.39 0.074 0.478 0.058
0.157 0.707 0.065 0.071
24
0.006 0.976 0.012 0.006
0.182 0.688 0.016 0.114
0.749 0.054 0.011 0.186
0.004 0.047 0.215 0.734
0.442 0.085 0.213 0.26
0.28 0.191 0.353 0.176
24
0.022 0.285 0.511 0.182
0.025 0.049 0.013 0.913
0.131 0.078 0.14 0.651
0.378 0.4 0.162 0.06
0.317 0.56 0.069 0.054
0.003 0.513 0.009 0.475

18
0.008 0.924 0.068
0.978 0.021 0.001
0.018 0.973 0.009
0.007 0.049 0.944
0.503 0.022 0.475
0.03 0.027 0.943
18
0.378 0.099 0.523
0.063 0.533 0.404
0.248 0.036 0.716
0.584 0.371 0.045
0.262 0.539 0.199
0.11 0.17 0.72
18
0.021 0.222 0.757
0.195 0.343 0.462
0.009 0.061 0.93
0.942 0.023 0.035
0.386 0.43 0.184
0.018 0.055 0.927
18
0.525 0.1 0.375
0.654 0.225 0.121
0.087 0.743 0.17
0.555 0.424 0.021
0.029 0.433 0.538
0.288 0.057 0.655
18
0.216 0.448 0.336
0.312 0.682 0.006
0.149 0.0 0.851
0.738 0.075 0.187
0.167 0.29 0.543
0.389 0.599 0.012
18
0.363 0.608 0.029
0.045 0.44 0.515
0.342 0.115 0.543
0.094 0.03 0.876
0.047 0.017 0.936
0.026 0.019 0.955
18
0.097 0.08 0.823
0.054 0.167 0.779
0.453 0.341 0.206
0.056 0.463 0.481
0.133 0.079 0.788
0.159 0.572 0.269
18
0.086 0.713 0.201
0.032 0.319 0.649
0.746 0.082 0.172
0.003 0.028 0.969
0.384 0.534 0.082
0.053 0.024 0.923
18
0.013 0.939 0.048
0.638 0.019 0.343
0.385 0.532 0.083
0.03 0.878 0.092
0.325 0.149 0.526
0.601 0.181 0.218
18
0.286 0.027 0.687
0.594 0.365 0.041
0.005 0.157 0.838
0.006 0.006 0.988
0.818 0.076 0.106
0.0 0.999 0.001
18
0.054 0.627 0.319
0.182 0.127 0.691
0.658 0.34 0.002
0.079 0.284 0.637
0.877 0.077 0.046
0.119 0.722 0.159
18
0.859 0.02 0.121
0.291 0.635 0.074
0.099 0.799 0.102
0.306 0.007 0.687
0.008 0.248 0.744
0.046 0.019 0.935

18
0.607 0.244 0.149
0.478 0.033 0.489
0.808 0.086 0.106
0.342 0.347 0.311
0.832 0.103 0.065
0.363 0.106 0.531
18
0.035 0.02 0.945
0.732 0.077 0.191
0.003 0.129 0.868
0.016 0.977 0.007
0.005 0.886 0.109
0.705 0.128 0.167
18
0.863 0.127 0.01
0.158 0.783 0.059
0.004 0.101 0.895
0.074 0.798 0.128
0.592 0.009 0.399
0.038 0.787 0.175

18
0.879 0.072 0.049
0.208 0.792 0.0
0.158 0.734 0.108
0.036 0.002 0.962
0.835 0.042 0.123
0.445 0.555 0.0

4
0.705 0.295
0.001 0.999
