V-CREDAL
5
2 4 4 2 4
5
1 0
2 0 1
2 1 2
2 2 3
2 3 4

4
0.772 0.228
0.806 0.194

16
0.026 0.322 0.567 0.085
0.61 0.008 0.381 0.001
0.012 0.014 0.053 0.921
0.085 0.171 0.101 0.643
16
0.78 0.041 0.044 0.135
0.03 0.022 0.132 0.816
0.183 0.002 0.308 0.507
0.396 0.409 0.033 0.162

16
0.405 0.459 0.09 0.046
0.745 0.05 0.089 0.116
0.174 0.232 0.361 0.233
0.653 0.081 0.121 0.145
16
0.001 0.005 0.042 0.952
0.474 0.037 0.01 0.479
0.016 0.061 0.09 0.833
0.006 0.012 0.285 0.697
16
0.186 0.267 0.422 0.125
0.015 0.007 0.035 0.943
0.131 0.317 0.222 0.33
0.315 0.439 0.056 0.19
16
0.071 0.686 0.196 0.047
0.029 0.896 0.062 0.013
0.16 0.318 0.082 0.44
0.26 0.087 0.583 0.07

4
0.911 0.089
0.582 0.418
4
0.079 0.921
0.856 0.144
4
0.387 0.613
0.342 0.658
4
0.145 0.855
0.483 0.517

16
0.162 0.157 0.474 0.207
0.01 0.976 0.011 0.003
0.029 0.291 0.43 0.25
0.166 0.14 0.575 0.119
16
0.045 0.327 0.349 0.279
0.45 0.307 0.192 0.051
0.622 0.064 0.111 0.203
0.353 0.046 0.586 0.015
