V-CREDAL
7
4 3 3 2 3 4 2
7
1 0
1 1
4 0 1 3 2
1 3
3 3 6 4
2 0 5
1 6

24
0.889 0.017 0.024 0.07
0.466 0.347 0.013 0.174
0.121 0.851 0.018 0.01
0.985 0.006 0.006 0.003
0.361 0.157 0.424 0.058
0.034 0.198 0.075 0.693

18
0.01 0.901 0.089
0.588 0.171 0.241
0.48 0.372 0.148
0.157 0.843 0.0
0.232 0.092 0.676
0.004 0.827 0.169

18
0.023 0.916 0.061
0.137 0.014 0.849
0.699 0.08 0.221
0.072 0.028 0.9
0.223 0.745 0.032
0.544 0.341 0.115
18
0.432 0.255 0.313
0.074 0.005 0.921
0.035 0.36 0.605
0.095 0.818 0.087
0.262 0.714 0.024
0.317 0.124 0.559
18
0.082 0.529 0.389
0.433 0.043 0.524
0.405 0.073 0.522
0.561 0.351 0.088
0.266 0.714 0.02
0.073 0.566 0.361
18
0.095 0.002 0.903
0.977 0.022 0.001
0.043 0.931 0.026
0.051 0.198 0.751
0.031 0.874 0.095
0.05 0.205 0.745
18
0.001 0.003 0.996
0.925 0.014 0.061
0.13 0.684 0.186
0.752 0.217 0.031
0.004 0.239 0.757
0.068 0.532 0.4
18
0.245 0.009 0.746
0.327 0.647 0.026
0.014 0.041 0.945
0.009 0.853 0.138
0.936 0.039 0.025
0.069 0.842 0.089
18
0.004 0.9 0.096
0.341 0.647 0.012
0.072 0.094 0.834
0.578 0.27 0.152
0.238 0.035 0.727
0.074 0.905 0.021
18
0.766 0.094 0.14
0.399 0.012 0.589
0.022 0.972 0.006
0.209 0.005 0.786
0.008 0.795 0.197
0.012 0.921 0.067
18
0.353 0.038 0.609
0.084 0.765 0.151
0.42 0.577 0.003
0.183 0.18 0.637
0.233 0.11 0.657
0.608 0.094 0.298
18
0.073 0.054 0.873
0.586 0.263 0.151
0.047 0.803 0.15
0.132 0.844 0.024
0.305 0.694 0.001
0.539 0.062 0.399
18
0.031 0.47 0.499
0.296 0.396 0.308
0.169 0.724 0.107
0.13 0.045 0.825
0.017 0.076 0.907
0.207 0.769 0.024
18
0.022 0.035 0.943
0.94 0.025 0.035
0.752 0.213 0.035
0.492 0.289 0.219
0.257 0.009 0.734
0.653 0.259 0.088
18
0.098 0.075 0.827
0.781 0.066 0.153
0.022 0.516 0.462
0.066 0.596 0.338
0.505 0.376 0.119
0.023 0.543 0.434
18
0.132 0.165 0.703
0.797 0.011 0.192
0.005 0.995 0.0
0.095 0.384 0.521
0.389 0.602 0.009
0.607 0.337 0.056
18
0.002 0.527 0.471
0.68 0.202 0.118
0.647 0.166 0.187
0.185 0.017 0.798
0.154 0.827 0.019
0.446 0.526 0.028
18
0.012 0.0 0.988
0.059 0.683 0.258
0.46 0.001 0.539
0.084 0.776 0.14
0.487 0.347 0.166
0.135 0.824 0.041
18
0.894 0.011 0.095
0.886 0.061 0.053
0.096 0.888 0.016
0.003 0.024 0.973
0.014 0.601 0.385
0.874 0.111 0.015
18
0.008 0.943 0.049
0.707 0.014 0.279
0.019 0.005 0.976
0.005 0.24 0.755
0.941 0.027 0.032
0.014 0.078 0.908
18
0.114 0.148 0.738
0.269 0.116 0.615
0.143 0.835 0.022
0.425 0.523 0.052
0.045 0.687 0.268
0.61 0.3 0.09
18
0.697 0.297 0.006
0.824 0.057 0.119
0.255 0.08 0.665
0.028 0.82 0.152
0.012 0.712 0.276
0.322 0.637 0.041
18
0.668 0.266 0.066
0.616 0.35 0.034
0.283 0.666 0.051
0.04 0.846 0.114
0.363 0.041 0.596
0.124 0.598 0.278
18
0.668 0.06 0.272
0.012 0.02 0.968
0.134 0.755 0.111
0.032 0.001 0.967
0.409 0.516 0.075
0.115 0.662 0.223
18
0.288 0.075 0.637
0.038 0.229 0.733
0.555 0.022 0.423
0.51 0.021 0.469
0.836 0.057 0.107
0.386 0.411 0.203
18
0.054 0.932 0.014
0.971 0.028 0.001
0.023 0.063 0.914
0.261 0.009 0.73
0.025 0.697 0.278
0.026 0.952 0.022

4
0.497 0.503
0.425 0.575

18
0.073 0.723 0.204
0.745 0.072 0.183
0.027 0.944 0.029
0.597 0.393 0.01
0.077 0.911 0.012
0.923 0.064 0.013
18
0.865 0.117 0.018
0.08 0.735 0.185
0.58 0.058 0.362
0.205 0.089 0.706
0.14 0.32 0.54
0.055 0.751 0.194
18
0.398 0.546 0.056
0.877 0.089 0.034
0.093 0.785 0.122
0.027 0.008 0.965
0.072 0.729 0.199
0.023 0.326 0.651
18
0.37 0.011 0.619
0.805 0.123 0.072
0.014 0.599 0.387
0.005 0.02 0.975
0.321 0.545 0.134
0.17 0.608 0.222

24
0.34 0.553 0.001 0.106
0.172 0.134 0.515 0.179
0.01 0.981 0.005 0.004
0.23 0.187 0.239 0.344
0.01 0.465 0.149 0.376
0.058 0.191 0.243 0.508
24
0.002 0.378 0.027 0.593
0.447 0.144 0.284 0.125
0.552 0.024 0.002 0.422
0.01 0.948 0.03 0.012
0.068 0.434 0.442 0.056
0.194 0.074 0.306 0.426
24
0.198 0.091 0.711 0.0
0.016 0.024 0.602 0.358
0.077 0.162 0.354 0.407
0.974 0.007 0.001 0.018
0.328 0.659 0.01 0.003
0.467 0.092 0.178 0.263
24
0.01 0.647 0.232 0.111
0.052 0.336 0.086 0.526
0.011 0.555 0.219 0.215
0.099 0.001 0.895 0.005
0.187 0.146 0.663 0.004
0.01 0.145 0.67 0.175

4
0.275 0.725
0.547 0.453
