V-CREDAL 
8 
3 4 4 2 2 2 3 4 
8 
2 2 0 
1 1 
2 1 2 
4 1 4 5 3 
1 4 
1 5 
2 0 6 
2 5 7 

18 
0.014 0.014 0.972 
0.097 0.837 0.066 
0.857 0.032 0.111 
0.031 0.878 0.091 
0.075 0.013 0.912 
0.033 0.882 0.085 
18 
0.456 0.512 0.032 
0.9 0.057 0.043 
0.786 0.041 0.173 
0.288 0.261 0.451 
0.359 0.395 0.246 
0.321 0.123 0.556 
18 
0.037 0.045 0.918 
0.016 0.14 0.844 
0.304 0.544 0.152 
0.204 0.437 0.359 
0.771 0.225 0.004 
0.295 0.055 0.65 
18 
0.032 0.026 0.942 
0.891 0.104 0.005 
0.985 0.002 0.013 
0.01 0.973 0.017 
0.004 0.124 0.872 
0.528 0.001 0.471 

24 
0.027 0.064 0.015 0.894 
0.045 0.375 0.542 0.038 
0.186 0.126 0.198 0.49 
0.207 0.308 0.482 0.003 
0.755 0.0 0.019 0.226 
0.059 0.091 0.009 0.841 

24 
0.177 0.155 0.299 0.369 
0.014 0.164 0.344 0.478 
0.784 0.009 0.014 0.193 
0.066 0.723 0.204 0.007 
0.168 0.758 0.009 0.065 
0.419 0.316 0.257 0.008 
24 
0.939 0.014 0.034 0.013 
0.77 0.001 0.007 0.222 
0.069 0.174 0.639 0.118 
0.098 0.135 0.202 0.565 
0.147 0.206 0.346 0.301 
0.265 0.173 0.387 0.175 
24 
0.063 0.179 0.086 0.672 
0.002 0.387 0.019 0.592 
0.546 0.05 0.215 0.189 
0.699 0.212 0.019 0.07 
0.009 0.006 0.974 0.011 
0.185 0.135 0.155 0.525 
24 
0.367 0.079 0.367 0.187 
0.509 0.041 0.011 0.439 
0.068 0.009 0.139 0.784 
0.549 0.077 0.224 0.15 
0.146 0.367 0.048 0.439 
0.148 0.098 0.266 0.488 

4 
0.158 0.842 
0.751 0.249 
4 
0.756 0.244 
0.888 0.112 
4 
0.994 0.006 
0.259 0.741 
4 
0.024 0.976 
0.486 0.514 
4 
0.471 0.529 
0.03 0.97 
4 
0.263 0.737 
0.05 0.95 
4 
0.574 0.426 
0.877 0.123 
4 
0.983 0.017 
0.192 0.808 
4 
0.102 0.898 
0.639 0.361 
4 
0.409 0.591 
0.795 0.205 
4 
0.578 0.422 
0.148 0.852 
4 
0.17 0.83 
0.304 0.696 
4 
0.165 0.835 
0.74 0.26 
4 
0.448 0.552 
0.1 0.9 
4 
0.381 0.619 
0.622 0.378 
4 
0.438 0.562 
0.875 0.125 

4 
0.852 0.148 
0.872 0.128 

4 
0.062 0.938 
0.81 0.19 

18 
0.004 0.81 0.186 
0.03 0.015 0.955 
0.859 0.044 0.097 
0.701 0.014 0.285 
0.089 0.868 0.043 
0.004 0.208 0.788 
18 
0.085 0.708 0.207 
0.119 0.118 0.763 
0.794 0.154 0.052 
0.139 0.856 0.005 
0.788 0.2 0.012 
0.766 0.138 0.096 
18 
0.006 0.981 0.013 
0.979 0.004 0.017 
0.034 0.163 0.803 
0.739 0.031 0.23 
0.117 0.879 0.004 
0.863 0.135 0.002 

24 
0.086 0.027 0.634 0.253 
0.252 0.091 0.134 0.523 
0.342 0.499 0.144 0.015 
0.78 0.069 0.016 0.135 
0.586 0.051 0.147 0.216 
0.346 0.029 0.497 0.128 
24 
0.183 0.339 0.173 0.305 
0.077 0.045 0.284 0.594 
0.235 0.184 0.485 0.096 
0.107 0.019 0.804 0.07 
0.602 0.385 0.007 0.006 
0.109 0.008 0.797 0.086 
