V-CREDAL
4
4 3 3 3
4
2 3 0
2 2 1
2 3 2
1 3

24
0.341 0.596 0.038 0.025
0.013 0.734 0.25 0.003
0.003 0.284 0.705 0.008
0.668 0.143 0.118 0.071
0.181 0.009 0.042 0.768
0.01 0.171 0.545 0.274
24
0.166 0.607 0.178 0.049
0.084 0.229 0.306 0.381
0.25 0.318 0.11 0.322
0.71 0.103 0.176 0.011
0.239 0.159 0.318 0.284
0.68 0.013 0.014 0.293
24
0.511 0.167 0.147 0.175
0.172 0.425 0.394 0.009
0.448 0.036 0.421 0.095
0.006 0.373 0.604 0.017
0.743 0.039 0.214 0.004
0.21 0.28 0.004 0.506

18
0.989 0.007 0.004
0.544 0.018 0.438
0.039 0.549 0.412
0.01 0.983 0.007
0.126 0.075 0.799
0.197 0.034 0.769
18
0.865 0.057 0.078
0.268 0.574 0.158
0.305 0.136 0.559
0.276 0.267 0.457
0.258 0.507 0.235
0.706 0.07 0.224
18
0.929 0.037 0.034
0.808 0.009 0.183
0.044 0.892 0.064
0.069 0.016 0.915
0.001 0.06 0.939
0.091 0.852 0.057

18
0.016 0.12 0.864
0.062 0.884 0.054
0.365 0.615 0.02
0.516 0.053 0.431
0.783 0.028 0.189
0.903 0.053 0.044
18
0.042 0.191 0.767
0.851 0.091 0.058
0.249 0.194 0.557
0.959 0.014 0.027
0.315 0.133 0.552
0.639 0.187 0.174
18
0.119 0.577 0.304
0.128 0.32 0.552
0.826 0.16 0.014
0.826 0.019 0.155
0.21 0.2 0.59
0.492 0.035 0.473

18
0.017 0.611 0.372
0.471 0.011 0.518
0.811 0.095 0.094
0.232 0.038 0.73
0.014 0.971 0.015
0.676 0.013 0.311
