V-CREDAL
9
2 2 2 3 4 2 3 2 3
9
2 3 0
3 0 5 1
2 4 2
2 7 3
1 4
2 4 5
2 7 6
2 8 7
1 8

4
0.56 0.44
0.418 0.582
4
0.063 0.937
0.707 0.293
4
0.087 0.913
0.585 0.415

4
0.792 0.208
0.071 0.929
4
0.811 0.189
0.925 0.075
4
0.244 0.756
0.295 0.705
4
0.627 0.373
0.229 0.771

4
0.822 0.178
0.507 0.493
4
0.186 0.814
0.059 0.941
4
0.833 0.167
0.601 0.399
4
0.256 0.744
0.922 0.078

18
0.065 0.04 0.895
0.049 0.407 0.544
0.134 0.449 0.417
0.982 0.005 0.013
0.362 0.47 0.168
0.915 0.076 0.009
18
0.053 0.796 0.151
0.399 0.592 0.009
0.055 0.913 0.032
0.921 0.056 0.023
0.665 0.107 0.228
0.155 0.512 0.333

24
0.005 0.806 0.189 0.0
0.14 0.671 0.041 0.148
0.106 0.011 0.026 0.857
0.248 0.233 0.019 0.5
0.098 0.051 0.788 0.063
0.032 0.817 0.015 0.136

4
0.551 0.449
0.672 0.328
4
0.983 0.017
0.78 0.22
4
0.413 0.587
0.281 0.719
4
0.816 0.184
0.593 0.407

18
0.055 0.127 0.818
0.805 0.146 0.049
0.077 0.876 0.047
0.002 0.887 0.111
0.787 0.121 0.092
0.071 0.068 0.861
18
0.87 0.004 0.126
0.003 0.322 0.675
0.742 0.241 0.017
0.001 0.81 0.189
0.795 0.153 0.052
0.681 0.027 0.292

4
0.706 0.294
0.328 0.672
4
0.061 0.939
0.31 0.69
4
0.181 0.819
0.137 0.863

18
0.514 0.422 0.064
0.003 0.014 0.983
0.008 0.976 0.016
0.664 0.109 0.227
0.152 0.826 0.022
0.403 0.055 0.542
