V-CREDAL 
4 
3 4 3 4 
4 
1 0 
2 0 1 
2 1 2 
2 2 3 

18 
0.84998 0.04795 0.10207 
0.26661 0.45712 0.27627 
0.69867 0.00161 0.29972 
0.7806 0.12005 0.09935 
0.17414 0.09768 0.72818 
0.09485 0.1193 0.78585 

24 
0.58806 0.25468 0.07796 0.0793 
0.9504 0.0144 0.01915 0.01605 
0.0035 0.00439 0.98964 0.00247 
0.40795 0.40124 0.1161 0.07471 
0.01278 0.0196 0.74406 0.22356 
0.04292 0.04027 0.09137 0.82544 
24 
0.07561 0.01749 0.63878 0.26812 
0.02423 0.55109 0.24168 0.183 
0.25792 0.09445 0.15491 0.49272 
0.22332 0.04705 0.28404 0.44559 
7.0E-5 0.96394 0.02792 0.00807 
0.96236 0.00832 0.02926 6.0E-5 
24 
0.0994 0.00228 0.89523 0.00309 
0.24604 0.07901 0.16104 0.51391 
0.11611 0.30872 0.1764 0.39877 
0.36089 0.26438 0.34073 0.034 
0.3258 0.00475 0.64714 0.02231 
0.34905 0.36914 0.15055 0.13126 

18 
0.54442 0.02829 0.42729 
0.79689 0.1776 0.02551 
0.09281 0.04953 0.85766 
0.54054 0.41541 0.04405 
0.00707 0.42788 0.56505 
0.08975 0.82813 0.08212 
18 
0.11737 0.13612 0.74651 
0.04232 0.92639 0.03129 
0.06315 0.33136 0.60549 
0.99754 0.00163 8.3E-4 
0.18737 0.05907 0.75356 
0.36875 0.63104 2.1E-4 
18 
0.29543 0.58513 0.11944 
0.10311 0.80852 0.08837 
0.02381 0.10782 0.86837 
0.35953 0.00329 0.63718 
0.01967 0.52391 0.45642 
0.49571 0.2799 0.22439 
18 
0.36278 0.45504 0.18218 
0.51173 0.09609 0.39218 
0.82335 0.01567 0.16098 
0.92255 0.04082 0.03663 
0.02512 0.39575 0.57913 
0.00208 0.28375 0.71417 

24 
0.01283 0.00305 0.01113 0.97299 
0.1087 0.47718 0.23324 0.18088 
0.56074 0.02348 0.33334 0.08244 
0.02243 0.19005 0.24141 0.54611 
0.62418 0.3267 0.01882 0.0303 
0.00545 0.01097 0.0365 0.94708 
24 
0.57841 0.24094 0.02859 0.15206 
0.22245 0.60928 0.13604 0.03223 
0.37755 8.9E-4 0.58891 0.03265 
0.1072 0.02935 0.04277 0.82068 
0.00923 0.09689 0.59864 0.29524 
0.01569 0.37372 0.01062 0.59997 
24 
0.09721 0.7051 0.06972 0.12797 
0.00694 0.8479 0.14201 0.00315 
0.45231 0.24016 0.08713 0.2204 
0.0552 0.02489 0.39107 0.52884 
0.02275 0.55485 0.42085 0.00155 
0.63497 0.19335 0.01569 0.15599 
