V-CREDAL 
4 
5 2 3 3 
4 
3 1 3 0 
2 2 1 
1 2 
1 3 

20 
0.13541 0.13394 0.46641 0.09672 0.16752 
0.07809 0.54216 0.09996 0.21683 0.06296 
0.20523 0.01738 0.0966 0.03378 0.64701 
0.26282 0.65309 0.00701 0.01742 0.05966 
20 
0.86092 3.0E-5 2.0E-5 0.13464 0.00439 
0.2121 0.39964 0.04367 0.3408 0.00379 
0.62181 0.01273 0.07624 0.08858 0.20064 
0.44095 0.00438 0.10654 0.32911 0.11902 
20 
0.12227 0.16891 0.01477 0.65781 0.03624 
0.17892 0.05936 0.7379 0.00243 0.02139 
0.01421 0.00813 0.0342 0.6361 0.30736 
0.17826 0.65341 0.1331 0.00687 0.02836 
20 
0.87901 0.00469 0.03357 0.01882 0.06391 
0.06542 0.43281 0.20317 0.0363 0.2623 
0.3469 0.5827 0.01366 9.9E-4 0.05575 
0.15065 0.03622 0.14812 0.21007 0.45494 
20 
0.24289 0.10618 0.27304 0.01519 0.3627 
0.34756 0.39279 0.09461 0.12825 0.03679 
0.00469 0.0754 0.0129 0.81607 0.09094 
0.079 0.06774 0.44126 0.39392 0.01808 
20 
1.0E-5 0.99646 0.00111 4.0E-5 0.00238 
0.12397 0.58309 0.03078 0.00772 0.25444 
0.39288 0.50692 0.07479 0.01524 0.01017 
0.14656 0.02405 0.02999 0.7409 0.0585 

4 
0.45179 0.54821 
0.29884 0.70116 
4 
0.6289 0.3711 
0.53083 0.46917 
4 
0.45846 0.54154 
0.49683 0.50317 

12 
0.12754 0.82026 0.0522 
0.07015 0.16165 0.7682 
0.63802 0.26551 0.09647 
0.51785 0.195 0.28715 

12 
0.54758 0.37915 0.07327 
0.10353 0.04292 0.85355 
0.40395 0.39277 0.20328 
0.6286 0.10198 0.26942 
