V-CREDAL 
4 
4 4 3 3 
4 
1 0 
2 0 1 
3 1 3 2 
1 3 

24 
0.14958 0.66796 0.0088 0.17366 
0.15275 0.04627 0.78522 0.01576 
0.00384 0.01323 0.96696 0.01597 
0.47554 0.36258 0.09914 0.06274 
0.01159 0.96917 0.00692 0.01232 
6.0E-4 0.03037 0.87508 0.09395 

24 
0.04321 0.63083 0.18961 0.13635 
0.05822 0.64119 0.14877 0.15182 
0.00795 0.17111 0.6027 0.21824 
0.13051 0.15071 0.06554 0.65324 
0.31614 0.66355 0.00463 0.01568 
0.35404 0.17026 0.0361 0.4396 
24 
0.0026 0.00207 0.89152 0.10381 
0.01072 0.02001 0.02782 0.94145 
0.10982 0.63931 0.13617 0.1147 
0.27851 0.03817 0.64084 0.04248 
0.01466 0.23719 0.00139 0.74676 
0.33709 0.17956 0.08698 0.39637 
24 
0.98759 1.6E-4 0.00196 0.01029 
0.10953 0.09515 0.02633 0.76899 
0.01543 0.0242 0.92156 0.03881 
0.00371 0.97247 0.02074 0.00308 
0.02987 0.15738 0.09988 0.71287 
0.00768 0.3055 0.57117 0.11565 
24 
0.17703 0.16319 0.45513 0.20465 
0.02941 0.17295 0.2524 0.54524 
0.46327 0.34856 0.08197 0.1062 
0.68532 0.17778 0.13375 0.00315 
0.13978 0.03397 0.08926 0.73699 
0.18306 0.45822 0.16195 0.19677 

18 
0.04838 0.05995 0.89167 
0.00986 0.52762 0.46252 
0.21597 0.0352 0.74883 
0.3477 0.04511 0.60719 
0.24825 0.68421 0.06754 
0.08465 0.72733 0.18802 
18 
0.70687 0.04432 0.24881 
0.0352 0.94607 0.01873 
0.72653 0.21029 0.06318 
0.01891 0.92965 0.05144 
0.13426 0.1062 0.75954 
0.0253 0.71801 0.25669 
18 
0.62121 0.3535 0.02529 
0.02275 0.14406 0.83319 
0.89797 0.01887 0.08316 
0.085 0.82761 0.08739 
0.91358 0.07213 0.01429 
0.80562 0.01546 0.17892 
18 
0.76275 0.2307 0.00655 
0.00351 0.02031 0.97618 
0.28457 0.66236 0.05307 
0.91671 0.02859 0.0547 
0.00732 0.87945 0.11323 
0.19489 0.73673 0.06838 
18 
0.15912 0.70894 0.13194 
0.72471 0.24881 0.02648 
0.71774 0.1898 0.09246 
0.05486 0.24063 0.70451 
0.19262 0.10635 0.70103 
0.54434 0.04401 0.41165 
18 
0.02519 0.83406 0.14075 
0.20887 0.70792 0.08321 
0.97215 0.01169 0.01616 
0.01157 0.07302 0.91541 
0.83168 0.01143 0.15689 
0.17199 0.7353 0.09271 
18 
0.02084 0.04954 0.92962 
0.61121 0.38555 0.00324 
4.1E-4 0.99304 0.00655 
0.87011 0.04369 0.0862 
0.05171 0.02038 0.92791 
0.43511 0.02602 0.53887 
18 
0.01182 0.63588 0.3523 
0.2377 0.17474 0.58756 
0.40608 0.09391 0.50001 
0.11284 0.40895 0.47821 
0.42957 0.19552 0.37491 
0.31829 0.47277 0.20894 
18 
0.07925 0.88826 0.03249 
0.62655 0.15061 0.22284 
0.03006 0.05735 0.91259 
0.7212 0.2526 0.0262 
0.071 0.02131 0.90769 
0.03279 0.35113 0.61608 
18 
0.84923 0.06059 0.09018 
0.10932 0.39247 0.49821 
0.0406 0.27708 0.68232 
0.3227 0.00111 0.67619 
0.13123 0.15588 0.71289 
0.35692 0.4965 0.14658 
18 
0.05566 0.85732 0.08702 
0.75819 0.04806 0.19375 
0.06783 0.10008 0.83209 
0.70375 0.28032 0.01593 
0.30777 0.04032 0.65191 
0.91728 0.06042 0.0223 
18 
0.30106 0.10304 0.5959 
0.37008 0.59311 0.03681 
0.02566 0.81836 0.15598 
0.11116 0.33428 0.55456 
0.40343 0.04593 0.55064 
0.05782 0.82084 0.12134 

18 
0.95226 0.04748 2.6E-4 
1.8E-4 0.00225 0.99757 
0.01772 0.96047 0.02181 
0.96079 0.02124 0.01797 
0.0109 0.82532 0.16378 
0.95932 0.00388 0.0368 
