V-CREDAL 
10 
2 2 3 3 2 4 2 3 2 4 
10 
2 7 0 
2 4 1 
2 0 2 
1 3 
2 5 4 
3 0 6 5 
1 6 
1 7 
4 3 5 9 8 
1 9 

4 
0.15 0.85 
0.296 0.704 
4 
0.328 0.672 
0.536 0.464 
4 
0.152 0.848 
0.709 0.291 

4 
0.845 0.155 
0.377 0.623 
4 
0.811 0.189 
0.179 0.821 

12 
0.852 0.044 0.104 
0.073 0.919 0.008 
0.083 0.509 0.408 
0.966 0.021 0.013 
12 
0.348 0.196 0.456 
0.408 0.473 0.119 
0.355 0.638 0.007 
0.16 0.595 0.245 

12 
0.103 0.577 0.32 
0.997 0.002 0.001 
0.004 0.077 0.919 
0.382 0.406 0.212 

4 
0.867 0.133 
0.918 0.082 
4 
0.693 0.307 
0.971 0.029 
4 
0.749 0.251 
0.107 0.893 
4 
0.493 0.507 
0.77 0.23 

16 
0.636 0.104 0.238 0.022 
0.222 0.216 0.298 0.264 
0.175 0.77 0.02 0.035 
0.3 0.003 0.097 0.6 
16 
0.032 0.074 0.763 0.131 
0.094 0.616 0.017 0.273 
0.574 0.06 0.343 0.023 
0.223 0.423 0.171 0.183 
16 
0.024 0.477 0.427 0.072 
0.104 0.778 0.068 0.05 
0.412 0.132 0.349 0.107 
0.048 0.009 0.112 0.831 
16 
0.044 0.052 0.449 0.455 
0.259 0.115 0.11 0.516 
0.686 0.285 0.018 0.011 
0.339 0.155 0.417 0.089 

4 
0.459 0.541 
0.126 0.874 

12 
0.899 0.087 0.014 
0.06 0.563 0.377 
0.395 0.002 0.603 
0.296 0.055 0.649 

4 
0.05 0.95 
0.947 0.053 
4 
0.921 0.079 
0.668 0.332 
4 
0.746 0.254 
0.836 0.164 
4 
0.353 0.647 
0.753 0.247 
4 
0.769 0.231 
0.718 0.282 
4 
0.028 0.972 
0.92 0.08 
4 
0.025 0.975 
0.204 0.796 
4 
0.385 0.615 
0.411 0.589 
4 
0.88 0.12 
0.539 0.461 
4 
0.457 0.543 
0.326 0.674 
4 
0.052 0.948 
0.446 0.554 
4 
0.555 0.445 
0.138 0.862 
4 
0.518 0.482 
0.636 0.364 
4 
0.784 0.216 
0.818 0.182 
4 
0.327 0.673 
0.302 0.698 
4 
0.449 0.551 
0.142 0.858 
4 
0.408 0.592 
0.703 0.297 
4 
0.978 0.022 
0.385 0.615 
4 
0.337 0.663 
0.293 0.707 
4 
0.897 0.103 
0.541 0.459 
4 
0.146 0.854 
0.343 0.657 
4 
0.427 0.573 
0.499 0.501 
4 
0.654 0.346 
0.159 0.841 
4 
0.537 0.463 
0.963 0.037 
4 
0.77 0.23 
0.873 0.127 
4 
0.655 0.345 
0.531 0.469 
4 
0.411 0.589 
0.472 0.528 
4 
0.96 0.04 
0.66 0.34 
4 
0.627 0.373 
0.576 0.424 
4 
0.12 0.88 
0.262 0.738 
4 
0.635 0.365 
0.437 0.563 
4 
0.033 0.967 
0.628 0.372 
4 
0.03 0.97 
0.06 0.94 
4 
0.091 0.909 
0.65 0.35 
4 
0.948 0.052 
0.2 0.8 
4 
0.119 0.881 
0.431 0.569 
4 
0.558 0.442 
0.983 0.017 
4 
0.738 0.262 
0.192 0.808 
4 
0.619 0.381 
0.714 0.286 
4 
0.526 0.474 
0.495 0.505 
4 
0.29 0.71 
0.753 0.247 
4 
0.393 0.607 
0.365 0.635 
4 
0.422 0.578 
0.421 0.579 
4 
0.644 0.356 
0.352 0.648 
4 
0.909 0.091 
0.819 0.181 
4 
0.327 0.673 
0.604 0.396 
4 
0.292 0.708 
0.97 0.03 
4 
0.407 0.593 
0.583 0.417 

16 
0.002 0.756 0.098 0.144 
0.881 0.065 0.0 0.054 
0.887 0.048 0.012 0.053 
0.0 0.994 0.0 0.006 
