V-CREDAL 
4 
4 3 3 3 
4 
2 3 0 
2 2 1 
2 3 2 
1 3 

16 
0.25523 0.1779 0.03093 0.53594 
0.14792 0.0941 0.07142 0.68656 
8.8E-4 0.29154 0.03306 0.67452 
0.02301 0.01722 0.95896 8.1E-4 
16 
0.22579 0.22017 0.26536 0.28868 
0.03405 0.47835 0.09021 0.39739 
0.29806 0.26745 0.25535 0.17914 
0.34876 0.25363 0.27668 0.12093 
16 
0.12847 0.05349 0.64216 0.17588 
0.15107 0.09242 0.57616 0.18035 
0.31705 0.03025 0.09317 0.55953 
0.03292 0.59119 0.2934 0.08249 

12 
0.13127 0.63928 0.22945 
0.00309 0.9965 4.1E-4 
0.70647 0.15083 0.1427 
0.30197 0.31171 0.38632 
12 
0.2192 0.17741 0.60339 
0.10365 0.25509 0.64126 
0.37794 0.09084 0.53122 
0.59561 0.33022 0.07417 
12 
0.6501 0.04812 0.30178 
0.37745 0.01439 0.60816 
0.08996 0.01927 0.89077 
0.83903 0.02313 0.13784 

12 
0.18982 0.61456 0.19562 
0.20432 0.06079 0.73489 
0.2277 0.33326 0.43904 
0.0569 0.08183 0.86127 
12 
0.89835 0.06652 0.03513 
0.22764 0.2127 0.55966 
0.21538 0.70436 0.08026 
0.08521 0.36443 0.55036 
12 
0.00462 0.00104 0.99434 
0.67385 0.10329 0.22286 
0.08303 0.54018 0.37679 
0.43302 0.51476 0.05222 

12 
0.0214 0.87693 0.10167 
0.01403 0.0749 0.91107 
0.89707 0.0201 0.08283 
7.0E-4 0.4454 0.5539 
