V-CREDAL 
10 
2 3 2 2 3 2 3 2 3 2 
10 
1 0 
2 0 1 
2 1 2 
2 2 3 
2 3 4 
2 4 5 
2 5 6 
2 6 7 
2 7 8 
2 8 9 

4 
0.12845 0.87155 
0.39002 0.60998 

12 
0.9202 0.04562 0.03418 
0.04879 0.79494 0.15627 
0.08829 0.87189 0.03982 
0.56614 0.02711 0.40675 
12 
0.38395 0.23345 0.3826 
0.14089 0.51753 0.34158 
0.09657 0.06855 0.83488 
0.29145 0.03795 0.6706 

4 
0.82258 0.17742 
0.09913 0.90087 
4 
0.87846 0.12154 
0.74196 0.25804 
4 
0.78153 0.21847 
0.6189 0.3811 

4 
0.62036 0.37964 
0.04496 0.95504 
4 
0.90189 0.09811 
0.95022 0.04978 

12 
0.13856 0.45057 0.41087 
0.2293 0.05049 0.72021 
0.58545 0.2104 0.20415 
0.35014 0.06407 0.58579 
12 
0.44096 0.07241 0.48663 
0.12894 0.66339 0.20767 
0.32579 0.61942 0.05479 
0.28377 0.12044 0.59579 

4 
0.01159 0.98841 
0.96568 0.03432 
4 
0.57392 0.42608 
0.09792 0.90208 
4 
0.0626 0.9374 
0.82678 0.17322 

12 
0.03449 0.14234 0.82317 
0.37504 0.55888 0.06608 
0.52711 0.47273 1.6E-4 
0.61032 0.2642 0.12548 
12 
0.36561 0.24436 0.39003 
0.01591 0.76941 0.21468 
0.44149 0.27404 0.28447 
0.0569 0.54312 0.39998 

4 
0.10352 0.89648 
0.93584 0.06416 
4 
0.00603 0.99397 
0.86256 0.13744 
4 
0.55951 0.44049 
0.13567 0.86433 

12 
0.17962 0.57366 0.24672 
0.47483 0.07662 0.44855 
0.0278 0.03467 0.93753 
0.47807 0.38293 0.139 
12 
0.03854 0.79584 0.16562 
0.02453 0.66105 0.31442 
0.49869 0.23637 0.26494 
0.29288 0.37108 0.33604 

4 
0.93489 0.06511 
0.89134 0.10866 
4 
0.98778 0.01222 
0.27404 0.72596 
4 
0.50171 0.49829 
0.20404 0.79596 
