V-CREDAL
4
3 4 3 3
4
1 0
2 0 1
2 1 2
2 2 3

18
0.208 0.786 0.006
0.568 0.041 0.391
0.223 0.269 0.508
0.009 0.967 0.024
0.694 0.021 0.285
0.673 0.141 0.186

24
0.321 0.672 0.006 0.001
0.076 0.292 0.037 0.595
0.376 0.606 0.002 0.016
0.101 0.258 0.249 0.392
0.285 0.386 0.053 0.276
0.254 0.053 0.654 0.039
24
0.008 0.036 0.027 0.929
0.023 0.735 0.238 0.004
0.22 0.177 0.513 0.09
0.431 0.52 0.017 0.032
0.376 0.24 0.308 0.076
0.168 0.102 0.016 0.714
24
0.04 0.626 0.019 0.315
0.212 0.187 0.223 0.378
0.018 0.386 0.172 0.424
0.331 0.261 0.261 0.147
0.975 0.0 0.022 0.003
0.91 0.009 0.064 0.017

18
0.0 0.001 0.999
0.471 0.528 0.001
0.008 0.982 0.01
0.958 0.02 0.022
0.671 0.001 0.328
0.005 0.91 0.085
18
0.142 0.061 0.797
0.714 0.044 0.242
0.049 0.92 0.031
0.059 0.805 0.136
0.371 0.622 0.007
0.231 0.003 0.766
18
0.015 0.966 0.019
0.872 0.044 0.084
0.592 0.046 0.362
0.886 0.082 0.032
0.03 0.197 0.773
0.355 0.078 0.567
18
0.131 0.755 0.114
0.258 0.005 0.737
0.969 0.021 0.01
0.084 0.699 0.217
0.207 0.792 0.001
0.031 0.503 0.466

18
0.164 0.004 0.832
0.006 0.224 0.77
0.001 0.998 0.001
0.978 0.014 0.008
0.698 0.005 0.297
0.046 0.094 0.86
18
0.603 0.08 0.317
0.167 0.09 0.743
0.346 0.037 0.617
0.306 0.518 0.176
0.542 0.009 0.449
0.221 0.315 0.464
18
0.199 0.633 0.168
0.025 0.021 0.954
0.831 0.063 0.106
0.047 0.458 0.495
0.188 0.016 0.796
0.039 0.399 0.562
