V-CREDAL
6
2 2 3 4 3 3
6
1 0
2 0 1
2 1 2
2 2 3
2 3 4
2 4 5

4
0.66 0.34
0.75 0.25

4
0.016 0.984
0.047 0.953
4
0.512 0.488
0.707 0.293

18
0.004 0.445 0.551
0.238 0.017 0.745
0.041 0.847 0.112
0.935 0.036 0.029
0.899 0.088 0.013
0.116 0.827 0.057
18
0.176 0.577 0.247
0.055 0.007 0.938
0.048 0.486 0.466
0.75 0.024 0.226
0.664 0.286 0.05
0.369 0.599 0.032

24
0.023 0.062 0.406 0.509
0.063 0.926 0.001 0.01
0.018 0.028 0.086 0.868
0.809 0.127 0.012 0.052
0.056 0.005 0.024 0.915
0.615 0.018 0.362 0.005
24
0.017 0.071 0.004 0.908
0.145 0.003 0.843 0.009
0.806 0.007 0.153 0.034
0.016 0.358 0.014 0.612
0.007 0.009 0.97 0.014
0.398 0.105 0.419 0.078
24
0.197 0.053 0.682 0.068
0.652 0.047 0.289 0.012
0.066 0.308 0.469 0.157
0.003 0.006 0.019 0.972
0.64 0.111 0.032 0.217
0.542 0.04 0.108 0.31

18
0.006 0.973 0.021
0.007 0.025 0.968
0.955 0.021 0.024
0.951 0.031 0.018
0.166 0.815 0.019
0.929 0.055 0.016
18
0.834 0.142 0.024
0.341 0.428 0.231
0.003 0.005 0.992
0.168 0.345 0.487
0.593 0.034 0.373
0.838 0.133 0.029
18
0.898 0.064 0.038
0.432 0.125 0.443
0.272 0.714 0.014
0.01 0.501 0.489
0.758 0.02 0.222
0.037 0.811 0.152
18
0.465 0.158 0.377
0.202 0.412 0.386
0.358 0.085 0.557
0.152 0.619 0.229
0.296 0.549 0.155
0.377 0.478 0.145

18
0.019 0.979 0.002
0.005 0.007 0.988
0.002 0.779 0.219
0.976 0.008 0.016
0.018 0.968 0.014
0.675 0.004 0.321
18
0.203 0.428 0.369
0.926 0.003 0.071
0.52 0.439 0.041
0.254 0.029 0.717
0.174 0.074 0.752
0.079 0.157 0.764
18
0.003 0.964 0.033
0.997 0.002 0.001
0.995 0.001 0.004
0.003 0.003 0.994
0.022 0.976 0.002
0.001 0.758 0.241
