V-CREDAL 
10 
2 3 3 4 3 3 3 3 2 4 
10 
1 0 
2 0 1 
2 1 2 
2 2 3 
2 3 4 
2 4 5 
2 5 6 
2 6 7 
2 7 8 
2 8 9 

4 
0.237 0.763 
0.298 0.702 

12 
0.313 0.527 0.16 
0.062 0.318 0.62 
0.65 0.178 0.172 
0.272 0.258 0.47 
12 
0.345 0.01 0.645 
0.497 0.414 0.089 
0.718 0.082 0.2 
0.355 0.505 0.14 

12 
0.065 0.281 0.654 
0.895 0.021 0.084 
0.067 0.096 0.837 
0.084 0.667 0.249 
12 
0.212 0.354 0.434 
0.271 0.255 0.474 
0.126 0.7 0.174 
0.457 0.176 0.367 
12 
0.488 0.337 0.175 
0.583 0.147 0.27 
0.262 0.064 0.674 
0.037 0.923 0.04 

16 
0.008 0.005 0.938 0.049 
0.019 0.968 0.008 0.005 
0.539 0.076 0.073 0.312 
0.033 0.555 0.079 0.333 
16 
0.004 0.92 0.071 0.005 
0.244 0.117 0.249 0.39 
0.388 0.285 0.044 0.283 
0.022 0.062 0.038 0.878 
16 
0.011 0.668 0.174 0.147 
0.437 0.011 0.379 0.173 
0.063 0.391 0.124 0.422 
0.025 0.199 0.758 0.018 

12 
0.326 0.529 0.145 
0.21 0.118 0.672 
0.05 0.744 0.206 
0.372 0.046 0.582 
12 
0.009 0.713 0.278 
0.209 0.092 0.699 
0.189 0.775 0.036 
0.51 0.257 0.233 
12 
0.241 0.73 0.029 
0.152 0.357 0.491 
0.387 0.018 0.595 
0.022 0.79 0.188 
12 
0.047 0.855 0.098 
0.01 0.181 0.809 
0.858 0.059 0.083 
0.029 0.102 0.869 

12 
0.17 0.793 0.037 
0.951 0.006 0.043 
0.772 0.163 0.065 
0.174 0.79 0.036 
12 
0.057 0.07 0.873 
0.002 0.996 0.002 
0.988 0.002 0.01 
0.045 0.209 0.746 
12 
0.796 0.03 0.174 
0.011 0.05 0.939 
0.183 0.278 0.539 
0.296 0.395 0.309 

12 
0.228 0.703 0.069 
0.748 0.157 0.095 
0.023 0.521 0.456 
0.203 0.203 0.594 
12 
0.024 0.208 0.768 
0.35 0.603 0.047 
0.673 0.002 0.325 
0.176 0.782 0.042 
12 
0.162 0.619 0.219 
0.164 0.305 0.531 
0.123 0.414 0.463 
0.712 0.162 0.126 

12 
0.104 0.087 0.809 
0.146 0.809 0.045 
0.038 0.861 0.101 
0.268 0.452 0.28 
12 
0.091 0.741 0.168 
0.523 0.382 0.095 
0.137 0.857 0.006 
0.708 0.089 0.203 
12 
0.355 0.441 0.204 
0.099 0.678 0.223 
0.136 0.29 0.574 
0.139 0.71 0.151 

4 
0.59 0.41 
0.982 0.018 
4 
0.967 0.033 
0.193 0.807 
4 
0.96 0.04 
0.357 0.643 

16 
0.031 0.752 0.027 0.19 
0.295 0.266 0.404 0.035 
0.585 0.191 0.118 0.106 
0.538 0.048 0.09 0.324 
16 
0.679 0.279 0.027 0.015 
0.127 0.105 0.669 0.099 
0.207 0.399 0.35 0.044 
0.021 0.815 0.036 0.128 
