V-CREDAL 
6 
3 3 3 3 2 2 
6 
2 5 0 
3 3 5 1 
3 1 4 2 
1 3 
1 4 
1 5 

18 
0.95475 0.01472 0.03053 
0.05754 0.04479 0.89767 
0.81885 0.15812 0.02303 
0.04748 0.91742 0.0351 
0.01466 0.42916 0.55618 
0.03681 0.89288 0.07031 
18 
0.43305 0.06778 0.49917 
0.68982 0.08467 0.22551 
0.0107 0.43854 0.55076 
0.52118 0.38177 0.09705 
0.57837 0.03995 0.38168 
0.07804 0.14032 0.78164 

18 
0.21923 0.24233 0.53844 
0.05564 0.88355 0.06081 
0.30296 0.6258 0.07124 
0.47534 0.02783 0.49683 
0.05233 0.93831 0.00936 
0.56787 0.1622 0.26993 
18 
0.0782 0.00199 0.91981 
0.03167 0.87914 0.08919 
0.62844 0.18757 0.18399 
0.04261 0.1207 0.83669 
0.4705 0.13234 0.39716 
0.39474 0.4949 0.11036 
18 
0.67221 0.316 0.01179 
0.03154 0.94928 0.01918 
0.01713 0.10446 0.87841 
0.0035 0.57123 0.42527 
0.93417 0.01105 0.05478 
0.94165 0.03789 0.02046 
18 
0.06796 0.50587 0.42617 
0.53251 0.40848 0.05901 
0.90518 0.02564 0.06918 
0.22909 0.01048 0.76043 
0.1842 0.6234 0.1924 
0.66385 0.01456 0.32159 
18 
0.02705 0.05489 0.91806 
0.98245 0.00165 0.0159 
0.00541 0.74148 0.25311 
0.05428 0.00611 0.93961 
0.02447 0.95813 0.0174 
0.75134 0.2343 0.01436 
18 
0.17118 0.01321 0.81561 
0.00947 0.82444 0.16609 
0.7304 0.01841 0.25119 
0.89581 0.04936 0.05483 
0.00865 0.96011 0.03124 
0.67854 0.2964 0.02506 

18 
0.02448 0.67538 0.30014 
0.97645 2.4E-4 0.02331 
0.03909 0.01798 0.94293 
0.15813 0.75567 0.0862 
0.61354 0.36353 0.02293 
0.06064 0.8026 0.13676 
18 
0.01657 0.93909 0.04434 
0.01213 0.00163 0.98624 
0.9245 0.00749 0.06801 
0.66425 0.2973 0.03845 
0.77915 0.1737 0.04715 
0.21937 0.73999 0.04064 
18 
0.15063 0.13018 0.71919 
0.94755 0.00553 0.04692 
0.19775 0.34824 0.45401 
0.55948 0.42358 0.01694 
0.8975 0.00649 0.09601 
0.57339 0.05916 0.36745 
18 
0.0809 0.75927 0.15983 
0.59799 0.2536 0.14841 
0.06491 0.88924 0.04585 
0.24314 0.31532 0.44154 
0.34948 0.0387 0.61182 
0.44075 0.52828 0.03097 
18 
0.06521 0.08745 0.84734 
0.09081 0.89738 0.01181 
0.99611 0.00335 5.4E-4 
0.03416 0.91197 0.05387 
0.01422 0.69918 0.2866 
0.33424 0.05678 0.60898 
18 
9.5E-4 0.99676 0.00229 
0.02471 0.97433 9.6E-4 
0.28024 0.10093 0.61883 
0.57554 0.09219 0.33227 
0.44447 0.3672 0.18833 
0.05037 0.83096 0.11867 

18 
0.05768 0.03681 0.90551 
0.81871 0.06525 0.11604 
0.00479 0.66321 0.332 
0.02162 0.37748 0.6009 
0.52646 0.36679 0.10675 
0.28263 0.00663 0.71074 

4 
0.16079 0.83921 
0.05087 0.94913 

4 
0.86095 0.13905 
0.16538 0.83462 
