V-CREDAL
10
2 4 3 3 2 3 2 2 2 2
10
1 0
2 0 1
2 1 2
2 2 3
2 3 4
2 4 5
2 5 6
2 6 7
2 7 8
2 8 9

4
0.55 0.45
0.487 0.513

16
0.355 0.213 0.343 0.089
0.025 0.219 0.721 0.035
0.866 0.037 0.092 0.005
0.001 0.001 0.998 0.0
16
0.205 0.345 0.247 0.203
0.313 0.221 0.236 0.23
0.118 0.607 0.054 0.221
0.227 0.455 0.3 0.018

12
0.064 0.514 0.422
0.428 0.081 0.491
0.14 0.751 0.109
0.076 0.391 0.533
12
0.148 0.806 0.046
0.295 0.327 0.378
0.934 0.049 0.017
0.324 0.643 0.033
12
0.693 0.213 0.094
0.001 0.575 0.424
0.087 0.04 0.873
0.629 0.062 0.309
12
0.053 0.191 0.756
0.827 0.092 0.081
0.285 0.7 0.015
0.428 0.063 0.509

12
0.09 0.82 0.09
0.083 0.16 0.757
0.268 0.118 0.614
0.044 0.877 0.079
12
0.352 0.346 0.302
0.277 0.27 0.453
0.155 0.352 0.493
0.08 0.911 0.009
12
0.366 0.309 0.325
0.41 0.58 0.01
0.18 0.065 0.755
0.192 0.394 0.414

4
0.55 0.45
0.556 0.444
4
0.167 0.833
0.105 0.895
4
0.995 0.005
0.225 0.775

12
0.167 0.247 0.586
0.625 0.006 0.369
0.684 0.233 0.083
0.57 0.028 0.402
12
0.944 0.055 0.001
0.9 0.038 0.062
0.051 0.482 0.467
0.075 0.539 0.386

4
0.95 0.05
0.854 0.146
4
0.618 0.382
0.86 0.14
4
0.282 0.718
0.464 0.536

4
0.17 0.83
0.416 0.584
4
0.527 0.473
0.431 0.569

4
0.784 0.216
0.84 0.16
4
0.207 0.793
0.464 0.536

4
0.074 0.926
0.471 0.529
4
0.174 0.826
0.742 0.258
