V-CREDAL 
4 
3 4 4 4 
4 
1 0 
2 0 1 
2 1 2 
2 2 3 

12 
0.54114 0.30172 0.15714 
0.05013 0.55978 0.39009 
0.42625 0.27301 0.30074 
0.29909 0.6309 0.07001 

16 
0.13778 0.01408 0.05281 0.79533 
0.02808 0.16463 0.64828 0.15901 
0.19472 0.20807 0.54942 0.04779 
0.53743 0.37653 0.03816 0.04788 
16 
0.03987 0.00298 0.94864 0.00851 
2.0E-5 0.01893 4.0E-5 0.98101 
0.00803 0.34097 0.6385 0.0125 
3.0E-5 1.0E-4 9.5E-4 0.99892 
16 
0.90861 0.02851 0.04434 0.01854 
0.75767 0.0101 0.02804 0.20419 
0.0552 0.41314 0.38148 0.15018 
0.12003 0.04633 0.75321 0.08043 

16 
0.01811 0.00607 0.41842 0.5574 
0.01094 0.28573 0.0036 0.69973 
0.39193 0.54374 0.06376 5.7E-4 
0.1661 0.59401 0.06741 0.17248 
16 
0.34295 0.21239 0.14918 0.29548 
0.07412 0.84015 0.04513 0.0406 
0.00187 0.61156 0.38604 5.3E-4 
0.67792 0.0287 0.08944 0.20394 
16 
0.18255 0.49082 0.16664 0.15999 
0.19766 0.57787 0.10458 0.11989 
0.02862 0.90977 0.03933 0.02228 
0.69978 0.16285 0.03166 0.10571 
16 
0.87147 0.02792 0.09225 0.00836 
0.22787 0.44665 0.03408 0.2914 
0.02181 0.04218 0.76687 0.16914 
0.00721 0.07068 0.92116 9.5E-4 

16 
0.01145 0.94341 0.02737 0.01777 
0.64107 0.28502 0.01318 0.06073 
0.11475 0.19912 0.01481 0.67132 
0.03221 0.02175 0.79718 0.14886 
16 
0.99009 7.4E-4 0.00688 0.00229 
0.00678 0.82249 0.02297 0.14776 
0.08751 0.536 0.16274 0.21375 
0.09817 0.02273 0.01201 0.86709 
16 
0.46821 0.04067 0.17404 0.31708 
0.19425 0.00936 0.19309 0.6033 
0.00252 0.99676 2.5E-4 4.7E-4 
0.099 0.03221 0.13438 0.73441 
16 
0.95308 0.0202 0.01235 0.01437 
0.04606 0.04162 0.21481 0.69751 
0.06407 0.20569 0.08455 0.64569 
0.50763 0.43654 0.04705 0.00878 
