V-CREDAL
6
3 2 3 4 4 4
6
1 0
2 0 1
2 1 2
2 2 3
2 3 4
2 4 5

12
0.455 0.146 0.399
0.201 0.129 0.67
0.08 0.779 0.141
0.42 0.014 0.566

4
0.377 0.623
0.267 0.733
4
0.757 0.243
0.19 0.81
4
0.962 0.038
0.461 0.539

12
0.054 0.242 0.704
0.057 0.774 0.169
0.293 0.065 0.642
0.917 0.035 0.048
12
0.744 0.074 0.182
0.237 0.063 0.7
0.618 0.108 0.274
0.58 0.052 0.368

16
0.013 0.764 0.173 0.05
0.851 0.065 0.058 0.026
0.063 0.008 0.118 0.811
0.441 0.271 0.231 0.057
16
0.691 0.002 0.139 0.168
0.692 0.045 0.023 0.24
0.044 0.884 0.066 0.006
0.619 0.12 0.075 0.186
16
0.298 0.5 0.109 0.093
0.165 0.178 0.646 0.011
0.358 0.288 0.347 0.007
0.258 0.643 0.098 0.001

16
0.058 0.093 0.008 0.841
0.178 0.515 0.301 0.006
0.237 0.566 0.035 0.162
0.01 0.154 0.03 0.806
16
0.114 0.58 0.14 0.166
0.0 0.966 0.006 0.028
0.065 0.036 0.679 0.22
0.053 0.005 0.91 0.032
16
0.018 0.679 0.1 0.203
0.214 0.27 0.436 0.08
0.183 0.336 0.098 0.383
0.066 0.628 0.256 0.05
16
0.005 0.012 0.144 0.839
0.238 0.649 0.051 0.062
0.006 0.025 0.238 0.731
0.448 0.075 0.071 0.406

16
0.019 0.042 0.168 0.771
0.08 0.537 0.058 0.325
0.658 0.177 0.133 0.032
0.101 0.186 0.232 0.481
16
0.153 0.057 0.506 0.284
0.049 0.401 0.538 0.012
0.023 0.916 0.059 0.002
0.331 0.001 0.668 0.0
16
0.065 0.014 0.752 0.169
0.121 0.591 0.188 0.1
0.291 0.078 0.434 0.197
0.058 0.121 0.063 0.758
16
0.005 0.27 0.705 0.02
0.086 0.213 0.024 0.677
0.025 0.842 0.1 0.033
0.192 0.302 0.019 0.487
