V-CREDAL
6
4 2 3 2 2 2
6
1 0
2 0 1
2 1 2
2 2 3
2 3 4
2 4 5

24
0.814 0.005 0.005 0.176
0.073 0.066 0.127 0.734
0.147 0.036 0.76 0.057
0.208 0.474 0.284 0.034
0.02 0.686 0.108 0.186
0.111 0.4 0.092 0.397

4
0.302 0.698
0.261 0.739
4
0.039 0.961
0.184 0.816
4
0.536 0.464
0.184 0.816
4
0.028 0.972
0.123 0.877

18
0.782 0.045 0.173
0.002 0.352 0.646
0.416 0.062 0.522
0.144 0.813 0.043
0.37 0.604 0.026
0.021 0.589 0.39
18
0.102 0.057 0.841
0.002 0.954 0.044
0.786 0.064 0.15
0.722 0.032 0.246
0.039 0.423 0.538
0.418 0.522 0.06

4
0.327 0.673
0.919 0.081
4
0.868 0.132
0.808 0.192
4
0.133 0.867
0.123 0.877

4
0.194 0.806
0.6 0.4
4
0.737 0.263
0.76 0.24

4
0.348 0.652
0.326 0.674
4
0.64 0.36
0.636 0.364
