V-CREDAL
4
4 4 2 2
4
1 0
2 0 1
2 1 2
2 2 3

16
0.31 0.107 0.522 0.061
0.054 0.455 0.118 0.373
0.338 0.534 0.117 0.011
0.209 0.305 0.011 0.475

16
0.052 0.377 0.084 0.487
0.522 0.252 0.184 0.042
0.983 0.01 0.005 0.002
0.484 0.017 0.252 0.247
16
0.294 0.261 0.36 0.085
0.038 0.019 0.02 0.923
0.048 0.562 0.164 0.226
0.152 0.506 0.286 0.056
16
0.052 0.658 0.024 0.266
0.485 0.072 0.057 0.386
0.124 0.673 0.111 0.092
0.426 0.353 0.069 0.152
16
0.013 0.724 0.01 0.253
0.035 0.443 0.483 0.039
0.024 0.917 0.009 0.05
0.03 0.81 0.091 0.069

4
0.068 0.932
0.233 0.767
4
0.619 0.381
0.79 0.21
4
0.681 0.319
0.032 0.968
4
0.255 0.745
0.978 0.022

4
0.856 0.144
0.055 0.945
4
0.751 0.249
0.152 0.848
