V-CREDAL 
6 
3 3 4 3 4 3 
6 
1 0 
2 0 1 
2 1 2 
2 2 3 
2 3 4 
2 4 5 

12 
0.15126 0.64337 0.20537 
0.09898 5.1E-4 0.90051 
0.03494 0.28714 0.67792 
0.22838 0.67432 0.0973 

12 
0.76549 0.17143 0.06308 
0.01846 0.43247 0.54907 
0.63888 0.27059 0.09053 
0.17244 0.24197 0.58559 
12 
0.00716 0.9756 0.01724 
0.35503 0.10101 0.54396 
0.27101 0.68064 0.04835 
0.21939 0.02875 0.75186 
12 
0.60775 0.38985 0.0024 
0.00394 0.41098 0.58508 
0.14144 0.60917 0.24939 
0.18226 0.6489 0.16884 

16 
0.3778 0.05942 0.27885 0.28393 
0.23889 0.5222 0.16802 0.07089 
0.24235 0.0031 0.03906 0.71549 
0.00889 0.0354 0.87398 0.08173 
16 
0.56976 0.2014 0.01927 0.20957 
0.233 0.22217 0.07971 0.46512 
0.31205 0.2142 0.35483 0.11892 
0.1574 0.29566 0.49056 0.05638 
16 
0.80069 0.04194 0.12869 0.02868 
0.28637 0.55731 0.13238 0.02394 
0.00482 0.70047 0.20798 0.08673 
0.47489 0.04838 0.02818 0.44855 

12 
0.67695 0.15469 0.16836 
0.74314 0.12895 0.12791 
0.05669 0.33587 0.60744 
0.01109 0.2219 0.76701 
12 
0.04839 0.25695 0.69466 
0.96269 0.0212 0.01611 
0.44621 0.428 0.12579 
0.1562 0.57081 0.27299 
12 
0.22361 5.0E-5 0.77634 
0.08694 0.09465 0.81841 
0.51997 0.42098 0.05905 
0.87601 0.0519 0.07209 
12 
0.00757 0.00381 0.98862 
0.07923 0.77646 0.14431 
0.60658 0.29425 0.09917 
0.74114 0.04056 0.2183 

16 
0.22374 0.25817 0.24323 0.27486 
0.09686 0.14599 0.46303 0.29412 
0.10191 0.00197 0.00109 0.89503 
0.29843 0.12969 0.5631 0.00878 
16 
0.96989 0.02722 0.00239 5.0E-4 
0.05118 0.03883 0.07492 0.83507 
0.01723 0.11985 0.10419 0.75873 
0.34885 0.0799 0.20906 0.36219 
16 
0.17308 0.03036 0.69934 0.09722 
0.39382 0.34728 0.1415 0.1174 
0.56823 0.29758 0.02066 0.11353 
0.64419 0.14947 0.19783 0.00851 

12 
0.05215 0.17504 0.77281 
0.00424 0.06572 0.93004 
0.20619 0.76414 0.02967 
0.00291 0.03546 0.96163 
12 
0.79033 0.1534 0.05627 
0.01657 0.61881 0.36462 
0.31251 0.25415 0.43334 
0.00721 0.73596 0.25683 
12 
0.48955 0.19081 0.31964 
0.00999 0.04057 0.94944 
0.13047 0.79603 0.0735 
0.22633 0.73516 0.03851 
12 
0.07383 0.39894 0.52723 
0.06789 0.75328 0.17883 
0.92145 0.03074 0.04781 
0.24143 0.2094 0.54917 
