V-CREDAL
8
3 4 4 2 4 2 3 4
8
1 0
3 2 5 1
2 3 2
1 3
2 3 4
1 5
3 0 1 6
2 3 7

12
0.616 0.129 0.255
0.559 0.352 0.089
0.126 0.113 0.761
0.011 0.425 0.564

16
0.426 0.325 0.133 0.116
0.368 0.178 0.434 0.02
0.022 0.269 0.039 0.67
0.014 0.264 0.025 0.697
16
0.007 0.086 0.809 0.098
0.03 0.017 0.948 0.005
0.104 0.125 0.735 0.036
0.114 0.241 0.099 0.546
16
0.008 0.002 0.003 0.987
0.267 0.198 0.092 0.443
0.511 0.006 0.051 0.432
0.063 0.013 0.919 0.005
16
0.17 0.422 0.288 0.12
0.106 0.494 0.043 0.357
0.149 0.49 0.096 0.265
0.046 0.033 0.414 0.507
16
0.733 0.092 0.17 0.005
0.286 0.152 0.31 0.252
0.119 0.076 0.371 0.434
0.722 0.158 0.004 0.116
16
0.05 0.043 0.406 0.501
0.033 0.41 0.537 0.02
0.08 0.135 0.208 0.577
0.031 0.905 0.046 0.018
16
0.13 0.452 0.207 0.211
0.277 0.643 0.073 0.007
0.09 0.049 0.127 0.734
0.298 0.404 0.16 0.138
16
0.626 0.26 0.017 0.097
0.108 0.003 0.786 0.103
0.001 0.466 0.002 0.531
0.022 0.016 0.94 0.022

16
0.294 0.203 0.202 0.301
0.189 0.43 0.376 0.005
0.011 0.814 0.143 0.032
0.197 0.508 0.129 0.166
16
0.296 0.123 0.022 0.559
0.005 0.725 0.258 0.012
0.036 0.359 0.249 0.356
0.173 0.383 0.082 0.362

4
0.308 0.692
0.366 0.634

16
0.002 0.714 0.007 0.277
0.023 0.02 0.686 0.271
0.055 0.168 0.24 0.537
0.069 0.366 0.019 0.546
16
0.021 0.701 0.277 0.001
0.081 0.259 0.07 0.59
0.117 0.242 0.335 0.306
0.11 0.345 0.31 0.235

4
0.022 0.978
0.157 0.843

12
0.441 0.264 0.295
0.526 0.089 0.385
0.147 0.337 0.516
0.028 0.878 0.094
12
0.081 0.152 0.767
0.089 0.237 0.674
0.067 0.607 0.326
0.051 0.224 0.725
12
0.052 0.111 0.837
0.043 0.537 0.42
0.241 0.168 0.591
0.175 0.091 0.734
12
0.033 0.017 0.95
0.266 0.723 0.011
0.945 0.025 0.03
0.094 0.298 0.608
12
0.146 0.558 0.296
0.226 0.738 0.036
0.287 0.316 0.397
0.375 0.624 0.001
12
0.486 0.077 0.437
0.125 0.749 0.126
0.031 0.219 0.75
0.491 0.366 0.143
12
0.092 0.021 0.887
0.68 0.307 0.013
0.429 0.158 0.413
0.218 0.593 0.189
12
0.44 0.047 0.513
0.95 0.049 0.001
0.007 0.896 0.097
0.241 0.313 0.446
12
0.089 0.324 0.587
0.193 0.147 0.66
0.159 0.187 0.654
0.006 0.993 0.001
12
0.032 0.01 0.958
0.224 0.634 0.142
0.707 0.084 0.209
0.696 0.278 0.026
12
0.192 0.589 0.219
0.608 0.3 0.092
0.599 0.228 0.173
0.481 0.034 0.485
12
0.397 0.392 0.211
0.526 0.312 0.162
0.6 0.353 0.047
0.071 0.394 0.535

16
0.323 0.084 0.327 0.266
0.308 0.208 0.414 0.07
0.036 0.68 0.16 0.124
0.256 0.017 0.286 0.441
16
0.009 0.003 0.429 0.559
0.149 0.014 0.686 0.151
0.196 0.02 0.021 0.763
0.002 0.576 0.404 0.018
