V-CREDAL 
10 
3 5 3 4 3 2 3 4 4 4 
10 
1 0 
3 3 7 1 
4 1 4 8 2 
2 5 3 
1 4 
2 6 5 
3 0 9 6 
1 7 
1 8 
1 9 

18 
0.31466 0.01636 0.66898 
0.08126 0.17448 0.74426 
0.71111 0.27078 0.01811 
0.92889 0.00304 0.06807 
0.02084 0.95423 0.02493 
0.76962 0.21003 0.02035 

30 
0.58941 0.03254 0.0593 0.29576 0.02299 
0.44074 0.06944 0.20687 0.18013 0.10282 
0.29978 0.00138 0.68915 0.00765 0.00204 
0.03351 0.43664 0.42744 0.02013 0.08228 
0.02132 0.02499 0.01665 0.23307 0.70397 
0.17132 0.21319 0.15937 0.40751 0.04861 
30 
0.9776 0.00339 1.0E-4 0.01876 1.5E-4 
0.15365 0.01139 0.02976 0.10713 0.69807 
0.01614 0.00189 0.01728 0.00296 0.96173 
1.5E-4 0.31335 2.2E-4 1.4E-4 0.68614 
0.01252 0.03736 8.6E-4 0.85175 0.09751 
0.01566 0.02958 0.04139 0.16467 0.7487 
30 
0.3395 0.14911 0.24468 0.20383 0.06288 
0.24249 0.0278 0.08775 0.01011 0.63185 
0.2042 0.04004 0.10116 0.18916 0.46544 
0.26107 0.29081 0.06013 0.14332 0.24467 
0.00448 0.09814 0.37948 0.47136 0.04654 
0.27065 0.05037 0.32108 0.14779 0.21011 
30 
0.008 0.70762 0.04164 0.16277 0.07997 
0.03807 0.52155 0.01978 0.30762 0.11298 
0.4329 0.00187 0.24559 0.31056 0.00908 
0.0136 0.03866 0.36365 0.51751 0.06658 
0.06898 0.80461 0.02949 0.04035 0.05657 
0.83758 0.10425 0.00202 0.01322 0.04293 
30 
0.22738 0.23957 0.11256 0.23807 0.18242 
0.03073 0.36038 0.27563 0.23969 0.09357 
0.09254 0.04337 0.72676 0.11892 0.01841 
0.24816 0.04634 0.13451 0.19203 0.37896 
0.04176 0.02282 0.82001 0.10151 0.0139 
0.00899 2.2E-4 0.94979 0.01337 0.02763 
30 
0.0338 0.57273 0.03594 0.34634 0.01119 
0.32113 0.07895 0.53696 0.0558 0.00716 
0.98638 6.0E-4 0.00535 0.00539 0.00228 
0.80204 0.05369 0.09977 0.04081 0.00369 
0.12073 0.55003 0.28163 0.03426 0.01335 
0.11406 0.23288 0.06153 0.13192 0.45961 
30 
0.00928 0.01036 0.77554 0.19433 0.01049 
0.08463 0.18097 0.01532 0.53769 0.18139 
0.03529 0.90379 0.00858 0.0357 0.01664 
0.40575 0.20747 1.1E-4 5.0E-4 0.38617 
0.50506 0.2083 0.04536 0.00105 0.24023 
0.43965 0.18056 0.11602 0.00117 0.2626 
30 
0.01983 0.00252 0.78582 0.0142 0.17763 
0.10053 0.03223 0.81182 0.02864 0.02678 
0.07467 0.02374 0.15938 0.17097 0.57124 
0.73037 0.05457 0.13081 0.01152 0.07273 
0.70012 0.03407 0.15968 0.05075 0.05538 
0.03072 0.07747 0.83493 0.03443 0.02245 
30 
0.53325 0.21382 0.00548 0.02646 0.22099 
0.42335 0.20309 0.00178 0.00368 0.3681 
0.25828 0.06716 0.02792 0.41586 0.23078 
0.00887 0.02033 0.03124 0.85493 0.08463 
0.02063 0.00314 0.02348 0.3783 0.57445 
0.04243 0.25657 0.43004 0.10891 0.16205 
30 
0.18473 0.31892 0.07356 0.34801 0.07478 
0.05844 0.06296 0.05513 0.0815 0.74197 
0.00978 0.9556 0.00103 0.03169 0.0019 
0.00385 0.33212 0.00616 0.55252 0.10535 
0.04228 0.00161 0.26076 0.04663 0.64872 
0.11691 0.00324 0.85809 0.01762 0.00414 
30 
0.33838 0.36517 0.02562 0.03533 0.2355 
0.00984 0.012 0.66096 0.00836 0.30884 
0.31185 0.1351 0.02286 0.07224 0.45795 
0.00886 0.00604 0.57689 0.0232 0.38501 
0.15123 0.18005 0.00864 0.24486 0.41522 
0.0598 0.10009 0.06911 0.25772 0.51328 
30 
0.0016 7.0E-5 0.99814 1.0E-4 9.0E-5 
0.00627 0.06527 0.00963 0.04913 0.8697 
0.03716 0.21994 0.19472 0.53852 0.00966 
0.20319 0.46909 0.03868 0.12129 0.16775 
0.03328 0.12613 0.53392 0.22403 0.08264 
0.00728 0.84444 0.00698 0.01572 0.12558 
30 
0.18382 0.1627 0.05713 0.49332 0.10303 
0.74021 0.05997 0.1141 0.04004 0.04568 
0.23597 0.05624 0.54819 0.1336 0.026 
0.10843 0.04634 0.00286 0.83326 0.00911 
0.09666 0.00322 1.0E-4 1.3E-4 0.89989 
0.06606 0.00875 0.41624 0.50331 0.00564 
30 
0.25774 0.30015 0.17148 0.1537 0.11693 
0.04594 0.03876 0.26211 0.27708 0.37611 
0.00233 0.00163 0.98172 0.01383 4.9E-4 
0.00694 0.19432 0.03765 0.07768 0.68341 
0.04186 0.13462 0.13408 0.56974 0.1197 
0.05509 0.16851 0.17304 0.44407 0.15929 
30 
0.00134 0.09604 0.01989 0.09605 0.78668 
0.06779 0.10725 0.09858 0.10748 0.6189 
0.04781 0.43645 0.02697 0.17965 0.30912 
0.06168 0.44095 0.18241 0.01419 0.30077 
0.01675 0.53007 0.04981 0.01147 0.3919 
0.08448 0.64797 0.04041 0.15112 0.07602 
30 
0.00176 0.01196 0.97956 0.00444 0.00228 
0.07323 0.00498 0.19887 0.10885 0.61407 
2.4E-4 0.00304 0.56831 0.08839 0.34002 
0.11196 0.11434 0.17317 0.28998 0.31055 
0.05434 0.04463 0.33907 0.41094 0.15102 
0.13858 0.20637 0.31538 0.10172 0.23795 

18 
0.90755 0.08151 0.01094 
0.12796 0.84402 0.02802 
0.03078 0.43218 0.53704 
0.88535 0.03576 0.07889 
3.3E-4 0.00446 0.99521 
0.89187 0.03882 0.06931 
18 
0.8178 0.04218 0.14002 
0.80201 0.12723 0.07076 
0.16364 0.02638 0.80998 
0.00533 0.94882 0.04585 
0.01185 0.23853 0.74962 
0.1352 0.86314 0.00166 
18 
0.58395 0.00221 0.41384 
0.08073 0.90934 0.00993 
0.36048 0.00786 0.63166 
0.06501 0.92095 0.01404 
0.91811 0.0366 0.04529 
0.21167 0.1139 0.67443 
18 
0.34312 0.03091 0.62597 
0.62648 0.13097 0.24255 
0.09815 0.04759 0.85426 
0.03178 0.81465 0.15357 
0.32841 0.66818 0.00341 
0.69151 0.18324 0.12525 
18 
0.00297 0.99229 0.00474 
0.59604 0.09768 0.30628 
0.1257 0.0565 0.8178 
0.72259 0.27279 0.00462 
0.00619 0.14062 0.85319 
0.03369 0.10201 0.8643 
18 
0.35058 0.32685 0.32257 
0.18924 0.29917 0.51159 
0.67457 0.16113 0.1643 
0.4708 0.02471 0.50449 
0.11077 0.20501 0.68422 
0.64861 0.06678 0.28461 
18 
0.17642 0.51617 0.30741 
0.60692 0.08076 0.31232 
0.51184 0.01792 0.47024 
0.00416 0.98225 0.01359 
0.02251 0.8795 0.09799 
0.55109 0.22047 0.22844 
18 
0.84368 0.04849 0.10783 
0.16281 0.04618 0.79101 
0.85611 0.09809 0.0458 
0.04983 0.94454 0.00563 
0.1052 0.45827 0.43653 
0.72378 0.27188 0.00434 
18 
0.64328 0.27684 0.07988 
0.51264 0.04025 0.44711 
0.30198 0.11632 0.5817 
0.36605 0.47268 0.16127 
0.13156 0.22604 0.6424 
0.03294 0.55671 0.41035 
18 
0.04358 0.02451 0.93191 
0.89405 0.06086 0.04509 
0.19521 0.74878 0.05601 
0.3527 0.02635 0.62095 
0.16693 0.76874 0.06433 
0.7847 0.19283 0.02247 
18 
0.41511 0.04818 0.53671 
0.13038 0.43026 0.43936 
0.14381 0.06738 0.78881 
0.68764 0.0856 0.22676 
0.24005 0.72918 0.03077 
0.10481 0.26984 0.62535 
18 
0.22854 0.01844 0.75302 
0.42585 0.55233 0.02182 
0.71818 0.06926 0.21256 
0.5858 0.39539 0.01881 
0.03289 0.82623 0.14088 
0.01916 0.46534 0.5155 
18 
0.06894 0.17192 0.75914 
0.02156 0.92745 0.05099 
0.00224 0.87444 0.12332 
0.89896 0.09827 0.00277 
5.0E-4 0.67987 0.31963 
0.77041 0.04058 0.18901 
18 
0.98333 0.00888 0.00779 
0.03565 0.33333 0.63102 
0.00867 0.00835 0.98298 
0.57022 0.4236 0.00618 
0.16433 0.00145 0.83422 
0.20658 0.68471 0.10871 
18 
0.00813 0.98906 0.00281 
0.79317 0.18028 0.02655 
0.23873 0.07578 0.68549 
0.77776 0.0677 0.15454 
0.47352 0.00681 0.51967 
0.00241 0.87439 0.1232 
18 
0.88741 0.11117 0.00142 
0.05088 0.9459 0.00322 
0.00232 0.42998 0.5677 
0.11486 0.01188 0.87326 
0.34766 0.03252 0.61982 
0.00933 0.00914 0.98153 
18 
0.40571 0.59271 0.00158 
0.49176 0.01557 0.49267 
0.87441 0.09026 0.03533 
0.02654 0.28016 0.6933 
0.79419 0.18195 0.02386 
0.20008 0.15149 0.64843 
18 
0.00551 0.95981 0.03468 
0.07166 0.02476 0.90358 
0.40243 0.58263 0.01494 
0.95163 0.01504 0.03333 
0.03042 0.95896 0.01062 
0.01972 0.36262 0.61766 
18 
0.90654 0.04458 0.04888 
0.03224 0.91885 0.04891 
0.54734 0.12241 0.33025 
0.65265 0.05873 0.28862 
0.07525 0.49968 0.42507 
0.04142 0.79007 0.16851 
18 
0.63921 0.29674 0.06405 
0.31302 0.27682 0.41016 
0.3083 0.34137 0.35033 
0.48483 0.47796 0.03721 
0.82959 0.01229 0.15812 
0.73264 0.04816 0.2192 
18 
0.85184 0.06373 0.08443 
0.02275 0.13158 0.84567 
0.88028 0.06619 0.05353 
0.21008 0.04537 0.74455 
0.10417 0.89082 0.00501 
0.28143 0.70835 0.01022 
18 
0.00777 0.01798 0.97425 
0.9757 0.00528 0.01902 
0.00819 0.55806 0.43375 
0.69734 0.00524 0.29742 
0.05989 0.88986 0.05025 
0.27778 0.71112 0.0111 
18 
0.00525 0.86352 0.13123 
0.65556 0.27363 0.07081 
0.09498 0.01724 0.88778 
0.01267 0.1516 0.83573 
0.31727 0.0148 0.66793 
0.24169 0.65447 0.10384 
18 
0.02151 0.59109 0.3874 
0.63842 0.06133 0.30025 
0.01494 0.01022 0.97484 
0.86194 0.13605 0.00201 
0.0846 0.88797 0.02743 
0.04164 0.81597 0.14239 
18 
0.0565 0.00108 0.94242 
0.00614 0.00658 0.98728 
0.87016 0.10739 0.02245 
0.03314 0.70349 0.26337 
4.0E-4 0.26577 0.73383 
0.36227 0.63071 0.00702 
18 
0.04177 0.02138 0.93685 
0.21869 0.7405 0.04081 
0.27856 0.06535 0.65609 
0.48841 0.13609 0.3755 
0.49333 0.4451 0.06157 
0.10825 0.57942 0.31233 
18 
0.04086 0.89431 0.06483 
0.02184 0.21619 0.76197 
0.27351 0.69976 0.02673 
0.2689 0.57754 0.15356 
0.21783 0.26702 0.51515 
0.01004 0.63066 0.3593 
18 
0.24503 0.21936 0.53561 
0.46094 0.13153 0.40753 
0.04925 0.79246 0.15829 
0.71925 0.18677 0.09398 
0.00147 0.9938 0.00473 
0.5803 0.12375 0.29595 
18 
0.7642 0.22076 0.01504 
0.72934 0.10084 0.16982 
0.12524 0.51741 0.35735 
0.00979 0.02939 0.96082 
0.18539 0.5879 0.22671 
0.33318 0.01708 0.64974 
18 
0.09721 0.0101 0.89269 
0.57257 0.39853 0.0289 
0.04326 0.14204 0.8147 
0.58458 0.27613 0.13929 
0.03199 0.96749 5.2E-4 
0.02147 0.30359 0.67494 
18 
0.01725 0.07106 0.91169 
0.57983 0.05483 0.36534 
0.0714 0.85639 0.07221 
0.86589 0.056 0.07811 
0.5886 0.38305 0.02835 
0.0399 0.43102 0.52908 
18 
0.59448 0.39083 0.01469 
0.00142 0.0124 0.98618 
0.75632 0.05972 0.18396 
0.84942 0.08641 0.06417 
0.56752 0.38909 0.04339 
0.08281 0.01033 0.90686 
18 
0.01331 0.96027 0.02642 
0.10199 0.02807 0.86994 
0.0106 0.02997 0.95943 
0.3038 0.25411 0.44209 
0.04835 0.02176 0.92989 
0.11428 0.812 0.07372 
18 
0.16834 0.6374 0.19426 
0.89411 0.05384 0.05205 
0.14529 0.0014 0.85331 
0.34391 0.62906 0.02703 
8.3E-4 0.07387 0.9253 
0.74839 0.24684 0.00477 
18 
0.03488 0.18206 0.78306 
0.94001 0.03382 0.02617 
0.13679 0.71874 0.14447 
0.00368 0.26294 0.73338 
0.26751 0.08219 0.6503 
0.02447 0.45693 0.5186 
18 
0.06462 0.43472 0.50066 
0.80612 0.02782 0.16606 
0.03484 0.10258 0.86258 
0.13079 0.61796 0.25125 
0.28601 0.563 0.15099 
0.85737 0.09186 0.05077 
18 
0.83657 0.1457 0.01773 
0.17704 0.70978 0.11318 
0.16931 0.13688 0.69381 
0.61698 0.34963 0.03339 
0.93752 0.00166 0.06082 
0.00774 0.68078 0.31148 
18 
0.28579 0.64658 0.06763 
0.15367 0.41557 0.43076 
0.92552 0.05253 0.02195 
0.05965 0.13626 0.80409 
0.5444 0.07027 0.38533 
0.78804 0.0374 0.17456 
18 
0.03156 0.03123 0.93721 
0.03494 0.91051 0.05455 
0.9392 0.02321 0.03759 
0.16674 0.81097 0.02229 
0.68107 0.29096 0.02797 
0.92311 0.01603 0.06086 
18 
0.93212 0.02561 0.04227 
0.16202 0.17656 0.66142 
0.59976 0.08991 0.31033 
0.01303 0.97241 0.01456 
0.09904 0.21228 0.68868 
0.01598 0.94282 0.0412 
18 
0.30693 0.55914 0.13393 
0.26747 0.67575 0.05678 
0.16998 0.0532 0.77682 
0.28551 0.19934 0.51515 
0.02475 0.53032 0.44493 
0.28982 0.62481 0.08537 
18 
0.25195 0.73828 0.00977 
0.04859 0.1711 0.78031 
0.00186 0.92375 0.07439 
0.77558 0.07988 0.14454 
0.11096 0.14117 0.74787 
0.11658 0.86125 0.02217 
18 
0.37255 0.51022 0.11723 
0.20622 0.04146 0.75232 
0.95045 0.04901 5.4E-4 
0.08367 0.18301 0.73332 
0.18548 0.61783 0.19669 
0.97457 0.01434 0.01109 
18 
8.1E-4 0.00373 0.99546 
0.90352 0.0503 0.04618 
0.06701 0.92661 0.00638 
0.86484 0.13111 0.00405 
0.00667 0.81744 0.17589 
0.56195 0.43746 5.9E-4 
18 
0.06257 0.01009 0.92734 
0.19792 0.63814 0.16394 
0.29862 0.03346 0.66792 
0.17919 0.58311 0.2377 
0.51419 0.4232 0.06261 
0.52362 0.44897 0.02741 
18 
0.00204 0.07096 0.927 
0.09268 0.75174 0.15558 
0.33957 0.53935 0.12108 
0.80763 0.09514 0.09723 
0.00636 0.02229 0.97135 
0.6971 0.02413 0.27877 
18 
0.0117 6.8E-4 0.98762 
0.88277 0.1071 0.01013 
0.96916 0.00512 0.02572 
0.09357 0.90337 0.00306 
0.01183 0.34084 0.64733 
0.05429 0.91061 0.0351 
18 
0.93823 0.02198 0.03979 
0.05205 0.01012 0.93783 
0.50376 0.3514 0.14484 
0.02378 0.10269 0.87353 
1.7E-4 0.02962 0.97021 
0.13568 0.3862 0.47812 
18 
0.00504 0.78767 0.20729 
0.14014 0.00404 0.85582 
0.84626 0.15353 2.1E-4 
0.90254 0.08735 0.01011 
0.58822 0.36416 0.04762 
0.02757 0.25685 0.71558 
18 
0.95996 7.4E-4 0.0393 
0.15642 0.5205 0.32308 
0.12608 0.67426 0.19966 
0.3289 0.15221 0.51889 
0.8212 0.0258 0.153 
0.66767 0.27749 0.05484 
18 
0.41309 0.00528 0.58163 
0.68304 7.0E-4 0.31626 
0.1258 0.8601 0.0141 
0.90205 0.08796 0.00999 
0.0485 0.09773 0.85377 
0.03436 0.8983 0.06734 
18 
0.95039 0.04751 0.0021 
0.95607 0.02743 0.0165 
0.04063 0.89566 0.06371 
0.06922 0.0265 0.90428 
0.88496 0.11083 0.00421 
0.64917 0.00197 0.34886 
18 
0.04127 0.25287 0.70586 
0.21763 0.76776 0.01461 
0.84375 0.0741 0.08215 
0.85026 0.12942 0.02032 
3.9E-4 0.98357 0.01604 
0.0486 0.23836 0.71304 
18 
0.96035 0.01591 0.02374 
0.07405 0.48618 0.43977 
0.40138 0.01387 0.58475 
0.35691 0.64228 8.1E-4 
0.13402 0.86573 2.5E-4 
0.01596 0.02205 0.96199 
18 
0.64009 0.01757 0.34234 
0.77242 0.22072 0.00686 
0.02408 0.08473 0.89119 
2.0E-5 0.99135 0.00863 
0.19187 0.0542 0.75393 
0.00211 0.42419 0.5737 
18 
0.98085 0.0126 0.00655 
0.04804 0.01961 0.93235 
0.09683 0.67583 0.22734 
0.04351 0.07604 0.88045 
0.35766 0.63634 0.006 
0.24886 0.70279 0.04835 
18 
0.63676 0.11285 0.25039 
0.10624 0.79209 0.10167 
0.09089 0.14592 0.76319 
0.26662 0.59226 0.14112 
0.05753 0.1829 0.75957 
0.21771 0.04402 0.73827 
18 
0.6572 0.3156 0.0272 
0.9553 0.00218 0.04252 
0.08669 0.74921 0.1641 
0.36263 0.02806 0.60931 
0.06305 0.04163 0.89532 
0.03968 0.4919 0.46842 
18 
0.13649 0.62901 0.2345 
0.16677 0.67003 0.1632 
0.33141 0.5339 0.13469 
0.52129 0.36717 0.11154 
0.08522 0.33071 0.58407 
0.88861 0.01798 0.09341 
18 
0.16138 0.83778 8.4E-4 
0.70948 0.27469 0.01583 
0.84036 0.06612 0.09352 
0.08471 0.89512 0.02017 
0.00684 0.29677 0.69639 
0.03698 0.91769 0.04533 

24 
0.01255 0.03188 0.07414 0.88143 
9.3E-4 0.9653 2.0E-4 0.03357 
0.13345 0.07358 0.10311 0.68986 
0.01391 0.00784 0.959 0.01925 
0.10531 0.78486 0.03023 0.0796 
0.13337 0.03988 0.59012 0.23663 
24 
0.09382 0.06019 0.78272 0.06327 
0.92331 0.0324 0.02369 0.0206 
0.01477 0.97458 0.00264 0.00801 
0.00762 0.55455 0.10496 0.33287 
0.36055 0.09116 0.07741 0.47088 
0.00341 0.00125 0.89783 0.09751 

18 
0.55423 0.37097 0.0748 
0.1113 0.47349 0.41521 
0.68688 0.23096 0.08216 
0.16455 0.68323 0.15222 
0.54077 0.122 0.33723 
0.11755 0.00624 0.87621 

4 
0.28183 0.71817 
0.03296 0.96704 
4 
0.6228 0.3772 
0.05934 0.94066 
4 
0.5056 0.4944 
0.82093 0.17907 

18 
0.00528 0.0864 0.90832 
0.19117 0.75363 0.0552 
0.04292 0.42685 0.53023 
0.92259 0.06376 0.01365 
0.00565 0.0543 0.94005 
0.68046 0.05713 0.26241 
18 
0.17828 0.79491 0.02681 
0.21804 0.48478 0.29718 
0.79085 0.11894 0.09021 
0.28617 0.3234 0.39043 
0.55354 0.43892 0.00754 
0.51388 0.07112 0.415 
18 
0.70923 0.28635 0.00442 
0.16266 0.10848 0.72886 
0.49255 0.01957 0.48788 
1.3E-4 0.98594 0.01393 
0.81909 0.00254 0.17837 
0.08102 0.14303 0.77595 
18 
0.12937 0.5813 0.28933 
0.5608 0.35091 0.08829 
0.02556 0.04116 0.93328 
0.36377 0.02539 0.61084 
0.93359 0.02538 0.04103 
0.15344 0.59659 0.24997 
18 
0.02577 0.5741 0.40013 
0.00155 0.00252 0.99593 
0.90027 0.02891 0.07082 
0.51459 0.40632 0.07909 
0.25348 0.60403 0.14249 
0.83817 0.16128 5.5E-4 
18 
0.01907 0.96719 0.01374 
0.03322 0.04447 0.92231 
0.84935 2.0E-4 0.15045 
0.23338 0.75293 0.01369 
0.49734 0.46329 0.03937 
0.00437 0.1347 0.86093 
18 
0.05568 0.92611 0.01821 
0.64491 0.09578 0.25931 
0.33152 0.07641 0.59207 
0.01422 0.84286 0.14292 
0.10419 0.16869 0.72712 
0.64877 0.33901 0.01222 
18 
0.39661 0.49605 0.10734 
0.22915 0.01528 0.75557 
0.00574 0.04696 0.9473 
0.03663 0.70024 0.26313 
0.02398 0.03588 0.94014 
0.92451 0.01137 0.06412 
18 
0.03408 0.025 0.94092 
0.0467 0.63953 0.31377 
0.09147 0.90805 4.8E-4 
0.16598 0.18158 0.65244 
0.1777 0.79473 0.02757 
0.03018 0.09944 0.87038 
18 
0.15812 0.53036 0.31152 
0.53057 0.46492 0.00451 
0.70327 0.06611 0.23062 
0.68937 0.04379 0.26684 
0.00894 0.987 0.00406 
0.45909 0.14681 0.3941 
18 
0.24555 0.72243 0.03202 
0.0913 0.32158 0.58712 
0.06511 0.07245 0.86244 
0.06566 0.22412 0.71022 
0.58971 0.26899 0.1413 
0.48642 0.42371 0.08987 
18 
0.51604 0.0356 0.44836 
0.0142 0.02337 0.96243 
0.65857 0.22144 0.11999 
0.06004 0.8516 0.08836 
0.17772 0.75399 0.06829 
0.6596 0.12867 0.21173 

24 
0.01903 0.01628 0.04679 0.9179 
0.01426 0.94405 0.03347 0.00822 
0.47729 0.05237 7.9E-4 0.46955 
0.23463 0.48837 0.27213 0.00487 
0.04561 0.02738 0.14705 0.77996 
0.00354 0.16556 0.58275 0.24815 

24 
0.12825 0.0647 0.14073 0.66632 
0.14135 0.17701 0.14028 0.54136 
0.30753 0.10668 0.21682 0.36897 
0.09257 0.08465 0.06483 0.75795 
0.38189 0.13844 0.3007 0.17897 
0.02622 0.02155 0.02337 0.92886 

24 
0.10046 0.0962 0.60476 0.19858 
0.09519 0.64406 0.12545 0.1353 
0.17336 0.10039 0.09225 0.634 
0.05304 0.64733 0.29173 0.0079 
0.09006 0.67091 0.14102 0.09801 
0.12189 0.29428 0.02471 0.55912 
