V-CREDAL
6
3 3 2 4 4 4
6
1 0
2 0 1
2 1 2
2 2 3
2 3 4
2 4 5

12
0.431 0.093 0.476
0.216 0.354 0.43
0.655 0.106 0.239
0.138 0.856 0.006

12
0.402 0.351 0.247
0.143 0.774 0.083
0.299 0.643 0.058
0.65 0.279 0.071
12
0.638 0.095 0.267
0.001 0.98 0.019
0.161 0.363 0.476
0.498 0.083 0.419
12
0.091 0.086 0.823
0.02 0.171 0.809
0.767 0.025 0.208
0.988 0.012 0.0

4
0.326 0.674
0.753 0.247
4
0.754 0.246
0.107 0.893
4
0.268 0.732
0.604 0.396

16
0.13 0.267 0.175 0.428
0.664 0.239 0.013 0.084
0.092 0.773 0.036 0.099
0.349 0.012 0.423 0.216
16
0.008 0.004 0.315 0.673
0.316 0.202 0.157 0.325
0.024 0.772 0.157 0.047
0.015 0.146 0.782 0.057

16
0.103 0.247 0.251 0.399
0.271 0.11 0.061 0.558
0.988 0.005 0.001 0.006
0.293 0.048 0.337 0.322
16
0.9 0.027 0.023 0.05
0.316 0.538 0.112 0.034
0.562 0.244 0.015 0.179
0.584 0.243 0.173 0.0
16
0.036 0.421 0.289 0.254
0.289 0.045 0.638 0.028
0.26 0.609 0.0 0.131
0.008 0.963 0.0 0.029
16
0.8 0.155 0.031 0.014
0.23 0.501 0.233 0.036
0.147 0.05 0.064 0.739
0.274 0.226 0.034 0.466

16
0.512 0.006 0.322 0.16
0.045 0.452 0.284 0.219
0.112 0.014 0.703 0.171
0.233 0.164 0.548 0.055
16
0.003 0.002 0.758 0.237
0.401 0.022 0.024 0.553
0.005 0.008 0.002 0.985
0.052 0.225 0.547 0.176
16
0.021 0.926 0.003 0.05
0.161 0.001 0.742 0.096
0.122 0.351 0.112 0.415
0.012 0.357 0.096 0.535
16
0.022 0.059 0.812 0.107
0.208 0.443 0.156 0.193
0.004 0.32 0.0 0.676
0.015 0.023 0.328 0.634
