V-CREDAL 
10 
2 2 3 3 2 2 3 2 2 3 
10 
1 0 
2 0 1 
2 1 2 
2 2 3 
2 3 4 
2 4 5 
2 5 6 
2 6 7 
2 7 8 
2 8 9 

4 
0.85743 0.14257 
0.95985 0.04015 

4 
0.77156 0.22844 
0.19117 0.80883 
4 
0.67626 0.32374 
0.46488 0.53512 

12 
0.72393 0.22526 0.05081 
0.21007 0.14949 0.64044 
0.00936 0.98479 0.00585 
0.02467 0.4579 0.51743 
12 
0.15275 0.27298 0.57427 
0.45835 0.08 0.46165 
0.12918 0.68302 0.1878 
0.55259 0.27942 0.16799 

12 
0.10537 0.89235 0.00228 
0.56117 0.1072 0.33163 
0.96301 0.01485 0.02214 
0.00585 0.96757 0.02658 
12 
0.15384 0.07782 0.76834 
0.00743 0.98494 0.00763 
0.6303 0.0402 0.3295 
0.06625 0.58924 0.34451 
12 
0.04648 0.01587 0.93765 
0.39641 0.4525 0.15109 
0.24208 0.55013 0.20779 
0.62115 0.12599 0.25286 

4 
0.01588 0.98412 
0.43553 0.56447 
4 
0.63026 0.36974 
0.51062 0.48938 
4 
0.52846 0.47154 
0.34222 0.65778 

4 
0.91541 0.08459 
0.39581 0.60419 
4 
0.54609 0.45391 
0.59119 0.40881 

12 
0.1126 0.06718 0.82022 
0.19124 0.80693 0.00183 
0.0193 0.18932 0.79138 
0.51269 0.02407 0.46324 
12 
0.23574 0.0638 0.70046 
0.33089 0.04977 0.61934 
0.82046 0.12551 0.05403 
0.02815 0.19826 0.77359 

4 
0.69883 0.30117 
0.08908 0.91092 
4 
0.31843 0.68157 
0.33113 0.66887 
4 
0.90715 0.09285 
0.26185 0.73815 

4 
0.56523 0.43477 
0.34953 0.65047 
4 
0.67047 0.32953 
0.15718 0.84282 

12 
0.0126 0.90976 0.07764 
0.02236 0.43154 0.5461 
0.89692 0.01392 0.08916 
0.50926 0.4664 0.02434 
12 
0.20293 0.30133 0.49574 
0.32447 0.36423 0.3113 
0.50212 0.3386 0.15928 
0.37621 0.06386 0.55993 
