V-CREDAL 
6 
2 2 3 3 3 3 
6 
3 1 3 0 
1 1 
3 0 5 2 
1 3 
1 4 
2 4 5 

4 
0.06551 0.93449 
0.67849 0.32151 
4 
0.89768 0.10232 
0.52048 0.47952 
4 
0.58308 0.41692 
0.43526 0.56474 
4 
0.79395 0.20605 
0.22741 0.77259 
4 
0.29305 0.70695 
0.50751 0.49249 
4 
0.58627 0.41373 
0.85415 0.14585 

4 
0.59737 0.40263 
0.23518 0.76482 

18 
0.13316 0.11264 0.7542 
0.08984 0.17676 0.7334 
0.00307 0.98946 0.00747 
0.97848 0.01926 0.00226 
0.21243 0.00643 0.78114 
0.02183 0.6628 0.31537 
18 
0.09806 0.88733 0.01461 
0.11289 0.12849 0.75862 
0.0083 0.95333 0.03837 
0.97108 0.01172 0.0172 
0.95654 0.00547 0.03799 
0.01617 0.79693 0.1869 
18 
0.48247 0.23693 0.2806 
0.03503 0.94598 0.01899 
0.45434 0.50051 0.04515 
0.00916 0.64682 0.34402 
0.07189 0.06812 0.85999 
0.15196 0.83323 0.01481 
18 
0.11409 0.0962 0.78971 
0.81274 0.1807 0.00656 
0.37264 0.00512 0.62224 
0.96899 3.0E-4 0.03071 
0.00161 0.99301 0.00538 
0.00478 0.89291 0.10231 
18 
0.19238 0.09619 0.71143 
0.03633 0.74863 0.21504 
0.5213 0.44386 0.03484 
0.03296 0.2158 0.75124 
0.67212 0.19963 0.12825 
0.12552 0.1217 0.75278 
18 
0.01574 0.91087 0.07339 
0.0144 0.01916 0.96644 
0.99517 0.00304 0.00179 
0.16261 0.83153 0.00586 
0.01124 0.43527 0.55349 
0.07586 5.9E-4 0.92355 

18 
0.01189 0.9805 0.00761 
0.01187 0.03348 0.95465 
0.00901 0.96732 0.02367 
0.9967 0.00194 0.00136 
0.26883 5.8E-4 0.73059 
0.00168 0.07435 0.92397 

18 
0.07047 0.55401 0.37552 
0.68829 0.23002 0.08169 
0.34377 0.51551 0.14072 
0.8061 0.11607 0.07783 
0.40079 0.00737 0.59184 
0.07781 0.22079 0.7014 

18 
0.03204 0.93224 0.03572 
0.25149 0.73523 0.01328 
0.01078 0.02031 0.96891 
0.91417 0.0471 0.03873 
0.77489 0.01711 0.208 
0.00949 0.33236 0.65815 
18 
0.49806 0.43448 0.06746 
0.78254 0.13819 0.07927 
0.02795 0.18238 0.78967 
0.03164 0.26318 0.70518 
0.05303 0.04993 0.89704 
0.2774 0.49004 0.23256 
18 
0.67584 4.5E-4 0.32371 
0.71828 0.18972 0.092 
0.0311 0.11497 0.85393 
0.02087 0.84818 0.13095 
0.05897 0.93944 0.00159 
0.61522 0.32437 0.06041 
