V-CREDAL 
6 
2 2 2 2 4 2 
6 
1 0 
2 0 1 
2 1 2 
2 2 3 
2 3 4 
2 4 5 

4 
0.8932 0.1068 
0.41786 0.58214 

4 
0.09208 0.90792 
0.80275 0.19725 
4 
0.60391 0.39609 
0.91471 0.08529 

4 
0.01582 0.98418 
0.55424 0.44576 
4 
0.63502 0.36498 
0.39028 0.60972 

4 
0.76455 0.23545 
0.53318 0.46682 
4 
0.50565 0.49435 
0.89528 0.10472 

24 
0.011 0.28142 0.70445 0.00313 
0.17317 0.12333 0.07551 0.62799 
0.67677 0.18673 0.01891 0.11759 
0.08134 0.08427 0.64902 0.18537 
0.12242 0.85787 0.01199 0.00772 
0.8048 0.15599 0.01795 0.02126 
24 
0.06532 0.71023 0.02663 0.19782 
0.20115 0.20115 0.56205 0.03565 
0.02906 0.00787 0.92469 0.03838 
0.18329 0.66631 0.08385 0.06655 
0.17777 0.09851 0.07888 0.64484 
0.01074 0.28843 0.07098 0.62985 

4 
0.55198 0.44802 
0.00547 0.99453 
4 
0.11911 0.88089 
0.75122 0.24878 
4 
0.04636 0.95364 
0.10364 0.89636 
4 
0.60368 0.39632 
0.94543 0.05457 
