V-CREDAL 
10 
4 2 4 2 4 4 4 3 4 2 
10 
1 0 
2 6 1 
1 2 
2 0 3 
5 2 5 6 7 4 
3 8 9 5 
1 6 
2 0 7 
1 8 
1 9 

16 
0.347 0.307 0.105 0.241 
0.343 0.642 0.001 0.014 
0.605 0.149 0.021 0.225 
0.229 0.105 0.653 0.013 

4 
0.096 0.904 
0.745 0.255 
4 
0.663 0.337 
0.272 0.728 
4 
0.164 0.836 
0.02 0.98 
4 
0.719 0.281 
0.478 0.522 

16 
0.001 0.0 0.003 0.996 
0.697 0.028 0.071 0.204 
0.001 0.66 0.0 0.339 
0.045 0.033 0.102 0.82 

4 
0.213 0.787 
0.909 0.091 
4 
0.417 0.583 
0.463 0.537 
4 
0.572 0.428 
0.714 0.286 
4 
0.538 0.462 
0.887 0.113 

16 
0.1 0.147 0.715 0.038 
0.056 0.087 0.806 0.051 
0.121 0.379 0.304 0.196 
0.033 0.104 0.007 0.856 
16 
0.025 0.018 0.666 0.291 
0.774 0.061 0.038 0.127 
0.054 0.001 0.223 0.722 
0.554 0.404 0.041 0.001 
16 
0.062 0.063 0.555 0.32 
0.033 0.08 0.803 0.084 
0.002 0.06 0.07 0.868 
0.465 0.309 0.008 0.218 
16 
0.199 0.094 0.156 0.551 
0.333 0.197 0.038 0.432 
0.465 0.354 0.172 0.009 
0.35 0.052 0.534 0.064 
16 
0.088 0.29 0.273 0.349 
0.171 0.401 0.321 0.107 
0.192 0.136 0.016 0.656 
0.363 0.367 0.22 0.05 
16 
0.82 0.012 0.103 0.065 
0.826 0.053 0.106 0.015 
0.004 0.044 0.005 0.947 
0.062 0.541 0.096 0.301 
16 
0.301 0.471 0.213 0.015 
0.044 0.275 0.071 0.61 
0.101 0.361 0.447 0.091 
0.058 0.256 0.616 0.07 
16 
0.201 0.002 0.318 0.479 
0.161 0.159 0.107 0.573 
0.278 0.673 0.021 0.028 
0.336 0.125 0.432 0.107 
16 
0.237 0.003 0.715 0.045 
0.029 0.127 0.015 0.829 
0.033 0.081 0.625 0.261 
0.078 0.334 0.557 0.031 
16 
0.071 0.246 0.214 0.469 
0.003 0.145 0.162 0.69 
0.164 0.157 0.068 0.611 
0.226 0.13 0.113 0.531 
16 
0.019 0.388 0.246 0.347 
0.021 0.847 0.016 0.116 
0.049 0.001 0.932 0.018 
0.132 0.193 0.161 0.514 
16 
0.576 0.09 0.211 0.123 
0.248 0.51 0.101 0.141 
0.003 0.067 0.017 0.913 
0.184 0.009 0.389 0.418 
16 
0.165 0.645 0.049 0.141 
0.343 0.253 0.145 0.259 
0.499 0.005 0.03 0.466 
0.045 0.126 0.181 0.648 
16 
0.398 0.216 0.184 0.202 
0.366 0.214 0.106 0.314 
0.103 0.613 0.214 0.07 
0.372 0.195 0.285 0.148 
16 
0.587 0.073 0.188 0.152 
0.409 0.175 0.292 0.124 
0.904 0.011 0.08 0.005 
0.279 0.002 0.426 0.293 
16 
0.223 0.242 0.367 0.168 
0.256 0.02 0.699 0.025 
0.027 0.093 0.866 0.014 
0.399 0.117 0.029 0.455 
16 
0.094 0.491 0.41 0.005 
0.12 0.237 0.042 0.601 
0.128 0.801 0.046 0.025 
0.709 0.016 0.107 0.168 
16 
0.048 0.481 0.199 0.272 
0.156 0.047 0.654 0.143 
0.436 0.015 0.518 0.031 
0.443 0.543 0.009 0.005 
16 
0.122 0.752 0.021 0.105 
0.309 0.041 0.151 0.499 
0.082 0.115 0.403 0.4 
0.291 0.243 0.221 0.245 
16 
0.077 0.273 0.226 0.424 
0.054 0.932 0.003 0.011 
0.299 0.048 0.149 0.504 
0.172 0.245 0.402 0.181 
16 
0.08 0.14 0.308 0.472 
0.039 0.123 0.105 0.733 
0.051 0.935 0.013 0.001 
0.159 0.101 0.655 0.085 
16 
0.117 0.514 0.078 0.291 
0.035 0.009 0.255 0.701 
0.279 0.554 0.072 0.095 
0.057 0.704 0.108 0.131 
16 
0.035 0.027 0.936 0.002 
0.269 0.541 0.044 0.146 
0.124 0.028 0.835 0.013 
0.807 0.08 0.026 0.087 
16 
0.611 0.323 0.057 0.009 
0.033 0.067 0.723 0.177 
0.017 0.59 0.028 0.365 
0.942 0.048 0.001 0.009 
16 
0.292 0.128 0.53 0.05 
0.626 0.105 0.256 0.013 
0.047 0.002 0.918 0.033 
0.042 0.165 0.157 0.636 
16 
0.068 0.11 0.044 0.778 
0.409 0.061 0.098 0.432 
0.863 0.05 0.001 0.086 
0.594 0.057 0.115 0.234 
16 
0.253 0.154 0.162 0.431 
0.088 0.519 0.236 0.157 
0.277 0.22 0.393 0.11 
0.191 0.092 0.576 0.141 
16 
0.118 0.153 0.482 0.247 
0.393 0.329 0.233 0.045 
0.048 0.575 0.232 0.145 
0.276 0.116 0.505 0.103 
16 
0.328 0.072 0.431 0.169 
0.484 0.004 0.002 0.51 
0.006 0.876 0.111 0.007 
0.273 0.174 0.538 0.015 
16 
0.31 0.104 0.4 0.186 
0.567 0.39 0.009 0.034 
0.126 0.108 0.078 0.688 
0.046 0.304 0.098 0.552 
16 
0.435 0.158 0.034 0.373 
0.145 0.035 0.069 0.751 
0.479 0.181 0.289 0.051 
0.282 0.163 0.277 0.278 
16 
0.017 0.454 0.038 0.491 
0.221 0.036 0.451 0.292 
0.051 0.836 0.082 0.031 
0.901 0.007 0.054 0.038 
16 
0.245 0.099 0.604 0.052 
0.116 0.147 0.576 0.161 
0.202 0.152 0.089 0.557 
0.422 0.04 0.489 0.049 
16 
0.188 0.303 0.335 0.174 
0.68 0.013 0.097 0.21 
0.139 0.041 0.085 0.735 
0.195 0.189 0.017 0.599 
16 
0.027 0.01 0.948 0.015 
0.9 0.051 0.036 0.013 
0.06 0.002 0.937 0.001 
0.037 0.938 0.023 0.002 
16 
0.091 0.115 0.658 0.136 
0.199 0.02 0.611 0.17 
0.32 0.16 0.332 0.188 
0.617 0.06 0.268 0.055 
16 
0.033 0.089 0.795 0.083 
0.242 0.04 0.192 0.526 
0.023 0.029 0.365 0.583 
0.078 0.705 0.171 0.046 
16 
0.017 0.676 0.188 0.119 
0.04 0.535 0.322 0.103 
0.169 0.167 0.222 0.442 
0.038 0.026 0.136 0.8 
16 
0.263 0.08 0.221 0.436 
0.578 0.095 0.315 0.012 
0.289 0.084 0.173 0.454 
0.273 0.054 0.626 0.047 
16 
0.157 0.057 0.12 0.666 
0.26 0.347 0.265 0.128 
0.025 0.028 0.062 0.885 
0.246 0.113 0.239 0.402 
16 
0.255 0.002 0.734 0.009 
0.518 0.354 0.002 0.126 
0.283 0.392 0.317 0.008 
0.185 0.73 0.063 0.022 
16 
0.031 0.568 0.358 0.043 
0.026 0.644 0.098 0.232 
0.192 0.107 0.687 0.014 
0.449 0.023 0.01 0.518 
16 
0.242 0.47 0.079 0.209 
0.135 0.003 0.854 0.008 
0.372 0.302 0.257 0.069 
0.303 0.003 0.524 0.17 
16 
0.001 0.018 0.978 0.003 
0.32 0.529 0.002 0.149 
0.02 0.002 0.001 0.977 
0.647 0.036 0.246 0.071 
16 
0.199 0.108 0.148 0.545 
0.22 0.686 0.075 0.019 
0.003 0.557 0.428 0.012 
0.004 0.002 0.154 0.84 
16 
0.023 0.922 0.021 0.034 
0.077 0.169 0.652 0.102 
0.134 0.697 0.148 0.021 
0.063 0.759 0.048 0.13 
16 
0.512 0.253 0.02 0.215 
0.298 0.313 0.276 0.113 
0.106 0.786 0.096 0.012 
0.642 0.34 0.014 0.004 
16 
0.465 0.301 0.215 0.019 
0.079 0.007 0.781 0.133 
0.012 0.32 0.012 0.656 
0.354 0.279 0.01 0.357 
16 
0.043 0.149 0.018 0.79 
0.593 0.052 0.165 0.19 
0.208 0.453 0.123 0.216 
0.916 0.006 0.049 0.029 
16 
0.08 0.096 0.15 0.674 
0.219 0.159 0.386 0.236 
0.044 0.191 0.611 0.154 
0.154 0.495 0.07 0.281 
16 
0.577 0.35 0.021 0.052 
0.049 0.356 0.287 0.308 
0.687 0.028 0.252 0.033 
0.588 0.208 0.119 0.085 
16 
0.34 0.302 0.317 0.041 
0.372 0.511 0.104 0.013 
0.411 0.057 0.048 0.484 
0.084 0.004 0.825 0.087 
16 
0.293 0.01 0.695 0.002 
0.056 0.055 0.775 0.114 
0.374 0.449 0.108 0.069 
0.153 0.067 0.287 0.493 
16 
0.023 0.003 0.005 0.969 
0.982 0.007 0.004 0.007 
0.03 0.042 0.912 0.016 
0.161 0.015 0.054 0.77 
16 
0.272 0.078 0.541 0.109 
0.002 0.662 0.329 0.007 
0.089 0.095 0.101 0.715 
0.112 0.023 0.181 0.684 
16 
0.804 0.025 0.138 0.033 
0.111 0.601 0.094 0.194 
0.787 0.038 0.144 0.031 
0.108 0.018 0.33 0.544 
16 
0.43 0.101 0.061 0.408 
0.909 0.027 0.036 0.028 
0.031 0.922 0.032 0.015 
0.595 0.027 0.369 0.009 
16 
0.648 0.138 0.077 0.137 
0.114 0.378 0.065 0.443 
0.113 0.428 0.091 0.368 
0.663 0.062 0.231 0.044 
16 
0.32 0.424 0.07 0.186 
0.286 0.383 0.183 0.148 
0.402 0.322 0.25 0.026 
0.103 0.024 0.041 0.832 
16 
0.042 0.917 0.022 0.019 
0.011 0.717 0.083 0.189 
0.418 0.009 0.309 0.264 
0.663 0.108 0.213 0.016 
16 
0.015 0.413 0.032 0.54 
0.309 0.074 0.03 0.587 
0.123 0.025 0.794 0.058 
0.018 0.06 0.168 0.754 
16 
0.693 0.168 0.067 0.072 
0.108 0.675 0.115 0.102 
0.012 0.349 0.116 0.523 
0.052 0.051 0.895 0.002 
16 
0.519 0.103 0.291 0.087 
0.337 0.112 0.315 0.236 
0.504 0.009 0.481 0.006 
0.971 0.006 0.007 0.016 
16 
0.037 0.519 0.042 0.402 
0.111 0.016 0.457 0.416 
0.262 0.665 0.065 0.008 
0.028 0.856 0.061 0.055 
16 
0.772 0.206 0.015 0.007 
0.549 0.014 0.005 0.432 
0.744 0.098 0.109 0.049 
0.028 0.107 0.07 0.795 
16 
0.011 0.57 0.05 0.369 
0.003 0.008 0.035 0.954 
0.462 0.044 0.178 0.316 
0.056 0.536 0.004 0.404 
16 
0.393 0.015 0.334 0.258 
0.122 0.617 0.052 0.209 
0.816 0.058 0.013 0.113 
0.008 0.946 0.043 0.003 
16 
0.601 0.011 0.243 0.145 
0.018 0.041 0.861 0.08 
0.008 0.647 0.157 0.188 
0.166 0.053 0.484 0.297 
16 
0.277 0.09 0.082 0.551 
0.08 0.167 0.42 0.333 
0.104 0.043 0.369 0.484 
0.901 0.08 0.004 0.015 
16 
0.045 0.879 0.052 0.024 
0.085 0.321 0.02 0.574 
0.36 0.515 0.109 0.016 
0.082 0.273 0.219 0.426 
16 
0.041 0.641 0.093 0.225 
0.761 0.026 0.117 0.096 
0.092 0.044 0.83 0.034 
0.189 0.218 0.368 0.225 
16 
0.006 0.01 0.012 0.972 
0.244 0.003 0.747 0.006 
0.253 0.512 0.123 0.112 
0.154 0.76 0.041 0.045 
16 
0.085 0.173 0.367 0.375 
0.005 0.274 0.017 0.704 
0.043 0.629 0.11 0.218 
0.021 0.047 0.778 0.154 
16 
0.946 0.027 0.01 0.017 
0.143 0.246 0.528 0.083 
0.135 0.096 0.229 0.54 
0.139 0.169 0.051 0.641 
16 
0.087 0.012 0.9 0.001 
0.173 0.618 0.036 0.173 
0.624 0.292 0.008 0.076 
0.082 0.869 0.024 0.025 
16 
0.103 0.201 0.154 0.542 
0.666 0.005 0.008 0.321 
0.114 0.034 0.768 0.084 
0.368 0.065 0.399 0.168 
16 
0.135 0.288 0.576 0.001 
0.133 0.451 0.377 0.039 
0.053 0.124 0.806 0.017 
0.161 0.479 0.102 0.258 
16 
0.02 0.021 0.526 0.433 
0.081 0.23 0.646 0.043 
0.734 0.158 0.089 0.019 
0.253 0.227 0.027 0.493 
16 
0.33 0.101 0.325 0.244 
0.199 0.77 0.029 0.002 
0.538 0.141 0.23 0.091 
0.056 0.281 0.456 0.207 
16 
0.422 0.192 0.134 0.252 
0.077 0.873 0.01 0.04 
0.015 0.772 0.077 0.136 
0.04 0.128 0.82 0.012 
16 
0.166 0.266 0.544 0.024 
0.096 0.341 0.395 0.168 
0.291 0.295 0.38 0.034 
0.712 0.122 0.13 0.036 
16 
0.263 0.551 0.048 0.138 
0.713 0.069 0.023 0.195 
0.269 0.15 0.132 0.449 
0.177 0.436 0.074 0.313 
16 
0.341 0.01 0.645 0.004 
0.02 0.057 0.026 0.897 
0.051 0.507 0.098 0.344 
0.72 0.064 0.039 0.177 
16 
0.752 0.016 0.109 0.123 
0.041 0.945 0.009 0.005 
0.681 0.041 0.26 0.018 
0.128 0.164 0.055 0.653 
16 
0.605 0.036 0.353 0.006 
0.502 0.445 0.051 0.002 
0.018 0.232 0.317 0.433 
0.243 0.308 0.368 0.081 
16 
0.022 0.79 0.005 0.183 
0.454 0.071 0.391 0.084 
0.012 0.369 0.201 0.418 
0.63 0.353 0.005 0.012 
16 
0.413 0.202 0.029 0.356 
0.041 0.007 0.11 0.842 
0.414 0.083 0.348 0.155 
0.61 0.033 0.301 0.056 
16 
0.058 0.03 0.53 0.382 
0.019 0.014 0.275 0.692 
0.064 0.068 0.432 0.436 
0.623 0.162 0.081 0.134 
16 
0.762 0.002 0.082 0.154 
0.009 0.772 0.029 0.19 
0.003 0.028 0.631 0.338 
0.287 0.154 0.357 0.202 
16 
0.986 0.005 0.006 0.003 
0.26 0.129 0.41 0.201 
0.283 0.143 0.084 0.49 
0.41 0.166 0.047 0.377 
16 
0.012 0.034 0.143 0.811 
0.884 0.022 0.08 0.014 
0.073 0.264 0.517 0.146 
0.201 0.118 0.558 0.123 
16 
0.104 0.68 0.035 0.181 
0.053 0.615 0.324 0.008 
0.102 0.746 0.023 0.129 
0.365 0.245 0.091 0.299 
16 
0.036 0.27 0.226 0.468 
0.231 0.183 0.51 0.076 
0.631 0.018 0.305 0.046 
0.909 0.048 0.009 0.034 
16 
0.229 0.366 0.1 0.305 
0.167 0.209 0.017 0.607 
0.332 0.145 0.164 0.359 
0.526 0.193 0.04 0.241 
16 
0.114 0.005 0.088 0.793 
0.023 0.572 0.306 0.099 
0.08 0.542 0.005 0.373 
0.813 0.086 0.089 0.012 
16 
0.024 0.745 0.194 0.037 
0.035 0.458 0.064 0.443 
0.243 0.27 0.421 0.066 
0.786 0.1 0.007 0.107 
16 
0.003 0.003 0.975 0.019 
0.354 0.625 0.007 0.014 
0.027 0.024 0.685 0.264 
0.034 0.62 0.095 0.251 
16 
0.248 0.256 0.246 0.25 
0.058 0.347 0.368 0.227 
0.547 0.019 0.233 0.201 
0.085 0.339 0.353 0.223 
16 
0.23 0.048 0.082 0.64 
0.649 0.299 0.011 0.041 
0.083 0.018 0.878 0.021 
0.196 0.12 0.227 0.457 
16 
0.017 0.25 0.029 0.704 
0.56 0.383 0.034 0.023 
0.263 0.041 0.185 0.511 
0.205 0.527 0.024 0.244 
16 
0.002 0.854 0.01 0.134 
0.373 0.419 0.075 0.133 
0.054 0.319 0.408 0.219 
0.101 0.183 0.274 0.442 
16 
0.309 0.074 0.402 0.215 
0.207 0.227 0.019 0.547 
0.028 0.011 0.029 0.932 
0.135 0.566 0.041 0.258 
16 
0.069 0.004 0.155 0.772 
0.251 0.138 0.496 0.115 
0.296 0.016 0.04 0.648 
0.228 0.034 0.602 0.136 
16 
0.016 0.07 0.897 0.017 
0.017 0.831 0.066 0.086 
0.345 0.451 0.082 0.122 
0.679 0.146 0.14 0.035 
16 
0.043 0.041 0.889 0.027 
0.199 0.204 0.142 0.455 
0.328 0.069 0.377 0.226 
0.036 0.017 0.654 0.293 
16 
0.161 0.021 0.573 0.245 
0.777 0.042 0.113 0.068 
0.386 0.077 0.534 0.003 
0.051 0.2 0.741 0.008 
16 
0.317 0.035 0.386 0.262 
0.035 0.535 0.294 0.136 
0.412 0.292 0.163 0.133 
0.098 0.749 0.08 0.073 
16 
0.226 0.014 0.264 0.496 
0.055 0.352 0.118 0.475 
0.579 0.136 0.014 0.271 
0.016 0.157 0.33 0.497 
16 
0.078 0.637 0.145 0.14 
0.247 0.011 0.578 0.164 
0.176 0.015 0.749 0.06 
0.105 0.244 0.203 0.448 
16 
0.256 0.306 0.081 0.357 
0.113 0.111 0.054 0.722 
0.516 0.206 0.151 0.127 
0.036 0.908 0.032 0.024 
16 
0.494 0.137 0.309 0.06 
0.325 0.662 0.009 0.004 
0.896 0.091 0.005 0.008 
0.232 0.76 0.002 0.006 
16 
0.187 0.388 0.236 0.189 
0.069 0.639 0.14 0.152 
0.003 0.906 0.082 0.009 
0.046 0.048 0.104 0.802 
16 
0.392 0.296 0.248 0.064 
0.436 0.12 0.025 0.419 
0.728 0.155 0.016 0.101 
0.225 0.213 0.205 0.357 
16 
0.392 0.528 0.004 0.076 
0.679 0.008 0.229 0.084 
0.046 0.173 0.659 0.122 
0.005 0.001 0.413 0.581 
16 
0.118 0.66 0.062 0.16 
0.017 0.269 0.231 0.483 
0.525 0.293 0.018 0.164 
0.009 0.008 0.933 0.05 
16 
0.002 0.001 0.993 0.004 
0.042 0.782 0.172 0.004 
0.335 0.292 0.201 0.172 
0.089 0.624 0.27 0.017 
16 
0.005 0.04 0.895 0.06 
0.774 0.001 0.188 0.037 
0.232 0.189 0.351 0.228 
0.101 0.141 0.733 0.025 
16 
0.208 0.113 0.555 0.124 
0.493 0.393 0.025 0.089 
0.036 0.497 0.145 0.322 
0.517 0.008 0.046 0.429 
16 
0.052 0.293 0.059 0.596 
0.187 0.28 0.077 0.456 
0.048 0.339 0.398 0.215 
0.116 0.625 0.14 0.119 
16 
0.26 0.263 0.008 0.469 
0.803 0.058 0.128 0.011 
0.002 0.89 0.009 0.099 
0.086 0.671 0.05 0.193 
16 
0.008 0.459 0.192 0.341 
0.307 0.224 0.149 0.32 
0.601 0.003 0.388 0.008 
0.023 0.24 0.587 0.15 
16 
0.62 0.066 0.04 0.274 
0.286 0.012 0.669 0.033 
0.021 0.191 0.549 0.239 
0.191 0.094 0.684 0.031 
16 
0.045 0.125 0.127 0.703 
0.161 0.782 0.008 0.049 
0.169 0.451 0.238 0.142 
0.939 0.039 0.021 0.001 
16 
0.314 0.396 0.146 0.144 
0.144 0.608 0.021 0.227 
0.573 0.306 0.083 0.038 
0.01 0.892 0.021 0.077 
16 
0.09 0.062 0.02 0.828 
0.212 0.111 0.003 0.674 
0.04 0.694 0.243 0.023 
0.018 0.325 0.065 0.592 
16 
0.181 0.234 0.369 0.216 
0.002 0.244 0.297 0.457 
0.014 0.077 0.038 0.871 
0.019 0.508 0.453 0.02 
16 
0.212 0.419 0.031 0.338 
0.789 0.086 0.001 0.124 
0.151 0.709 0.127 0.013 
0.028 0.058 0.89 0.024 
16 
0.02 0.041 0.696 0.243 
0.559 0.178 0.03 0.233 
0.294 0.089 0.009 0.608 
0.511 0.315 0.154 0.02 
16 
0.108 0.018 0.003 0.871 
0.868 0.029 0.018 0.085 
0.425 0.17 0.112 0.293 
0.061 0.158 0.261 0.52 
16 
0.079 0.401 0.433 0.087 
0.01 0.833 0.156 0.001 
0.205 0.286 0.503 0.006 
0.01 0.292 0.689 0.009 
16 
0.02 0.004 0.842 0.134 
0.442 0.452 0.094 0.012 
0.957 0.001 0.012 0.03 
0.065 0.316 0.113 0.506 
16 
0.048 0.141 0.406 0.405 
0.223 0.671 0.061 0.045 
0.895 0.039 0.031 0.035 
0.067 0.036 0.691 0.206 
16 
0.101 0.059 0.607 0.233 
0.008 0.987 0.002 0.003 
0.386 0.323 0.275 0.016 
0.038 0.302 0.02 0.64 
16 
0.073 0.081 0.003 0.843 
0.409 0.017 0.303 0.271 
0.548 0.092 0.085 0.275 
0.545 0.313 0.11 0.032 
16 
0.393 0.05 0.439 0.118 
0.447 0.143 0.298 0.112 
0.563 0.066 0.092 0.279 
0.037 0.73 0.223 0.01 
16 
0.012 0.23 0.009 0.749 
0.207 0.212 0.414 0.167 
0.052 0.618 0.075 0.255 
0.337 0.088 0.108 0.467 
16 
0.158 0.596 0.031 0.215 
0.921 0.052 0.017 0.01 
0.054 0.03 0.107 0.809 
0.032 0.284 0.029 0.655 
16 
0.121 0.114 0.629 0.136 
0.744 0.019 0.005 0.232 
0.024 0.653 0.302 0.021 
0.522 0.409 0.012 0.057 
16 
0.498 0.23 0.173 0.099 
0.318 0.093 0.585 0.004 
0.215 0.137 0.583 0.065 
0.313 0.383 0.003 0.301 
16 
0.072 0.075 0.064 0.789 
0.074 0.122 0.593 0.211 
0.134 0.243 0.125 0.498 
0.078 0.14 0.677 0.105 
16 
0.288 0.232 0.46 0.02 
0.158 0.234 0.536 0.072 
0.087 0.128 0.229 0.556 
0.206 0.523 0.224 0.047 
16 
0.083 0.091 0.757 0.069 
0.548 0.176 0.052 0.224 
0.02 0.765 0.011 0.204 
0.043 0.079 0.759 0.119 
16 
0.973 0.003 0.012 0.012 
0.044 0.021 0.461 0.474 
0.351 0.362 0.227 0.06 
0.008 0.009 0.977 0.006 
16 
0.038 0.303 0.583 0.076 
0.056 0.498 0.175 0.271 
0.058 0.146 0.768 0.028 
0.244 0.201 0.336 0.219 
16 
0.593 0.009 0.033 0.365 
0.257 0.007 0.701 0.035 
0.111 0.098 0.041 0.75 
0.016 0.199 0.756 0.029 
16 
0.038 0.072 0.863 0.027 
0.038 0.751 0.185 0.026 
0.002 0.01 0.001 0.987 
0.374 0.022 0.079 0.525 
16 
0.432 0.263 0.229 0.076 
0.146 0.096 0.276 0.482 
0.751 0.052 0.112 0.085 
0.449 0.066 0.072 0.413 
16 
0.918 0.011 0.017 0.054 
0.081 0.668 0.159 0.092 
0.846 0.121 0.016 0.017 
0.026 0.027 0.399 0.548 
16 
0.246 0.031 0.064 0.659 
0.427 0.344 0.198 0.031 
0.163 0.101 0.381 0.355 
0.483 0.362 0.088 0.067 
16 
0.163 0.308 0.026 0.503 
0.013 0.896 0.032 0.059 
0.075 0.832 0.032 0.061 
0.954 0.002 0.032 0.012 
16 
0.164 0.19 0.574 0.072 
0.039 0.609 0.035 0.317 
0.16 0.517 0.017 0.306 
0.131 0.21 0.557 0.102 
16 
0.064 0.084 0.597 0.255 
0.208 0.573 0.168 0.051 
0.082 0.461 0.196 0.261 
0.125 0.468 0.168 0.239 
16 
0.627 0.027 0.059 0.287 
0.022 0.207 0.767 0.004 
0.368 0.606 0.006 0.02 
0.549 0.045 0.186 0.22 
16 
0.086 0.406 0.097 0.411 
0.657 0.04 0.227 0.076 
0.017 0.177 0.769 0.037 
0.646 0.014 0.025 0.315 
16 
0.11 0.274 0.332 0.284 
0.564 0.005 0.117 0.314 
0.002 0.068 0.517 0.413 
0.139 0.126 0.316 0.419 
16 
0.044 0.254 0.067 0.635 
0.312 0.006 0.331 0.351 
0.387 0.07 0.238 0.305 
0.433 0.112 0.393 0.062 
16 
0.085 0.285 0.184 0.446 
0.006 0.083 0.012 0.899 
0.103 0.209 0.602 0.086 
0.376 0.327 0.155 0.142 
16 
0.081 0.864 0.007 0.048 
0.679 0.077 0.047 0.197 
0.61 0.052 0.212 0.126 
0.01 0.467 0.387 0.136 
16 
0.375 0.474 0.051 0.1 
0.576 0.413 0.006 0.005 
0.503 0.262 0.215 0.02 
0.554 0.334 0.003 0.109 
16 
0.026 0.168 0.601 0.205 
0.116 0.073 0.685 0.126 
0.432 0.239 0.229 0.1 
0.033 0.153 0.416 0.398 
16 
0.123 0.117 0.513 0.247 
0.056 0.004 0.932 0.008 
0.603 0.252 0.133 0.012 
0.461 0.296 0.108 0.135 
16 
0.002 0.006 0.047 0.945 
0.06 0.048 0.026 0.866 
0.435 0.415 0.141 0.009 
0.047 0.865 0.022 0.066 
16 
0.001 0.025 0.926 0.048 
0.826 0.027 0.07 0.077 
0.196 0.445 0.224 0.135 
0.523 0.027 0.435 0.015 
16 
0.003 0.003 0.354 0.64 
0.036 0.495 0.047 0.422 
0.364 0.251 0.01 0.375 
0.889 0.005 0.084 0.022 
16 
0.002 0.241 0.393 0.364 
0.135 0.41 0.386 0.069 
0.02 0.038 0.001 0.941 
0.05 0.12 0.381 0.449 
16 
0.288 0.135 0.27 0.307 
0.198 0.265 0.531 0.006 
0.129 0.031 0.696 0.144 
0.012 0.71 0.245 0.033 
16 
0.105 0.022 0.005 0.868 
0.374 0.404 0.076 0.146 
0.081 0.824 0.02 0.075 
0.659 0.047 0.271 0.023 
16 
0.205 0.355 0.389 0.051 
0.007 0.04 0.455 0.498 
0.006 0.01 0.852 0.132 
0.369 0.019 0.305 0.307 
16 
0.029 0.094 0.86 0.017 
0.234 0.614 0.09 0.062 
0.009 0.027 0.084 0.88 
0.635 0.005 0.053 0.307 
16 
0.039 0.93 0.024 0.007 
0.045 0.157 0.225 0.573 
0.338 0.516 0.049 0.097 
0.08 0.241 0.402 0.277 
16 
0.569 0.143 0.009 0.279 
0.357 0.353 0.13 0.16 
0.009 0.977 0.005 0.009 
0.117 0.45 0.368 0.065 
16 
0.271 0.601 0.016 0.112 
0.018 0.781 0.169 0.032 
0.934 0.022 0.015 0.029 
0.016 0.02 0.96 0.004 
16 
0.057 0.008 0.919 0.016 
0.029 0.007 0.923 0.041 
0.374 0.504 0.006 0.116 
0.717 0.242 0.036 0.005 
16 
0.088 0.648 0.162 0.102 
0.032 0.497 0.415 0.056 
0.509 0.017 0.05 0.424 
0.775 0.026 0.061 0.138 
16 
0.13 0.251 0.118 0.501 
0.033 0.326 0.638 0.003 
0.19 0.439 0.026 0.345 
0.476 0.199 0.303 0.022 
16 
0.345 0.201 0.197 0.257 
0.002 0.961 0.001 0.036 
0.008 0.024 0.359 0.609 
0.005 0.527 0.382 0.086 
16 
0.415 0.494 0.021 0.07 
0.14 0.035 0.823 0.002 
0.026 0.024 0.578 0.372 
0.076 0.776 0.021 0.127 
16 
0.213 0.16 0.515 0.112 
0.083 0.596 0.014 0.307 
0.539 0.179 0.242 0.04 
0.149 0.289 0.545 0.017 
16 
0.013 0.21 0.477 0.3 
0.465 0.007 0.203 0.325 
0.98 0.009 0.001 0.01 
0.141 0.102 0.155 0.602 
16 
0.006 0.039 0.116 0.839 
0.013 0.006 0.835 0.146 
0.01 0.585 0.21 0.195 
0.179 0.451 0.367 0.003 
16 
0.03 0.631 0.127 0.212 
0.249 0.366 0.145 0.24 
0.052 0.926 0.01 0.012 
0.606 0.05 0.104 0.24 
16 
0.855 0.014 0.003 0.128 
0.677 0.048 0.143 0.132 
0.094 0.594 0.147 0.165 
0.909 0.003 0.006 0.082 
16 
0.028 0.243 0.672 0.057 
0.021 0.106 0.708 0.165 
0.044 0.056 0.36 0.54 
0.005 0.01 0.966 0.019 
16 
0.777 0.029 0.186 0.008 
0.892 0.033 0.058 0.017 
0.492 0.392 0.113 0.003 
0.238 0.214 0.032 0.516 
16 
0.76 0.035 0.111 0.094 
0.047 0.562 0.227 0.164 
0.62 0.005 0.374 0.001 
0.193 0.437 0.153 0.217 
16 
0.03 0.286 0.171 0.513 
0.127 0.734 0.112 0.027 
0.07 0.369 0.523 0.038 
0.378 0.405 0.014 0.203 
16 
0.727 0.122 0.003 0.148 
0.453 0.105 0.386 0.056 
0.072 0.174 0.044 0.71 
0.994 0.002 0.001 0.003 
16 
0.717 0.135 0.1 0.048 
0.185 0.363 0.269 0.183 
0.091 0.218 0.321 0.37 
0.372 0.392 0.108 0.128 
16 
0.586 0.03 0.162 0.222 
0.003 0.002 0.001 0.994 
0.017 0.306 0.115 0.562 
0.197 0.397 0.147 0.259 
16 
0.18 0.094 0.441 0.285 
0.063 0.665 0.006 0.266 
0.228 0.019 0.586 0.167 
0.349 0.503 0.103 0.045 
16 
0.074 0.679 0.178 0.069 
0.019 0.069 0.604 0.308 
0.029 0.008 0.561 0.402 
0.147 0.014 0.233 0.606 
16 
0.023 0.403 0.142 0.432 
0.673 0.041 0.27 0.016 
0.386 0.349 0.094 0.171 
0.038 0.361 0.371 0.23 

16 
0.665 0.038 0.2 0.097 
0.482 0.165 0.346 0.007 
0.025 0.641 0.284 0.05 
0.919 0.028 0.044 0.009 
16 
0.328 0.418 0.17 0.084 
0.622 0.042 0.22 0.116 
0.108 0.018 0.23 0.644 
0.001 0.954 0.021 0.024 
16 
0.03 0.223 0.178 0.569 
0.003 0.002 0.994 0.001 
0.002 0.061 0.108 0.829 
0.17 0.753 0.009 0.068 
16 
0.797 0.181 0.014 0.008 
0.409 0.387 0.104 0.1 
0.076 0.275 0.527 0.122 
0.178 0.228 0.005 0.589 
16 
0.306 0.076 0.052 0.566 
0.054 0.757 0.089 0.1 
0.762 0.011 0.072 0.155 
0.007 0.986 0.005 0.002 
16 
0.014 0.881 0.027 0.078 
0.02 0.009 0.96 0.011 
0.026 0.023 0.051 0.9 
0.228 0.227 0.126 0.419 
16 
0.047 0.821 0.018 0.114 
0.116 0.32 0.401 0.163 
0.973 0.014 0.007 0.006 
0.155 0.36 0.049 0.436 
16 
0.213 0.021 0.724 0.042 
0.012 0.852 0.134 0.002 
0.369 0.469 0.144 0.018 
0.1 0.078 0.483 0.339 

16 
0.024 0.057 0.897 0.022 
0.198 0.545 0.229 0.028 
0.377 0.473 0.109 0.041 
0.524 0.235 0.116 0.125 

12 
0.045 0.134 0.821 
0.168 0.812 0.02 
0.439 0.043 0.518 
0.212 0.077 0.711 
12 
0.074 0.474 0.452 
0.774 0.049 0.177 
0.023 0.681 0.296 
0.515 0.284 0.201 
12 
0.288 0.708 0.004 
0.471 0.194 0.335 
0.074 0.003 0.923 
0.214 0.585 0.201 
12 
0.399 0.54 0.061 
0.068 0.65 0.282 
0.001 0.077 0.922 
0.127 0.75 0.123 

16 
0.67 0.067 0.077 0.186 
0.704 0.013 0.106 0.177 
0.152 0.087 0.437 0.324 
0.053 0.89 0.003 0.054 

4 
0.865 0.135 
0.569 0.431 
