V-CREDAL
10
4 4 4 4 2 2 3 2 2 2
10
1 0
1 1
2 0 2
2 0 3
3 3 5 4
1 5
2 0 6
3 1 3 7
2 9 8
2 5 9

16
0.332 0.004 0.664 0.0
0.314 0.167 0.404 0.115
0.313 0.569 0.039 0.079
0.087 0.206 0.352 0.355

16
0.776 0.209 0.005 0.01
0.149 0.008 0.371 0.472
0.536 0.317 0.039 0.108
0.476 0.294 0.165 0.065

16
0.715 0.136 0.132 0.017
0.007 0.002 0.009 0.982
0.256 0.217 0.374 0.153
0.88 0.119 0.001 0.0
16
0.005 0.943 0.035 0.017
0.431 0.083 0.019 0.467
0.234 0.126 0.317 0.323
0.203 0.294 0.172 0.331
16
0.033 0.03 0.788 0.149
0.291 0.084 0.2 0.425
0.062 0.008 0.048 0.882
0.124 0.255 0.056 0.565
16
0.029 0.025 0.081 0.865
0.326 0.058 0.286 0.33
0.124 0.007 0.197 0.672
0.028 0.129 0.282 0.561

16
0.019 0.227 0.014 0.74
0.429 0.231 0.182 0.158
0.02 0.002 0.871 0.107
0.361 0.221 0.239 0.179
16
0.054 0.095 0.361 0.49
0.192 0.235 0.273 0.3
0.145 0.746 0.002 0.107
0.873 0.025 0.099 0.003
16
0.016 0.011 0.005 0.968
0.059 0.619 0.267 0.055
0.198 0.211 0.535 0.056
0.221 0.292 0.235 0.252
16
0.03 0.324 0.389 0.257
0.243 0.151 0.25 0.356
0.479 0.023 0.192 0.306
0.047 0.491 0.356 0.106

4
0.31 0.69
0.467 0.533
4
0.667 0.333
0.496 0.504
4
0.78 0.22
0.556 0.444
4
0.309 0.691
0.848 0.152
4
0.54 0.46
0.103 0.897
4
0.886 0.114
0.685 0.315
4
0.374 0.626
0.304 0.696
4
0.241 0.759
0.431 0.569

4
0.714 0.286
0.271 0.729

12
0.003 0.342 0.655
0.458 0.032 0.51
0.575 0.318 0.107
0.565 0.427 0.008
12
0.347 0.577 0.076
0.16 0.393 0.447
0.485 0.075 0.44
0.452 0.069 0.479
12
0.222 0.489 0.289
0.008 0.012 0.98
0.847 0.13 0.023
0.705 0.271 0.024
12
0.352 0.091 0.557
0.062 0.053 0.885
0.36 0.276 0.364
0.069 0.005 0.926

4
0.27 0.73
0.458 0.542
4
0.028 0.972
0.786 0.214
4
0.047 0.953
0.597 0.403
4
0.519 0.481
0.763 0.237
4
0.759 0.241
0.175 0.825
4
0.794 0.206
0.686 0.314
4
0.206 0.794
0.466 0.534
4
0.707 0.293
0.617 0.383
4
0.789 0.211
0.235 0.765
4
0.995 0.005
0.813 0.187
4
0.969 0.031
0.738 0.262
4
0.517 0.483
0.538 0.462
4
0.264 0.736
0.396 0.604
4
0.847 0.153
0.075 0.925
4
0.306 0.694
0.942 0.058
4
0.364 0.636
0.825 0.175

4
0.213 0.787
0.552 0.448
4
0.457 0.543
0.702 0.298

4
0.644 0.356
0.318 0.682
4
0.318 0.682
0.901 0.099
