V-CREDAL
10
2 2 3 3 2 4 2 3 2 4
10
2 7 0
2 4 1
2 0 2
1 3
2 5 4
3 0 6 5
1 6
1 7
4 3 5 9 8
1 9

4
0.897 0.103
0.231 0.769
4
0.237 0.763
0.559 0.441
4
0.735 0.265
0.32 0.68

4
0.59 0.41
0.672 0.328
4
0.572 0.428
0.03 0.97

12
0.141 0.161 0.698
0.017 0.801 0.182
0.981 0.009 0.01
0.461 0.03 0.509
12
0.068 0.015 0.917
0.68 0.227 0.093
0.257 0.503 0.24
0.028 0.045 0.927

12
0.654 0.319 0.027
0.21 0.036 0.754
0.576 0.15 0.274
0.082 0.146 0.772

4
0.027 0.973
0.473 0.527
4
0.185 0.815
0.952 0.048
4
0.066 0.934
0.555 0.445
4
0.459 0.541
0.126 0.874

16
0.256 0.278 0.027 0.439
0.568 0.0 0.058 0.374
0.84 0.087 0.042 0.031
0.293 0.191 0.303 0.213
16
0.716 0.101 0.013 0.17
0.606 0.096 0.192 0.106
0.655 0.33 0.012 0.003
0.488 0.01 0.148 0.354
16
0.081 0.21 0.033 0.676
0.187 0.008 0.031 0.774
0.02 0.154 0.823 0.003
0.085 0.588 0.092 0.235
16
0.282 0.396 0.287 0.035
0.595 0.0 0.196 0.209
0.039 0.092 0.735 0.134
0.027 0.593 0.066 0.314

4
0.313 0.687
0.405 0.595

12
0.287 0.422 0.291
0.079 0.011 0.91
0.7 0.222 0.078
0.679 0.288 0.033

4
0.885 0.115
0.992 0.008
4
0.062 0.938
0.441 0.559
4
0.146 0.854
0.705 0.295
4
0.181 0.819
0.49 0.51
4
0.329 0.671
0.976 0.024
4
0.906 0.094
0.426 0.574
4
0.552 0.448
0.334 0.666
4
0.873 0.127
0.998 0.002
4
0.377 0.623
0.47 0.53
4
0.977 0.023
0.881 0.119
4
0.838 0.162
0.969 0.031
4
0.251 0.749
0.683 0.317
4
0.619 0.381
0.437 0.563
4
0.644 0.356
0.152 0.848
4
0.604 0.396
0.314 0.686
4
0.143 0.857
0.629 0.371
4
0.793 0.207
0.508 0.492
4
0.174 0.826
0.163 0.837
4
0.786 0.214
0.54 0.46
4
0.687 0.313
0.485 0.515
4
0.279 0.721
0.377 0.623
4
0.856 0.144
0.977 0.023
4
0.126 0.874
0.625 0.375
4
0.142 0.858
0.625 0.375
4
0.39 0.61
0.85 0.15
4
0.769 0.231
0.695 0.305
4
0.534 0.466
0.507 0.493
4
0.354 0.646
0.426 0.574
4
0.8 0.2
0.361 0.639
4
0.702 0.298
0.396 0.604
4
0.11 0.89
0.366 0.634
4
0.838 0.162
0.336 0.664
4
0.611 0.389
0.878 0.122
4
0.113 0.887
0.52 0.48
4
0.477 0.523
0.739 0.261
4
0.518 0.482
0.574 0.426
4
0.793 0.207
0.226 0.774
4
0.809 0.191
0.21 0.79
4
0.31 0.69
0.635 0.365
4
0.4 0.6
0.217 0.783
4
0.618 0.382
0.429 0.571
4
0.394 0.606
0.985 0.015
4
0.756 0.244
0.218 0.782
4
0.363 0.637
0.877 0.123
4
0.803 0.197
0.079 0.921
4
0.606 0.394
0.994 0.006
4
0.533 0.467
0.979 0.021
4
0.846 0.154
0.69 0.31

16
0.151 0.022 0.745 0.082
0.097 0.365 0.32 0.218
0.499 0.067 0.095 0.339
0.11 0.249 0.26 0.381
