V-CREDAL
8
2 4 4 4 3 4 2 4
8
1 0
1 1
1 2
2 1 3
2 3 4
3 0 2 5
3 0 4 6
2 3 7

4
0.796 0.204
0.348 0.652

16
0.047 0.442 0.361 0.15
0.199 0.197 0.582 0.022
0.102 0.384 0.151 0.363
0.797 0.127 0.025 0.051

16
0.003 0.937 0.032 0.028
0.561 0.262 0.056 0.121
0.011 0.359 0.505 0.125
0.033 0.061 0.236 0.67

16
0.889 0.067 0.006 0.038
0.736 0.057 0.096 0.111
0.104 0.524 0.327 0.045
0.858 0.1 0.01 0.032
16
0.042 0.032 0.003 0.923
0.902 0.094 0.0 0.004
0.589 0.095 0.207 0.109
0.134 0.012 0.449 0.405
16
0.051 0.315 0.613 0.021
0.015 0.067 0.084 0.834
0.147 0.008 0.773 0.072
0.891 0.005 0.071 0.033
16
0.091 0.542 0.057 0.31
0.08 0.261 0.164 0.495
0.478 0.002 0.003 0.517
0.141 0.374 0.168 0.317

12
0.272 0.406 0.322
0.185 0.316 0.499
0.517 0.273 0.21
0.311 0.001 0.688
12
0.294 0.516 0.19
0.161 0.606 0.233
0.514 0.166 0.32
0.211 0.142 0.647
12
0.139 0.287 0.574
0.828 0.154 0.018
0.077 0.708 0.215
0.016 0.317 0.667
12
0.291 0.597 0.112
0.258 0.729 0.013
0.535 0.135 0.33
0.674 0.015 0.311

16
0.01 0.15 0.817 0.023
0.022 0.6 0.334 0.044
0.367 0.101 0.292 0.24
0.084 0.29 0.382 0.244
16
0.493 0.347 0.046 0.114
0.063 0.089 0.596 0.252
0.101 0.356 0.429 0.114
0.033 0.005 0.09 0.872
16
0.367 0.167 0.119 0.347
0.067 0.062 0.745 0.126
0.11 0.049 0.008 0.833
0.573 0.195 0.095 0.137
16
0.301 0.002 0.62 0.077
0.001 0.0 0.003 0.996
0.889 0.053 0.054 0.004
0.563 0.126 0.26 0.051
16
0.034 0.007 0.008 0.951
0.244 0.094 0.305 0.357
0.002 0.006 0.007 0.985
0.201 0.085 0.684 0.03
16
0.603 0.305 0.043 0.049
0.002 0.001 0.052 0.945
0.428 0.044 0.123 0.405
0.003 0.482 0.5 0.015
16
0.414 0.482 0.008 0.096
0.247 0.059 0.6 0.094
0.496 0.006 0.014 0.484
0.437 0.467 0.003 0.093
16
0.414 0.235 0.041 0.31
0.235 0.459 0.281 0.025
0.078 0.087 0.73 0.105
0.03 0.143 0.375 0.452

4
0.521 0.479
0.558 0.442
4
0.84 0.16
0.004 0.996
4
0.699 0.301
0.524 0.476
4
0.485 0.515
0.867 0.133
4
0.222 0.778
0.584 0.416
4
0.518 0.482
0.995 0.005

16
0.085 0.193 0.198 0.524
0.125 0.339 0.381 0.155
0.756 0.237 0.004 0.003
0.629 0.021 0.01 0.34
16
0.089 0.65 0.089 0.172
0.069 0.055 0.543 0.333
0.448 0.259 0.019 0.274
0.065 0.372 0.243 0.32
16
0.018 0.853 0.072 0.057
0.005 0.002 0.013 0.98
0.192 0.216 0.464 0.128
0.004 0.178 0.284 0.534
16
0.346 0.603 0.039 0.012
0.102 0.1 0.147 0.651
0.25 0.49 0.075 0.185
0.672 0.28 0.015 0.033
