V-CREDAL 
10 
2 2 3 4 4 4 3 2 4 3 
10 
1 0 
2 0 1 
2 1 2 
2 2 3 
2 3 4 
2 4 5 
2 5 6 
2 6 7 
2 7 8 
2 8 9 

4 
0.31935 0.68065 
0.13111 0.86889 

4 
0.64599 0.35401 
0.19317 0.80683 
4 
0.49295 0.50705 
0.29412 0.70588 

18 
0.60111 0.39451 0.00438 
0.06869 0.05321 0.8781 
0.73687 0.03583 0.2273 
0.91883 0.0792 0.00197 
0.0687 0.89266 0.03864 
0.06384 0.85486 0.0813 
18 
0.17984 0.72097 0.09919 
0.02752 0.05891 0.91357 
0.80018 0.03965 0.16017 
0.69503 0.27961 0.02536 
0.25016 0.6817 0.06814 
0.59989 0.38984 0.01027 

24 
0.65209 0.19132 0.13791 0.01868 
0.27687 0.07507 0.12899 0.51907 
0.19758 0.02364 0.01025 0.76853 
0.57594 0.07065 0.01834 0.33507 
0.77687 0.21559 0.00611 0.00143 
0.08669 0.36923 0.00626 0.53782 
24 
0.13293 0.11787 0.05308 0.69612 
0.20257 0.04828 0.69826 0.05089 
0.06191 0.38022 0.09202 0.46585 
0.06046 0.83689 0.0996 0.00305 
0.13044 0.6541 0.03512 0.18034 
0.39487 0.21221 0.02446 0.36846 
24 
0.12532 0.00132 0.7395 0.13386 
0.17449 0.44094 0.25946 0.12511 
0.29216 0.38915 0.17098 0.14771 
0.49322 0.14547 0.00775 0.35356 
0.18607 0.24007 0.35404 0.21982 
0.71476 0.05332 0.1451 0.08682 

24 
0.18459 0.29435 0.48232 0.03874 
0.01727 0.0053 0.02608 0.95135 
0.06079 0.15271 0.01562 0.77088 
0.03398 0.88322 0.07367 0.00913 
0.03873 0.69442 0.17028 0.09657 
0.9385 0.00443 0.04591 0.01116 
24 
0.29093 0.61195 0.03561 0.06151 
0.02795 0.2773 0.60612 0.08863 
0.07847 0.21196 0.63432 0.07525 
0.0125 0.00355 0.49864 0.48531 
0.31569 0.3481 0.03225 0.30396 
0.80693 3.0E-5 0.14107 0.05197 
24 
0.9904 9.8E-4 0.00664 0.00198 
0.33452 0.49779 0.03166 0.13603 
0.44586 0.02045 0.4656 0.06809 
0.54231 0.10006 0.09762 0.26001 
0.36303 0.05486 0.379 0.20311 
0.10343 0.07175 0.74434 0.08048 
24 
0.07654 0.88047 0.01232 0.03067 
0.07406 0.01299 0.01023 0.90272 
0.2349 0.30146 0.24908 0.21456 
0.21498 0.0161 0.64796 0.12096 
0.03508 0.09845 0.3277 0.53877 
0.04737 0.12947 0.77288 0.05028 

24 
0.23309 0.20965 0.01433 0.54293 
0.09938 0.08584 0.13465 0.68013 
2.6E-4 0.74748 0.25119 0.00107 
0.00213 8.3E-4 0.99471 0.00233 
0.25696 0.03293 0.03664 0.67347 
0.00103 0.55733 0.32779 0.11385 
24 
0.33455 0.61253 0.04655 0.00637 
0.06503 0.72099 0.023 0.19098 
0.08935 0.51623 0.10596 0.28846 
0.11559 0.67679 0.0699 0.13772 
0.76231 0.10492 0.10944 0.02333 
0.03671 0.95796 9.7E-4 0.00436 
24 
0.81048 0.13291 0.0162 0.04041 
0.56041 0.01007 0.41963 0.00989 
0.01333 0.45334 0.23616 0.29717 
0.07858 0.00646 0.77913 0.13583 
0.01896 0.04394 0.00444 0.93266 
0.32063 0.26942 0.05271 0.35724 
24 
0.29697 0.01863 0.2373 0.4471 
0.38459 0.53678 0.06085 0.01778 
0.28604 0.52169 0.17189 0.02038 
0.14802 0.12734 0.2955 0.42914 
0.09579 0.11319 0.17719 0.61383 
0.10925 0.17488 0.01166 0.70421 

18 
0.25454 0.71862 0.02684 
0.00351 0.99127 0.00522 
0.54112 0.15144 0.30744 
0.30514 0.14083 0.55403 
0.02505 0.39009 0.58486 
0.56494 0.0407 0.39436 
18 
0.00938 0.00512 0.9855 
3.4E-4 0.98068 0.01898 
1.5E-4 0.94559 0.05426 
0.997 0.00213 8.7E-4 
0.50153 0.00299 0.49548 
0.40632 0.58403 0.00965 
18 
0.95726 0.00307 0.03967 
0.12673 0.00345 0.86982 
0.09281 0.05127 0.85592 
0.09559 0.83909 0.06532 
0.06217 0.13305 0.80478 
0.00336 0.67334 0.3233 
18 
0.11217 0.84132 0.04651 
0.00904 0.02908 0.96188 
0.15684 0.04504 0.79812 
0.01876 0.96019 0.02105 
0.37725 0.16345 0.4593 
0.36034 0.42434 0.21532 

4 
0.40034 0.59966 
0.92337 0.07663 
4 
0.32469 0.67531 
0.36321 0.63679 
4 
0.70199 0.29801 
0.53503 0.46497 

24 
0.01797 0.70215 0.0266 0.25328 
0.00449 0.27901 0.00266 0.71384 
0.75088 0.14688 0.09727 0.00497 
0.36852 0.05917 0.30534 0.26697 
0.17779 0.0145 0.80142 0.00629 
0.02586 0.55284 0.30454 0.11676 
24 
0.59128 0.12769 0.00512 0.27591 
0.01117 0.08585 0.1557 0.74728 
0.04308 0.00832 0.89279 0.05581 
0.16142 0.3649 0.41916 0.05452 
0.01114 0.01776 0.0782 0.8929 
0.04415 0.81453 0.12064 0.02068 

18 
0.40933 0.01312 0.57755 
0.5078 0.45477 0.03743 
0.07254 0.5817 0.34576 
0.13463 0.15826 0.70711 
0.69214 0.08359 0.22427 
0.08348 0.18664 0.72988 
18 
0.34728 0.55709 0.09563 
0.0083 0.98684 0.00486 
0.02526 0.00315 0.97159 
0.35596 0.24275 0.40129 
0.21238 0.73259 0.05503 
0.08452 0.00144 0.91404 
18 
0.3509 0.13516 0.51394 
0.12557 0.82145 0.05298 
0.22779 0.1014 0.67081 
0.35977 0.26238 0.37785 
0.17651 0.73756 0.08593 
0.00687 0.98227 0.01086 
18 
0.04842 0.77779 0.17379 
0.03872 0.73242 0.22886 
0.04682 0.01218 0.941 
0.8 0.13054 0.06946 
0.36664 0.54142 0.09194 
0.70223 0.03838 0.25939 
