V-CREDAL
8
2 2 4 4 2 2 3 4
8
2 6 0
3 2 5 1
1 2
2 0 3
2 7 4
3 4 6 5
1 6
1 7

4
0.924 0.076
0.08 0.92
4
0.943 0.057
0.471 0.529
4
0.595 0.405
0.909 0.091

4
0.573 0.427
0.229 0.771
4
0.055 0.945
0.331 0.669
4
0.308 0.692
0.719 0.281
4
0.737 0.263
0.407 0.593
4
0.089 0.911
0.852 0.148
4
0.507 0.493
0.254 0.746
4
0.474 0.526
0.291 0.709
4
0.882 0.118
0.553 0.447

24
0.83 0.142 0.0 0.028
0.099 0.372 0.12 0.409
0.047 0.874 0.012 0.067
0.645 0.006 0.06 0.289
0.113 0.003 0.242 0.642
0.399 0.392 0.165 0.044

24
0.203 0.022 0.013 0.762
0.125 0.433 0.386 0.056
0.126 0.673 0.089 0.112
0.032 0.346 0.0 0.622
0.022 0.437 0.099 0.442
0.089 0.012 0.899 0.0
24
0.537 0.072 0.079 0.312
0.055 0.357 0.161 0.427
0.104 0.343 0.213 0.34
0.521 0.01 0.453 0.016
0.324 0.618 0.046 0.012
0.876 0.036 0.069 0.019

4
0.942 0.058
0.357 0.643
4
0.944 0.056
0.948 0.052
4
0.615 0.385
0.909 0.091
4
0.265 0.735
0.701 0.299

4
0.305 0.695
0.836 0.164
4
0.85 0.15
0.757 0.243
4
0.814 0.186
0.393 0.607
4
0.276 0.724
0.032 0.968
4
0.923 0.077
0.979 0.021
4
0.124 0.876
0.294 0.706

18
0.101 0.836 0.063
0.881 0.035 0.084
0.988 0.008 0.004
0.275 0.529 0.196
0.26 0.554 0.186
0.614 0.158 0.228

24
0.01 0.001 0.01 0.979
0.047 0.93 0.006 0.017
0.005 0.027 0.902 0.066
0.276 0.268 0.429 0.027
0.032 0.241 0.724 0.003
0.375 0.001 0.001 0.623
