V-CREDAL
7
3 4 4 4 3 4 4
7
3 2 6 0
1 1
1 2
2 6 3
3 1 6 4
1 5
2 5 6

18
0.785 0.059 0.156
0.01 0.956 0.034
0.219 0.062 0.719
0.008 0.554 0.438
0.712 0.24 0.048
0.557 0.018 0.425
18
0.146 0.625 0.229
0.106 0.866 0.028
0.368 0.36 0.272
0.92 0.043 0.037
0.182 0.551 0.267
0.035 0.934 0.031
18
0.704 0.06 0.236
0.008 0.032 0.96
0.308 0.67 0.022
0.047 0.888 0.065
0.143 0.817 0.04
0.012 0.02 0.968
18
0.022 0.104 0.874
0.023 0.976 0.001
0.483 0.028 0.489
0.99 0.005 0.005
0.248 0.066 0.686
0.013 0.4 0.587
18
0.123 0.007 0.87
0.395 0.013 0.592
0.924 0.038 0.038
0.414 0.408 0.178
0.059 0.619 0.322
0.931 0.041 0.028
18
0.058 0.834 0.108
0.976 0.006 0.018
0.985 0.007 0.008
0.033 0.204 0.763
0.188 0.017 0.795
0.089 0.844 0.067
18
0.045 0.869 0.086
0.497 0.234 0.269
0.042 0.7 0.258
0.694 0.237 0.069
0.34 0.263 0.397
0.121 0.524 0.355
18
0.137 0.047 0.816
0.823 0.039 0.138
0.014 0.729 0.257
0.374 0.004 0.622
0.184 0.717 0.099
0.049 0.322 0.629
18
0.394 0.575 0.031
0.029 0.943 0.028
0.001 0.024 0.975
0.664 0.143 0.193
0.595 0.26 0.145
0.166 0.829 0.005
18
0.362 0.586 0.052
0.267 0.648 0.085
0.762 0.213 0.025
0.645 0.061 0.294
0.137 0.1 0.763
0.16 0.602 0.238
18
0.81 0.184 0.006
0.186 0.776 0.038
0.22 0.134 0.646
0.42 0.088 0.492
0.949 0.05 0.001
0.042 0.904 0.054
18
0.119 0.146 0.735
0.007 0.321 0.672
0.372 0.181 0.447
0.051 0.855 0.094
0.608 0.312 0.08
0.089 0.909 0.002
18
0.07 0.146 0.784
0.01 0.49 0.5
0.065 0.932 0.003
0.98 0.002 0.018
0.002 0.94 0.058
0.7 0.044 0.256
18
0.28 0.016 0.704
0.159 0.01 0.831
0.802 0.185 0.013
0.537 0.038 0.425
0.324 0.634 0.042
0.039 0.383 0.578
18
0.474 0.136 0.39
0.106 0.603 0.291
0.083 0.897 0.02
0.867 0.12 0.013
0.413 0.163 0.424
0.082 0.723 0.195
18
0.001 0.081 0.918
0.002 0.027 0.971
0.85 0.145 0.005
0.007 0.977 0.016
0.714 0.051 0.235
0.349 0.019 0.632

24
0.072 0.291 0.015 0.622
0.551 0.168 0.186 0.095
0.188 0.51 0.298 0.004
0.142 0.704 0.021 0.133
0.132 0.846 0.014 0.008
0.026 0.093 0.784 0.097

24
0.911 0.011 0.015 0.063
0.039 0.878 0.054 0.029
0.023 0.0 0.01 0.967
0.178 0.116 0.466 0.24
0.038 0.311 0.561 0.09
0.11 0.139 0.501 0.25

24
0.838 0.109 0.006 0.047
0.001 0.918 0.078 0.003
0.038 0.039 0.821 0.102
0.087 0.044 0.177 0.692
0.19 0.015 0.525 0.27
0.07 0.063 0.854 0.013
24
0.121 0.091 0.597 0.191
0.433 0.203 0.072 0.292
0.222 0.297 0.041 0.44
0.343 0.467 0.064 0.126
0.045 0.618 0.304 0.033
0.111 0.347 0.185 0.357
24
0.365 0.196 0.014 0.425
0.032 0.032 0.739 0.197
0.763 0.113 0.123 0.001
0.762 0.02 0.025 0.193
0.135 0.126 0.496 0.243
0.078 0.238 0.568 0.116
24
0.511 0.022 0.032 0.435
0.823 0.104 0.009 0.064
0.39 0.386 0.188 0.036
0.122 0.264 0.172 0.442
0.18 0.43 0.299 0.091
0.143 0.005 0.007 0.845

18
0.014 0.755 0.231
0.054 0.271 0.675
0.485 0.01 0.505
0.296 0.048 0.656
0.191 0.748 0.061
0.331 0.496 0.173
18
0.044 0.426 0.53
0.044 0.916 0.04
0.389 0.536 0.075
0.154 0.098 0.748
0.621 0.168 0.211
0.028 0.652 0.32
18
0.163 0.023 0.814
0.484 0.491 0.025
0.044 0.925 0.031
0.262 0.019 0.719
0.869 0.031 0.1
0.828 0.01 0.162
18
0.628 0.046 0.326
0.07 0.441 0.489
0.989 0.006 0.005
0.028 0.57 0.402
0.023 0.906 0.071
0.177 0.805 0.018
18
0.01 0.023 0.967
0.832 0.016 0.152
0.083 0.875 0.042
0.055 0.861 0.084
0.211 0.756 0.033
0.059 0.869 0.072
18
0.926 0.06 0.014
0.003 0.01 0.987
0.974 0.006 0.02
0.003 0.965 0.032
0.029 0.952 0.019
0.887 0.103 0.01
18
0.427 0.48 0.093
0.015 0.51 0.475
0.409 0.068 0.523
0.111 0.877 0.012
0.055 0.753 0.192
0.513 0.054 0.433
18
0.013 0.973 0.014
0.042 0.957 0.001
0.009 0.098 0.893
0.845 0.03 0.125
0.307 0.067 0.626
0.159 0.831 0.01
18
0.307 0.033 0.66
0.846 0.136 0.018
0.033 0.269 0.698
0.032 0.102 0.866
0.146 0.604 0.25
0.283 0.604 0.113
18
0.827 0.012 0.161
0.635 0.289 0.076
0.074 0.17 0.756
0.434 0.522 0.044
0.013 0.708 0.279
0.184 0.113 0.703
18
0.46 0.522 0.018
0.66 0.148 0.192
0.023 0.781 0.196
0.163 0.735 0.102
0.134 0.107 0.759
0.078 0.441 0.481
18
0.017 0.149 0.834
0.556 0.334 0.11
0.212 0.773 0.015
0.039 0.95 0.011
0.651 0.208 0.141
0.214 0.019 0.767
18
0.524 0.445 0.031
0.016 0.028 0.956
0.002 0.988 0.01
0.028 0.969 0.003
0.785 0.035 0.18
0.023 0.021 0.956
18
0.85 0.014 0.136
0.002 0.997 0.001
0.86 0.053 0.087
0.007 0.101 0.892
0.0 0.93 0.07
0.063 0.932 0.005
18
0.52 0.094 0.386
0.068 0.319 0.613
0.847 0.11 0.043
0.427 0.508 0.065
0.145 0.738 0.117
0.846 0.153 0.001
18
0.747 0.22 0.033
0.355 0.493 0.152
0.787 0.057 0.156
0.065 0.677 0.258
0.023 0.098 0.879
0.066 0.08 0.854

24
0.312 0.005 0.012 0.671
0.131 0.09 0.441 0.338
0.672 0.0 0.273 0.055
0.042 0.109 0.199 0.65
0.003 0.313 0.023 0.661
0.332 0.12 0.026 0.522

24
0.542 0.075 0.211 0.172
0.641 0.052 0.082 0.225
0.035 0.06 0.351 0.554
0.086 0.764 0.091 0.059
0.029 0.082 0.032 0.857
0.065 0.047 0.646 0.242
24
0.788 0.058 0.018 0.136
0.751 0.077 0.125 0.047
0.032 0.03 0.003 0.935
0.135 0.803 0.007 0.055
0.246 0.154 0.221 0.379
0.109 0.656 0.155 0.08
24
0.648 0.074 0.143 0.135
0.008 0.69 0.226 0.076
0.13 0.174 0.639 0.057
0.449 0.035 0.003 0.513
0.086 0.905 0.005 0.004
0.0 0.999 0.001 0.0
24
0.745 0.138 0.097 0.02
0.082 0.633 0.019 0.266
0.386 0.388 0.04 0.186
0.083 0.046 0.043 0.828
0.15 0.076 0.757 0.017
0.753 0.028 0.095 0.124
