V-CREDAL 
6 
4 4 4 2 4 4 
6 
1 0 
1 1 
3 1 5 2 
2 2 3 
3 0 1 4 
1 5 

24 
0.077 0.889 0.021 0.013 
0.007 0.142 0.72 0.131 
0.754 0.071 0.153 0.022 
0.38 0.09 0.461 0.069 
0.221 0.703 0.072 0.004 
0.001 0.001 0.998 0.0 

24 
0.078 0.366 0.024 0.532 
0.143 0.367 0.382 0.108 
0.868 0.088 0.012 0.032 
0.026 0.238 0.117 0.619 
0.284 0.437 0.061 0.218 
0.02 0.086 0.101 0.793 

24 
0.089 0.832 0.01 0.069 
0.19 0.068 0.16 0.582 
0.761 0.043 0.168 0.028 
0.043 0.172 0.09 0.695 
0.037 0.309 0.213 0.441 
0.002 0.386 0.012 0.6 
24 
0.14 0.34 0.354 0.166 
0.77 0.024 0.086 0.12 
0.941 0.024 0.022 0.013 
0.018 0.134 0.262 0.586 
0.069 0.123 0.588 0.22 
0.941 0.015 0.021 0.023 
24 
0.483 0.07 0.365 0.082 
0.556 0.006 0.071 0.367 
0.027 0.175 0.032 0.766 
0.054 0.024 0.888 0.034 
0.226 0.271 0.297 0.206 
0.518 0.166 0.308 0.008 
24 
0.495 0.114 0.39 0.001 
0.687 0.057 0.055 0.201 
0.284 0.266 0.245 0.205 
0.691 0.044 0.143 0.122 
0.329 0.092 0.467 0.112 
0.061 0.039 0.006 0.894 
24 
0.487 0.158 0.119 0.236 
0.004 0.36 0.197 0.439 
0.211 0.214 0.104 0.471 
0.367 0.032 0.225 0.376 
0.098 0.51 0.136 0.256 
0.157 0.253 0.568 0.022 
24 
0.964 0.001 0.016 0.019 
0.475 0.249 0.1 0.176 
0.087 0.499 0.165 0.249 
0.179 0.334 0.109 0.378 
0.221 0.586 0.099 0.094 
0.918 0.019 0.016 0.047 
24 
0.421 0.071 0.478 0.03 
0.564 0.002 0.426 0.008 
0.021 0.265 0.057 0.657 
0.897 0.006 0.096 0.001 
0.269 0.501 0.167 0.063 
0.067 0.121 0.296 0.516 
24 
0.006 0.434 0.004 0.556 
0.479 0.269 0.069 0.183 
0.259 0.027 0.658 0.056 
0.166 0.74 0.044 0.05 
0.01 0.001 0.973 0.016 
0.041 0.001 0.907 0.051 
24 
0.181 0.725 0.01 0.084 
0.057 0.172 0.65 0.121 
0.43 0.079 0.079 0.412 
0.872 0.073 0.024 0.031 
0.461 0.064 0.284 0.191 
0.405 0.268 0.023 0.304 
24 
0.118 0.053 0.821 0.008 
0.023 0.004 0.004 0.969 
0.031 0.913 0.043 0.013 
0.986 0.003 0.008 0.003 
0.02 0.792 0.183 0.005 
0.06 0.166 0.676 0.098 
24 
0.692 0.01 0.16 0.138 
0.152 0.336 0.001 0.511 
0.211 0.105 0.681 0.003 
0.04 0.267 0.31 0.383 
0.035 0.811 0.059 0.095 
0.184 0.088 0.695 0.033 
24 
0.072 0.9 0.025 0.003 
0.019 0.072 0.736 0.173 
0.023 0.101 0.864 0.012 
0.327 0.423 0.207 0.043 
0.404 0.137 0.222 0.237 
0.11 0.221 0.425 0.244 
24 
0.064 0.071 0.688 0.177 
0.139 0.079 0.781 0.001 
0.67 0.008 0.32 0.002 
0.037 0.202 0.649 0.112 
0.069 0.004 0.921 0.006 
0.062 0.918 0.003 0.017 
24 
0.001 0.008 0.988 0.003 
0.255 0.008 0.275 0.462 
0.267 0.53 0.023 0.18 
0.858 0.031 0.005 0.106 
0.932 0.054 0.008 0.006 
0.076 0.745 0.115 0.064 
24 
0.907 0.06 0.014 0.019 
0.137 0.224 0.23 0.409 
0.024 0.165 0.46 0.351 
0.292 0.163 0.402 0.143 
0.219 0.101 0.095 0.585 
0.21 0.691 0.005 0.094 
24 
0.489 0.003 0.481 0.027 
0.018 0.425 0.42 0.137 
0.121 0.738 0.022 0.119 
0.001 0.005 0.498 0.496 
0.333 0.015 0.239 0.413 
0.082 0.392 0.113 0.413 

4 
0.323 0.677 
0.577 0.423 
4 
0.723 0.277 
0.64 0.36 
4 
0.315 0.685 
0.005 0.995 
4 
0.262 0.738 
0.424 0.576 

24 
0.255 0.723 0.007 0.015 
0.158 0.14 0.117 0.585 
0.036 0.441 0.187 0.336 
0.177 0.591 0.012 0.22 
0.026 0.775 0.056 0.143 
0.074 0.044 0.877 0.005 
24 
0.003 0.004 0.985 0.008 
0.229 0.031 0.33 0.41 
0.221 0.107 0.486 0.186 
0.164 0.806 0.006 0.024 
0.066 0.625 0.042 0.267 
0.417 0.002 0.032 0.549 
24 
0.504 0.072 0.314 0.11 
0.005 0.881 0.103 0.011 
0.013 0.233 0.139 0.615 
0.435 0.153 0.1 0.312 
0.157 0.017 0.805 0.021 
0.005 0.195 0.007 0.793 
24 
0.276 0.61 0.019 0.095 
0.778 0.061 0.057 0.104 
0.946 0.01 0.009 0.035 
0.404 0.298 0.109 0.189 
0.016 0.258 0.679 0.047 
0.033 0.02 0.898 0.049 
24 
0.13 0.842 0.014 0.014 
0.117 0.073 0.529 0.281 
0.042 0.31 0.142 0.506 
0.096 0.102 0.227 0.575 
0.048 0.078 0.162 0.712 
0.149 0.365 0.297 0.189 
24 
0.28 0.031 0.686 0.003 
0.493 0.269 0.131 0.107 
0.188 0.573 0.143 0.096 
0.004 0.078 0.039 0.879 
0.034 0.048 0.861 0.057 
0.024 0.439 0.214 0.323 
24 
0.016 0.043 0.098 0.843 
0.022 0.038 0.665 0.275 
0.189 0.544 0.242 0.025 
0.113 0.349 0.184 0.354 
0.666 0.006 0.318 0.01 
0.66 0.02 0.262 0.058 
24 
0.653 0.01 0.201 0.136 
0.343 0.038 0.569 0.05 
0.05 0.906 0.024 0.02 
0.104 0.337 0.02 0.539 
0.054 0.106 0.8 0.04 
0.143 0.024 0.615 0.218 
24 
0.007 0.662 0.23 0.101 
0.326 0.563 0.066 0.045 
0.035 0.272 0.199 0.494 
0.078 0.059 0.738 0.125 
0.365 0.04 0.503 0.092 
0.058 0.251 0.615 0.076 
24 
0.012 0.82 0.153 0.015 
0.304 0.446 0.045 0.205 
0.609 0.02 0.251 0.12 
0.196 0.099 0.673 0.032 
0.006 0.172 0.725 0.097 
0.404 0.066 0.523 0.007 
24 
0.359 0.185 0.109 0.347 
0.314 0.417 0.086 0.183 
0.079 0.649 0.191 0.081 
0.277 0.011 0.616 0.096 
0.012 0.049 0.67 0.269 
0.028 0.641 0.009 0.322 
24 
0.075 0.083 0.077 0.765 
0.422 0.538 0.037 0.003 
0.281 0.034 0.034 0.651 
0.062 0.375 0.384 0.179 
0.216 0.57 0.079 0.135 
0.136 0.216 0.445 0.203 
24 
0.143 0.025 0.527 0.305 
0.027 0.874 0.084 0.015 
0.755 0.149 0.018 0.078 
0.31 0.585 0.085 0.02 
0.02 0.498 0.462 0.02 
0.026 0.075 0.125 0.774 
24 
0.032 0.262 0.076 0.63 
0.558 0.036 0.202 0.204 
0.661 0.232 0.039 0.068 
0.408 0.497 0.08 0.015 
0.051 0.773 0.057 0.119 
0.03 0.386 0.031 0.553 
24 
0.534 0.017 0.403 0.046 
0.075 0.118 0.223 0.584 
0.007 0.093 0.048 0.852 
0.359 0.493 0.109 0.039 
0.089 0.294 0.336 0.281 
0.102 0.004 0.195 0.699 
24 
0.083 0.786 0.089 0.042 
0.795 0.001 0.067 0.137 
0.044 0.002 0.003 0.951 
0.027 0.017 0.26 0.696 
0.196 0.148 0.582 0.074 
0.176 0.358 0.427 0.039 

24 
0.139 0.005 0.02 0.836 
0.033 0.37 0.119 0.478 
0.917 0.035 0.023 0.025 
0.001 0.742 0.245 0.012 
0.007 0.972 0.02 0.001 
0.143 0.483 0.257 0.117 
