V-CREDAL
5
3 4 3 4 3
5
1 0
2 0 1
2 1 2
2 2 3
2 3 4

18
0.574 0.007 0.419
0.127 0.172 0.701
0.993 0.003 0.004
0.038 0.885 0.077
0.039 0.859 0.102
0.073 0.421 0.506

24
0.159 0.088 0.672 0.081
0.006 0.771 0.064 0.159
0.049 0.442 0.124 0.385
0.442 0.028 0.063 0.467
0.711 0.059 0.118 0.112
0.025 0.116 0.436 0.423
24
0.065 0.908 0.027 0.0
0.0 0.085 0.043 0.872
0.583 0.008 0.262 0.147
0.129 0.675 0.185 0.011
0.004 0.018 0.776 0.202
0.001 0.601 0.153 0.245
24
0.48 0.059 0.368 0.093
0.215 0.164 0.261 0.36
0.273 0.126 0.08 0.521
0.059 0.409 0.522 0.01
0.306 0.539 0.155 0.0
0.947 0.047 0.004 0.002

18
0.002 0.99 0.008
0.003 0.009 0.988
0.009 0.989 0.002
0.926 0.001 0.073
0.998 0.001 0.001
0.012 0.988 0.0
18
0.141 0.815 0.044
0.633 0.106 0.261
0.225 0.712 0.063
0.022 0.315 0.663
0.114 0.761 0.125
0.098 0.081 0.821
18
0.001 0.009 0.99
0.064 0.462 0.474
0.269 0.561 0.17
0.003 0.362 0.635
0.636 0.036 0.328
0.457 0.486 0.057
18
0.173 0.645 0.182
0.006 0.147 0.847
0.209 0.636 0.155
0.998 0.001 0.001
0.942 0.003 0.055
0.056 0.101 0.843

24
0.817 0.033 0.108 0.042
0.023 0.202 0.627 0.148
0.011 0.18 0.233 0.576
0.659 0.041 0.018 0.282
0.704 0.09 0.172 0.034
0.774 0.157 0.035 0.034
24
0.015 0.08 0.864 0.041
0.253 0.06 0.352 0.335
0.053 0.848 0.025 0.074
0.352 0.187 0.163 0.298
0.698 0.155 0.127 0.02
0.168 0.182 0.637 0.013
24
0.01 0.027 0.935 0.028
0.441 0.188 0.228 0.143
0.242 0.164 0.179 0.415
0.293 0.502 0.0 0.205
0.128 0.032 0.282 0.558
0.235 0.463 0.112 0.19

18
0.123 0.873 0.004
0.223 0.18 0.597
0.691 0.306 0.003
0.542 0.096 0.362
0.048 0.938 0.014
0.135 0.243 0.622
18
0.114 0.886 0.0
0.052 0.877 0.071
0.008 0.161 0.831
0.818 0.171 0.011
0.856 0.089 0.055
0.384 0.021 0.595
18
0.067 0.173 0.76
0.118 0.529 0.353
0.967 0.005 0.028
0.194 0.508 0.298
0.953 0.023 0.024
0.771 0.213 0.016
18
0.079 0.023 0.898
0.002 0.996 0.002
0.043 0.94 0.017
0.305 0.013 0.682
0.041 0.3 0.659
0.45 0.238 0.312
