V-CREDAL
6
3 3 3 2 3 4
6
2 5 0
2 0 1
1 2
1 3
2 5 4
3 2 3 5

12
0.654 0.189 0.157
0.123 0.688 0.189
0.495 0.282 0.223
0.694 0.097 0.209
12
0.243 0.364 0.393
0.128 0.288 0.584
0.191 0.337 0.472
0.056 0.105 0.839
12
0.51 0.01 0.48
0.071 0.722 0.207
0.968 0.019 0.013
0.117 0.811 0.072
12
0.314 0.324 0.362
0.466 0.417 0.117
0.01 0.935 0.055
0.046 0.641 0.313

12
0.641 0.007 0.352
0.991 0.007 0.002
0.175 0.411 0.414
0.199 0.124 0.677
12
0.407 0.473 0.12
0.0 0.01 0.99
0.014 0.407 0.579
0.132 0.665 0.203
12
0.356 0.581 0.063
0.016 0.491 0.493
0.017 0.102 0.881
0.128 0.022 0.85

12
0.96 0.018 0.022
0.592 0.008 0.4
0.454 0.415 0.131
0.468 0.338 0.194

4
0.153 0.847
0.368 0.632

12
0.047 0.564 0.389
0.24 0.497 0.263
0.152 0.737 0.111
0.111 0.796 0.093
12
0.077 0.078 0.845
0.479 0.511 0.01
0.981 0.006 0.013
0.077 0.335 0.588
12
0.812 0.083 0.105
0.096 0.067 0.837
0.002 0.721 0.277
0.001 0.385 0.614
12
0.091 0.321 0.588
0.272 0.256 0.472
0.247 0.097 0.656
0.879 0.006 0.115

16
0.132 0.351 0.322 0.195
0.032 0.08 0.516 0.372
0.128 0.136 0.631 0.105
0.11 0.185 0.683 0.022
16
0.112 0.02 0.036 0.832
0.013 0.573 0.145 0.269
0.662 0.22 0.038 0.08
0.098 0.802 0.074 0.026
16
0.279 0.453 0.096 0.172
0.044 0.14 0.195 0.621
0.051 0.338 0.368 0.243
0.161 0.252 0.144 0.443
16
0.743 0.011 0.017 0.229
0.295 0.126 0.57 0.009
0.062 0.071 0.081 0.786
0.704 0.054 0.187 0.055
16
0.365 0.105 0.345 0.185
0.114 0.247 0.305 0.334
0.006 0.06 0.756 0.178
0.646 0.313 0.04 0.001
16
0.051 0.189 0.716 0.044
0.284 0.003 0.212 0.501
0.015 0.363 0.048 0.574
0.618 0.155 0.016 0.211
