V-CREDAL 
8 
2 4 2 3 3 3 4 2 
8 
1 0 
2 0 1 
2 1 2 
2 2 3 
2 3 4 
2 4 5 
2 5 6 
2 6 7 

4 
0.79384 0.20616 
0.4889 0.5111 

16 
0.56783 0.03523 0.01066 0.38628 
0.1284 0.06163 0.05536 0.75461 
0.06827 0.01446 0.35219 0.56508 
0.13628 0.36999 0.40161 0.09212 
16 
0.57919 0.10088 0.15277 0.16716 
0.23671 0.09741 0.03603 0.62985 
0.08894 0.0013 0.79411 0.11565 
0.14782 0.81337 0.00551 0.0333 

4 
0.92269 0.07731 
0.49787 0.50213 
4 
0.92268 0.07732 
0.30289 0.69711 
4 
0.90777 0.09223 
0.23801 0.76199 
4 
0.10622 0.89378 
0.11012 0.88988 

12 
0.17547 0.00305 0.82148 
0.98563 0.00696 0.00741 
0.00452 0.98577 0.00971 
0.08582 0.90863 0.00555 
12 
0.04376 0.78766 0.16858 
0.26038 0.31121 0.42841 
0.94908 0.03168 0.01924 
0.85524 0.02449 0.12027 

12 
0.49986 0.28924 0.2109 
0.17341 0.26849 0.5581 
0.31549 0.0219 0.66261 
0.99849 5.7E-4 9.4E-4 
12 
0.84099 0.05736 0.10165 
0.78503 0.03225 0.18272 
0.00604 0.97646 0.0175 
0.55037 0.17547 0.27416 
12 
0.22061 0.02474 0.75465 
0.65549 0.34439 1.2E-4 
0.0466 0.14214 0.81126 
0.19658 0.30329 0.50013 

12 
0.07168 0.04297 0.88535 
0.66161 0.18904 0.14935 
0.03544 0.81479 0.14977 
0.68588 0.31255 0.00157 
12 
0.57398 0.13939 0.28663 
0.22574 0.18225 0.59201 
0.24198 0.6812 0.07682 
0.48922 0.34478 0.166 
12 
0.0525 0.46676 0.48074 
0.05213 0.92143 0.02644 
0.12422 0.16502 0.71076 
0.98129 0.00861 0.0101 

16 
0.27224 0.21983 0.48407 0.02386 
0.04746 0.85678 0.04007 0.05569 
0.18421 0.14868 0.63011 0.037 
0.03381 0.40094 0.30429 0.26096 
16 
0.00479 0.37548 0.00372 0.61601 
0.10648 0.86279 0.02213 0.0086 
0.57347 0.09644 0.29607 0.03402 
0.03618 0.48269 0.47052 0.01061 
16 
0.13314 0.13324 0.02652 0.7071 
0.13418 0.13248 0.59243 0.14091 
0.28061 0.40606 0.05761 0.25572 
0.16405 0.0548 0.7382 0.04295 

4 
0.5352 0.4648 
0.64727 0.35273 
4 
0.17172 0.82828 
0.68281 0.31719 
4 
0.31286 0.68714 
0.20944 0.79056 
4 
0.56951 0.43049 
0.00232 0.99768 
