V-CREDAL
6
3 4 3 3 2 2
6
1 0
2 0 1
2 1 2
2 2 3
2 3 4
2 4 5

18
0.997 0.001 0.002
0.187 0.792 0.021
0.018 0.005 0.977
0.054 0.907 0.039
0.008 0.054 0.938
0.004 0.836 0.16

24
0.165 0.207 0.477 0.151
0.013 0.613 0.313 0.061
0.837 0.123 0.015 0.025
0.012 0.058 0.463 0.467
0.002 0.995 0.003 0.0
0.465 0.066 0.04 0.429
24
0.383 0.082 0.107 0.428
0.243 0.022 0.733 0.002
0.438 0.532 0.003 0.027
0.013 0.895 0.001 0.091
0.095 0.507 0.393 0.005
0.234 0.143 0.319 0.304
24
0.011 0.945 0.006 0.038
0.024 0.067 0.011 0.898
0.112 0.863 0.02 0.005
0.162 0.059 0.033 0.746
0.168 0.069 0.69 0.073
0.027 0.084 0.206 0.683

18
0.005 0.986 0.009
0.796 0.014 0.19
0.946 0.052 0.002
0.205 0.035 0.76
0.064 0.141 0.795
0.021 0.429 0.55
18
0.008 0.841 0.151
0.028 0.077 0.895
0.012 0.949 0.039
0.794 0.191 0.015
0.777 0.003 0.22
0.015 0.952 0.033
18
0.771 0.062 0.167
0.004 0.09 0.906
0.05 0.852 0.098
0.484 0.033 0.483
0.021 0.819 0.16
0.169 0.805 0.026
18
0.093 0.426 0.481
0.566 0.42 0.014
0.648 0.028 0.324
0.166 0.34 0.494
0.08 0.85 0.07
0.065 0.825 0.11

18
0.443 0.331 0.226
0.728 0.243 0.029
0.041 0.938 0.021
0.03 0.863 0.107
0.563 0.192 0.245
0.763 0.076 0.161
18
0.961 0.036 0.003
0.005 0.964 0.031
0.464 0.007 0.529
0.026 0.016 0.958
0.543 0.442 0.015
0.622 0.012 0.366
18
0.595 0.038 0.367
0.241 0.655 0.104
0.101 0.041 0.858
0.042 0.639 0.319
0.751 0.202 0.047
0.04 0.534 0.426

4
0.125 0.875
0.756 0.244
4
0.106 0.894
0.38 0.62
4
0.496 0.504
0.552 0.448

4
0.123 0.877
0.696 0.304
4
0.563 0.437
0.559 0.441
