V-CREDAL
4
4 3 4 4
4
1 0
2 0 1
2 1 2
2 2 3

24
0.038 0.021 0.93 0.011
0.007 0.961 0.01 0.022
0.02 0.019 0.714 0.247
0.967 0.013 0.013 0.007
0.058 0.529 0.203 0.21
0.0 0.803 0.187 0.01

18
0.383 0.538 0.079
0.087 0.786 0.127
0.703 0.106 0.191
0.354 0.231 0.415
0.159 0.455 0.386
0.491 0.174 0.335
18
0.019 0.867 0.114
0.94 0.057 0.003
0.006 0.229 0.765
0.569 0.43 0.001
0.047 0.004 0.949
0.012 0.169 0.819
18
0.044 0.016 0.94
0.963 0.036 0.001
0.023 0.882 0.095
0.261 0.734 0.005
0.013 0.285 0.702
0.262 0.009 0.729
18
0.053 0.901 0.046
0.045 0.015 0.94
0.885 0.009 0.106
0.986 0.01 0.004
0.322 0.669 0.009
0.006 0.92 0.074

24
0.568 0.124 0.085 0.223
0.63 0.227 0.018 0.125
0.083 0.426 0.05 0.441
0.015 0.191 0.478 0.316
0.021 0.128 0.013 0.838
0.025 0.007 0.117 0.851
24
0.01 0.033 0.08 0.877
0.25 0.072 0.576 0.102
0.025 0.933 0.032 0.01
0.325 0.522 0.008 0.145
0.028 0.003 0.959 0.01
0.024 0.337 0.627 0.012
24
0.864 0.107 0.012 0.017
0.143 0.012 0.486 0.359
0.854 0.011 0.001 0.134
0.009 0.508 0.007 0.476
0.033 0.417 0.016 0.534
0.377 0.288 0.314 0.021

24
0.334 0.003 0.166 0.497
0.308 0.066 0.597 0.029
0.324 0.433 0.019 0.224
0.112 0.874 0.005 0.009
0.117 0.294 0.223 0.366
0.639 0.084 0.196 0.081
24
0.489 0.135 0.184 0.192
0.255 0.569 0.021 0.155
0.064 0.225 0.622 0.089
0.003 0.589 0.316 0.092
0.933 0.066 0.001 0.0
0.045 0.387 0.538 0.03
24
0.11 0.727 0.119 0.044
0.045 0.006 0.715 0.234
0.02 0.17 0.062 0.748
0.963 0.036 0.001 0.0
0.011 0.002 0.073 0.914
0.161 0.636 0.189 0.014
24
0.013 0.106 0.233 0.648
0.216 0.521 0.111 0.152
0.25 0.029 0.574 0.147
0.586 0.118 0.071 0.225
0.121 0.003 0.386 0.49
0.0 0.005 0.266 0.729
