V-CREDAL
10
2 3 3 4 3 3 3 3 2 4
10
1 0
2 0 1
2 1 2
2 2 3
2 3 4
2 4 5
2 5 6
2 6 7
2 7 8
2 8 9

4
0.645 0.355
0.306 0.694

18
0.033 0.965 0.002
0.929 0.068 0.003
0.119 0.285 0.596
0.22 0.173 0.607
0.501 0.056 0.443
0.025 0.55 0.425
18
0.552 0.02 0.428
0.121 0.676 0.203
0.221 0.766 0.013
0.016 0.28 0.704
0.977 0.0 0.023
0.737 0.261 0.002

18
0.165 0.012 0.823
0.06 0.591 0.349
0.327 0.622 0.051
0.522 0.361 0.117
0.713 0.06 0.227
0.374 0.027 0.599
18
0.309 0.049 0.642
0.044 0.328 0.628
0.463 0.396 0.141
0.619 0.26 0.121
0.055 0.137 0.808
0.084 0.575 0.341
18
0.368 0.628 0.004
0.963 0.02 0.017
0.033 0.711 0.256
0.022 0.515 0.463
0.358 0.241 0.401
0.896 0.033 0.071

24
0.625 0.039 0.122 0.214
0.022 0.56 0.056 0.362
0.631 0.206 0.147 0.016
0.003 0.215 0.01 0.772
0.559 0.233 0.12 0.088
0.599 0.122 0.274 0.005
24
0.568 0.234 0.033 0.165
0.047 0.086 0.54 0.327
0.055 0.008 0.049 0.888
0.106 0.413 0.28 0.201
0.299 0.129 0.244 0.328
0.081 0.442 0.16 0.317
24
0.242 0.035 0.08 0.643
0.407 0.126 0.294 0.173
0.885 0.034 0.078 0.003
0.297 0.248 0.415 0.04
0.098 0.533 0.248 0.121
0.009 0.038 0.019 0.934

18
0.852 0.105 0.043
0.165 0.27 0.565
0.579 0.392 0.029
0.289 0.212 0.499
0.002 0.921 0.077
0.085 0.561 0.354
18
0.698 0.033 0.269
0.002 0.168 0.83
0.547 0.018 0.435
0.114 0.844 0.042
0.007 0.066 0.927
0.027 0.861 0.112
18
0.005 0.958 0.037
0.021 0.004 0.975
0.912 0.04 0.048
0.026 0.96 0.014
0.007 0.277 0.716
0.848 0.036 0.116
18
0.123 0.03 0.847
0.557 0.388 0.055
0.769 0.049 0.182
0.008 0.494 0.498
0.028 0.174 0.798
0.194 0.79 0.016

18
0.0 0.999 0.001
0.05 0.106 0.844
0.553 0.355 0.092
0.61 0.176 0.214
0.494 0.47 0.036
0.002 0.948 0.05
18
0.014 0.067 0.919
0.007 0.888 0.105
0.089 0.88 0.031
0.882 0.042 0.076
0.073 0.029 0.898
0.863 0.136 0.001
18
0.861 0.091 0.048
0.016 0.615 0.369
0.044 0.08 0.876
0.097 0.016 0.887
0.543 0.017 0.44
0.811 0.13 0.059

18
0.885 0.016 0.099
0.016 0.095 0.889
0.742 0.257 0.001
0.017 0.965 0.018
0.979 0.02 0.001
0.005 0.132 0.863
18
0.569 0.03 0.401
0.044 0.1 0.856
0.651 0.169 0.18
0.532 0.032 0.436
0.025 0.603 0.372
0.06 0.716 0.224
18
0.038 0.078 0.884
0.084 0.888 0.028
0.562 0.389 0.049
0.566 0.123 0.311
0.283 0.079 0.638
0.577 0.356 0.067

18
0.087 0.199 0.714
0.016 0.399 0.585
0.112 0.87 0.018
0.995 0.004 0.001
0.337 0.003 0.66
0.002 0.914 0.084
18
0.036 0.303 0.661
0.595 0.046 0.359
0.273 0.553 0.174
0.014 0.011 0.975
0.742 0.147 0.111
0.742 0.253 0.005
18
0.008 0.036 0.956
0.276 0.654 0.07
0.043 0.286 0.671
0.308 0.65 0.042
0.983 0.005 0.012
0.016 0.161 0.823

4
0.794 0.206
0.825 0.175
4
0.773 0.227
0.659 0.341
4
0.187 0.813
0.222 0.778

24
0.18 0.141 0.217 0.462
0.189 0.425 0.322 0.064
0.197 0.027 0.61 0.166
0.053 0.293 0.427 0.227
0.126 0.0 0.063 0.811
0.054 0.714 0.035 0.197
24
0.014 0.626 0.259 0.101
0.021 0.126 0.67 0.183
0.145 0.489 0.228 0.138
0.191 0.404 0.179 0.226
0.074 0.479 0.231 0.216
0.721 0.001 0.278 0.0
