V-CREDAL
10
4 3 3 3 2 3 3 4 2 2
10
1 0
2 0 1
2 1 2
2 2 3
2 3 4
2 4 5
2 5 6
2 6 7
2 7 8
2 8 9

24
0.662 0.233 0.04 0.065
0.001 0.002 0.916 0.081
0.629 0.09 0.245 0.036
0.188 0.091 0.008 0.713
0.037 0.401 0.028 0.534
0.424 0.541 0.016 0.019

18
0.977 0.004 0.019
0.589 0.381 0.03
0.068 0.456 0.476
0.792 0.01 0.198
0.182 0.203 0.615
0.45 0.474 0.076
18
0.059 0.061 0.88
0.19 0.721 0.089
0.705 0.039 0.256
0.322 0.603 0.075
0.01 0.655 0.335
0.315 0.02 0.665
18
0.155 0.84 0.005
0.982 0.017 0.001
0.004 0.004 0.992
0.135 0.815 0.05
0.039 0.625 0.336
0.395 0.604 0.001
18
0.628 0.347 0.025
0.005 0.003 0.992
0.031 0.379 0.59
0.312 0.619 0.069
0.686 0.166 0.148
0.687 0.26 0.053

18
0.956 0.03 0.014
0.016 0.021 0.963
0.296 0.455 0.249
0.044 0.425 0.531
0.207 0.496 0.297
0.785 0.023 0.192
18
0.035 0.002 0.963
0.092 0.005 0.903
0.014 0.945 0.041
0.879 0.055 0.066
0.16 0.819 0.021
0.842 0.114 0.044
18
0.882 0.113 0.005
0.115 0.054 0.831
0.185 0.756 0.059
0.722 0.048 0.23
0.042 0.449 0.509
0.546 0.048 0.406

18
0.078 0.67 0.252
0.057 0.006 0.937
0.532 0.148 0.32
0.01 0.462 0.528
0.144 0.731 0.125
0.609 0.307 0.084
18
0.649 0.204 0.147
0.704 0.281 0.015
0.24 0.304 0.456
0.362 0.175 0.463
0.464 0.142 0.394
0.366 0.439 0.195
18
0.058 0.827 0.115
0.583 0.396 0.021
0.011 0.004 0.985
0.983 0.001 0.016
0.006 0.009 0.985
0.913 0.078 0.009

4
0.328 0.672
0.76 0.24
4
0.804 0.196
0.452 0.548
4
0.861 0.139
0.949 0.051

18
0.028 0.905 0.067
0.337 0.005 0.658
0.765 0.221 0.014
0.012 0.016 0.972
0.955 0.042 0.003
0.542 0.006 0.452
18
0.053 0.162 0.785
0.411 0.581 0.008
0.628 0.078 0.294
0.467 0.057 0.476
0.744 0.108 0.148
0.178 0.073 0.749

18
0.367 0.098 0.535
0.035 0.1 0.865
0.016 0.222 0.762
0.344 0.641 0.015
0.195 0.734 0.071
0.34 0.071 0.589
18
0.099 0.13 0.771
0.112 0.029 0.859
0.96 0.017 0.023
0.091 0.87 0.039
0.056 0.557 0.387
0.778 0.199 0.023
18
0.996 0.002 0.002
0.037 0.925 0.038
0.269 0.004 0.727
0.021 0.075 0.904
0.038 0.925 0.037
0.52 0.461 0.019

24
0.107 0.061 0.735 0.097
0.007 0.533 0.105 0.355
0.566 0.188 0.038 0.208
0.008 0.477 0.292 0.223
0.891 0.024 0.03 0.055
0.259 0.012 0.637 0.092
24
0.693 0.008 0.225 0.074
0.229 0.141 0.0 0.63
0.773 0.12 0.075 0.032
0.669 0.007 0.028 0.296
0.238 0.098 0.012 0.652
0.5 0.096 0.016 0.388
24
0.387 0.103 0.168 0.342
0.017 0.078 0.472 0.433
0.013 0.166 0.797 0.024
0.038 0.082 0.852 0.028
0.256 0.049 0.237 0.458
0.178 0.21 0.538 0.074

4
0.793 0.207
0.154 0.846
4
0.723 0.277
0.85 0.15
4
0.378 0.622
0.805 0.195
4
0.949 0.051
0.19 0.81

4
0.495 0.505
0.26 0.74
4
0.372 0.628
0.898 0.102
