V-CREDAL 
4 
3 3 2 3 
4 
2 2 0 
1 1 
1 2 
3 1 2 3 

18 
0.00885 0.58508 0.40607 
0.19724 0.03325 0.76951 
0.73853 0.13452 0.12695 
0.02255 0.0604 0.91705 
0.06982 0.76117 0.16901 
0.52345 0.40616 0.07039 
18 
0.50069 0.46916 0.03015 
0.05539 0.65584 0.28877 
0.03002 0.95008 0.0199 
0.54072 0.0014 0.45788 
0.4398 0.1271 0.4331 
0.69642 0.26881 0.03477 

18 
0.77853 0.06592 0.15555 
0.5009 0.01275 0.48635 
0.29386 0.69992 0.00622 
0.13035 0.1359 0.73375 
0.03948 0.87339 0.08713 
0.4636 0.53158 0.00482 

4 
0.98783 0.01217 
0.19278 0.80722 

18 
0.04229 0.44679 0.51092 
0.97777 0.01814 0.00409 
0.01443 0.00217 0.9834 
0.09069 0.8786 0.03071 
0.9637 0.01072 0.02558 
0.12142 0.86773 0.01085 
18 
0.84997 0.02535 0.12468 
0.1293 0.07928 0.79142 
0.0722 0.80153 0.12627 
0.38601 0.00863 0.60536 
0.00713 0.63845 0.35442 
0.87493 0.04602 0.07905 
18 
0.6862 0.14918 0.16462 
0.71859 0.21393 0.06748 
0.02745 0.65296 0.31959 
0.35869 0.58746 0.05385 
0.04961 0.00249 0.9479 
0.26114 0.64509 0.09377 
18 
0.00557 0.77991 0.21452 
0.69071 0.25675 0.05254 
0.06014 0.02874 0.91112 
0.02092 0.93995 0.03913 
0.55035 0.08712 0.36253 
0.2706 0.02782 0.70158 
18 
0.89294 0.07918 0.02788 
0.00311 0.16848 0.82841 
0.06447 0.91688 0.01865 
0.60631 0.00486 0.38883 
0.00395 0.02954 0.96651 
0.94499 0.02619 0.02882 
18 
0.63865 0.29818 0.06317 
0.78391 0.06428 0.15181 
0.55139 0.09882 0.34979 
0.22023 0.40926 0.37051 
0.74058 0.15105 0.10837 
0.19932 0.41143 0.38925 
