V-CREDAL
8
3 4 3 4 4 3 4 3
8
1 0
1 1
2 1 2
2 4 3
2 0 4
3 0 2 5
2 5 6
2 4 7

12
0.193 0.435 0.372
0.219 0.617 0.164
0.376 0.073 0.551
0.151 0.679 0.17

16
0.106 0.723 0.068 0.103
0.251 0.515 0.18 0.054
0.599 0.128 0.136 0.137
0.024 0.183 0.279 0.514

12
0.063 0.894 0.043
0.111 0.166 0.723
0.347 0.114 0.539
0.586 0.149 0.265
12
0.008 0.021 0.971
0.054 0.749 0.197
0.673 0.134 0.193
0.283 0.706 0.011
12
0.385 0.347 0.268
0.161 0.297 0.542
0.888 0.052 0.06
0.34 0.112 0.548
12
0.153 0.402 0.445
0.244 0.019 0.737
0.889 0.079 0.032
0.123 0.133 0.744

16
0.483 0.013 0.42 0.084
0.042 0.043 0.186 0.729
0.236 0.152 0.352 0.26
0.511 0.005 0.168 0.316
16
0.53 0.209 0.091 0.17
0.132 0.808 0.043 0.017
0.081 0.476 0.134 0.309
0.862 0.059 0.031 0.048
16
0.337 0.236 0.3 0.127
0.673 0.149 0.049 0.129
0.042 0.114 0.83 0.014
0.399 0.077 0.409 0.115
16
0.181 0.466 0.24 0.113
0.365 0.373 0.216 0.046
0.36 0.199 0.105 0.336
0.112 0.142 0.184 0.562

16
0.18 0.675 0.112 0.033
0.032 0.556 0.287 0.125
0.895 0.026 0.029 0.05
0.518 0.293 0.1 0.089
16
0.471 0.092 0.031 0.406
0.358 0.276 0.276 0.09
0.017 0.441 0.016 0.526
0.417 0.027 0.146 0.41
16
0.37 0.198 0.077 0.355
0.023 0.025 0.131 0.821
0.401 0.517 0.029 0.053
0.019 0.615 0.204 0.162

12
0.739 0.255 0.006
0.852 0.017 0.131
0.566 0.097 0.337
0.503 0.252 0.245
12
0.377 0.181 0.442
0.165 0.639 0.196
0.132 0.436 0.432
0.21 0.145 0.645
12
0.759 0.131 0.11
0.353 0.026 0.621
0.063 0.508 0.429
0.133 0.665 0.202
12
0.085 0.865 0.05
0.388 0.146 0.466
0.602 0.168 0.23
0.295 0.651 0.054
12
0.249 0.007 0.744
0.008 0.951 0.041
0.332 0.427 0.241
0.062 0.031 0.907
12
0.03 0.02 0.95
0.777 0.018 0.205
0.092 0.708 0.2
0.455 0.481 0.064
12
0.459 0.127 0.414
0.281 0.159 0.56
0.561 0.198 0.241
0.245 0.028 0.727
12
0.017 0.947 0.036
0.749 0.073 0.178
0.171 0.016 0.813
0.083 0.013 0.904
12
0.679 0.175 0.146
0.044 0.245 0.711
0.161 0.6 0.239
0.023 0.339 0.638

16
0.348 0.086 0.048 0.518
0.022 0.143 0.006 0.829
0.005 0.378 0.046 0.571
0.015 0.049 0.912 0.024
16
0.323 0.071 0.379 0.227
0.635 0.152 0.199 0.014
0.086 0.264 0.04 0.61
0.073 0.144 0.083 0.7
16
0.004 0.033 0.869 0.094
0.183 0.254 0.142 0.421
0.338 0.264 0.149 0.249
0.016 0.003 0.002 0.979

12
0.602 0.13 0.268
0.046 0.913 0.041
0.315 0.115 0.57
0.757 0.165 0.078
12
0.054 0.915 0.031
0.491 0.216 0.293
0.429 0.1 0.471
0.244 0.165 0.591
12
0.366 0.34 0.294
0.773 0.021 0.206
0.281 0.179 0.54
0.071 0.435 0.494
12
0.088 0.13 0.782
0.829 0.151 0.02
0.395 0.505 0.1
0.777 0.211 0.012
