V-CREDAL 
10 
2 2 3 3 4 2 3 2 4 3 
10 
1 0 
2 0 1 
2 1 2 
2 2 3 
2 3 4 
2 4 5 
2 5 6 
2 6 7 
2 7 8 
2 8 9 

4 
0.089 0.911 
0.691 0.309 

4 
0.745 0.255 
0.592 0.408 
4 
0.477 0.523 
0.381 0.619 

18 
0.007 0.457 0.536 
0.954 0.007 0.039 
0.006 0.242 0.752 
0.026 0.018 0.956 
0.603 0.338 0.059 
0.383 0.392 0.225 
18 
0.573 0.003 0.424 
0.142 0.034 0.824 
0.087 0.095 0.818 
0.951 0.002 0.047 
0.011 0.987 0.002 
0.011 0.524 0.465 

18 
0.574 0.39 0.036 
0.837 0.067 0.096 
0.248 0.036 0.716 
0.049 0.677 0.274 
0.016 0.057 0.927 
0.684 0.047 0.269 
18 
0.171 0.785 0.044 
0.027 0.215 0.758 
0.965 0.011 0.024 
0.054 0.864 0.082 
0.415 0.019 0.566 
0.392 0.583 0.025 
18 
0.858 0.034 0.108 
0.574 0.401 0.025 
0.155 0.073 0.772 
0.062 0.1 0.838 
0.082 0.768 0.15 
0.837 0.158 0.005 

24 
0.596 0.277 0.078 0.049 
0.005 0.002 0.168 0.825 
0.367 0.003 0.356 0.274 
0.107 0.015 0.874 0.004 
0.453 0.257 0.08 0.21 
0.045 0.14 0.632 0.183 
24 
0.243 0.002 0.503 0.252 
0.011 0.406 0.029 0.554 
0.008 0.027 0.057 0.908 
0.068 0.163 0.74 0.029 
0.19 0.642 0.138 0.03 
0.268 0.037 0.343 0.352 
24 
0.238 0.399 0.017 0.346 
0.388 0.355 0.148 0.109 
0.041 0.91 0.034 0.015 
0.04 0.28 0.372 0.308 
0.525 0.061 0.127 0.287 
0.039 0.086 0.757 0.118 

4 
0.319 0.681 
0.518 0.482 
4 
0.408 0.592 
0.341 0.659 
4 
0.382 0.618 
0.184 0.816 
4 
0.017 0.983 
0.187 0.813 

18 
0.002 0.959 0.039 
0.686 0.286 0.028 
0.076 0.024 0.9 
0.871 0.096 0.033 
0.06 0.062 0.878 
0.594 0.025 0.381 
18 
0.62 0.27 0.11 
0.061 0.444 0.495 
0.125 0.007 0.868 
0.623 0.359 0.018 
0.183 0.789 0.028 
0.041 0.268 0.691 

4 
0.261 0.739 
0.222 0.778 
4 
0.204 0.796 
0.025 0.975 
4 
0.558 0.442 
0.734 0.266 

24 
0.121 0.175 0.523 0.181 
0.022 0.08 0.671 0.227 
0.026 0.633 0.001 0.34 
0.166 0.001 0.54 0.293 
0.045 0.102 0.157 0.696 
0.025 0.379 0.242 0.354 
24 
0.87 0.042 0.029 0.059 
0.116 0.513 0.279 0.092 
0.352 0.088 0.465 0.095 
0.025 0.026 0.001 0.948 
0.063 0.753 0.004 0.18 
0.04 0.808 0.129 0.023 

18 
0.171 0.256 0.573 
0.032 0.917 0.051 
0.736 0.089 0.175 
0.007 0.773 0.22 
0.227 0.727 0.046 
0.047 0.948 0.005 
18 
0.129 0.126 0.745 
0.004 0.52 0.476 
0.965 0.016 0.019 
0.323 0.676 0.001 
0.233 0.732 0.035 
0.049 0.333 0.618 
18 
0.049 0.052 0.899 
0.24 0.032 0.728 
0.378 0.603 0.019 
0.562 0.248 0.19 
0.641 0.024 0.335 
0.069 0.895 0.036 
18 
0.239 0.129 0.632 
0.731 0.21 0.059 
0.647 0.071 0.282 
0.107 0.809 0.084 
0.574 0.374 0.052 
0.058 0.19 0.752 
