V-CREDAL 
6 
4 4 4 2 4 4 
6 
2 1 0 
2 5 1 
2 3 2 
2 1 3 
2 5 4 
1 5 

24 
0.00842 0.4539 0.07211 0.46557 
0.06633 0.84731 0.02869 0.05767 
0.80811 0.02427 0.02897 0.13865 
0.16859 0.68694 0.07703 0.06744 
0.00804 0.47775 0.00244 0.51177 
0.05823 0.08447 0.70145 0.15585 
24 
0.0771 0.31392 0.3016 0.30738 
0.04059 2.0E-5 0.10225 0.85714 
0.79798 0.10774 7.0E-5 0.09421 
0.19398 0.1196 0.63686 0.04956 
0.52721 0.05524 0.20976 0.20779 
0.17283 0.0889 0.64105 0.09722 
24 
0.09558 0.00301 2.0E-5 0.90139 
0.09152 0.53095 0.2647 0.11283 
0.25224 0.56377 0.09409 0.0899 
2.5E-4 0.00716 0.98706 0.00553 
0.06234 0.08894 4.4E-4 0.84828 
0.02761 0.15866 0.2998 0.51393 
24 
0.015 0.23705 0.05565 0.6923 
0.04511 0.07693 0.0012 0.87676 
0.08485 0.46796 0.07997 0.36722 
0.73963 0.09123 0.01335 0.15579 
0.44577 0.06655 0.45002 0.03766 
0.0827 0.10759 0.7851 0.02461 

24 
0.28715 0.03401 0.20377 0.47507 
0.04531 0.02444 0.04809 0.88216 
0.2635 0.05807 0.65492 0.02351 
0.01212 0.79492 0.07264 0.12032 
0.41125 0.0645 0.40012 0.12413 
0.00456 0.99172 0.00186 0.00186 
24 
0.16039 0.1743 0.47224 0.19307 
0.22233 0.61824 0.05691 0.10252 
0.24953 0.69572 0.02289 0.03186 
0.03312 0.8291 0.1073 0.03048 
0.0234 0.09589 0.61174 0.26897 
0.36153 0.04876 0.17725 0.41246 
24 
0.00311 0.5327 0.0014 0.46279 
0.06027 0.6321 0.038 0.26963 
0.00232 0.45558 0.00546 0.53664 
0.13074 0.01289 0.85464 0.00173 
0.02452 0.18378 0.01419 0.77751 
0.28403 0.53461 0.16887 0.01249 
24 
0.09019 0.58947 0.28118 0.03916 
0.10509 0.06933 0.81306 0.01252 
0.02344 0.91914 0.04494 0.01248 
0.09673 0.17245 0.09182 0.639 
0.15806 0.35925 0.14548 0.33721 
0.03917 0.3024 0.42199 0.23644 

24 
0.64177 0.26161 0.0733 0.02332 
0.05237 0.2902 0.18299 0.47444 
0.6304 0.19858 0.1408 0.03022 
0.25257 0.70184 0.02139 0.0242 
0.68145 0.00497 0.00569 0.30789 
0.8244 0.01532 0.00759 0.15269 
24 
0.18823 0.33495 0.01619 0.46063 
0.00848 0.35783 0.631 0.00269 
0.00146 0.0575 0.91722 0.02382 
0.46885 0.37459 0.04407 0.11249 
0.04503 0.49462 0.37175 0.0886 
0.12569 0.71574 0.09098 0.06759 

4 
0.14786 0.85214 
0.49175 0.50825 
4 
0.72483 0.27517 
0.7634 0.2366 
4 
0.42777 0.57223 
0.03611 0.96389 
4 
0.86915 0.13085 
0.28523 0.71477 

24 
0.11053 0.02918 0.67386 0.18643 
0.02181 0.04309 0.92043 0.01467 
0.02317 0.33005 0.51729 0.12949 
0.48746 0.05127 0.27914 0.18213 
0.81287 0.03844 0.04312 0.10557 
0.4208 0.17829 0.10131 0.2996 
24 
0.04794 0.01456 0.37138 0.56612 
0.0337 0.42554 0.23736 0.3034 
0.27733 0.22699 0.05906 0.43662 
0.12123 0.018 0.28988 0.57089 
0.04081 0.125 9.2E-4 0.83327 
0.00809 0.01335 0.97543 0.00313 
24 
0.53794 0.43163 0.00853 0.0219 
0.1301 0.54937 0.27877 0.04176 
0.37549 0.01449 0.56646 0.04356 
0.01156 0.13423 0.7571 0.09711 
0.8918 0.00127 0.06685 0.04008 
0.43077 0.5264 0.01509 0.02774 
24 
0.08164 0.21951 0.30486 0.39399 
0.05787 0.88019 0.00159 0.06035 
9.6E-4 0.9702 0.01642 0.01242 
0.06542 0.00282 0.11656 0.8152 
0.00783 0.0164 4.0E-5 0.97573 
0.01804 0.17606 0.7546 0.0513 

24 
0.58154 0.04954 0.04824 0.32068 
0.10641 0.29534 0.08307 0.51518 
0.09041 0.01615 0.88184 0.0116 
0.00274 0.7534 0.23683 0.00703 
0.0236 0.46438 0.28799 0.22403 
0.22061 0.03463 0.65337 0.09139 
