V-CREDAL
10
3 4 3 2 2 3 4 3 4 2
10
1 0
2 0 1
2 1 2
2 2 3
2 3 4
2 4 5
2 5 6
2 6 7
2 7 8
2 8 9

18
0.374 0.0 0.626
0.224 0.683 0.093
0.066 0.345 0.589
0.12 0.086 0.794
0.731 0.244 0.025
0.687 0.094 0.219

24
0.184 0.232 0.034 0.55
0.007 0.008 0.01 0.975
0.423 0.095 0.418 0.064
0.013 0.007 0.113 0.867
0.033 0.213 0.005 0.749
0.723 0.108 0.052 0.117
24
0.002 0.028 0.019 0.951
0.003 0.001 0.982 0.014
0.371 0.015 0.004 0.61
0.008 0.975 0.009 0.008
0.028 0.884 0.008 0.08
0.011 0.093 0.875 0.021
24
0.858 0.132 0.001 0.009
0.975 0.004 0.021 0.0
0.392 0.0 0.022 0.586
0.506 0.428 0.058 0.008
0.042 0.057 0.898 0.003
0.018 0.012 0.016 0.954

18
0.355 0.255 0.39
0.02 0.92 0.06
0.1 0.122 0.778
0.422 0.368 0.21
0.062 0.925 0.013
0.271 0.195 0.534
18
0.019 0.464 0.517
0.068 0.839 0.093
0.119 0.008 0.873
0.55 0.085 0.365
0.281 0.668 0.051
0.568 0.274 0.158
18
0.97 0.021 0.009
0.158 0.046 0.796
0.319 0.672 0.009
0.025 0.922 0.053
0.057 0.151 0.792
0.138 0.842 0.02
18
0.349 0.007 0.644
0.03 0.97 0.0
0.004 0.995 0.001
0.763 0.096 0.141
0.054 0.63 0.316
0.584 0.411 0.005

4
0.141 0.859
0.951 0.049
4
0.523 0.477
0.418 0.582
4
0.691 0.309
0.845 0.155

4
0.838 0.162
0.137 0.863
4
0.759 0.241
0.534 0.466

18
0.169 0.092 0.739
0.913 0.039 0.048
0.005 0.962 0.033
0.071 0.593 0.336
0.203 0.041 0.756
0.159 0.124 0.717
18
0.178 0.739 0.083
0.124 0.009 0.867
0.023 0.056 0.921
0.98 0.02 0.0
0.929 0.015 0.056
0.662 0.311 0.027

24
0.521 0.246 0.018 0.215
0.964 0.004 0.001 0.031
0.308 0.179 0.214 0.299
0.139 0.612 0.139 0.11
0.007 0.658 0.048 0.287
0.397 0.075 0.501 0.027
24
0.098 0.44 0.013 0.449
0.551 0.198 0.179 0.072
0.069 0.031 0.89 0.01
0.488 0.01 0.008 0.494
0.265 0.003 0.729 0.003
0.687 0.038 0.23 0.045
24
0.61 0.002 0.387 0.001
0.783 0.13 0.004 0.083
0.805 0.033 0.15 0.012
0.701 0.094 0.002 0.203
0.013 0.016 0.971 0.0
0.06 0.51 0.336 0.094

18
0.029 0.08 0.891
0.665 0.298 0.037
0.054 0.746 0.2
0.609 0.018 0.373
0.084 0.748 0.168
0.955 0.025 0.02
18
0.181 0.706 0.113
0.012 0.017 0.971
0.29 0.702 0.008
0.998 0.001 0.001
0.017 0.657 0.326
0.455 0.541 0.004
18
0.031 0.919 0.05
0.955 0.002 0.043
0.035 0.948 0.017
0.029 0.19 0.781
0.83 0.167 0.003
0.066 0.081 0.853
18
0.528 0.185 0.287
0.028 0.881 0.091
0.448 0.109 0.443
0.463 0.433 0.104
0.118 0.02 0.862
0.405 0.517 0.078

24
0.453 0.084 0.09 0.373
0.192 0.312 0.006 0.49
0.052 0.047 0.901 0.0
0.004 0.058 0.728 0.21
0.243 0.025 0.003 0.729
0.006 0.025 0.968 0.001
24
0.449 0.049 0.264 0.238
0.06 0.009 0.002 0.929
0.117 0.488 0.041 0.354
0.901 0.027 0.009 0.063
0.003 0.01 0.06 0.927
0.05 0.872 0.072 0.006
24
0.022 0.002 0.111 0.865
0.007 0.016 0.976 0.001
0.965 0.003 0.001 0.031
0.035 0.954 0.005 0.006
0.073 0.015 0.004 0.908
0.005 0.014 0.685 0.296

4
0.612 0.388
0.03 0.97
4
0.264 0.736
0.453 0.547
4
0.435 0.565
0.326 0.674
4
0.467 0.533
0.397 0.603
