V-CREDAL 
6 
3 3 2 2 3 3 
6 
2 3 0 
2 0 1 
3 3 4 2 
1 3 
1 4 
2 1 5 

18 
0.84863 0.13131 0.02006 
0.04775 0.94361 0.00864 
0.00571 0.03891 0.95538 
0.006 0.50722 0.48678 
0.02373 0.86654 0.10973 
0.14426 0.84846 0.00728 
18 
0.11022 0.11839 0.77139 
0.28485 0.7024 0.01275 
0.05849 0.86468 0.07683 
0.99106 0.00149 0.00745 
0.04151 0.43721 0.52128 
0.10555 0.86175 0.0327 

18 
0.08125 0.49168 0.42707 
0.13031 0.01312 0.85657 
0.4732 0.46251 0.06429 
0.04528 0.00453 0.95019 
0.01911 0.06471 0.91618 
0.64234 0.27567 0.08199 
18 
0.31847 0.00833 0.6732 
0.10816 0.22213 0.66971 
0.42473 0.42726 0.14801 
0.18861 0.13613 0.67526 
0.54151 0.26014 0.19835 
0.68156 0.03093 0.28751 
18 
0.59942 0.17742 0.22316 
0.66727 0.25 0.08273 
0.00793 0.98584 0.00623 
0.02428 0.73181 0.24391 
0.15064 0.46606 0.3833 
0.74456 0.157 0.09844 

4 
0.52927 0.47073 
0.80749 0.19251 
4 
0.23714 0.76286 
0.69222 0.30778 
4 
0.97656 0.02344 
0.89208 0.10792 
4 
0.54896 0.45104 
0.59691 0.40309 
4 
0.23832 0.76168 
0.74703 0.25297 
4 
0.34081 0.65919 
0.46474 0.53526 

4 
0.74528 0.25472 
0.14314 0.85686 

18 
0.43613 0.09588 0.46799 
0.01141 0.07854 0.91005 
1.3E-4 0.99048 0.00939 
0.32013 0.46142 0.21845 
0.07575 0.07898 0.84527 
0.04491 0.92485 0.03024 

18 
0.8336 0.00458 0.16182 
0.02494 0.06949 0.90557 
0.22278 0.63582 0.1414 
0.34319 0.00668 0.65013 
0.17771 0.64652 0.17577 
0.46631 0.4608 0.07289 
18 
0.23607 0.67355 0.09038 
0.05442 0.10956 0.83602 
0.73272 0.21014 0.05714 
0.8123 0.05813 0.12957 
0.30159 0.07167 0.62674 
0.03146 0.76689 0.20165 
18 
0.75833 0.17314 0.06853 
0.04225 0.1098 0.84795 
0.0513 0.92062 0.02808 
0.85557 0.04005 0.10438 
0.85249 0.06099 0.08652 
0.04516 0.41218 0.54266 
