V-CREDAL
6
2 2 2 4 2 3
6
2 3 0
2 2 1
3 3 4 2
1 3
2 5 4
1 5

4
0.167 0.833
0.281 0.719
4
0.589 0.411
0.276 0.724
4
0.291 0.709
0.686 0.314
4
0.004 0.996
0.463 0.537

4
0.108 0.892
0.94 0.06
4
0.125 0.875
0.017 0.983

4
0.323 0.677
0.574 0.426
4
0.493 0.507
0.437 0.563
4
0.833 0.167
0.39 0.61
4
0.524 0.476
0.6 0.4
4
0.199 0.801
0.087 0.913
4
0.007 0.993
0.254 0.746
4
0.113 0.887
0.9 0.1
4
0.392 0.608
0.635 0.365

24
0.171 0.462 0.253 0.114
0.078 0.56 0.169 0.193
0.408 0.207 0.315 0.07
0.368 0.064 0.406 0.162
0.067 0.832 0.004 0.097
0.187 0.503 0.175 0.135

4
0.581 0.419
0.594 0.406
4
0.548 0.452
0.174 0.826
4
0.82 0.18
0.926 0.074

18
0.206 0.037 0.757
0.407 0.441 0.152
0.003 0.189 0.808
0.756 0.191 0.053
0.873 0.036 0.091
0.271 0.383 0.346
