V-CREDAL
10
4 4 4 4 2 2 3 2 2 2
10
1 0
1 1
2 0 2
2 0 3
3 3 5 4
1 5
2 0 6
3 1 3 7
2 9 8
2 5 9

24
0.063 0.1 0.002 0.835
0.901 0.006 0.001 0.092
0.004 0.903 0.006 0.087
0.061 0.008 0.888 0.043
0.175 0.002 0.127 0.696
0.002 0.11 0.109 0.779

24
0.644 0.065 0.253 0.038
0.035 0.045 0.052 0.868
0.006 0.342 0.048 0.604
0.003 0.948 0.045 0.004
0.07 0.534 0.017 0.379
0.096 0.066 0.321 0.517

24
0.477 0.043 0.455 0.025
0.001 0.979 0.007 0.013
0.214 0.033 0.366 0.387
0.05 0.935 0.006 0.009
0.227 0.072 0.681 0.02
0.056 0.112 0.501 0.331
24
0.076 0.002 0.333 0.589
0.512 0.027 0.003 0.458
0.203 0.053 0.438 0.306
0.038 0.385 0.03 0.547
0.014 0.03 0.032 0.924
0.288 0.248 0.453 0.011
24
0.005 0.973 0.016 0.006
0.012 0.004 0.114 0.87
0.134 0.52 0.188 0.158
0.126 0.117 0.044 0.713
0.979 0.012 0.006 0.003
0.356 0.414 0.215 0.015
24
0.587 0.078 0.332 0.003
0.887 0.058 0.033 0.022
0.031 0.93 0.013 0.026
0.102 0.019 0.018 0.861
0.082 0.172 0.716 0.03
0.677 0.036 0.267 0.02

24
0.216 0.156 0.413 0.215
0.064 0.479 0.434 0.023
0.022 0.631 0.309 0.038
0.2 0.008 0.753 0.039
0.71 0.047 0.118 0.125
0.097 0.16 0.518 0.225
24
0.158 0.422 0.354 0.066
0.547 0.08 0.198 0.175
0.782 0.119 0.094 0.005
0.125 0.825 0.034 0.016
0.033 0.088 0.864 0.015
0.922 0.031 0.04 0.007
24
0.006 0.007 0.776 0.211
0.557 0.155 0.122 0.166
0.015 0.055 0.803 0.127
0.405 0.504 0.033 0.058
0.001 0.006 0.062 0.931
0.101 0.192 0.563 0.144
24
0.777 0.002 0.163 0.058
0.158 0.123 0.273 0.446
0.017 0.213 0.565 0.205
0.001 0.166 0.005 0.828
0.043 0.557 0.215 0.185
0.021 0.422 0.068 0.489

4
0.674 0.326
0.275 0.725
4
0.772 0.228
0.765 0.235
4
0.653 0.347
0.88 0.12
4
0.442 0.558
0.309 0.691
4
0.123 0.877
0.818 0.182
4
0.959 0.041
0.358 0.642
4
0.411 0.589
0.053 0.947
4
0.392 0.608
0.118 0.882

4
0.151 0.849
0.974 0.026

18
0.734 0.084 0.182
0.055 0.736 0.209
0.937 0.034 0.029
0.921 0.011 0.068
0.257 0.461 0.282
0.234 0.719 0.047
18
0.949 0.01 0.041
0.162 0.025 0.813
0.405 0.583 0.012
0.006 0.935 0.059
0.916 0.077 0.007
0.862 0.136 0.002
18
0.498 0.137 0.365
0.369 0.041 0.59
0.112 0.04 0.848
0.372 0.543 0.085
0.126 0.836 0.038
0.115 0.4 0.485
18
0.129 0.579 0.292
0.647 0.351 0.002
0.469 0.063 0.468
0.041 0.172 0.787
0.247 0.745 0.008
0.658 0.134 0.208

4
0.217 0.783
0.573 0.427
4
0.429 0.571
0.194 0.806
4
0.539 0.461
0.9 0.1
4
0.489 0.511
0.006 0.994
4
0.858 0.142
0.856 0.144
4
0.79 0.21
0.716 0.284
4
0.755 0.245
0.272 0.728
4
0.462 0.538
0.195 0.805
4
0.983 0.017
0.879 0.121
4
0.85 0.15
0.515 0.485
4
0.216 0.784
0.264 0.736
4
0.384 0.616
0.275 0.725
4
0.99 0.01
0.622 0.378
4
0.856 0.144
0.484 0.516
4
0.35 0.65
0.729 0.271
4
0.441 0.559
0.135 0.865

4
0.523 0.477
0.447 0.553
4
0.514 0.486
0.279 0.721

4
0.071 0.929
0.428 0.572
4
0.462 0.538
0.673 0.327
