V-CREDAL 
10 
3 3 2 2 2 3 3 3 3 2 
10 
1 0 
1 1 
2 5 2 
2 6 3 
3 3 9 4 
2 0 5 
3 1 2 6 
2 1 7 
2 6 8 
1 9 

18 
0.12143 0.37811 0.50046 
0.2205 0.25036 0.52914 
0.8247 0.09714 0.07816 
0.80727 0.07139 0.12134 
0.50992 0.44767 0.04241 
0.01251 0.98209 0.0054 

18 
0.03263 0.20104 0.76633 
0.07494 0.92077 0.00429 
0.80961 7.0E-4 0.18969 
0.21182 6.6E-4 0.78752 
0.94197 0.04917 0.00886 
0.02727 0.00468 0.96805 

4 
0.92807 0.07193 
0.13588 0.86412 
4 
0.05765 0.94235 
0.44175 0.55825 
4 
0.93036 0.06964 
0.33157 0.66843 

4 
0.43818 0.56182 
0.73796 0.26204 
4 
9.2E-4 0.99908 
0.49132 0.50868 
4 
0.04418 0.95582 
0.16736 0.83264 

4 
0.92324 0.07676 
0.7122 0.2878 
4 
0.9012 0.0988 
0.46406 0.53594 
4 
0.0364 0.9636 
0.36651 0.63349 
4 
0.90364 0.09636 
0.89593 0.10407 

18 
0.99522 4.1E-4 0.00437 
0.05858 0.93996 0.00146 
3.4E-4 5.8E-4 0.99908 
6.3E-4 0.98477 0.0146 
5.0E-5 0.9419 0.05805 
0.07908 1.4E-4 0.92078 
18 
0.00121 0.97649 0.0223 
0.7278 0.11143 0.16077 
0.71331 0.16686 0.11983 
0.59249 0.38194 0.02557 
0.00349 0.01888 0.97763 
0.31925 0.66991 0.01084 
18 
0.24983 0.06828 0.68189 
0.02541 0.27855 0.69604 
0.27641 0.4266 0.29699 
0.70718 0.22616 0.06666 
0.78289 0.1004 0.11671 
0.7782 0.06215 0.15965 

18 
0.09396 0.00243 0.90361 
0.17193 0.79934 0.02873 
0.88059 0.08577 0.03364 
0.66025 0.33209 0.00766 
0.86306 0.01186 0.12508 
0.01533 0.30734 0.67733 
18 
0.16422 0.67479 0.16099 
0.53329 0.04113 0.42558 
0.00804 0.01256 0.9794 
0.77532 0.18569 0.03899 
0.00137 0.01685 0.98178 
0.37396 0.58931 0.03673 
18 
0.12667 0.32415 0.54918 
0.51834 0.35659 0.12507 
0.1715 0.11395 0.71455 
0.19733 0.08564 0.71703 
0.97201 0.00625 0.02174 
0.68018 0.2352 0.08462 
18 
0.92971 0.06727 0.00302 
0.28 0.04797 0.67203 
0.56536 0.4289 0.00574 
0.03303 0.78148 0.18549 
0.07268 0.11887 0.80845 
0.00339 0.70592 0.29069 
18 
0.60446 0.15386 0.24168 
0.03551 0.46328 0.50121 
0.45123 0.13783 0.41094 
0.36071 0.37014 0.26915 
0.62796 0.1071 0.26494 
0.11317 0.29297 0.59386 
18 
0.74706 9.8E-4 0.25196 
0.3849 0.08828 0.52682 
0.00961 0.57376 0.41663 
0.0758 0.36592 0.55828 
0.09533 0.66632 0.23835 
0.72286 0.02778 0.24936 

18 
0.0303 0.94521 0.02449 
0.00794 0.03743 0.95463 
0.43875 0.00873 0.55252 
0.02874 0.00924 0.96202 
0.58004 0.32675 0.09321 
0.36292 0.57608 0.061 
18 
0.13139 0.80445 0.06416 
0.26228 0.70581 0.03191 
0.89997 0.06229 0.03774 
0.01988 0.0305 0.94962 
0.10697 0.80379 0.08924 
0.84155 0.13562 0.02283 
18 
0.17414 0.66533 0.16053 
0.28594 0.31758 0.39648 
0.03576 0.53535 0.42889 
0.53807 0.30264 0.15929 
0.10161 0.38981 0.50858 
0.2208 0.68284 0.09636 

18 
0.01352 0.77731 0.20917 
0.20264 0.253 0.54436 
0.02845 0.95811 0.01344 
0.91783 0.00665 0.07552 
0.1107 0.32268 0.56662 
0.95967 0.02847 0.01186 
18 
0.04613 0.32835 0.62552 
0.19884 0.11628 0.68488 
0.00174 0.99729 9.7E-4 
0.81264 0.04346 0.1439 
0.90002 0.03742 0.06256 
0.0682 0.93006 0.00174 
18 
8.5E-4 0.76833 0.23082 
0.53145 0.43894 0.02961 
0.00621 0.0539 0.93989 
0.40259 0.17916 0.41825 
0.15503 0.83905 0.00592 
0.01924 0.03373 0.94703 

4 
0.65892 0.34108 
0.93044 0.06956 
