V-CREDAL 
4 
3 3 2 3 
4 
1 0 
2 0 1 
2 1 2 
2 2 3 

18 
0.25717 0.74092 0.00191 
0.58097 0.13925 0.27978 
0.52116 0.02889 0.44995 
0.1308 0.1924 0.6768 
0.03345 0.33676 0.62979 
0.28203 0.10259 0.61538 

18 
0.00754 0.01526 0.9772 
0.9417 0.05458 0.00372 
0.69918 0.0042 0.29662 
0.08566 0.89988 0.01446 
0.0021 0.81939 0.17851 
0.94141 0.03551 0.02308 
18 
0.56813 0.06232 0.36955 
0.78984 0.08056 0.1296 
0.27403 0.72434 0.00163 
0.07308 0.62233 0.30459 
0.79539 0.09848 0.10613 
0.00388 0.95207 0.04405 
18 
0.24977 0.71355 0.03668 
0.02482 0.26944 0.70574 
0.82668 0.10326 0.07006 
0.11726 0.59857 0.28417 
0.01809 0.432 0.54991 
0.55782 0.07904 0.36314 

4 
0.19204 0.80796 
0.07561 0.92439 
4 
0.77565 0.22435 
0.62827 0.37173 
4 
0.05039 0.94961 
0.22943 0.77057 

18 
0.27841 0.01882 0.70277 
0.10464 0.09494 0.80042 
0.96379 0.03143 0.00478 
0.12095 0.76461 0.11444 
0.19906 0.02936 0.77158 
0.07278 0.13819 0.78903 
18 
0.00189 0.0024 0.99571 
0.42032 0.15101 0.42867 
0.00986 0.97913 0.01101 
0.24031 0.62564 0.13405 
0.16311 0.7818 0.05509 
0.30265 0.05343 0.64392 
