V-CREDAL
4
4 4 3 3
4
1 0
2 0 1
3 1 3 2
1 3

16
0.002 0.011 0.036 0.951
0.062 0.02 0.275 0.643
0.095 0.571 0.292 0.042
0.062 0.834 0.0 0.104

16
0.124 0.418 0.345 0.113
0.459 0.154 0.046 0.341
0.036 0.209 0.012 0.743
0.983 0.011 0.006 0.0
16
0.631 0.145 0.18 0.044
0.003 0.159 0.835 0.003
0.136 0.608 0.225 0.031
0.415 0.21 0.03 0.345
16
0.333 0.29 0.243 0.134
0.801 0.102 0.079 0.018
0.019 0.224 0.202 0.555
0.223 0.116 0.613 0.048
16
0.011 0.932 0.002 0.055
0.232 0.123 0.262 0.383
0.041 0.302 0.551 0.106
0.096 0.002 0.014 0.888

12
0.241 0.247 0.512
0.544 0.415 0.041
0.675 0.262 0.063
0.002 0.034 0.964
12
0.282 0.382 0.336
0.089 0.009 0.902
0.114 0.815 0.071
0.082 0.421 0.497
12
0.754 0.061 0.185
0.938 0.003 0.059
0.623 0.091 0.286
0.997 0.0 0.003
12
0.669 0.145 0.186
0.585 0.028 0.387
0.155 0.135 0.71
0.697 0.075 0.228
12
0.736 0.182 0.082
0.145 0.034 0.821
0.078 0.089 0.833
0.801 0.191 0.008
12
0.38 0.084 0.536
0.014 0.953 0.033
0.96 0.0 0.04
0.5 0.497 0.003
12
0.98 0.006 0.014
0.652 0.249 0.099
0.436 0.273 0.291
0.372 0.02 0.608
12
0.567 0.405 0.028
0.215 0.637 0.148
0.317 0.185 0.498
0.862 0.054 0.084
12
0.404 0.067 0.529
0.099 0.311 0.59
0.019 0.916 0.065
0.517 0.057 0.426
12
0.676 0.27 0.054
0.001 0.043 0.956
0.696 0.127 0.177
0.364 0.399 0.237
12
0.092 0.664 0.244
0.322 0.417 0.261
0.232 0.405 0.363
0.07 0.793 0.137
12
0.785 0.057 0.158
0.025 0.536 0.439
0.233 0.297 0.47
0.105 0.856 0.039

12
0.496 0.071 0.433
0.179 0.028 0.793
0.37 0.154 0.476
0.048 0.047 0.905
