V-CREDAL
8
3 3 3 4 3 3 3 2
8
2 7 0
2 4 1
1 2
3 0 2 3
3 3 5 4
2 6 5
1 6
1 7

12
0.154 0.643 0.203
0.933 0.003 0.064
0.314 0.046 0.64
0.189 0.78 0.031
12
0.717 0.025 0.258
0.264 0.068 0.668
0.572 0.284 0.144
0.324 0.35 0.326

12
0.018 0.949 0.033
0.681 0.244 0.075
0.03 0.365 0.605
0.002 0.416 0.582
12
0.331 0.547 0.122
0.035 0.96 0.005
0.713 0.182 0.105
0.035 0.949 0.016
12
0.597 0.03 0.373
0.307 0.385 0.308
0.163 0.379 0.458
0.013 0.321 0.666

12
0.181 0.159 0.66
0.054 0.742 0.204
0.231 0.675 0.094
0.012 0.676 0.312

16
0.007 0.036 0.008 0.949
0.049 0.711 0.013 0.227
0.452 0.007 0.291 0.25
0.393 0.136 0.384 0.087
16
0.024 0.01 0.614 0.352
0.332 0.282 0.369 0.017
0.152 0.618 0.036 0.194
0.931 0.005 0.061 0.003
16
0.003 0.014 0.651 0.332
0.166 0.011 0.072 0.751
0.433 0.024 0.406 0.137
0.611 0.122 0.216 0.051
16
0.295 0.105 0.547 0.053
0.001 0.012 0.686 0.301
0.185 0.287 0.006 0.522
0.18 0.022 0.09 0.708
16
0.21 0.077 0.356 0.357
0.058 0.273 0.239 0.43
0.054 0.888 0.038 0.02
0.116 0.243 0.232 0.409
16
0.12 0.395 0.18 0.305
0.086 0.753 0.14 0.021
0.962 0.016 0.011 0.011
0.784 0.01 0.01 0.196
16
0.842 0.071 0.02 0.067
0.678 0.015 0.079 0.228
0.11 0.457 0.05 0.383
0.016 0.004 0.004 0.976
16
0.05 0.785 0.149 0.016
0.057 0.141 0.018 0.784
0.01 0.014 0.108 0.868
0.014 0.622 0.332 0.032
16
0.322 0.146 0.463 0.069
0.349 0.228 0.046 0.377
0.4 0.16 0.338 0.102
0.301 0.033 0.027 0.639

12
0.013 0.903 0.084
0.872 0.022 0.106
0.654 0.158 0.188
0.776 0.019 0.205
12
0.105 0.827 0.068
0.495 0.061 0.444
0.854 0.101 0.045
0.407 0.146 0.447
12
0.373 0.512 0.115
0.026 0.036 0.938
0.101 0.706 0.193
0.066 0.394 0.54
12
0.132 0.663 0.205
0.634 0.266 0.1
0.125 0.69 0.185
0.358 0.421 0.221
12
0.087 0.877 0.036
0.16 0.049 0.791
0.48 0.452 0.068
0.689 0.182 0.129
12
0.007 0.001 0.992
0.158 0.836 0.006
0.896 0.095 0.009
0.007 0.896 0.097
12
0.461 0.032 0.507
0.756 0.162 0.082
0.003 0.819 0.178
0.021 0.089 0.89
12
0.027 0.339 0.634
0.038 0.204 0.758
0.02 0.833 0.147
0.205 0.776 0.019
12
0.962 0.033 0.005
0.304 0.22 0.476
0.71 0.177 0.113
0.365 0.308 0.327
12
0.797 0.146 0.057
0.213 0.116 0.671
0.068 0.599 0.333
0.073 0.203 0.724
12
0.148 0.768 0.084
0.664 0.263 0.073
0.07 0.313 0.617
0.063 0.409 0.528
12
0.007 0.51 0.483
0.98 0.003 0.017
0.024 0.969 0.007
0.938 0.046 0.016

12
0.21 0.102 0.688
0.303 0.499 0.198
0.112 0.132 0.756
0.445 0.501 0.054
12
0.663 0.055 0.282
0.685 0.267 0.048
0.045 0.629 0.326
0.558 0.364 0.078
12
0.226 0.055 0.719
0.752 0.113 0.135
0.109 0.676 0.215
0.389 0.546 0.065

12
0.182 0.639 0.179
0.921 0.019 0.06
0.214 0.255 0.531
0.172 0.59 0.238

4
0.357 0.643
0.985 0.015
