V-CREDAL 
4 
3 3 3 4 
4 
1 0 
2 0 1 
2 0 2 
2 0 3 

18 
0.803 0.07 0.127 
0.017 0.926 0.057 
0.017 0.132 0.851 
0.121 0.093 0.786 
0.197 0.075 0.728 
0.822 0.018 0.16 

18 
0.001 0.989 0.01 
0.798 0.169 0.033 
0.915 0.042 0.043 
0.14 0.856 0.004 
0.001 0.034 0.965 
0.152 0.002 0.846 
18 
0.022 0.297 0.681 
0.494 0.063 0.443 
0.158 0.796 0.046 
0.744 0.156 0.1 
0.667 0.03 0.303 
0.351 0.621 0.028 
18 
0.532 0.38 0.088 
0.072 0.687 0.241 
0.342 0.591 0.067 
0.626 0.209 0.165 
0.111 0.135 0.754 
0.444 0.054 0.502 

18 
0.688 0.154 0.158 
0.583 0.039 0.378 
0.051 0.324 0.625 
0.202 0.503 0.295 
0.094 0.019 0.887 
0.342 0.543 0.115 
18 
0.137 0.063 0.8 
0.552 0.4 0.048 
0.159 0.752 0.089 
0.017 0.39 0.593 
0.831 0.082 0.087 
0.873 0.029 0.098 
18 
0.433 0.386 0.181 
0.025 0.016 0.959 
0.869 0.029 0.102 
0.294 0.392 0.314 
0.83 0.148 0.022 
0.047 0.173 0.78 

24 
0.186 0.091 0.01 0.713 
0.069 0.106 0.821 0.004 
0.214 0.148 0.583 0.055 
0.023 0.327 0.008 0.642 
0.006 0.083 0.907 0.004 
0.86 0.007 0.013 0.12 
24 
0.511 0.068 0.374 0.047 
0.42 0.349 0.023 0.208 
0.285 0.077 0.126 0.512 
0.175 0.146 0.075 0.604 
0.025 0.401 0.121 0.453 
0.056 0.051 0.184 0.709 
24 
0.985 0.01 0.003 0.002 
0.325 0.026 0.444 0.205 
0.011 0.236 0.123 0.63 
0.206 0.053 0.728 0.013 
0.013 0.15 0.568 0.269 
0.733 0.131 0.063 0.073 
