V-CREDAL 
10 
4 2 3 3 2 3 4 3 3 3 
10 
3 1 7 0 
2 9 1 
1 2 
1 3 
2 5 4 
1 5 
3 3 5 6 
3 2 3 7 
2 7 8 
1 9 

24 
0.003 0.233 0.758 0.006 
0.104 0.747 0.097 0.052 
0.007 0.27 0.701 0.022 
0.118 0.562 0.31 0.01 
0.094 0.223 0.023 0.66 
0.412 0.121 0.046 0.421 
24 
0.059 0.055 0.407 0.479 
0.247 0.071 0.344 0.338 
0.589 0.203 0.181 0.027 
0.074 0.377 0.115 0.434 
0.347 0.023 0.071 0.559 
0.047 0.019 0.064 0.87 
24 
0.053 0.489 0.416 0.042 
0.028 0.421 0.002 0.549 
0.174 0.294 0.38 0.152 
0.004 0.003 0.992 0.001 
0.38 0.009 0.126 0.485 
0.059 0.041 0.389 0.511 
24 
0.016 0.589 0.079 0.316 
0.138 0.143 0.413 0.306 
0.1 0.109 0.324 0.467 
0.06 0.589 0.083 0.268 
0.787 0.027 0.118 0.068 
0.144 0.043 0.201 0.612 
24 
0.641 0.045 0.168 0.146 
0.171 0.032 0.095 0.702 
0.603 0.232 0.046 0.119 
0.092 0.095 0.35 0.463 
0.029 0.213 0.584 0.174 
0.308 0.13 0.528 0.034 
24 
0.027 0.032 0.812 0.129 
0.047 0.851 0.017 0.085 
0.302 0.025 0.11 0.563 
0.379 0.434 0.173 0.014 
0.043 0.023 0.863 0.071 
0.266 0.619 0.058 0.057 

4 
0.34 0.66 
0.595 0.405 
4 
0.835 0.165 
0.815 0.185 
4 
0.742 0.258 
0.653 0.347 

18 
0.734 0.029 0.237 
0.194 0.72 0.086 
0.031 0.778 0.191 
0.664 0.199 0.137 
0.757 0.053 0.19 
0.217 0.551 0.232 

18 
0.165 0.692 0.143 
0.003 0.129 0.868 
0.01 0.047 0.943 
0.983 0.009 0.008 
0.019 0.794 0.187 
0.042 0.032 0.926 

4 
0.713 0.287 
0.473 0.527 
4 
0.184 0.816 
0.319 0.681 
4 
0.301 0.699 
0.934 0.066 

18 
0.127 0.857 0.016 
0.938 0.008 0.054 
0.059 0.846 0.095 
0.019 0.11 0.871 
0.763 0.236 0.001 
0.023 0.08 0.897 

24 
0.066 0.012 0.235 0.687 
0.426 0.177 0.286 0.111 
0.065 0.389 0.025 0.521 
0.004 0.009 0.986 0.001 
0.197 0.173 0.096 0.534 
0.497 0.099 0.156 0.248 
24 
0.123 0.694 0.089 0.094 
0.524 0.013 0.156 0.307 
0.904 0.024 0.017 0.055 
0.165 0.39 0.076 0.369 
0.151 0.079 0.749 0.021 
0.369 0.021 0.574 0.036 
24 
0.099 0.507 0.361 0.033 
0.326 0.635 0.006 0.033 
0.099 0.032 0.151 0.718 
0.004 0.463 0.199 0.334 
0.026 0.051 0.203 0.72 
0.148 0.777 0.063 0.012 
24 
0.514 0.123 0.096 0.267 
0.004 0.658 0.1 0.238 
0.143 0.02 0.012 0.825 
0.1 0.504 0.314 0.082 
0.062 0.621 0.034 0.283 
0.598 0.356 0.011 0.035 
24 
0.034 0.7 0.065 0.201 
0.322 0.005 0.292 0.381 
0.419 0.491 0.057 0.033 
0.275 0.003 0.533 0.189 
0.2 0.169 0.156 0.475 
0.912 0.074 0.003 0.011 
24 
0.972 0.013 0.006 0.009 
0.091 0.473 0.339 0.097 
0.157 0.574 0.018 0.251 
0.301 0.404 0.237 0.058 
0.118 0.003 0.08 0.799 
0.769 0.012 0.146 0.073 
24 
0.095 0.335 0.504 0.066 
0.343 0.2 0.013 0.444 
0.112 0.017 0.719 0.152 
0.231 0.101 0.353 0.315 
0.881 0.076 0.032 0.011 
0.059 0.867 0.018 0.056 
24 
0.012 0.086 0.356 0.546 
0.094 0.336 0.006 0.564 
0.555 0.121 0.31 0.014 
0.541 0.169 0.151 0.139 
0.389 0.198 0.048 0.365 
0.284 0.573 0.12 0.023 
24 
0.056 0.607 0.299 0.038 
0.031 0.194 0.679 0.096 
0.753 0.003 0.238 0.006 
0.711 0.102 0.082 0.105 
0.32 0.019 0.009 0.652 
0.097 0.388 0.195 0.32 

18 
0.029 0.871 0.1 
0.692 0.298 0.01 
0.006 0.027 0.967 
0.883 0.007 0.11 
0.38 0.572 0.048 
0.022 0.853 0.125 
18 
0.044 0.76 0.196 
0.626 0.234 0.14 
0.376 0.077 0.547 
0.527 0.342 0.131 
0.452 0.123 0.425 
0.237 0.091 0.672 
18 
0.332 0.11 0.558 
0.013 0.15 0.837 
0.525 0.441 0.034 
0.224 0.556 0.22 
0.527 0.21 0.263 
0.012 0.398 0.59 
18 
0.15 0.537 0.313 
0.209 0.291 0.5 
0.753 0.037 0.21 
0.939 0.059 0.002 
0.17 0.347 0.483 
0.318 0.207 0.475 
18 
0.237 0.187 0.576 
0.471 0.463 0.066 
0.057 0.32 0.623 
0.771 0.176 0.053 
0.334 0.174 0.492 
0.36 0.453 0.187 
18 
0.151 0.085 0.764 
0.924 0.024 0.052 
0.092 0.822 0.086 
0.027 0.791 0.182 
0.068 0.41 0.522 
0.796 0.167 0.037 
18 
0.09 0.418 0.492 
0.015 0.966 0.019 
0.461 0.528 0.011 
0.851 0.046 0.103 
0.015 0.941 0.044 
0.348 0.147 0.505 
18 
0.139 0.801 0.06 
0.098 0.099 0.803 
0.808 0.117 0.075 
0.396 0.586 0.018 
0.075 0.121 0.804 
0.074 0.823 0.103 
18 
0.003 0.254 0.743 
0.006 0.921 0.073 
0.675 0.29 0.035 
0.911 0.021 0.068 
0.619 0.035 0.346 
0.196 0.12 0.684 

18 
0.046 0.106 0.848 
0.792 0.149 0.059 
0.049 0.804 0.147 
0.132 0.798 0.07 
0.218 0.775 0.007 
0.423 0.038 0.539 
18 
0.613 0.258 0.129 
0.036 0.643 0.321 
0.45 0.24 0.31 
0.164 0.406 0.43 
0.103 0.604 0.293 
0.761 0.132 0.107 
18 
0.075 0.885 0.04 
0.091 0.046 0.863 
0.831 0.13 0.039 
0.261 0.016 0.723 
0.542 0.431 0.027 
0.041 0.212 0.747 

18 
0.954 0.012 0.034 
0.018 0.805 0.177 
0.095 0.759 0.146 
0.069 0.042 0.889 
0.863 0.133 0.004 
0.039 0.103 0.858 
