V-CREDAL 
8 
3 4 3 4 4 3 4 3 
8 
1 0 
1 1 
2 1 2 
2 4 3 
2 0 4 
3 0 2 5 
2 5 6 
2 4 7 

18 
0.95709 1.9E-4 0.04272 
8.9E-4 0.96973 0.02938 
0.40475 0.00259 0.59266 
0.00603 0.02533 0.96864 
0.17738 0.79907 0.02355 
0.01597 0.00688 0.97715 

24 
0.03801 0.05328 0.14616 0.76255 
0.11045 0.19043 0.09728 0.60184 
0.02567 0.0114 0.6128 0.35013 
0.14259 0.09857 0.14566 0.61318 
0.60335 0.03286 0.29645 0.06734 
0.16465 0.4943 0.14508 0.19597 

18 
0.03699 5.4E-4 0.96247 
0.09971 0.82154 0.07875 
0.15977 0.82758 0.01265 
0.03431 0.24665 0.71904 
0.83242 0.06877 0.09881 
0.69799 0.28008 0.02193 
18 
0.03198 0.84606 0.12196 
0.2573 0.70438 0.03832 
0.00277 0.56901 0.42822 
0.76394 0.19642 0.03964 
0.01313 0.10856 0.87831 
0.06817 0.88831 0.04352 
18 
7.1E-4 0.94459 0.0547 
0.07003 0.09345 0.83652 
0.73891 0.19838 0.06271 
0.00476 0.99226 0.00298 
0.14225 0.06338 0.79437 
0.27785 0.69776 0.02439 
18 
0.40457 0.58242 0.01301 
0.06509 0.10919 0.82572 
0.026 0.40313 0.57087 
0.8437 0.12473 0.03157 
0.11477 0.01394 0.87129 
0.2393 0.03194 0.72876 

24 
0.24757 0.23815 0.03851 0.47577 
0.96171 0.00841 0.01514 0.01474 
0.00432 0.0343 0.89736 0.06402 
1.0E-5 0.99937 3.0E-5 5.9E-4 
0.28039 0.05373 0.34431 0.32157 
0.45164 0.30819 0.00145 0.23872 
24 
0.15205 0.19159 0.5648 0.09156 
0.08232 0.3269 0.42858 0.1622 
0.42439 0.09886 0.13845 0.3383 
0.01276 0.0041 0.01034 0.9728 
0.39416 0.3542 0.06338 0.18826 
0.4838 0.301 0.15376 0.06144 
24 
0.19166 0.72355 0.04127 0.04352 
0.00218 0.5038 0.33359 0.16043 
0.33349 0.10639 0.0314 0.52872 
0.53007 0.07281 0.21653 0.18059 
0.1358 0.02253 0.57635 0.26532 
0.00581 0.01912 0.65793 0.31714 
24 
0.07043 0.01399 0.78656 0.12902 
0.00733 0.00195 0.00212 0.9886 
0.11768 0.26416 0.22806 0.3901 
0.05806 0.1026 0.83381 0.00553 
0.10217 0.23294 0.62094 0.04395 
0.09675 0.0055 0.45367 0.44408 

24 
0.013 0.00317 6.1E-4 0.98322 
0.57544 0.00781 0.37216 0.04459 
0.017 0.53304 0.23508 0.21488 
0.62799 0.23146 0.06574 0.07481 
0.21778 0.44323 0.191 0.14799 
0.942 0.00218 0.00509 0.05073 
24 
0.42637 0.12521 0.29537 0.15305 
0.17431 0.03951 0.33884 0.44734 
0.05724 0.08006 0.76646 0.09624 
0.52508 0.25991 0.12106 0.09395 
0.07224 0.04855 0.27586 0.60335 
0.06383 0.03539 0.52272 0.37806 
24 
0.08073 0.15843 0.14857 0.61227 
0.04586 0.00757 0.23915 0.70742 
1.8E-4 0.55877 0.40763 0.03342 
0.37503 0.04032 0.2472 0.33745 
0.17327 0.01809 0.51894 0.2897 
0.0637 0.75531 0.06136 0.11963 

18 
0.1757 0.1302 0.6941 
0.07555 0.80102 0.12343 
0.08848 0.18658 0.72494 
0.92734 0.00616 0.0665 
0.23949 0.68994 0.07057 
0.65605 0.02655 0.3174 
18 
0.04485 0.35675 0.5984 
0.18791 0.7328 0.07929 
0.12144 0.59037 0.28819 
0.00873 0.01367 0.9776 
0.25908 0.62022 0.1207 
0.16171 0.33099 0.5073 
18 
0.1227 0.85557 0.02173 
0.0252 0.01288 0.96192 
0.16079 0.00152 0.83769 
0.92527 0.00877 0.06596 
0.10298 0.78651 0.11051 
0.97439 0.02167 0.00394 
18 
0.14679 0.72569 0.12752 
0.04738 0.07953 0.87309 
0.79977 0.17934 0.02089 
0.71624 0.02881 0.25495 
0.1358 0.66792 0.19628 
0.91025 0.02087 0.06888 
18 
0.54388 0.30261 0.15351 
0.00757 0.00196 0.99047 
0.17388 0.05094 0.77518 
0.02019 0.64728 0.33253 
0.28021 0.70508 0.01471 
0.04499 0.8781 0.07691 
18 
0.94868 0.02253 0.02879 
0.05858 0.42842 0.513 
0.07666 0.62234 0.301 
0.1455 0.00967 0.84483 
0.64789 0.2515 0.10061 
0.20995 0.57334 0.21671 
18 
0.01523 0.4917 0.49307 
0.5318 0.06919 0.39901 
0.01757 0.81945 0.16298 
0.44558 0.39688 0.15754 
0.02302 0.89452 0.08246 
0.29589 0.65584 0.04827 
18 
0.64614 0.20562 0.14824 
0.09135 0.85525 0.0534 
0.03486 8.3E-4 0.96431 
0.59204 0.30669 0.10127 
0.71527 0.07409 0.21064 
0.04933 0.78628 0.16439 
18 
7.1E-4 0.02079 0.9785 
0.88368 0.09194 0.02438 
0.03301 0.95709 0.0099 
0.87317 0.03078 0.09605 
0.21915 0.02259 0.75826 
0.57389 0.41405 0.01206 

24 
0.0857 0.50705 0.18294 0.22431 
0.10704 0.15009 0.00797 0.7349 
0.98738 0.00139 0.01051 7.2E-4 
0.18794 0.26732 0.20242 0.34232 
0.59468 0.012 0.37479 0.01853 
0.00163 0.0013 0.01356 0.98351 
24 
0.48138 0.14071 0.29118 0.08673 
0.12714 0.7196 0.03992 0.11334 
0.03262 0.85564 0.00878 0.10296 
0.03588 0.20685 0.45824 0.29903 
0.03124 0.00692 0.95614 0.0057 
0.14186 0.4594 0.0851 0.31364 
24 
0.04489 0.00261 0.95244 6.0E-5 
0.03119 0.02489 0.61646 0.32746 
0.27299 0.06863 0.54174 0.11664 
0.02313 0.10548 0.86721 0.00418 
0.15879 0.42391 0.40538 0.01192 
0.29903 0.2757 0.37996 0.04531 

18 
0.71808 0.19769 0.08423 
0.4218 0.51727 0.06093 
0.14289 0.5046 0.35251 
0.14082 0.04855 0.81063 
0.03274 0.31859 0.64867 
0.56248 0.41167 0.02585 
18 
0.48266 0.40982 0.10752 
0.44707 0.03858 0.51435 
0.07046 0.79411 0.13543 
0.05929 0.10079 0.83992 
0.16796 0.04817 0.78387 
0.3041 0.6901 0.0058 
18 
0.65067 0.02425 0.32508 
6.0E-4 0.78832 0.21108 
0.26527 0.73169 0.00304 
0.23516 0.06865 0.69619 
0.81161 0.05128 0.13711 
0.20302 0.74988 0.0471 
18 
0.0128 0.09312 0.89408 
0.04676 0.00296 0.95028 
0.61333 0.3865 1.7E-4 
0.01472 0.96381 0.02147 
0.86812 0.12545 0.00643 
0.67285 0.05015 0.277 
