V-CREDAL 
4 
3 2 4 3 
4 
1 0 
2 0 1 
2 1 2 
2 2 3 

12 
0.48608 0.42599 0.08793 
0.15931 0.0571 0.78359 
0.66409 0.16159 0.17432 
0.02574 0.61047 0.36379 

4 
0.20042 0.79958 
0.20269 0.79731 
4 
0.11554 0.88446 
0.97377 0.02623 
4 
0.48247 0.51753 
0.43839 0.56161 

16 
0.33822 0.32032 0.23366 0.1078 
0.39105 0.38074 0.18865 0.03956 
0.57572 0.15548 0.24029 0.02851 
0.02413 0.25389 0.08153 0.64045 
16 
0.33599 0.20213 0.44943 0.01245 
0.56591 0.3584 0.00836 0.06733 
0.21457 0.70854 0.05713 0.01976 
0.42159 0.43423 0.12915 0.01503 

12 
0.10541 0.60235 0.29224 
0.00872 0.26721 0.72407 
0.58461 0.34796 0.06743 
0.01174 0.05521 0.93305 
12 
0.8095 0.18424 0.00626 
0.10351 0.87355 0.02294 
0.24689 0.027 0.72611 
0.5324 0.06908 0.39852 
12 
0.49087 0.12628 0.38285 
0.07727 0.58211 0.34062 
0.84507 0.05002 0.10491 
0.30262 0.59716 0.10022 
12 
0.32899 0.40451 0.2665 
0.88672 0.10971 0.00357 
0.17209 0.12281 0.7051 
0.34434 0.09017 0.56549 
