V-CREDAL 
6 
3 5 5 5 2 4 
6 
3 2 4 0 
1 1 
2 5 2 
1 3 
2 3 4 
2 1 5 

12 
0.87376 0.09614 0.0301 
0.0329 0.75654 0.21056 
0.32557 0.24246 0.43197 
0.22278 0.64008 0.13714 
12 
0.3756 0.5706 0.0538 
0.14874 0.59859 0.25267 
0.43977 0.11254 0.44769 
0.10011 0.455 0.44489 
12 
0.82428 0.13772 0.038 
0.16456 0.2984 0.53704 
0.00203 0.39371 0.60426 
0.10681 0.82872 0.06447 
12 
0.0111 0.95709 0.03181 
0.20946 0.01517 0.77537 
0.8791 0.10566 0.01524 
0.79444 0.05244 0.15312 
12 
0.16556 0.72136 0.11308 
0.20497 0.24427 0.55076 
0.13726 0.02263 0.84011 
0.22186 0.33358 0.44456 
12 
0.08966 0.85612 0.05422 
0.55155 0.0304 0.41805 
0.6343 0.33752 0.02818 
0.06106 0.04093 0.89801 
12 
0.44138 0.10258 0.45604 
0.11343 0.79728 0.08929 
0.0243 0.01931 0.95639 
0.07648 0.79521 0.12831 
12 
0.84888 0.00355 0.14757 
0.11189 0.64434 0.24377 
0.12442 0.83009 0.04549 
0.69777 0.10344 0.19879 
12 
0.19558 0.33398 0.47044 
0.21935 0.08651 0.69414 
0.85417 0.02309 0.12274 
0.19082 0.65681 0.15237 
12 
0.69244 0.06553 0.24203 
0.87654 0.01573 0.10773 
0.24558 0.49006 0.26436 
0.2896 0.5774 0.133 

20 
0.08216 0.9102 0.00269 0.00259 0.00236 
0.62199 0.01007 0.12561 0.22401 0.01832 
0.47426 0.1324 0.06509 0.24204 0.08621 
1.6E-4 0.00409 0.00758 0.01189 0.97628 

20 
0.25231 0.09007 0.01726 0.04202 0.59834 
0.25298 0.01453 0.72471 0.00508 0.0027 
0.0095 0.76472 0.09521 0.00351 0.12706 
0.19515 0.56654 0.04807 0.02108 0.16916 
20 
0.001 0.01414 0.00872 0.96862 0.00752 
0.04315 0.12338 0.08315 0.695 0.05532 
5.3E-4 2.0E-4 2.4E-4 0.19302 0.80601 
0.01637 0.05167 0.01999 0.87982 0.03215 
20 
6.0E-5 0.64625 7.0E-5 5.0E-5 0.35357 
0.40431 0.19179 0.34924 0.04612 0.00854 
0.01949 0.00968 0.11854 0.45199 0.4003 
0.06914 0.78548 0.10514 0.03619 0.00405 
20 
0.36522 0.00686 0.57864 0.02301 0.02627 
0.32845 0.01832 0.05797 0.00649 0.58877 
0.04669 0.23732 0.62223 0.08109 0.01267 
0.6627 0.14787 0.039 0.02894 0.12149 

20 
0.11133 0.00498 0.02216 0.29174 0.56979 
0.00401 0.05335 0.83287 0.06999 0.03978 
0.02298 0.11858 0.55206 0.28507 0.02131 
0.33796 0.00139 0.63543 0.01109 0.01413 

4 
0.52723 0.47277 
0.28758 0.71242 
4 
0.72812 0.27188 
0.42565 0.57435 
4 
0.90495 0.09505 
0.60142 0.39858 
4 
0.58736 0.41264 
0.91926 0.08074 
4 
0.98935 0.01065 
0.29503 0.70497 

16 
0.60527 0.26337 0.11507 0.01629 
0.07348 0.34161 0.43042 0.15449 
0.01722 0.05498 0.82995 0.09785 
0.00158 0.14047 0.11239 0.74556 
16 
0.02285 0.66371 0.00792 0.30552 
0.67043 0.17872 0.14716 0.00369 
0.43326 0.35412 0.0041 0.20852 
0.16315 0.00583 0.61737 0.21365 
16 
0.08662 0.02876 0.85383 0.03079 
0.3288 0.07027 0.0977 0.50323 
0.59902 0.2633 0.00314 0.13454 
0.04271 0.20571 0.61112 0.14046 
16 
0.63441 0.13209 0.21229 0.02121 
0.01345 0.53574 0.36048 0.09033 
0.26502 0.27705 0.23603 0.2219 
0.0169 0.07963 0.79895 0.10452 
16 
0.10709 0.19536 0.31451 0.38304 
0.09766 0.43115 0.42941 0.04178 
0.20518 0.08415 0.50375 0.20692 
0.14957 0.3968 0.37076 0.08287 
