V-CREDAL
4
4 4 3 3
4
1 0
2 0 1
3 1 3 2
1 3

16
0.054 0.0 0.003 0.943
0.103 0.247 0.014 0.636
0.025 0.016 0.928 0.031
0.324 0.123 0.038 0.515

16
0.137 0.055 0.672 0.136
0.089 0.778 0.077 0.056
0.801 0.028 0.103 0.068
0.043 0.871 0.064 0.022
16
0.019 0.046 0.007 0.928
0.121 0.495 0.304 0.08
0.064 0.156 0.629 0.151
0.071 0.043 0.043 0.843
16
0.937 0.005 0.034 0.024
0.56 0.305 0.072 0.063
0.101 0.278 0.333 0.288
0.58 0.238 0.121 0.061
16
0.268 0.308 0.028 0.396
0.202 0.316 0.244 0.238
0.893 0.041 0.058 0.008
0.346 0.435 0.182 0.037

12
0.21 0.726 0.064
0.065 0.05 0.885
0.736 0.023 0.241
0.093 0.61 0.297
12
0.355 0.498 0.147
0.212 0.756 0.032
0.173 0.279 0.548
0.305 0.321 0.374
12
0.498 0.164 0.338
0.025 0.579 0.396
0.045 0.677 0.278
0.178 0.036 0.786
12
0.041 0.625 0.334
0.276 0.323 0.401
0.032 0.902 0.066
0.088 0.839 0.073
12
0.241 0.055 0.704
0.036 0.157 0.807
0.275 0.718 0.007
0.937 0.036 0.027
12
0.786 0.097 0.117
0.018 0.115 0.867
0.474 0.499 0.027
0.017 0.979 0.004
12
0.064 0.142 0.794
0.02 0.252 0.728
0.295 0.002 0.703
0.818 0.061 0.121
12
0.003 0.965 0.032
0.129 0.157 0.714
0.037 0.482 0.481
0.383 0.14 0.477
12
0.016 0.867 0.117
0.082 0.316 0.602
0.686 0.074 0.24
0.147 0.738 0.115
12
0.26 0.19 0.55
0.24 0.017 0.743
0.155 0.84 0.005
0.112 0.816 0.072
12
0.6 0.076 0.324
0.067 0.482 0.451
0.031 0.08 0.889
0.843 0.089 0.068
12
0.013 0.353 0.634
0.026 0.036 0.938
0.676 0.313 0.011
0.655 0.012 0.333

12
0.754 0.061 0.185
0.938 0.003 0.059
0.623 0.091 0.286
0.997 0.0 0.003
