V-CREDAL
10
3 4 4 3 3 3 2 2 3 3
10
1 0
2 0 1
2 1 2
2 2 3
2 3 4
2 4 5
2 5 6
2 6 7
2 7 8
2 8 9

18
0.869 0.003 0.128
0.002 0.997 0.001
0.005 0.076 0.919
0.236 0.038 0.726
0.972 0.027 0.001
0.043 0.049 0.908

24
0.266 0.314 0.01 0.41
0.157 0.114 0.369 0.36
0.001 0.276 0.723 0.0
0.075 0.514 0.039 0.372
0.795 0.174 0.004 0.027
0.002 0.883 0.01 0.105
24
0.116 0.081 0.471 0.332
0.008 0.02 0.06 0.912
0.025 0.063 0.829 0.083
0.389 0.412 0.079 0.12
0.041 0.653 0.031 0.275
0.006 0.928 0.053 0.013
24
0.142 0.04 0.017 0.801
0.003 0.994 0.001 0.002
0.998 0.002 0.0 0.0
0.025 0.195 0.0 0.78
0.063 0.055 0.83 0.052
0.095 0.028 0.3 0.577

24
0.402 0.334 0.017 0.247
0.732 0.092 0.064 0.112
0.028 0.0 0.558 0.414
0.112 0.682 0.204 0.002
0.133 0.686 0.143 0.038
0.287 0.009 0.003 0.701
24
0.886 0.071 0.013 0.03
0.001 0.046 0.038 0.915
0.101 0.373 0.032 0.494
0.063 0.604 0.087 0.246
0.114 0.433 0.438 0.015
0.946 0.023 0.024 0.007
24
0.984 0.011 0.0 0.005
0.293 0.345 0.034 0.328
0.043 0.151 0.8 0.006
0.014 0.075 0.818 0.093
0.231 0.666 0.039 0.064
0.106 0.464 0.092 0.338
24
0.095 0.162 0.059 0.684
0.008 0.149 0.045 0.798
0.384 0.254 0.255 0.107
0.115 0.349 0.234 0.302
0.121 0.043 0.293 0.543
0.029 0.32 0.457 0.194

18
0.07 0.76 0.17
0.423 0.506 0.071
0.144 0.026 0.83
0.646 0.339 0.015
0.57 0.157 0.273
0.621 0.247 0.132
18
0.779 0.017 0.204
0.134 0.107 0.759
0.864 0.12 0.016
0.181 0.322 0.497
0.648 0.199 0.153
0.067 0.173 0.76
18
0.003 0.005 0.992
0.067 0.894 0.039
0.045 0.595 0.36
0.57 0.028 0.402
0.708 0.188 0.104
0.592 0.389 0.019
18
0.687 0.009 0.304
0.075 0.215 0.71
0.459 0.482 0.059
0.086 0.078 0.836
0.145 0.28 0.575
0.923 0.025 0.052

18
0.832 0.009 0.159
0.066 0.914 0.02
0.018 0.032 0.95
0.949 0.021 0.03
0.738 0.0 0.262
0.012 0.85 0.138
18
0.498 0.014 0.488
0.077 0.276 0.647
0.302 0.662 0.036
0.101 0.394 0.505
0.969 0.001 0.03
0.251 0.082 0.667
18
0.829 0.134 0.037
0.111 0.006 0.883
0.918 0.08 0.002
0.119 0.493 0.388
0.922 0.05 0.028
0.061 0.168 0.771

18
0.002 0.05 0.948
0.328 0.631 0.041
0.066 0.808 0.126
0.854 0.066 0.08
0.013 0.447 0.54
0.716 0.267 0.017
18
0.002 0.01 0.988
0.0 0.979 0.021
0.81 0.186 0.004
0.911 0.002 0.087
0.195 0.006 0.799
0.013 0.973 0.014
18
0.138 0.16 0.702
0.041 0.455 0.504
0.344 0.205 0.451
0.011 0.986 0.003
0.166 0.792 0.042
0.314 0.48 0.206

4
0.266 0.734
0.061 0.939
4
0.806 0.194
0.251 0.749
4
0.882 0.118
0.002 0.998

4
0.949 0.051
0.761 0.239
4
0.623 0.377
0.015 0.985

18
0.023 0.664 0.313
0.295 0.604 0.101
0.835 0.009 0.156
0.005 0.065 0.93
0.132 0.039 0.829
0.002 0.353 0.645
18
0.038 0.282 0.68
0.799 0.15 0.051
0.008 0.328 0.664
0.355 0.622 0.023
0.093 0.664 0.243
0.894 0.009 0.097

18
0.999 0.001 0.0
0.05 0.101 0.849
0.048 0.867 0.085
0.051 0.925 0.024
0.119 0.001 0.88
0.1 0.888 0.012
18
0.021 0.181 0.798
0.19 0.513 0.297
0.442 0.131 0.427
0.377 0.463 0.16
0.247 0.027 0.726
0.535 0.19 0.275
18
0.415 0.531 0.054
0.064 0.025 0.911
0.15 0.03 0.82
0.32 0.672 0.008
0.01 0.312 0.678
0.177 0.576 0.247
