V-CREDAL 
6 
3 4 3 3 2 2 
6 
1 0 
2 0 1 
2 1 2 
2 2 3 
2 3 4 
2 4 5 

18 
0.98999 5.5E-4 0.00946 
0.14152 0.83679 0.02169 
0.31481 0.32988 0.35531 
0.8167 0.0634 0.1199 
0.2133 0.78377 0.00293 
0.13787 0.70143 0.1607 

24 
0.29142 0.05547 0.27557 0.37754 
0.30931 0.1163 0.32669 0.2477 
0.18319 0.01859 0.3441 0.45412 
0.59906 0.01263 0.37485 0.01346 
0.85824 0.00987 0.12099 0.0109 
0.80181 0.05137 0.04241 0.10441 
24 
0.11493 0.29131 0.59292 8.4E-4 
0.03431 0.40739 0.41698 0.14132 
0.09881 0.08065 0.09435 0.72619 
0.04973 0.83879 0.02511 0.08637 
0.75959 0.13791 0.09921 0.00329 
0.55267 0.09253 0.14244 0.21236 
24 
0.29684 0.02682 0.635 0.04134 
0.02253 0.96959 0.00495 0.00293 
0.41524 0.55055 0.00302 0.03119 
0.05635 0.01155 0.01199 0.92011 
0.00718 0.01147 0.97265 0.0087 
0.05588 0.66786 0.27478 0.00148 

18 
0.02697 0.9318 0.04123 
0.05817 5.7E-4 0.94126 
0.42628 0.13171 0.44201 
0.39666 0.30812 0.29522 
0.05092 0.12565 0.82343 
0.14122 0.78022 0.07856 
18 
0.0551 0.42008 0.52482 
0.69422 0.27362 0.03216 
0.29006 0.4898 0.22014 
0.31022 0.03015 0.65963 
0.48582 0.08305 0.43113 
0.41663 0.05605 0.52732 
18 
0.00987 0.12274 0.86739 
0.59279 0.35701 0.0502 
0.23505 0.63086 0.13409 
0.01143 0.19826 0.79031 
0.78469 0.13975 0.07556 
0.55181 0.10518 0.34301 
18 
0.09391 0.81904 0.08705 
0.65822 0.25221 0.08957 
0.82283 0.00168 0.17549 
0.11745 0.19753 0.68502 
0.23769 0.02537 0.73694 
0.40455 0.56131 0.03414 

18 
0.25622 0.00446 0.73932 
0.91051 0.0078 0.08169 
0.93145 0.0664 0.00215 
0.08188 0.74674 0.17138 
0.03211 0.02706 0.94083 
0.00884 0.31327 0.67789 
18 
0.7595 0.19072 0.04978 
0.50152 0.08962 0.40886 
0.09414 0.0738 0.83206 
0.26551 0.53283 0.20166 
0.04869 0.53252 0.41879 
0.63801 0.11111 0.25088 
18 
0.15329 0.72073 0.12598 
0.22832 0.74444 0.02724 
0.86366 0.00899 0.12735 
0.04582 0.00494 0.94924 
0.00103 0.07663 0.92234 
0.09014 0.46017 0.44969 

4 
0.06538 0.93462 
0.84864 0.15136 
4 
0.78202 0.21798 
0.79506 0.20494 
4 
0.34582 0.65418 
0.29504 0.70496 

4 
0.24873 0.75127 
0.04736 0.95264 
4 
0.98202 0.01798 
0.60054 0.39946 
