V-CREDAL 
6 
2 4 4 2 2 5 
6 
2 1 0 
1 1 
1 2 
2 2 3 
1 4 
4 1 2 4 5 

4 
0.07521 0.92479 
0.05535 0.94465 
4 
0.74679 0.25321 
0.00456 0.99544 
4 
0.54094 0.45906 
0.64947 0.35053 
4 
0.48238 0.51762 
0.1731 0.8269 

16 
0.85256 0.00201 0.11391 0.03152 
0.99119 0.00325 9.9E-4 0.00457 
0.18181 0.09187 0.29829 0.42803 
0.18713 0.4418 0.23705 0.13402 

16 
0.62696 0.04077 0.04267 0.2896 
0.37548 0.06142 0.1772 0.3859 
0.32671 0.03515 0.3689 0.26924 
0.00112 0.2105 0.0023 0.78608 

4 
0.23377 0.76623 
0.16514 0.83486 
4 
0.0967 0.9033 
0.23774 0.76226 
4 
0.25043 0.74957 
0.05687 0.94313 
4 
0.03858 0.96142 
0.41902 0.58098 

4 
0.30467 0.69533 
0.27633 0.72367 

20 
0.00457 0.14645 0.00528 0.74156 0.10214 
0.24078 0.50472 0.08035 0.13492 0.03923 
0.06743 0.05485 0.65718 0.06184 0.1587 
0.49514 0.17239 0.02759 0.07117 0.23371 
20 
0.1153 0.06896 0.15244 0.64874 0.01456 
0.32532 0.0898 0.44909 0.00397 0.13182 
0.25814 0.11303 0.56867 0.01781 0.04235 
0.23415 0.60415 0.04888 0.06873 0.04409 
20 
0.03639 0.02789 0.92209 0.0012 0.01243 
0.15567 0.13828 0.0493 0.64925 0.0075 
0.0679 0.00893 0.29536 0.62466 0.00315 
0.01422 0.86715 0.02846 0.08637 0.0038 
20 
0.00999 6.7E-4 0.87395 0.00615 0.10924 
0.019 0.06539 0.05101 0.81595 0.04865 
0.11008 0.11871 0.37254 0.16907 0.2296 
0.01255 0.07785 0.35716 0.00854 0.5439 
20 
0.09295 0.01422 0.11315 0.74087 0.03881 
0.00861 0.00158 0.21782 0.61767 0.15432 
0.83998 0.00449 0.09182 0.03494 0.02877 
0.09611 0.26965 0.29387 0.05597 0.2844 
20 
0.05686 0.82417 0.00316 0.01304 0.10277 
0.58989 0.0022 0.00889 0.05919 0.33983 
0.01595 0.12195 0.00569 0.0135 0.84291 
0.2136 0.03191 0.04409 0.03439 0.67601 
20 
0.00459 0.76595 0.00176 0.1139 0.1138 
0.00114 2.2E-4 0.72647 0.26776 0.00441 
0.25981 0.34565 0.35408 0.03332 0.00714 
0.22716 0.06618 0.38752 0.24305 0.07609 
20 
0.01598 0.79476 0.16494 0.00558 0.01874 
0.03783 0.58292 0.09094 0.12372 0.16459 
0.00422 0.40774 0.00157 0.37817 0.2083 
0.52665 0.01682 0.13073 0.2996 0.0262 
20 
0.29735 0.014 0.0015 0.6741 0.01305 
0.02763 0.07871 0.42387 0.46767 0.00212 
0.72891 0.01436 0.24299 0.00415 0.00959 
0.05379 0.56589 4.9E-4 0.0175 0.36233 
20 
0.30738 0.30424 0.08577 0.0747 0.22791 
0.73531 0.06594 0.11538 0.06628 0.01709 
0.22811 0.17643 0.33078 0.00829 0.25639 
0.31037 0.58289 0.01725 0.00639 0.0831 
20 
0.25271 0.11748 0.54091 0.06467 0.02423 
0.57148 0.0106 0.33494 0.07977 0.00321 
0.11241 0.02285 0.71307 0.00401 0.14766 
0.04792 0.1414 0.04599 0.29055 0.47414 
20 
0.15704 0.27914 0.35207 0.20116 0.01059 
0.01507 0.01586 0.08147 0.03491 0.85269 
0.94257 0.00329 3.5E-4 0.05055 0.00324 
0.00116 0.03529 0.02399 0.25753 0.68203 
20 
0.36342 0.00852 0.0692 0.53176 0.0271 
0.09074 0.43866 0.20815 0.22581 0.03664 
0.03032 0.08484 0.35146 0.52596 0.00742 
1.0E-4 2.8E-4 2.8E-4 0.00106 0.99828 
20 
0.0042 0.01305 0.04579 0.89259 0.04437 
0.18389 0.06465 0.05177 0.58628 0.11341 
0.12611 0.01362 0.43458 0.30797 0.11772 
0.46985 0.12173 0.00938 0.35257 0.04647 
20 
0.04595 0.69813 0.15078 0.02985 0.07529 
0.25394 0.0019 0.02078 0.05389 0.66949 
0.01467 0.70286 0.12428 0.15693 0.00126 
0.38082 0.00663 0.50176 0.04101 0.06978 
20 
0.46249 6.3E-4 0.30619 0.22478 0.00591 
0.37894 0.0355 0.17197 0.08446 0.32913 
0.30396 0.56411 0.0709 0.03591 0.02512 
0.47502 0.00688 0.05923 0.28835 0.17052 
20 
0.45997 0.07438 0.09615 0.03478 0.33472 
0.09002 8.1E-4 0.90913 2.0E-5 2.0E-5 
0.00346 0.27673 0.13401 0.00243 0.58337 
0.514 0.10267 0.32078 0.04246 0.02009 
20 
0.02991 0.68345 0.02974 0.06161 0.19529 
0.00534 0.5072 0.1303 0.3246 0.03256 
0.65754 0.02125 0.02359 0.16666 0.13096 
0.08522 0.12455 0.72596 0.05166 0.01261 
20 
0.0039 0.03113 0.93432 0.02696 0.00369 
0.16613 0.17961 0.31142 0.31861 0.02423 
0.27615 0.07222 0.45906 0.16777 0.0248 
0.58156 0.02333 0.02353 0.00627 0.36531 
20 
0.00984 0.02406 0.00762 0.95614 0.00234 
0.58538 0.05721 0.01655 0.10045 0.24041 
0.01592 0.13514 0.25758 0.0173 0.57406 
0.86585 0.04063 0.00196 0.08302 0.00854 
20 
0.27457 0.1365 0.17512 0.2509 0.16291 
0.1043 0.00417 0.0015 0.88638 0.00365 
0.2423 0.18592 0.16005 0.01468 0.39705 
0.19753 0.03838 0.07217 0.64296 0.04896 
20 
0.12792 0.17133 0.28734 0.29287 0.12054 
4.0E-4 0.003 4.9E-4 0.00724 0.98887 
0.07164 0.27316 0.4554 0.05692 0.14288 
0.25488 0.26731 0.06254 0.37109 0.04418 
20 
5.0E-4 0.23686 0.01931 0.72001 0.02332 
0.00593 0.48797 0.38041 0.04726 0.07843 
0.01055 0.341 0.04816 0.01343 0.58686 
0.12901 0.25021 0.05457 0.41953 0.14668 
20 
0.02812 0.00638 0.88513 0.06882 0.01155 
0.03709 0.28703 0.03336 0.58765 0.05487 
0.05124 0.75695 0.15022 0.03534 0.00625 
0.05017 0.01528 0.15486 0.72036 0.05933 
20 
0.20689 0.17628 0.0451 0.09039 0.48134 
0.01569 0.23487 0.46189 0.26367 0.02388 
0.04574 0.0988 9.0E-4 0.81082 0.04374 
0.59343 0.12409 0.09783 0.08668 0.09797 
20 
0.03643 2.8E-4 0.96064 3.0E-5 0.00262 
0.11831 0.29394 0.11217 0.08682 0.38876 
0.00361 0.50778 0.0167 0.00256 0.46935 
0.16537 0.09836 0.72502 0.0026 0.00865 
20 
0.00327 3.2E-4 0.02794 0.08949 0.87898 
0.32675 0.18589 0.02661 0.14296 0.31779 
0.04601 0.40738 0.0948 0.03982 0.41199 
0.42576 0.22691 0.01586 0.01892 0.31255 
20 
0.04332 0.56392 0.25455 0.00956 0.12865 
0.00228 0.05688 0.81608 0.00462 0.12014 
0.2029 0.31543 0.17692 0.25229 0.05246 
0.87303 0.0038 0.00241 0.00442 0.11634 
20 
0.06186 0.10391 0.00262 0.07984 0.75177 
0.9238 0.00333 0.01373 0.05569 0.00345 
0.01388 0.03265 0.00716 0.94158 0.00473 
0.10317 0.01463 0.5555 0.00188 0.32482 
20 
0.13414 0.12568 0.09497 0.57086 0.07435 
1.1E-4 1.6E-4 3.0E-4 0.99925 1.8E-4 
0.10098 0.13149 0.24771 0.21197 0.30785 
0.25678 0.13872 0.02303 8.7E-4 0.5806 
20 
0.29901 6.3E-4 0.00305 0.14128 0.55603 
0.60632 0.01991 0.3223 0.01864 0.03283 
0.75283 0.11529 0.00435 3.6E-4 0.12717 
0.97795 0.01189 0.00193 0.00522 0.00301 
20 
0.66718 0.05131 0.2524 0.01053 0.01858 
0.85841 0.02635 0.03955 0.00804 0.06765 
0.13144 0.00127 0.0182 0.25104 0.59805 
0.09402 0.5139 0.3158 0.01097 0.06531 
