V-CREDAL
6
2 2 2 3 2 4
6
1 0
2 0 1
2 1 2
2 2 3
2 3 4
2 4 5

4
0.849 0.151
0.368 0.632

4
0.751 0.249
0.237 0.763
4
0.077 0.923
0.148 0.852

4
0.754 0.246
0.538 0.462
4
0.034 0.966
0.491 0.509

18
0.967 0.009 0.024
0.014 0.967 0.019
0.44 0.556 0.004
0.027 0.007 0.966
0.004 0.034 0.962
0.041 0.002 0.957
18
0.93 0.005 0.065
0.058 0.332 0.61
0.23 0.462 0.308
0.893 0.072 0.035
0.56 0.324 0.116
0.512 0.047 0.441

4
0.162 0.838
0.648 0.352
4
0.648 0.352
0.542 0.458
4
0.344 0.656
0.189 0.811

24
0.001 0.553 0.001 0.445
0.024 0.081 0.093 0.802
0.442 0.362 0.156 0.04
0.023 0.053 0.002 0.922
0.23 0.032 0.505 0.233
0.147 0.043 0.742 0.068
24
0.21 0.189 0.559 0.042
0.007 0.803 0.185 0.005
0.269 0.259 0.114 0.358
0.796 0.084 0.013 0.107
0.208 0.711 0.041 0.04
0.75 0.127 0.072 0.051
