V-CREDAL 
4 
3 2 3 3 
4 
1 0 
2 0 1 
2 1 2 
2 2 3 

18 
0.0707 0.74806 0.18124 
0.24492 0.37955 0.37553 
0.56564 0.01522 0.41914 
0.72688 0.07227 0.20085 
0.01445 0.97843 0.00712 
0.13166 0.8655 0.00284 

4 
0.66146 0.33854 
0.08976 0.91024 
4 
0.21762 0.78238 
0.78732 0.21268 
4 
0.09371 0.90629 
0.07231 0.92769 

18 
0.00528 0.97322 0.0215 
0.98228 0.01373 0.00399 
0.09432 0.00101 0.90467 
0.8831 0.00802 0.10888 
0.0413 0.00338 0.95532 
0.03416 0.16734 0.7985 
18 
0.52078 0.45418 0.02504 
0.11822 0.01186 0.86992 
0.3185 0.16103 0.52047 
0.00998 0.9357 0.05432 
0.00451 0.06088 0.93461 
0.08855 0.89413 0.01732 

18 
0.78326 0.00197 0.21477 
0.01507 0.67496 0.30997 
0.43119 0.46658 0.10223 
0.7656 0.19353 0.04087 
0.06392 0.05726 0.87882 
0.91425 0.05709 0.02866 
18 
0.03124 0.2834 0.68536 
0.04766 0.00151 0.95083 
0.27848 0.1513 0.57022 
0.09983 0.80958 0.09059 
0.34318 0.23647 0.42035 
0.19414 0.6955 0.11036 
18 
0.41487 0.28998 0.29515 
0.01884 0.91813 0.06303 
0.39049 0.58128 0.02823 
0.02717 0.91351 0.05932 
0.05977 0.46488 0.47535 
0.05001 0.56062 0.38937 
