V-CREDAL 
4 
2 3 3 2 
4 
2 3 0 
1 1 
1 2 
3 1 2 3 

4 
0.97507 0.02493 
0.5777 0.4223 
4 
0.05996 0.94004 
0.10641 0.89359 

18 
0.67997 0.27017 0.04986 
0.91612 0.02877 0.05511 
0.57767 0.3126 0.10973 
0.1596 0.47893 0.36147 
0.00158 0.50469 0.49373 
0.24068 0.00884 0.75048 

18 
0.32263 0.07015 0.60722 
0.09803 0.8858 0.01617 
0.53667 0.46052 0.00281 
0.06532 0.76731 0.16737 
0.80898 0.0712 0.11982 
0.12423 0.44911 0.42666 

4 
0.38068 0.61932 
0.91607 0.08393 
4 
0.91759 0.08241 
0.75098 0.24902 
4 
0.10768 0.89232 
0.022 0.978 
4 
0.05248 0.94752 
0.18105 0.81895 
4 
0.09008 0.90992 
0.47793 0.52207 
4 
0.28239 0.71761 
0.88589 0.11411 
4 
0.08281 0.91719 
0.76967 0.23033 
4 
0.46253 0.53747 
0.82456 0.17544 
4 
0.7617 0.2383 
0.38908 0.61092 
