V-CREDAL 
8 
3 3 5 2 3 5 3 4 
8 
1 0 
2 6 1 
1 2 
1 3 
3 3 7 4 
3 2 4 5 
1 6 
3 0 1 7 

12 
0.67719 0.10301 0.2198 
0.24515 0.43528 0.31957 
0.27322 0.28 0.44678 
0.05199 0.3775 0.57051 

12 
0.03429 0.33714 0.62857 
0.6401 0.30955 0.05035 
0.04713 0.25034 0.70253 
0.22298 0.11596 0.66106 
12 
0.00902 0.75067 0.24031 
0.59936 0.28206 0.11858 
0.06622 0.921 0.01278 
0.5759 0.12252 0.30158 
12 
0.86129 0.03493 0.10378 
0.00344 0.97319 0.02337 
0.07194 0.42317 0.50489 
0.28934 0.10796 0.6027 

20 
0.00625 0.22746 0.29273 0.33996 0.1336 
9.5E-4 0.00145 0.07314 0.91554 0.00892 
0.01197 0.93265 7.9E-4 0.04383 0.01076 
0.65623 0.17667 0.16161 0.0011 0.00439 

4 
0.21997 0.78003 
0.39277 0.60723 

12 
0.00921 0.47254 0.51825 
0.10391 0.72605 0.17004 
0.34624 0.41151 0.24225 
0.24347 0.22893 0.5276 
12 
0.22992 0.54046 0.22962 
0.05751 0.05781 0.88468 
0.64045 0.06344 0.29611 
0.02428 0.28231 0.69341 
12 
0.32349 0.41018 0.26633 
0.72285 0.25895 0.0182 
0.08613 0.20407 0.7098 
0.51598 0.40316 0.08086 
12 
0.23667 0.22015 0.54318 
0.25545 0.68133 0.06322 
0.10299 0.27486 0.62215 
0.06002 0.82333 0.11665 
12 
0.33588 0.26072 0.4034 
0.0304 0.11813 0.85147 
0.57028 0.06198 0.36774 
0.80901 0.10267 0.08832 
12 
0.77034 0.00521 0.22445 
0.00591 0.98533 0.00876 
0.23931 0.06791 0.69278 
0.00985 0.5922 0.39795 
12 
0.28795 0.28601 0.42604 
0.03829 0.74852 0.21319 
0.44535 0.08031 0.47434 
0.20343 0.52929 0.26728 
12 
0.77715 0.10076 0.12209 
0.59841 0.09559 0.306 
0.33605 0.44626 0.21769 
0.68461 0.31279 0.0026 

20 
0.5478 0.27733 0.01346 0.12924 0.03217 
0.94994 0.02094 5.0E-4 1.4E-4 0.02848 
0.02395 0.03835 0.04063 0.8572 0.03987 
0.02585 0.37866 0.12515 0.41382 0.05652 
20 
0.71935 0.2239 0.00214 0.03885 0.01576 
0.19433 0.03472 0.72806 0.01824 0.02465 
0.06614 0.12982 0.09329 0.55971 0.15104 
0.02894 0.30433 0.12697 0.33172 0.20804 
20 
0.78911 0.0708 0.06522 0.04712 0.02775 
0.35775 0.28762 0.22959 0.0364 0.08864 
0.22671 0.06183 0.47919 0.00196 0.23031 
0.34594 0.16128 0.26264 0.15481 0.07533 
20 
0.03118 0.84234 0.0042 0.01404 0.10824 
0.48772 0.04735 0.34395 0.06261 0.05837 
0.0201 3.4E-4 0.19765 0.35022 0.43169 
0.04004 0.09201 0.00558 0.81903 0.04334 
20 
0.04926 0.6253 0.0021 0.28685 0.03649 
0.07342 0.00469 0.69882 0.21664 0.00643 
0.32839 0.00186 0.28186 0.17481 0.21308 
0.03724 0.32552 0.06998 0.00466 0.5626 
20 
0.0222 0.47542 0.39541 0.00112 0.10585 
0.00816 0.01685 0.83793 0.10307 0.03399 
0.37423 0.0549 0.09106 0.34098 0.13883 
0.0124 0.00641 0.04641 0.90381 0.03097 
20 
0.00716 0.08013 0.73971 0.0587 0.1143 
0.31903 0.01045 0.20701 0.00525 0.45826 
0.10586 0.00297 0.01076 0.01474 0.86567 
0.19031 0.78771 0.00326 0.01094 0.00778 
20 
0.19998 0.30764 0.3984 0.03709 0.05689 
0.00832 0.01105 0.09508 0.02383 0.86172 
5.0E-4 0.87857 0.04631 0.00511 0.06951 
0.00207 0.01973 0.00921 0.76204 0.20695 
20 
0.11035 0.43055 0.14094 0.29139 0.02677 
0.8955 0.01701 0.02097 0.02334 0.04318 
0.01004 0.40731 0.00258 0.26445 0.31562 
0.00153 2.0E-5 0.98365 0.00181 0.01299 
20 
0.00291 1.9E-4 0.03261 0.95978 0.00451 
0.3422 0.45063 0.0585 0.13939 0.00928 
0.6976 0.1457 0.096 0.02257 0.03813 
0.31289 0.50881 0.0847 0.00614 0.08746 
20 
0.16491 0.66075 0.00351 0.15063 0.0202 
0.02771 0.09152 0.08452 0.60076 0.19549 
0.03037 0.10979 0.59535 0.21215 0.05234 
0.82448 0.09112 0.02459 0.04363 0.01618 
20 
0.0615 0.10745 0.11221 0.00105 0.71779 
0.04581 0.59753 0.09619 0.21394 0.04653 
0.10518 0.03494 0.00875 0.0054 0.84573 
0.04312 0.03513 0.39427 0.03069 0.49679 
20 
0.07009 8.0E-5 0.7623 0.15056 0.01697 
0.00764 0.00569 0.80722 5.7E-4 0.17888 
0.08136 0.05167 0.27062 0.54595 0.0504 
9.4E-4 0.07021 0.27151 0.65689 4.5E-4 
20 
0.2183 0.00267 0.00127 0.32963 0.44813 
0.00262 0.35542 0.32656 0.01814 0.29726 
0.189 0.06639 0.18282 0.03983 0.52196 
0.01937 0.0046 0.88763 0.02018 0.06822 
20 
0.37982 0.05534 0.2909 0.0409 0.23304 
0.61904 0.0068 0.11378 0.24207 0.01831 
0.2632 6.2E-4 0.04969 0.68468 0.00181 
0.24611 0.02624 0.06227 0.65363 0.01175 

12 
0.06243 0.33049 0.60708 
0.92851 0.05509 0.0164 
0.81703 0.02806 0.15491 
0.31592 0.4961 0.18798 

16 
0.00819 0.66092 0.13962 0.19127 
0.3099 0.0292 0.07724 0.58366 
0.0777 0.05415 0.84927 0.01888 
0.03532 0.3943 0.55252 0.01786 
16 
0.03922 0.61435 0.08389 0.26254 
0.22044 0.07204 0.35548 0.35204 
0.51778 0.11865 0.07341 0.29016 
0.03481 0.01078 0.11355 0.84086 
16 
0.01215 1.9E-4 0.96886 0.0188 
0.0459 0.58985 0.17546 0.18879 
0.09878 0.05023 0.63571 0.21528 
0.0524 0.42105 0.33698 0.18957 
16 
0.11577 0.23807 0.19199 0.45417 
0.34379 0.2108 0.24785 0.19756 
0.16833 0.10953 0.08154 0.6406 
0.05726 0.13862 0.61413 0.18999 
16 
0.01168 0.96709 0.00162 0.01961 
0.03447 0.30565 0.60664 0.05324 
0.13887 0.3776 0.44023 0.0433 
0.12068 0.05273 0.33728 0.48931 
16 
0.57295 0.2707 0.07843 0.07792 
0.33172 0.0275 0.60998 0.0308 
0.33684 0.30264 0.02121 0.33931 
0.00807 0.58332 0.16231 0.2463 
16 
0.00679 0.13398 0.07859 0.78064 
0.94144 0.05057 0.00654 0.00145 
0.6708 0.17659 0.07279 0.07982 
0.21248 0.2813 0.44979 0.05643 
16 
0.41882 0.41313 0.07479 0.09326 
0.68167 0.05508 0.20013 0.06312 
0.37643 0.42853 0.02722 0.16782 
0.0695 0.03333 0.12186 0.77531 
16 
0.14373 0.11314 0.72849 0.01464 
0.23965 0.10261 0.64689 0.01085 
0.15459 0.01325 0.45561 0.37655 
0.14303 0.11803 0.18197 0.55697 
