V-CREDAL 
4 
3 3 3 2 
4 
2 2 0 
2 3 1 
1 2 
2 0 3 

18 
0.02613 0.35009 0.62378 
0.03858 0.9328 0.02862 
0.97012 0.01028 0.0196 
0.16971 0.00435 0.82594 
0.78541 0.19539 0.0192 
0.01869 0.38729 0.59402 
18 
0.28259 0.0231 0.69431 
0.0773 0.03791 0.88479 
0.96881 0.00677 0.02442 
0.01829 0.71569 0.26602 
0.05085 0.30981 0.63934 
0.40685 0.50584 0.08731 
18 
0.97786 0.02055 0.00159 
0.09237 0.9012 0.00643 
0.06656 0.03858 0.89486 
0.78648 0.01848 0.19504 
0.00997 0.79444 0.19559 
0.00729 0.91261 0.0801 

18 
0.03784 0.68114 0.28102 
0.86713 0.12392 0.00895 
0.52885 0.09336 0.37779 
0.00996 0.94508 0.04496 
0.60361 0.02664 0.36975 
0.80514 0.19239 0.00247 
18 
0.00874 0.98333 0.00793 
0.83313 0.14991 0.01696 
0.30486 0.06901 0.62613 
0.12837 0.49213 0.3795 
0.36851 0.03725 0.59424 
0.63973 0.07435 0.28592 

18 
0.04115 0.48497 0.47388 
0.02476 0.53294 0.4423 
0.42897 0.07764 0.49339 
0.34755 0.52783 0.12462 
0.77398 0.1963 0.02972 
0.01816 0.71594 0.2659 

4 
0.73295 0.26705 
0.64473 0.35527 
4 
0.69915 0.30085 
0.85225 0.14775 
4 
0.68264 0.31736 
0.07324 0.92676 
