V-CREDAL 
8 
3 5 5 3 5 2 5 4 
8 
1 0 
1 1 
2 3 2 
2 6 3 
2 1 4 
2 4 5 
2 1 6 
3 0 3 7 

18 
0.16946 0.18082 0.64972 
0.49194 0.01641 0.49165 
0.07016 0.91694 0.0129 
0.87471 0.03472 0.09057 
0.03534 0.26338 0.70128 
0.05423 0.66493 0.28084 

30 
0.84757 0.01909 0.04895 0.02822 0.05617 
0.0493 0.11105 0.75206 0.06723 0.02036 
0.31015 1.7E-4 0.13905 0.45919 0.09144 
0.05139 0.75679 0.01773 0.00219 0.1719 
0.47587 0.0259 0.12765 0.22883 0.14175 
0.0154 0.58889 0.02672 0.22711 0.14188 

30 
0.00132 0.00242 0.00265 0.99195 0.00166 
0.00175 8.0E-5 0.06838 0.92941 3.8E-4 
0.22328 0.01687 0.0317 0.00589 0.72226 
0.01132 0.08629 0.01576 0.86058 0.02605 
0.02415 0.02114 0.4477 0.1633 0.34371 
0.184 0.1768 0.40404 0.00315 0.23201 
30 
0.50814 0.15896 0.09483 0.16878 0.06929 
0.035 0.00101 0.01039 1.9E-4 0.95341 
0.45922 0.05094 0.07078 0.02208 0.39698 
0.02638 0.00537 0.93731 0.00246 0.02848 
0.44152 0.11179 0.27784 0.16669 0.00216 
0.22045 0.16574 0.05 0.53574 0.02807 
30 
0.0055 0.06411 1.5E-4 0.924 0.00624 
0.61812 0.26274 0.00638 0.1015 0.01126 
0.0078 0.28773 0.00923 0.6856 0.00964 
0.74897 5.4E-4 0.03193 0.19574 0.02282 
4.0E-5 4.1E-4 0.10718 0.0419 0.85047 
0.01036 0.18237 0.00571 0.71642 0.08514 

18 
0.97814 0.0021 0.01976 
0.00413 0.99338 0.00249 
0.92327 0.07356 0.00317 
0.0043 0.01114 0.98456 
0.0012 0.0486 0.9502 
0.9598 0.0276 0.0126 
18 
0.02241 0.02951 0.94808 
0.09548 0.82353 0.08099 
0.9682 0.01627 0.01553 
0.01351 0.1892 0.79729 
0.03986 0.70684 0.2533 
0.87084 0.11913 0.01003 
18 
0.02803 0.96272 0.00925 
0.95819 0.01678 0.02503 
0.7641 0.22891 0.00699 
0.31366 0.13772 0.54862 
0.562 0.05703 0.38097 
0.26334 0.25397 0.48269 
18 
0.00533 0.00279 0.99188 
0.71241 0.07443 0.21316 
0.84947 0.13722 0.01331 
0.01444 0.98218 0.00338 
0.12656 0.01376 0.85968 
0.00732 0.54017 0.45251 
18 
0.00784 0.81756 0.1746 
0.15382 0.8344 0.01178 
0.10832 0.13336 0.75832 
0.13727 0.02172 0.84101 
0.54677 0.28741 0.16582 
0.45221 0.0536 0.49419 

30 
0.0594 0.02701 0.01289 0.32975 0.57095 
0.09347 0.04076 0.14103 0.2747 0.45004 
0.0011 0.98152 0.00118 2.6E-4 0.01594 
0.21558 0.1366 0.01061 0.02582 0.61139 
0.01526 0.05805 0.03264 0.24528 0.64877 
0.39548 0.06333 0.48209 0.04621 0.01289 
30 
0.08131 0.2188 0.49341 0.0613 0.14518 
0.15942 0.21033 0.01579 0.38615 0.22831 
0.33585 0.15449 0.10958 0.11233 0.28775 
0.1313 0.74734 0.00414 0.11204 0.00518 
0.00597 0.06568 0.07615 0.37917 0.47303 
0.72628 0.03326 0.0874 0.03321 0.11985 
30 
0.20622 0.01349 0.30437 0.45964 0.01628 
0.42787 0.00277 0.52393 0.01003 0.0354 
0.06004 0.0481 0.00791 0.81893 0.06502 
0.60379 0.09679 0.05367 0.15608 0.08967 
0.20255 0.15253 0.00539 0.09349 0.54604 
0.076 0.00161 0.06566 0.55907 0.29766 
30 
0.00335 0.02487 0.07319 0.89131 0.00728 
0.06756 0.00212 0.14324 0.73053 0.05655 
0.03302 5.0E-5 0.95754 0.00569 0.0037 
0.7683 0.13013 0.01636 0.08504 1.7E-4 
0.38188 0.20304 0.02691 0.05513 0.33304 
0.02558 0.47121 0.38356 0.10762 0.01203 
30 
0.09308 0.02775 0.0306 0.82458 0.02399 
0.13294 0.18716 0.62451 0.04837 0.00702 
0.12502 0.06145 0.59441 0.05344 0.16568 
0.00418 0.00786 0.00728 0.03617 0.94451 
0.83201 0.00315 0.04345 0.00816 0.11323 
0.00153 0.0046 0.24782 0.00775 0.7383 

4 
0.20182 0.79818 
0.52418 0.47582 
4 
0.09933 0.90067 
0.37675 0.62325 
4 
0.54944 0.45056 
0.40578 0.59422 
4 
0.71282 0.28718 
0.78388 0.21612 
4 
0.71209 0.28791 
0.07482 0.92518 

30 
0.02547 0.04531 0.02031 0.18595 0.72296 
0.24776 0.28897 0.05246 0.28142 0.12939 
0.04745 0.03131 0.24544 0.03157 0.64423 
0.7447 0.03739 0.13666 0.03803 0.04322 
0.30281 0.08386 0.3545 0.00554 0.25329 
0.18827 0.05672 0.69835 0.03752 0.01914 
30 
0.0729 0.75944 0.10124 0.00781 0.05861 
0.26005 0.41447 0.28748 0.02889 0.00911 
0.75341 0.08887 0.06884 0.05856 0.03032 
0.33633 0.04369 0.55721 0.03148 0.03129 
0.00833 0.02372 0.6648 0.19102 0.11213 
0.00107 0.54722 0.08282 0.08033 0.28856 
30 
0.02946 0.79394 0.00462 0.06228 0.1097 
0.20801 0.27296 0.13677 0.07193 0.31033 
0.36692 0.12794 0.03562 0.14554 0.32398 
0.52465 0.01247 0.27816 0.04851 0.13621 
0.03324 0.10772 0.80623 0.03083 0.02198 
0.07996 0.13971 0.56995 0.07849 0.13189 
30 
0.28899 0.44336 0.01163 8.0E-5 0.25594 
0.01575 0.0279 0.40245 0.00592 0.54798 
0.0641 0.00377 0.29281 0.06145 0.57787 
0.09394 0.04352 0.62805 0.22211 0.01238 
7.7E-4 0.04554 0.01552 0.90581 0.03236 
0.01794 0.96715 6.0E-5 0.01122 0.00363 
30 
0.42889 0.0182 0.36041 0.14707 0.04543 
0.12053 0.27089 0.00747 0.55023 0.05088 
0.05658 0.04888 0.07994 0.75455 0.06005 
0.01628 0.28689 0.36305 0.20791 0.12587 
0.00148 0.03254 0.92994 0.03482 0.00122 
0.08881 0.80037 0.05946 0.03951 0.01185 

24 
0.03315 0.08284 0.85548 0.02853 
0.95752 0.00628 0.02898 0.00722 
0.39878 0.5813 0.01093 0.00899 
0.09205 0.4798 0.12529 0.30286 
0.01927 0.01716 0.07899 0.88458 
0.00982 0.47687 0.06645 0.44686 
24 
0.01155 0.02277 0.19427 0.77141 
0.00214 0.00107 0.00974 0.98705 
0.17089 0.0113 0.01338 0.80443 
0.11284 0.37416 0.24227 0.27073 
0.43364 0.0539 0.40614 0.10632 
0.02285 0.09135 0.22315 0.66265 
24 
0.00829 0.94707 0.01819 0.02645 
0.00257 0.01664 0.97649 0.0043 
0.01876 0.1387 0.37328 0.46926 
0.90223 0.03076 0.05808 0.00893 
0.27121 0.03708 0.20981 0.4819 
6.7E-4 0.00943 0.60688 0.38302 
24 
0.11421 0.69828 0.04904 0.13847 
0.04432 0.85691 0.08694 0.01183 
0.59862 0.18114 0.03516 0.18508 
0.37686 0.23518 0.13054 0.25742 
0.12938 0.4745 0.1278 0.26832 
0.36331 0.04516 0.54906 0.04247 
24 
0.45072 0.01654 0.48366 0.04908 
0.30931 9.3E-4 0.64827 0.04149 
0.01623 0.03516 0.8463 0.10231 
0.26375 0.13089 0.25421 0.35115 
0.67543 0.28019 0.03605 0.00833 
0.58529 0.00775 0.27942 0.12754 
24 
0.34336 0.05437 0.59309 0.00918 
0.61228 0.0207 0.01097 0.35605 
0.15578 0.65467 0.06212 0.12743 
0.02892 0.09589 0.76289 0.1123 
0.00853 0.91047 0.07857 0.00243 
0.64226 0.06944 0.25774 0.03056 
24 
0.14309 0.01547 0.03108 0.81036 
0.20281 0.26609 0.07341 0.45769 
0.47449 0.00574 0.04699 0.47278 
0.77306 0.19609 0.01956 0.01129 
0.07803 0.09873 0.72908 0.09416 
0.28316 0.37204 0.26582 0.07898 
24 
0.64603 0.10815 0.19096 0.05486 
0.23678 0.12263 0.52695 0.11364 
0.10104 0.43099 0.43072 0.03725 
0.00731 0.47361 0.4112 0.10788 
0.33214 0.13314 0.28301 0.25171 
0.63798 0.0386 0.09848 0.22494 
24 
0.78703 0.12892 0.04159 0.04246 
0.0874 0.29218 0.2278 0.39262 
0.04027 0.92444 0.03521 8.0E-5 
0.18579 0.04907 0.09335 0.67179 
0.02023 0.89328 0.01826 0.06823 
0.32174 0.09274 0.19464 0.39088 
