V-CREDAL
8
3 4 3 4 4 3 4 3
8
1 0
1 1
2 1 2
2 4 3
2 0 4
3 0 2 5
2 5 6
2 4 7

18
0.931 0.064 0.005
0.769 0.005 0.226
0.001 0.997 0.002
0.0 0.069 0.931
0.044 0.014 0.942
0.812 0.017 0.171

24
0.0 0.154 0.843 0.003
0.003 0.151 0.037 0.809
0.262 0.004 0.5 0.234
0.287 0.035 0.041 0.637
0.128 0.378 0.362 0.132
0.505 0.072 0.137 0.286

18
0.283 0.648 0.069
0.646 0.03 0.324
0.204 0.734 0.062
0.168 0.297 0.535
0.185 0.65 0.165
0.696 0.141 0.163
18
0.883 0.005 0.112
0.298 0.151 0.551
0.12 0.705 0.175
0.956 0.023 0.021
0.604 0.386 0.01
0.439 0.509 0.052
18
0.002 0.077 0.921
0.066 0.022 0.912
0.039 0.952 0.009
0.892 0.069 0.039
0.891 0.054 0.055
0.888 0.074 0.038
18
0.03 0.01 0.96
0.424 0.553 0.023
0.304 0.684 0.012
0.11 0.359 0.531
0.631 0.016 0.353
0.029 0.01 0.961

24
0.19 0.209 0.086 0.515
0.126 0.62 0.102 0.152
0.564 0.206 0.161 0.069
0.166 0.69 0.067 0.077
0.222 0.446 0.016 0.316
0.513 0.322 0.047 0.118
24
0.359 0.093 0.048 0.5
0.05 0.077 0.639 0.234
0.0 0.001 0.637 0.362
0.703 0.001 0.0 0.296
0.05 0.256 0.48 0.214
0.328 0.402 0.197 0.073
24
0.683 0.205 0.069 0.043
0.105 0.281 0.464 0.15
0.176 0.035 0.536 0.253
0.02 0.919 0.005 0.056
0.234 0.112 0.177 0.477
0.139 0.134 0.009 0.718
24
0.294 0.031 0.063 0.612
0.067 0.136 0.72 0.077
0.318 0.531 0.141 0.01
0.009 0.116 0.267 0.608
0.109 0.092 0.493 0.306
0.651 0.01 0.197 0.142

24
0.327 0.254 0.123 0.296
0.008 0.02 0.794 0.178
0.125 0.03 0.039 0.806
0.528 0.108 0.274 0.09
0.093 0.134 0.76 0.013
0.02 0.111 0.077 0.792
24
0.041 0.02 0.06 0.879
0.267 0.155 0.553 0.025
0.546 0.309 0.094 0.051
0.045 0.432 0.034 0.489
0.2 0.604 0.03 0.166
0.252 0.132 0.078 0.538
24
0.166 0.024 0.539 0.271
0.32 0.006 0.196 0.478
0.562 0.163 0.258 0.017
0.0 0.836 0.142 0.022
0.492 0.109 0.399 0.0
0.918 0.009 0.015 0.058

18
0.063 0.929 0.008
0.121 0.098 0.781
0.039 0.718 0.243
0.906 0.046 0.048
0.322 0.054 0.624
0.926 0.07 0.004
18
0.328 0.176 0.496
0.028 0.948 0.024
0.347 0.539 0.114
0.072 0.546 0.382
0.581 0.063 0.356
0.057 0.933 0.01
18
0.082 0.068 0.85
0.023 0.967 0.01
0.053 0.348 0.599
0.931 0.025 0.044
0.555 0.001 0.444
0.44 0.539 0.021
18
0.076 0.409 0.515
0.401 0.578 0.021
0.077 0.484 0.439
0.512 0.119 0.369
0.209 0.233 0.558
0.171 0.554 0.275
18
0.003 0.05 0.947
0.956 0.036 0.008
0.949 0.006 0.045
0.165 0.815 0.02
0.347 0.647 0.006
0.805 0.19 0.005
18
0.016 0.96 0.024
0.525 0.011 0.464
0.011 0.959 0.03
0.988 0.006 0.006
0.02 0.958 0.022
0.35 0.229 0.421
18
0.494 0.155 0.351
0.065 0.925 0.01
0.014 0.345 0.641
0.142 0.048 0.81
0.28 0.041 0.679
0.536 0.187 0.277
18
0.077 0.374 0.549
0.728 0.011 0.261
0.966 0.033 0.001
0.033 0.852 0.115
0.06 0.882 0.058
0.03 0.749 0.221
18
0.678 0.016 0.306
0.147 0.412 0.441
0.313 0.673 0.014
0.05 0.77 0.18
0.676 0.2 0.124
0.707 0.107 0.186

24
0.075 0.779 0.027 0.119
0.026 0.832 0.056 0.086
0.366 0.613 0.009 0.012
0.498 0.476 0.008 0.018
0.112 0.148 0.504 0.236
0.49 0.129 0.317 0.064
24
0.018 0.593 0.079 0.31
0.235 0.004 0.733 0.028
0.07 0.782 0.045 0.103
0.5 0.049 0.274 0.177
0.018 0.063 0.839 0.08
0.057 0.733 0.09 0.12
24
0.13 0.005 0.37 0.495
0.491 0.026 0.457 0.026
0.263 0.326 0.177 0.234
0.709 0.013 0.17 0.108
0.657 0.216 0.105 0.022
0.119 0.132 0.46 0.289

18
0.338 0.101 0.561
0.013 0.8 0.187
0.075 0.518 0.407
0.186 0.262 0.552
0.131 0.829 0.04
0.91 0.024 0.066
18
0.588 0.123 0.289
0.293 0.513 0.194
0.012 0.556 0.432
0.103 0.302 0.595
0.361 0.452 0.187
0.574 0.144 0.282
18
0.139 0.569 0.292
0.53 0.1 0.37
0.543 0.3 0.157
0.339 0.176 0.485
0.301 0.215 0.484
0.766 0.057 0.177
18
0.847 0.149 0.004
0.824 0.009 0.167
0.072 0.207 0.721
0.001 0.893 0.106
0.678 0.013 0.309
0.156 0.837 0.007
