V-CREDAL 
6 
3 2 3 3 3 3 
6 
1 0 
2 0 1 
2 1 2 
2 2 3 
2 3 4 
2 4 5 

12 
0.21378 0.76979 0.01643 
0.64601 0.3012 0.05279 
0.0657 0.23645 0.69785 
0.02716 0.85025 0.12259 

4 
0.10154 0.89846 
0.61022 0.38978 
4 
0.76372 0.23628 
0.64271 0.35729 
4 
0.41909 0.58091 
0.55663 0.44337 

12 
0.06121 0.82854 0.11025 
0.12037 0.38526 0.49437 
0.07525 0.13588 0.78887 
0.1227 0.36245 0.51485 
12 
0.08649 0.00157 0.91194 
0.01154 0.75844 0.23002 
0.53222 0.21176 0.25602 
0.44956 0.10666 0.44378 

12 
0.79613 0.08954 0.11433 
0.02588 0.61322 0.3609 
0.77901 0.0733 0.14769 
0.04256 0.63399 0.32345 
12 
0.94989 0.03151 0.0186 
0.03457 0.91339 0.05204 
0.06729 0.02254 0.91017 
0.03746 0.75445 0.20809 
12 
0.73959 0.07082 0.18959 
0.30588 0.07676 0.61736 
0.07652 0.7702 0.15328 
0.00456 0.321 0.67444 

12 
0.21241 0.49798 0.28961 
0.77395 0.09063 0.13542 
0.41062 0.03175 0.55763 
0.16859 0.09165 0.73976 
12 
0.34132 0.27383 0.38485 
0.33684 0.02624 0.63692 
0.2293 0.02853 0.74217 
0.00592 0.97166 0.02242 
12 
0.01801 0.83126 0.15073 
0.18323 0.46749 0.34928 
0.01373 0.98355 0.00272 
0.10524 0.39758 0.49718 

12 
0.04296 0.94438 0.01266 
0.95158 0.01026 0.03816 
0.07311 0.49287 0.43402 
0.32747 0.29799 0.37454 
12 
0.27607 0.6518 0.07213 
0.73699 0.23637 0.02664 
0.00147 0.33289 0.66564 
0.09691 0.01262 0.89047 
12 
0.42052 0.11636 0.46312 
0.078 0.71905 0.20295 
0.97854 0.01605 0.00541 
0.22826 0.61998 0.15176 
