V-CREDAL 
10 
4 2 3 2 5 5 2 3 5 5 
10 
1 0 
2 0 1 
2 1 2 
2 2 3 
2 3 4 
2 4 5 
2 5 6 
2 6 7 
2 7 8 
2 8 9 

16 
0.17576 0.05606 0.05753 0.71065 
0.22324 0.002 0.51062 0.26414 
0.1672 0.56954 0.0553 0.20796 
0.33406 0.06839 0.14987 0.44768 

4 
0.59182 0.40818 
0.21962 0.78038 
4 
0.57102 0.42898 
0.2908 0.7092 
4 
0.14405 0.85595 
0.07603 0.92397 
4 
0.83485 0.16515 
0.74473 0.25527 

12 
0.20092 0.78872 0.01036 
0.58356 0.33303 0.08341 
0.16968 0.75312 0.0772 
0.35921 0.53728 0.10351 
12 
0.06293 0.78884 0.14823 
0.28653 0.00657 0.7069 
0.72892 0.16538 0.1057 
0.07714 0.13704 0.78582 

4 
0.80597 0.19403 
0.17361 0.82639 
4 
0.77779 0.22221 
0.41773 0.58227 
4 
0.67192 0.32808 
0.1458 0.8542 

20 
0.00267 0.00126 0.91017 0.08454 0.00136 
0.03546 0.36328 0.0075 0.42826 0.1655 
0.08432 0.00759 0.03012 0.01544 0.86253 
0.11308 0.6755 0.18553 0.01022 0.01567 
20 
0.76931 0.00225 0.09465 0.0981 0.03569 
0.10869 0.35101 0.27291 0.17334 0.09405 
0.05591 0.20165 0.6829 0.00382 0.05572 
0.18734 0.18589 0.00308 0.00782 0.61587 

20 
0.96421 0.0137 0.01601 0.00589 1.9E-4 
0.2552 0.29426 0.38045 0.05779 0.0123 
0.12497 0.02723 0.0345 0.37717 0.43613 
0.3462 0.43033 0.00897 0.19311 0.02139 
20 
0.27146 0.45186 0.12739 0.01836 0.13093 
0.51652 0.12005 0.02347 0.06906 0.2709 
0.24306 0.45451 0.06097 0.02937 0.21209 
0.00245 0.14765 0.82782 0.01972 0.00236 
20 
0.06818 0.01577 0.0044 0.77483 0.13682 
0.00982 0.71984 0.00428 0.00317 0.26289 
0.14238 0.8249 0.01541 0.00652 0.01079 
0.04487 0.05541 0.37243 0.40153 0.12576 
20 
5.0E-5 0.00249 0.80698 0.08795 0.10253 
0.272 0.60985 0.1065 0.00657 0.00508 
0.2217 0.05266 0.41418 0.03683 0.27463 
0.22704 0.44642 0.30754 0.00203 0.01697 
20 
0.00643 0.12743 0.46192 0.14528 0.25894 
0.14294 0.62332 0.10755 0.00145 0.12474 
0.53726 0.079 0.18182 0.19778 0.00414 
0.07354 0.56551 0.07758 0.26084 0.02253 

4 
0.90455 0.09545 
0.89709 0.10291 
4 
0.79957 0.20043 
0.38962 0.61038 
4 
0.25243 0.74757 
0.58193 0.41807 
4 
0.1794 0.8206 
0.10844 0.89156 
4 
0.25448 0.74552 
0.64395 0.35605 

12 
0.62351 0.31362 0.06287 
0.72512 0.05391 0.22097 
0.56618 0.27794 0.15588 
0.28675 0.67276 0.04049 
12 
0.67012 0.00239 0.32749 
0.14781 0.00983 0.84236 
0.06376 0.929 0.00724 
0.64157 0.19419 0.16424 

20 
0.38791 0.00638 0.18072 0.42012 0.00487 
0.90689 0.01372 0.01209 0.01861 0.04869 
1.7E-4 0.11686 1.9E-4 0.87845 0.00433 
0.0981 0.1448 0.444 0.22143 0.09167 
20 
1.5E-4 0.06339 0.46284 0.00106 0.47256 
0.82942 0.04632 0.03713 0.01498 0.07215 
0.00398 0.4027 0.18092 0.36783 0.04457 
0.01279 0.16371 0.00971 0.81146 0.00233 
20 
0.03939 0.29725 0.06633 0.56611 0.03092 
0.50007 0.23824 0.15434 0.01502 0.09233 
0.04349 0.04811 0.78591 0.11228 0.01021 
0.27784 0.65584 0.00263 0.06299 7.0E-4 

20 
0.09869 0.3373 0.00702 0.51964 0.03735 
0.99873 1.0E-5 9.0E-5 6.9E-4 4.8E-4 
2.3E-4 4.0E-5 0.76853 0.23107 1.3E-4 
0.74859 0.01633 0.03904 0.16905 0.02699 
20 
0.09618 0.08926 0.08273 0.05563 0.6762 
0.17202 0.17671 0.19899 0.44192 0.01036 
0.12228 0.00214 0.60085 0.22424 0.05049 
0.58445 0.02959 0.05889 0.0263 0.30077 
20 
6.6E-4 0.09559 0.34062 0.56252 6.1E-4 
0.03175 0.03175 0.88519 0.03526 0.01605 
0.18282 0.1078 0.19203 0.43215 0.0852 
0.03316 0.01044 0.20769 0.02899 0.71972 
20 
0.06008 0.08335 0.38624 0.20919 0.26114 
0.09194 0.10721 0.21253 0.05753 0.53079 
0.87746 0.00107 0.00589 0.00378 0.1118 
0.07296 0.88701 0.00252 0.01293 0.02458 
20 
0.07249 0.18633 0.10552 0.01201 0.62365 
0.40789 0.01002 0.17813 0.34146 0.0625 
0.00663 0.60901 0.10146 0.27032 0.01258 
0.3505 0.36602 0.08879 0.11895 0.07574 
