V-CREDAL 
6 
4 4 2 2 3 4 
6 
2 5 0 
1 1 
3 4 5 2 
2 1 3 
1 4 
2 1 5 

24 
0.02059 0.93849 0.02115 0.01977 
0.43193 0.15973 0.07284 0.3355 
0.04333 0.65758 0.04308 0.25601 
0.07957 6.7E-4 0.46006 0.4597 
0.19329 0.00687 0.76039 0.03945 
0.54864 0.17811 0.01128 0.26197 
24 
0.34406 0.65389 7.6E-4 0.00129 
0.07069 0.00344 0.92243 0.00344 
0.01257 0.9768 0.00767 0.00296 
0.98019 7.6E-4 0.01089 0.00816 
0.39394 0.02522 0.43462 0.14622 
0.00555 0.82872 3.2E-4 0.16541 
24 
9.0E-4 0.75723 0.24085 0.00102 
0.5618 0.29334 0.00185 0.14301 
0.01645 0.96467 0.00463 0.01425 
0.02425 0.11266 0.05809 0.805 
0.07393 0.17344 0.33984 0.41279 
0.91126 0.01319 0.00279 0.07276 
24 
0.52188 0.38569 0.03194 0.06049 
0.8665 0.0135 0.05804 0.06196 
0.07271 0.87112 0.05065 0.00552 
0.46329 0.36793 0.07708 0.0917 
0.01719 0.91792 0.03242 0.03247 
0.56993 0.07785 0.09957 0.25265 

24 
0.02241 0.30872 0.42381 0.24506 
0.13527 0.12834 0.15555 0.58084 
0.26246 0.39374 0.02983 0.31397 
0.59604 0.34701 0.00712 0.04983 
0.21773 0.04339 0.66596 0.07292 
0.30431 0.47889 0.16924 0.04756 

4 
0.30211 0.69789 
0.17695 0.82305 
4 
0.96068 0.03932 
0.67083 0.32917 
4 
0.5963 0.4037 
0.17947 0.82053 
4 
0.14012 0.85988 
0.00865 0.99135 
4 
0.29475 0.70525 
0.76284 0.23716 
4 
0.2869 0.7131 
0.53333 0.46667 
4 
0.21866 0.78134 
0.93589 0.06411 
4 
0.4751 0.5249 
0.26128 0.73872 
4 
0.03961 0.96039 
0.54816 0.45184 
4 
0.90743 0.09257 
0.99554 0.00446 
4 
0.97945 0.02055 
0.54222 0.45778 
4 
0.14482 0.85518 
0.21797 0.78203 

4 
0.18232 0.81768 
0.05792 0.94208 
4 
0.29475 0.70525 
0.47629 0.52371 
4 
0.79856 0.20144 
0.72018 0.27982 
4 
0.08521 0.91479 
0.89333 0.10667 

18 
0.58785 0.06883 0.34332 
0.61861 0.36141 0.01998 
0.04547 0.92824 0.02629 
0.17689 0.02904 0.79407 
0.09087 0.05454 0.85459 
0.55419 0.02656 0.41925 

24 
0.17499 0.06768 0.73678 0.02055 
0.06417 0.04461 0.83891 0.05231 
0.06986 0.87413 0.02457 0.03144 
0.08763 0.21552 0.42205 0.2748 
0.00767 0.97499 1.1E-4 0.01723 
0.00132 0.99739 0.00104 2.5E-4 
24 
0.19311 0.13857 0.16656 0.50176 
0.10715 0.63449 0.14535 0.11301 
0.03501 0.1977 0.67899 0.0883 
0.00991 0.54155 0.1351 0.31344 
0.05351 0.0097 0.03547 0.90132 
0.09396 0.71182 0.18376 0.01046 
24 
0.18326 0.14714 0.51422 0.15538 
0.89747 0.00169 0.00912 0.09172 
0.05474 0.03108 0.87889 0.03529 
0.01223 0.17657 0.01686 0.79434 
0.26632 0.04199 0.36944 0.32225 
0.75413 0.04563 0.18889 0.01135 
24 
0.09853 0.61772 0.19911 0.08464 
0.02771 0.8672 0.06891 0.03618 
0.63089 0.08075 0.10059 0.18777 
0.58104 0.17082 0.17532 0.07282 
0.41951 0.01794 0.10623 0.45632 
0.00177 0.42152 0.18423 0.39248 
