V-CREDAL
8
3 2 3 4 2 3 3 2
8
2 1 0
2 3 1
3 5 7 2
1 3
2 3 4
1 5
2 5 6
2 3 7

18
0.735 0.058 0.207
0.304 0.65 0.046
0.009 0.223 0.768
0.015 0.069 0.916
0.017 0.239 0.744
0.209 0.053 0.738
18
0.894 0.063 0.043
0.007 0.021 0.972
0.06 0.716 0.224
0.242 0.005 0.753
0.589 0.403 0.008
0.908 0.033 0.059

4
0.91 0.09
0.896 0.104
4
0.759 0.241
0.724 0.276
4
0.248 0.752
0.282 0.718
4
0.697 0.303
0.134 0.866

18
0.415 0.456 0.129
0.558 0.425 0.017
0.155 0.014 0.831
0.145 0.233 0.622
0.807 0.05 0.143
0.147 0.016 0.837
18
0.512 0.382 0.106
0.594 0.16 0.246
0.439 0.042 0.519
0.353 0.532 0.115
0.659 0.241 0.1
0.365 0.308 0.327
18
0.254 0.079 0.667
0.224 0.717 0.059
0.934 0.01 0.056
0.008 0.29 0.702
0.33 0.653 0.017
0.071 0.502 0.427
18
0.745 0.033 0.222
0.509 0.34 0.151
0.186 0.299 0.515
0.739 0.13 0.131
0.507 0.016 0.477
0.159 0.24 0.601
18
0.334 0.051 0.615
0.555 0.437 0.008
0.572 0.091 0.337
0.022 0.117 0.861
0.002 0.988 0.01
0.569 0.032 0.399
18
0.037 0.673 0.29
0.103 0.882 0.015
0.234 0.139 0.627
0.05 0.497 0.453
0.037 0.956 0.007
0.191 0.555 0.254

24
0.974 0.007 0.0 0.019
0.066 0.024 0.081 0.829
0.546 0.089 0.121 0.244
0.009 0.024 0.056 0.911
0.009 0.047 0.094 0.85
0.206 0.636 0.018 0.14

4
0.988 0.012
0.288 0.712
4
0.105 0.895
0.971 0.029
4
0.258 0.742
0.855 0.145
4
0.655 0.345
0.44 0.56

18
0.072 0.82 0.108
0.297 0.692 0.011
0.122 0.009 0.869
0.968 0.003 0.029
0.104 0.055 0.841
0.105 0.817 0.078

18
0.776 0.048 0.176
0.224 0.052 0.724
0.126 0.111 0.763
0.032 0.942 0.026
0.028 0.596 0.376
0.067 0.286 0.647
18
0.133 0.742 0.125
0.585 0.084 0.331
0.806 0.182 0.012
0.446 0.069 0.485
0.066 0.028 0.906
0.145 0.795 0.06
18
0.37 0.049 0.581
0.539 0.032 0.429
0.915 0.083 0.002
0.11 0.828 0.062
0.777 0.044 0.179
0.13 0.636 0.234

4
0.103 0.897
0.196 0.804
4
0.786 0.214
0.9 0.1
4
0.387 0.613
0.173 0.827
4
0.195 0.805
0.214 0.786
