V-CREDAL
10
4 4 3 3 3 2 2 2 3 2
10
2 3 0
2 0 1
2 3 2
1 3
2 6 4
3 3 7 5
2 5 6
1 7
2 6 8
2 5 9

16
0.118 0.577 0.262 0.043
0.133 0.666 0.155 0.046
0.912 0.009 0.069 0.01
0.155 0.339 0.192 0.314
16
0.648 0.007 0.334 0.011
0.254 0.174 0.297 0.275
0.179 0.369 0.094 0.358
0.154 0.063 0.742 0.041
16
0.56 0.051 0.025 0.364
0.059 0.92 0.016 0.005
0.12 0.403 0.43 0.047
0.103 0.085 0.399 0.413

16
0.085 0.58 0.045 0.29
0.901 0.066 0.015 0.018
0.059 0.381 0.451 0.109
0.025 0.001 0.963 0.011
16
0.412 0.007 0.023 0.558
0.383 0.083 0.017 0.517
0.04 0.269 0.464 0.227
0.79 0.146 0.044 0.02
16
0.056 0.73 0.152 0.062
0.029 0.653 0.276 0.042
0.416 0.101 0.028 0.455
0.042 0.002 0.131 0.825
16
0.459 0.228 0.243 0.07
0.205 0.092 0.425 0.278
0.368 0.484 0.078 0.07
0.774 0.087 0.048 0.091

12
0.477 0.215 0.308
0.309 0.42 0.271
0.503 0.48 0.017
0.968 0.002 0.03
12
0.063 0.848 0.089
0.077 0.899 0.024
0.619 0.109 0.272
0.15 0.436 0.414
12
0.022 0.928 0.05
0.33 0.025 0.645
0.593 0.098 0.309
0.081 0.459 0.46

12
0.948 0.046 0.006
0.054 0.884 0.062
0.012 0.015 0.973
0.003 0.038 0.959

12
0.312 0.648 0.04
0.213 0.272 0.515
0.467 0.452 0.081
0.015 0.753 0.232
12
0.128 0.788 0.084
0.789 0.016 0.195
0.099 0.389 0.512
0.135 0.207 0.658

4
0.226 0.774
0.643 0.357
4
0.92 0.08
0.935 0.065
4
0.51 0.49
0.015 0.985
4
0.253 0.747
0.439 0.561
4
0.897 0.103
0.759 0.241
4
0.785 0.215
0.375 0.625

4
0.123 0.877
0.098 0.902
4
0.652 0.348
0.806 0.194

4
0.616 0.384
0.85 0.15

12
0.508 0.106 0.386
0.362 0.264 0.374
0.025 0.903 0.072
0.493 0.033 0.474
12
0.123 0.689 0.188
0.831 0.125 0.044
0.632 0.202 0.166
0.278 0.414 0.308

4
0.531 0.469
0.901 0.099
4
0.994 0.006
0.373 0.627
