V-CREDAL 
8 
2 2 4 4 2 2 3 4 
8 
2 6 0 
3 2 5 1 
1 2 
2 0 3 
2 7 4 
3 4 6 5 
1 6 
1 7 

4 
0.16981 0.83019 
0.02193 0.97807 
4 
0.90692 0.09308 
0.74082 0.25918 
4 
0.23474 0.76526 
0.789 0.211 

4 
0.01387 0.98613 
0.88961 0.11039 
4 
0.92745 0.07255 
0.21057 0.78943 
4 
0.12415 0.87585 
0.20445 0.79555 
4 
0.73671 0.26329 
0.32958 0.67042 
4 
0.96256 0.03744 
0.72564 0.27436 
4 
0.05001 0.94999 
0.16208 0.83792 
4 
0.86285 0.13715 
0.70908 0.29092 
4 
0.65473 0.34527 
0.35563 0.64437 

16 
0.68529 0.15575 0.14722 0.01174 
0.18499 0.05237 0.25075 0.51189 
0.24454 0.49473 0.23654 0.02419 
0.36324 0.04065 0.04121 0.5549 

16 
0.23571 0.0699 0.00931 0.68508 
0.59947 0.14456 0.18706 0.06891 
0.04272 0.84451 0.04271 0.07006 
0.87445 0.02101 0.0179 0.08664 
16 
0.06327 0.00258 0.93357 5.8E-4 
0.60316 0.26943 0.01894 0.10847 
0.28399 0.39471 0.10735 0.21395 
0.28942 0.08533 0.03921 0.58604 

4 
0.7339 0.2661 
0.46555 0.53445 
4 
0.89605 0.10395 
0.33386 0.66614 
4 
0.67767 0.32233 
0.96511 0.03489 
4 
0.44143 0.55857 
0.38445 0.61555 

4 
0.29277 0.70723 
0.40779 0.59221 
4 
0.91379 0.08621 
0.0205 0.9795 
4 
0.32479 0.67521 
0.58362 0.41638 
4 
0.13727 0.86273 
0.92289 0.07711 
4 
0.54935 0.45065 
0.60983 0.39017 
4 
0.80975 0.19025 
0.71564 0.28436 

12 
0.19468 0.72922 0.0761 
0.56906 0.35877 0.07217 
0.36708 0.28842 0.3445 
0.12815 0.60709 0.26476 

16 
0.03404 0.34233 0.11823 0.5054 
0.06136 0.03569 0.8397 0.06325 
0.78407 0.03536 0.16558 0.01499 
0.07388 0.07111 0.7692 0.08581 
