V-CREDAL 
4 
5 4 5 5 
4 
1 0 
2 0 1 
2 1 2 
2 2 3 

30 
0.01367 0.40601 0.00827 0.2969 0.27515 
0.1164 0.74459 0.03986 0.0808 0.01835 
0.03166 0.00596 0.12792 0.181 0.65346 
0.05641 0.49015 0.0143 0.35476 0.08438 
0.07492 0.12732 0.07244 0.50344 0.22188 
0.44635 0.51595 0.02736 0.00864 0.0017 

24 
0.73198 0.06856 0.10361 0.09585 
0.20503 0.16592 0.39706 0.23199 
0.14116 0.0731 0.35862 0.42712 
0.33007 0.16595 0.31288 0.1911 
0.09643 0.00324 0.081 0.81933 
0.27655 0.09995 0.03687 0.58663 
24 
0.53743 0.04663 0.07593 0.34001 
0.02127 0.01028 0.84415 0.1243 
0.77825 0.17124 0.04647 0.00404 
0.18826 0.03307 0.17929 0.59938 
0.26159 0.15491 0.46668 0.11682 
0.59999 0.03117 0.36 0.00884 
24 
0.20284 0.49511 0.03797 0.26408 
0.19574 0.02584 0.37275 0.40567 
0.03193 0.49958 0.16236 0.30613 
0.47229 0.35143 0.01392 0.16236 
0.22071 0.39468 0.28325 0.10136 
0.8956 0.02275 0.0654 0.01625 
24 
0.23226 0.05905 0.12359 0.5851 
0.00511 0.97759 0.01623 0.00107 
0.20525 0.0156 0.51486 0.26429 
0.43021 0.00766 0.14716 0.41497 
0.25447 0.3845 0.29241 0.06862 
0.18548 0.15741 0.02234 0.63477 
24 
0.78739 0.06122 0.00193 0.14946 
0.01469 0.17714 0.72612 0.08205 
0.68367 0.00243 0.01108 0.30282 
0.01096 0.64813 0.33618 0.00473 
0.69687 0.00494 0.00969 0.2885 
0.35241 0.01047 0.21297 0.42415 

30 
0.22653 0.27538 0.11344 0.1918 0.19285 
6.6E-4 0.01065 0.00915 7.6E-4 0.97878 
0.01473 0.28645 0.45675 0.21016 0.03191 
0.03701 0.00713 0.93352 0.02204 3.0E-4 
0.06391 0.00308 0.00537 0.81002 0.11762 
0.06714 0.48765 0.37003 0.01716 0.05802 
30 
0.28474 0.04055 0.40012 0.16115 0.11344 
0.03967 4.2E-4 0.15023 0.00423 0.80545 
0.12686 0.78832 0.00441 0.00153 0.07888 
0.00753 0.36912 0.05706 0.28106 0.28523 
0.06939 0.04824 0.29248 0.33281 0.25708 
2.0E-5 0.90435 5.0E-5 0.09554 4.0E-5 
30 
0.12114 0.39051 0.25727 0.09613 0.13495 
0.01818 0.64858 0.03829 0.25814 0.03681 
0.08558 0.12413 0.04058 0.72362 0.02609 
0.00298 0.00444 0.1973 0.78874 0.00654 
0.41373 0.15864 0.08361 0.13885 0.20517 
0.1412 0.09819 0.04739 0.71158 0.00164 
30 
0.0171 0.06348 0.86603 0.01234 0.04105 
0.43028 0.0105 0.22685 0.08046 0.25191 
0.03806 0.56143 0.13907 0.02265 0.23879 
0.00225 0.97955 3.2E-4 1.8E-4 0.0177 
0.02408 0.0374 0.69065 0.15826 0.08961 
0.86757 0.0168 0.02268 0.09131 0.00164 

30 
0.62885 0.09458 0.23083 0.02381 0.02193 
0.25963 0.15202 0.36774 0.19496 0.02565 
6.6E-4 0.09054 0.80527 0.00457 0.09896 
0.00128 0.19226 0.04688 0.02545 0.73413 
0.75485 0.00388 0.01918 0.16592 0.05617 
0.1094 0.19918 0.11292 0.5677 0.0108 
30 
0.02938 0.22241 0.47467 0.0159 0.25764 
0.29104 0.02277 0.24402 0.14357 0.2986 
0.07462 0.14594 0.23453 0.16769 0.37722 
0.00383 0.03507 0.60309 3.0E-4 0.35771 
0.53673 0.01978 0.1876 0.10636 0.14953 
0.00658 0.0062 0.111 0.74017 0.13605 
30 
0.49253 0.09578 0.01678 0.2073 0.18761 
5.5E-4 0.05811 7.6E-4 0.00159 0.93899 
0.07989 0.26578 0.59535 0.05805 9.3E-4 
0.04672 0.16087 0.67394 0.02732 0.09115 
0.60926 0.0192 0.32088 0.04061 0.01005 
0.06885 0.04194 0.03002 0.82951 0.02968 
30 
0.03151 0.03046 0.01867 0.0436 0.87576 
0.42485 0.29428 0.23743 0.01381 0.02963 
0.07279 0.02359 0.82985 0.03922 0.03455 
0.1473 0.00309 2.7E-4 0.84829 0.00105 
0.62073 0.23596 0.07654 0.01814 0.04863 
0.22098 0.01115 0.09403 0.28426 0.38958 
30 
0.14507 0.0151 0.73198 0.10238 0.00547 
0.2304 0.10579 0.07653 0.10751 0.47977 
0.06971 0.39302 0.06699 0.34122 0.12906 
0.07754 0.14955 0.09075 0.67458 0.00758 
0.79058 0.03057 0.07142 0.04284 0.06459 
6.0E-4 0.87039 0.00799 0.11721 0.00381 
