V-CREDAL 
4 
4 4 4 2 
4 
3 1 2 0 
1 1 
2 3 2 
1 3 

16 
0.24343 0.01438 4.2E-4 0.74177 
0.52363 0.17162 0.25965 0.0451 
0.00206 1.8E-4 0.00947 0.98829 
0.35783 0.20358 0.13036 0.30823 
16 
0.38727 0.3478 0.16096 0.10397 
0.00532 0.74382 0.23333 0.01753 
0.46087 0.01542 2.0E-5 0.52369 
0.05708 0.53472 0.03211 0.37609 
16 
0.76785 0.21076 0.01347 0.00792 
0.89729 0.0631 0.00224 0.03737 
0.71083 0.04012 0.18925 0.0598 
0.01611 0.06508 0.86058 0.05823 
16 
0.42702 0.05487 0.1217 0.39641 
0.35365 0.42586 0.12156 0.09893 
0.58708 0.02088 0.0094 0.38264 
0.96652 0.02736 0.00306 0.00306 
16 
0.03756 0.35106 0.59231 0.01907 
0.02651 0.09287 0.33324 0.54738 
0.391 0.28013 0.09814 0.23073 
0.44243 0.53063 0.01112 0.01582 
16 
0.37242 0.50465 0.05609 0.06684 
0.30946 0.26974 0.40742 0.01338 
0.14016 0.61953 0.0498 0.19051 
0.00359 0.24352 0.72354 0.02935 
16 
0.15174 0.63817 0.1374 0.07269 
0.31168 0.14321 0.33238 0.21273 
0.00307 0.03426 0.04407 0.9186 
0.20276 0.57569 0.05239 0.16916 
16 
0.1384 0.08892 0.71718 0.0555 
0.03127 0.00707 0.00635 0.95531 
0.57813 0.1807 0.13215 0.10902 
0.03067 0.08499 0.06705 0.81729 
16 
0.34959 0.28204 0.02628 0.34209 
0.05093 2.5E-4 0.94723 0.00159 
0.02303 0.06096 0.01923 0.89678 
0.05527 0.59336 0.24015 0.11122 
16 
0.10946 0.09762 0.04651 0.74641 
0.1239 0.77565 0.04971 0.05074 
0.97949 0.01649 0.00105 0.00297 
0.07561 0.22316 0.45185 0.24938 
16 
0.17287 0.02386 0.68654 0.11673 
0.009 0.23126 0.0519 0.70784 
0.10176 0.74566 0.03971 0.11287 
0.40506 0.37463 0.12426 0.09605 
16 
0.61072 0.06637 0.00842 0.31449 
0.13883 0.13882 0.38488 0.33747 
0.62927 0.00499 0.02599 0.33975 
0.27148 0.68984 0.01262 0.02606 
16 
0.11578 0.26845 0.51882 0.09695 
0.07458 0.43927 0.43296 0.05319 
0.07909 0.09364 0.04501 0.78226 
0.02496 0.05653 0.35668 0.56183 
16 
0.09401 0.11447 0.75025 0.04127 
0.00182 0.24903 0.40193 0.34722 
0.1486 0.19436 0.47522 0.18182 
0.00586 0.21918 0.77359 0.00137 
16 
0.16176 0.68006 0.13638 0.0218 
0.54087 0.02093 0.12502 0.31318 
0.16383 0.56321 0.0731 0.19986 
0.08174 0.01316 0.86463 0.04047 
16 
0.63123 0.35248 0.00648 0.00981 
0.07259 0.08456 0.79003 0.05282 
0.29818 0.04983 0.11225 0.53974 
0.10206 0.00598 0.00829 0.88367 

16 
0.9822 0.0058 9.4E-4 0.01106 
0.59529 0.02232 0.23643 0.14596 
0.2539 0.58163 0.05184 0.11263 
0.1855 0.14179 0.26225 0.41046 

16 
0.01237 0.81638 0.11793 0.05332 
0.72479 0.02179 0.23994 0.01348 
0.02824 0.35074 0.25032 0.3707 
0.89188 0.00581 0.09935 0.00296 
16 
0.49336 0.12804 0.17572 0.20288 
0.50811 0.13944 0.28615 0.0663 
0.01794 0.03692 0.26639 0.67875 
0.61201 0.33263 0.03593 0.01943 

4 
0.38852 0.61148 
0.56251 0.43749 
