V-CREDAL 
10 
4 3 3 3 2 3 3 4 2 2 
10 
1 0 
2 0 1 
2 1 2 
2 2 3 
2 3 4 
2 4 5 
2 5 6 
2 6 7 
2 7 8 
2 8 9 

24 
0.274 0.489 0.176 0.061 
0.094 0.491 0.03 0.385 
0.21 0.137 0.368 0.285 
0.006 0.103 0.785 0.106 
0.012 0.657 0.104 0.227 
0.019 0.749 0.101 0.131 

18 
0.203 0.028 0.769 
0.085 0.874 0.041 
0.013 0.028 0.959 
0.696 0.169 0.135 
0.722 0.235 0.043 
0.051 0.854 0.095 
18 
0.012 0.044 0.944 
0.017 0.973 0.01 
0.072 0.028 0.9 
0.955 0.043 0.002 
0.996 0.002 0.002 
0.493 0.011 0.496 
18 
0.673 0.064 0.263 
0.006 0.063 0.931 
0.586 0.037 0.377 
0.002 0.941 0.057 
0.846 0.144 0.01 
0.405 0.039 0.556 
18 
0.943 0.03 0.027 
0.027 0.061 0.912 
0.046 0.925 0.029 
0.416 0.579 0.005 
0.015 0.394 0.591 
0.012 0.885 0.103 

18 
0.888 0.038 0.074 
0.325 0.506 0.169 
0.578 0.31 0.112 
0.275 0.04 0.685 
0.076 0.299 0.625 
0.219 0.105 0.676 
18 
0.016 0.051 0.933 
0.017 0.977 0.006 
0.75 0.017 0.233 
0.946 0.037 0.017 
0.468 0.524 0.008 
0.383 0.033 0.584 
18 
0.542 0.036 0.422 
0.247 0.414 0.339 
0.021 0.245 0.734 
0.594 0.345 0.061 
0.434 0.494 0.072 
0.617 0.292 0.091 

18 
0.491 0.224 0.285 
0.482 0.337 0.181 
0.353 0.631 0.016 
0.002 0.15 0.848 
0.108 0.011 0.881 
0.416 0.134 0.45 
18 
0.012 0.07 0.918 
0.866 0.113 0.021 
0.227 0.756 0.017 
0.888 0.053 0.059 
0.002 0.821 0.177 
0.104 0.003 0.893 
18 
0.559 0.073 0.368 
0.627 0.321 0.052 
0.111 0.865 0.024 
0.001 0.018 0.981 
0.022 0.623 0.355 
0.19 0.803 0.007 

4 
0.993 0.007 
0.653 0.347 
4 
0.972 0.028 
0.977 0.023 
4 
0.187 0.813 
0.724 0.276 

18 
0.249 0.659 0.092 
0.022 0.042 0.936 
0.408 0.489 0.103 
0.254 0.11 0.636 
0.01 0.332 0.658 
0.398 0.24 0.362 
18 
0.636 0.191 0.173 
0.407 0.147 0.446 
0.271 0.245 0.484 
0.234 0.288 0.478 
0.859 0.07 0.071 
0.421 0.138 0.441 

18 
0.026 0.005 0.969 
0.022 0.964 0.014 
0.983 0.002 0.015 
0.004 0.847 0.149 
0.987 0.007 0.006 
0.002 0.049 0.949 
18 
0.16 0.834 0.006 
0.036 0.736 0.228 
0.006 0.01 0.984 
0.981 0.009 0.01 
0.027 0.521 0.452 
0.053 0.841 0.106 
18 
0.139 0.01 0.851 
0.46 0.467 0.073 
0.446 0.189 0.365 
0.058 0.09 0.852 
0.388 0.495 0.117 
0.065 0.044 0.891 

24 
0.375 0.15 0.267 0.208 
0.117 0.369 0.39 0.124 
0.979 0.014 0.003 0.004 
0.002 0.001 0.991 0.006 
0.723 0.02 0.227 0.03 
0.067 0.211 0.696 0.026 
24 
0.021 0.734 0.077 0.168 
0.013 0.124 0.414 0.449 
0.074 0.044 0.872 0.01 
0.77 0.135 0.066 0.029 
0.021 0.423 0.499 0.057 
0.028 0.671 0.279 0.022 
24 
0.06 0.026 0.008 0.906 
0.094 0.13 0.284 0.492 
0.003 0.063 0.056 0.878 
0.473 0.136 0.098 0.293 
0.654 0.013 0.256 0.077 
0.015 0.856 0.105 0.024 

4 
0.043 0.957 
0.467 0.533 
4 
0.249 0.751 
0.819 0.181 
4 
0.524 0.476 
0.757 0.243 
4 
0.543 0.457 
0.263 0.737 

4 
0.69 0.31 
0.035 0.965 
4 
0.761 0.239 
0.057 0.943 
