V-CREDAL
8
2 4 2 3 3 3 4 2
8
1 0
2 0 1
2 1 2
2 2 3
2 3 4
2 4 5
2 5 6
2 6 7

4
0.949 0.051
0.669 0.331

16
0.148 0.352 0.107 0.393
0.04 0.456 0.076 0.428
0.238 0.017 0.471 0.274
0.16 0.618 0.165 0.057
16
0.097 0.086 0.217 0.6
0.403 0.194 0.165 0.238
0.265 0.093 0.437 0.205
0.361 0.205 0.185 0.249

4
0.997 0.003
0.934 0.066
4
0.082 0.918
0.427 0.573
4
0.76 0.24
0.536 0.464
4
0.734 0.266
0.561 0.439

12
0.361 0.618 0.021
0.126 0.389 0.485
0.208 0.742 0.05
0.081 0.03 0.889
12
0.723 0.165 0.112
0.111 0.499 0.39
0.621 0.101 0.278
0.589 0.368 0.043

12
0.009 0.063 0.928
0.513 0.364 0.123
0.663 0.081 0.256
0.007 0.131 0.862
12
0.015 0.87 0.115
0.113 0.225 0.662
0.607 0.295 0.098
0.558 0.129 0.313
12
0.014 0.897 0.089
0.011 0.402 0.587
0.027 0.126 0.847
0.617 0.079 0.304

12
0.114 0.557 0.329
0.488 0.16 0.352
0.402 0.578 0.02
0.459 0.03 0.511
12
0.497 0.111 0.392
0.098 0.844 0.058
0.003 0.032 0.965
0.502 0.2 0.298
12
0.485 0.047 0.468
0.457 0.053 0.49
0.233 0.35 0.417
0.329 0.568 0.103

16
0.081 0.147 0.069 0.703
0.121 0.41 0.21 0.259
0.005 0.004 0.045 0.946
0.001 0.613 0.0 0.386
16
0.399 0.085 0.234 0.282
0.272 0.047 0.046 0.635
0.785 0.136 0.048 0.031
0.571 0.004 0.392 0.033
16
0.001 0.036 0.069 0.894
0.102 0.279 0.249 0.37
0.114 0.688 0.17 0.028
0.186 0.175 0.043 0.596

4
0.541 0.459
0.637 0.363
4
0.321 0.679
0.837 0.163
4
0.456 0.544
0.249 0.751
4
0.754 0.246
0.066 0.934
