V-CREDAL 
4 
2 3 2 3 
4 
1 0 
1 1 
2 0 2 
3 0 1 3 

4 
0.726 0.274 
0.686 0.314 

18 
0.022 0.081 0.897 
0.371 0.453 0.176 
0.247 0.507 0.246 
0.699 0.21 0.091 
0.909 0.041 0.05 
0.073 0.252 0.675 

4 
0.926 0.074 
0.83 0.17 
4 
0.179 0.821 
0.696 0.304 

18 
0.213 0.021 0.766 
0.91 0.015 0.075 
0.116 0.139 0.745 
0.424 0.405 0.171 
0.748 0.224 0.028 
0.624 0.329 0.047 
18 
0.614 0.262 0.124 
0.205 0.762 0.033 
0.256 0.711 0.033 
0.156 0.15 0.694 
0.713 0.067 0.22 
0.024 0.817 0.159 
18 
0.178 0.736 0.086 
0.176 0.006 0.818 
0.748 0.072 0.18 
0.003 0.189 0.808 
0.249 0.694 0.057 
0.013 0.256 0.731 
18 
0.045 0.745 0.21 
0.084 0.049 0.867 
0.042 0.077 0.881 
0.694 0.223 0.083 
0.02 0.558 0.422 
0.801 0.112 0.087 
18 
0.034 0.612 0.354 
0.028 0.491 0.481 
0.05 0.917 0.033 
0.541 0.399 0.06 
0.224 0.02 0.756 
0.404 0.04 0.556 
18 
0.711 0.014 0.275 
0.855 0.014 0.131 
0.257 0.093 0.65 
0.019 0.977 0.004 
0.841 0.081 0.078 
0.007 0.962 0.031 
