V-CREDAL 
4 
4 3 4 4 
4 
1 0 
2 0 1 
2 1 2 
2 2 3 

24 
0.04407 0.27652 0.63211 0.0473 
0.75557 0.02846 0.06392 0.15205 
0.69871 0.13794 0.07435 0.089 
0.36816 0.04078 0.3381 0.25296 
0.17025 0.14282 0.23622 0.45071 
0.04879 0.17526 0.64664 0.12931 

18 
0.06838 0.15996 0.77166 
0.875 0.06068 0.06432 
0.29587 0.7017 0.00243 
0.36447 0.0323 0.60323 
0.87497 0.03516 0.08987 
0.24828 0.73671 0.01501 
18 
0.66123 0.27953 0.05924 
0.03505 0.93762 0.02733 
0.10148 0.15407 0.74445 
0.54624 0.1979 0.25586 
0.04709 0.2708 0.68211 
0.06829 0.22403 0.70768 
18 
0.93915 0.03788 0.02297 
0.17913 0.27159 0.54928 
0.09064 0.80662 0.10274 
0.29991 0.1087 0.59139 
0.87113 0.11129 0.01758 
0.08172 0.89804 0.02024 
18 
0.90421 0.07256 0.02323 
0.02451 0.94151 0.03398 
0.27709 0.00153 0.72138 
0.03859 0.00224 0.95917 
0.97302 0.00355 0.02343 
0.96033 0.00248 0.03719 

24 
0.04564 0.52239 0.10371 0.32826 
0.21179 0.12072 0.32956 0.33793 
0.01604 0.57104 0.36472 0.0482 
0.11207 0.15051 0.20434 0.53308 
0.02775 0.23982 0.01671 0.71572 
0.6177 0.11506 0.14553 0.12171 
24 
0.10882 0.00342 0.68232 0.20544 
0.00386 0.9628 0.02224 0.0111 
0.1076 0.21985 0.40191 0.27064 
0.01761 0.14994 0.83224 2.1E-4 
0.0223 0.7396 0.02729 0.21081 
0.39681 0.15282 0.43375 0.01662 
24 
0.10257 0.49276 0.10209 0.30258 
0.25872 0.00977 0.58619 0.14532 
0.34887 0.01221 0.35276 0.28616 
0.00274 0.06254 0.6386 0.29612 
0.09509 2.5E-4 0.89467 0.00999 
0.02969 0.88181 0.00592 0.08258 

24 
0.82049 0.09063 0.07497 0.01391 
0.00911 0.54839 0.35633 0.08617 
0.4855 0.07683 0.15284 0.28483 
0.00154 3.0E-4 0.99393 0.00423 
0.18725 0.73784 0.05632 0.01859 
0.71845 0.10323 0.06221 0.11611 
24 
0.59515 0.01988 0.10459 0.28038 
0.01932 0.06711 0.42523 0.48834 
0.48626 0.29142 0.13278 0.08954 
0.0052 0.73685 0.22231 0.03564 
0.01233 0.4459 0.46156 0.08021 
0.33398 0.15521 0.41164 0.09917 
24 
0.86742 6.5E-4 7.0E-4 0.13123 
0.00194 0.08675 0.00484 0.90647 
0.02204 0.03616 0.92274 0.01906 
0.0019 0.69397 0.02636 0.27777 
5.2E-4 0.00764 0.13782 0.85402 
0.9761 0.00813 5.8E-4 0.01519 
24 
0.0938 0.06049 0.79217 0.05354 
0.05741 0.62907 0.29806 0.01546 
0.86532 0.11525 0.01919 2.4E-4 
0.12724 0.66226 0.14885 0.06165 
0.5921 0.06911 0.06844 0.27035 
0.06501 0.18754 0.14802 0.59943 
