V-CREDAL
7
2 3 2 3 2 2 3
7
1 0
2 0 1
2 1 2
2 2 3
2 3 4
2 4 5
2 5 6

4
0.996 0.004
0.293 0.707

18
0.825 0.135 0.04
0.221 0.257 0.522
0.034 0.964 0.002
0.073 0.688 0.239
0.41 0.079 0.511
0.04 0.958 0.002
18
0.046 0.006 0.948
0.043 0.795 0.162
0.861 0.04 0.099
0.081 0.916 0.003
0.486 0.006 0.508
0.457 0.521 0.022

4
0.045 0.955
0.461 0.539
4
0.694 0.306
0.142 0.858
4
0.899 0.101
0.902 0.098

18
0.492 0.488 0.02
0.016 0.945 0.039
0.023 0.041 0.936
0.657 0.304 0.039
0.05 0.945 0.005
0.393 0.104 0.503
18
0.392 0.112 0.496
0.02 0.238 0.742
0.422 0.325 0.253
0.054 0.922 0.024
0.55 0.089 0.361
0.044 0.724 0.232

4
0.446 0.554
0.196 0.804
4
0.372 0.628
0.692 0.308
4
0.639 0.361
0.475 0.525

4
0.33 0.67
0.982 0.018
4
0.482 0.518
0.683 0.317

18
0.117 0.222 0.661
0.252 0.12 0.628
0.467 0.523 0.01
0.314 0.662 0.024
0.985 0.006 0.009
0.168 0.69 0.142
18
0.975 0.001 0.024
0.264 0.71 0.026
0.981 0.001 0.018
0.022 0.582 0.396
0.046 0.751 0.203
0.197 0.19 0.613
