V-CREDAL 
8 
4 2 2 4 4 2 4 2 
8 
1 0 
2 0 1 
2 1 2 
2 2 3 
2 3 4 
2 4 5 
2 5 6 
2 6 7 

24 
0.05715 0.39236 0.54374 0.00675 
0.07768 0.02815 0.76275 0.13142 
0.00498 0.87871 0.06376 0.05255 
0.00355 0.14347 0.8517 0.00128 
0.1419 0.12975 0.1499 0.57845 
0.1098 0.17828 0.11302 0.5989 

4 
0.66669 0.33331 
0.02957 0.97043 
4 
0.87074 0.12926 
0.32344 0.67656 
4 
0.5892 0.4108 
0.09706 0.90294 
4 
0.22827 0.77173 
0.69828 0.30172 

4 
0.77078 0.22922 
0.54954 0.45046 
4 
0.37653 0.62347 
0.31882 0.68118 

24 
0.35955 0.12209 0.36859 0.14977 
0.00379 0.18419 0.06219 0.74983 
0.00164 0.00514 0.00106 0.99216 
0.14193 0.01754 0.03029 0.81024 
0.07138 0.90336 0.02522 4.0E-5 
0.38004 0.13672 0.15124 0.332 
24 
0.05869 0.15185 0.40221 0.38725 
0.09532 0.02303 0.21872 0.66293 
0.6508 0.04197 0.19232 0.11491 
0.22709 0.00332 0.64574 0.12385 
0.70979 0.09802 0.05868 0.13351 
0.25839 0.13063 0.0744 0.53658 

24 
0.73437 0.03136 0.01625 0.21802 
0.0623 0.09594 0.25787 0.58389 
0.0314 0.32003 0.62769 0.02088 
0.0589 0.21803 0.07177 0.6513 
0.05444 0.23222 0.48241 0.23093 
0.97784 0.00253 0.01289 0.00674 
24 
0.07869 0.47548 0.10189 0.34394 
0.04235 0.01461 0.2245 0.71854 
0.40828 0.12022 0.17073 0.30077 
0.06342 0.12419 0.12308 0.68931 
0.27049 0.09318 0.60542 0.03091 
0.61873 0.38069 3.9E-4 1.9E-4 
24 
0.43255 0.44504 0.12047 0.00194 
0.00945 0.91852 0.00811 0.06392 
0.92201 0.01012 0.01819 0.04968 
0.00964 0.00526 0.03243 0.95267 
0.05868 0.11693 0.43224 0.39215 
0.1362 0.41093 0.35183 0.10104 
24 
0.20415 0.64848 0.01874 0.12863 
0.00181 0.1649 0.48166 0.35163 
0.51642 0.2301 0.11513 0.13835 
0.24361 0.70031 0.03875 0.01733 
0.18568 0.3098 0.16127 0.34325 
0.02955 0.33677 0.2199 0.41378 

4 
0.41334 0.58666 
0.00516 0.99484 
4 
0.31749 0.68251 
0.91339 0.08661 
4 
0.3331 0.6669 
0.02779 0.97221 
4 
0.00845 0.99155 
0.15445 0.84555 

24 
0.00503 0.01917 0.39909 0.57671 
0.00866 0.00285 0.26214 0.72635 
0.09097 0.36756 0.32873 0.21274 
0.30496 0.1951 0.01219 0.48775 
0.88582 0.01204 0.07307 0.02907 
0.00523 0.12678 0.84828 0.01971 
24 
0.05006 0.00332 0.06667 0.87995 
0.01762 0.83498 0.00149 0.14591 
2.8E-4 0.00311 1.3E-4 0.99648 
0.82725 0.03714 0.11905 0.01656 
0.04639 0.1305 0.76432 0.05879 
0.00103 0.74538 0.0056 0.24799 

4 
0.01293 0.98707 
0.48996 0.51004 
4 
0.02381 0.97619 
0.57696 0.42304 
4 
0.41155 0.58845 
0.48268 0.51732 
4 
0.30343 0.69657 
0.83537 0.16463 
