V-CREDAL 
10 
3 3 3 4 2 2 4 4 3 4 
10 
1 0 
2 0 1 
2 1 2 
2 2 3 
2 3 4 
2 4 5 
2 5 6 
2 6 7 
2 7 8 
2 8 9 

18 
0.157 0.051 0.792 
0.723 0.045 0.232 
0.077 0.723 0.2 
0.854 0.079 0.067 
0.015 0.062 0.923 
0.562 0.33 0.108 

18 
0.01 0.296 0.694 
0.119 0.869 0.012 
0.378 0.028 0.594 
0.868 0.084 0.048 
0.048 0.229 0.723 
0.874 0.04 0.086 
18 
0.951 0.011 0.038 
0.029 0.16 0.811 
0.036 0.938 0.026 
0.278 0.094 0.628 
0.002 0.717 0.281 
0.942 0.037 0.021 
18 
0.292 0.479 0.229 
0.787 0.149 0.064 
0.761 0.012 0.227 
0.692 0.293 0.015 
0.547 0.179 0.274 
0.001 0.976 0.023 

18 
0.33 0.482 0.188 
0.808 0.16 0.032 
0.325 0.002 0.673 
0.154 0.193 0.653 
0.863 0.09 0.047 
0.09 0.503 0.407 
18 
0.824 0.052 0.124 
0.802 0.111 0.087 
0.093 0.053 0.854 
0.215 0.757 0.028 
0.67 0.258 0.072 
0.13 0.449 0.421 
18 
0.986 0.004 0.01 
0.002 0.996 0.002 
0.989 0.008 0.003 
0.94 0.058 0.002 
0.002 0.003 0.995 
0.188 0.811 0.001 

24 
0.303 0.287 0.311 0.099 
0.21 0.033 0.262 0.495 
0.015 0.942 0.006 0.037 
0.006 0.727 0.074 0.193 
0.426 0.251 0.019 0.304 
0.048 0.597 0.149 0.206 
24 
0.351 0.02 0.509 0.12 
0.662 0.15 0.16 0.028 
0.005 0.393 0.005 0.597 
0.047 0.517 0.058 0.378 
0.022 0.013 0.945 0.02 
0.373 0.031 0.542 0.054 
24 
0.348 0.023 0.045 0.584 
0.378 0.243 0.196 0.183 
0.012 0.692 0.04 0.256 
0.051 0.609 0.326 0.014 
0.001 0.339 0.047 0.613 
0.516 0.022 0.249 0.213 

4 
0.058 0.942 
0.339 0.661 
4 
0.801 0.199 
0.405 0.595 
4 
0.092 0.908 
0.222 0.778 
4 
0.905 0.095 
0.566 0.434 

4 
0.261 0.739 
0.619 0.381 
4 
0.374 0.626 
0.506 0.494 

24 
0.971 0.02 0.005 0.004 
0.019 0.809 0.151 0.021 
0.028 0.354 0.613 0.005 
0.04 0.776 0.148 0.036 
0.532 0.432 0.031 0.005 
0.042 0.067 0.806 0.085 
24 
0.004 0.022 0.957 0.017 
0.076 0.132 0.49 0.302 
0.19 0.182 0.131 0.497 
0.338 0.239 0.323 0.1 
0.092 0.271 0.163 0.474 
0.297 0.006 0.007 0.69 

24 
0.357 0.35 0.074 0.219 
0.29 0.387 0.282 0.041 
0.291 0.028 0.674 0.007 
0.032 0.006 0.002 0.96 
0.347 0.12 0.189 0.344 
0.08 0.232 0.547 0.141 
24 
0.014 0.75 0.006 0.23 
0.889 0.086 0.004 0.021 
0.047 0.829 0.072 0.052 
0.598 0.014 0.368 0.02 
0.237 0.199 0.192 0.372 
0.127 0.039 0.773 0.061 
24 
0.097 0.884 0.013 0.006 
0.033 0.623 0.002 0.342 
0.041 0.125 0.812 0.022 
0.468 0.057 0.272 0.203 
0.041 0.11 0.643 0.206 
0.023 0.164 0.002 0.811 
24 
0.016 0.664 0.316 0.004 
0.027 0.024 0.486 0.463 
0.01 0.071 0.82 0.099 
0.494 0.025 0.235 0.246 
0.091 0.361 0.104 0.444 
0.69 0.182 0.046 0.082 

18 
0.004 0.096 0.9 
0.032 0.954 0.014 
0.021 0.046 0.933 
0.966 0.009 0.025 
0.014 0.894 0.092 
0.507 0.476 0.017 
18 
0.557 0.11 0.333 
0.733 0.175 0.092 
0.556 0.4 0.044 
0.166 0.813 0.021 
0.065 0.096 0.839 
0.035 0.944 0.021 
18 
0.016 0.56 0.424 
0.32 0.616 0.064 
0.013 0.927 0.06 
0.484 0.139 0.377 
0.115 0.048 0.837 
0.04 0.402 0.558 
18 
0.445 0.33 0.225 
0.047 0.381 0.572 
0.678 0.079 0.243 
0.034 0.019 0.947 
0.134 0.415 0.451 
0.804 0.174 0.022 

24 
0.374 0.136 0.148 0.342 
0.005 0.796 0.197 0.002 
0.485 0.003 0.51 0.002 
0.567 0.003 0.198 0.232 
0.048 0.468 0.046 0.438 
0.07 0.775 0.04 0.115 
24 
0.003 0.005 0.002 0.99 
0.163 0.057 0.165 0.615 
0.42 0.114 0.23 0.236 
0.056 0.619 0.173 0.152 
0.034 0.029 0.002 0.935 
0.846 0.057 0.015 0.082 
24 
0.077 0.327 0.512 0.084 
0.187 0.331 0.26 0.222 
0.815 0.035 0.028 0.122 
0.034 0.553 0.322 0.091 
0.104 0.009 0.573 0.314 
0.255 0.288 0.222 0.235 
