V-CREDAL
10
4 3 4 3 3 4 4 3 3 4
10
1 0
2 0 1
2 1 2
2 2 3
2 3 4
2 4 5
2 5 6
2 6 7
2 7 8
2 8 9

16
0.174 0.452 0.185 0.189
0.053 0.571 0.212 0.164
0.034 0.918 0.02 0.028
0.093 0.213 0.443 0.251

12
0.739 0.094 0.167
0.906 0.068 0.026
0.361 0.133 0.506
0.184 0.001 0.815
12
0.123 0.693 0.184
0.157 0.791 0.052
0.246 0.364 0.39
0.592 0.163 0.245
12
0.911 0.015 0.074
0.861 0.019 0.12
0.49 0.052 0.458
0.31 0.303 0.387
12
0.085 0.304 0.611
0.149 0.604 0.247
0.062 0.484 0.454
0.033 0.401 0.566

16
0.546 0.034 0.013 0.407
0.004 0.13 0.861 0.005
0.064 0.182 0.166 0.588
0.509 0.375 0.053 0.063
16
0.076 0.427 0.443 0.054
0.003 0.956 0.039 0.002
0.14 0.855 0.004 0.001
0.311 0.134 0.359 0.196
16
0.23 0.146 0.613 0.011
0.012 0.184 0.366 0.438
0.032 0.12 0.053 0.795
0.156 0.248 0.107 0.489

12
0.457 0.533 0.01
0.151 0.018 0.831
0.172 0.085 0.743
0.796 0.093 0.111
12
0.676 0.171 0.153
0.644 0.057 0.299
0.04 0.84 0.12
0.312 0.685 0.003
12
0.818 0.082 0.1
0.155 0.41 0.435
0.101 0.527 0.372
0.803 0.038 0.159
12
0.002 0.83 0.168
0.024 0.948 0.028
0.222 0.32 0.458
0.153 0.797 0.05

12
0.498 0.152 0.35
0.05 0.187 0.763
0.642 0.151 0.207
0.347 0.36 0.293
12
0.05 0.801 0.149
0.684 0.233 0.083
0.127 0.846 0.027
0.695 0.185 0.12
12
0.013 0.47 0.517
0.985 0.013 0.002
0.094 0.846 0.06
0.283 0.184 0.533

16
0.021 0.147 0.824 0.008
0.167 0.007 0.006 0.82
0.257 0.232 0.026 0.485
0.254 0.351 0.267 0.128
16
0.211 0.006 0.004 0.779
0.002 0.896 0.076 0.026
0.597 0.084 0.221 0.098
0.241 0.615 0.121 0.023
16
0.036 0.038 0.204 0.722
0.282 0.002 0.043 0.673
0.091 0.027 0.671 0.211
0.14 0.275 0.553 0.032

16
0.596 0.175 0.076 0.153
0.183 0.318 0.042 0.457
0.072 0.046 0.094 0.788
0.081 0.066 0.723 0.13
16
0.061 0.211 0.595 0.133
0.362 0.012 0.192 0.434
0.181 0.535 0.108 0.176
0.222 0.005 0.731 0.042
16
0.007 0.426 0.54 0.027
0.268 0.623 0.055 0.054
0.315 0.203 0.029 0.453
0.24 0.502 0.253 0.005
16
0.859 0.009 0.113 0.019
0.016 0.258 0.357 0.369
0.309 0.229 0.017 0.445
0.105 0.224 0.215 0.456

12
0.595 0.066 0.339
0.025 0.953 0.022
0.208 0.544 0.248
0.637 0.124 0.239
12
0.434 0.438 0.128
0.825 0.014 0.161
0.012 0.072 0.916
0.261 0.297 0.442
12
0.117 0.864 0.019
0.217 0.432 0.351
0.426 0.451 0.123
0.078 0.782 0.14
12
0.132 0.291 0.577
0.011 0.863 0.126
0.899 0.091 0.01
0.524 0.459 0.017

12
0.213 0.347 0.44
0.013 0.071 0.916
0.394 0.014 0.592
0.349 0.171 0.48
12
0.429 0.101 0.47
0.07 0.016 0.914
0.009 0.113 0.878
0.455 0.16 0.385
12
0.06 0.776 0.164
0.339 0.368 0.293
0.569 0.354 0.077
0.037 0.888 0.075

16
0.473 0.331 0.164 0.032
0.094 0.385 0.126 0.395
0.616 0.003 0.317 0.064
0.439 0.417 0.099 0.045
16
0.032 0.907 0.043 0.018
0.575 0.007 0.162 0.256
0.149 0.038 0.105 0.708
0.002 0.973 0.01 0.015
16
0.653 0.009 0.311 0.027
0.017 0.308 0.051 0.624
0.767 0.052 0.009 0.172
0.021 0.009 0.824 0.146
