V-CREDAL 
4 
2 2 3 2 
4 
1 0 
2 0 1 
2 3 2 
2 0 3 

4 
0.09318 0.90682 
0.53457 0.46543 

4 
0.56144 0.43856 
0.86154 0.13846 
4 
0.83733 0.16267 
0.51944 0.48056 

18 
0.61794 0.16069 0.22137 
5.2E-4 0.9877 0.01178 
0.64994 0.33271 0.01735 
0.29919 0.03931 0.6615 
0.00564 0.12337 0.87099 
0.09174 0.04645 0.86181 
18 
0.86165 0.13287 0.00548 
0.55105 0.21306 0.23589 
0.34998 0.6487 0.00132 
0.64353 0.16955 0.18692 
0.00116 0.55424 0.4446 
0.04691 0.86533 0.08776 

4 
0.90244 0.09756 
0.07409 0.92591 
4 
0.54935 0.45065 
0.54245 0.45755 
