V-CREDAL 
4 
3 4 3 4 
4 
1 0 
2 0 1 
2 1 2 
2 2 3 

18 
0.317 0.523 0.16 
0.371 0.006 0.623 
0.981 0.009 0.01 
0.133 0.4 0.467 
0.773 0.218 0.009 
0.027 0.703 0.27 

24 
0.298 0.644 0.056 0.002 
0.231 0.024 0.599 0.146 
0.913 0.031 0.007 0.049 
0.036 0.574 0.089 0.301 
0.017 0.472 0.264 0.247 
0.171 0.135 0.252 0.442 
24 
0.001 0.872 0.118 0.009 
0.121 0.016 0.859 0.004 
0.046 0.329 0.014 0.611 
0.452 0.048 0.055 0.445 
0.947 0.032 0.003 0.018 
0.028 0.007 0.691 0.274 
24 
0.194 0.532 0.103 0.171 
0.375 0.578 0.019 0.028 
0.277 0.05 0.345 0.328 
0.018 0.133 0.559 0.29 
0.019 0.436 0.258 0.287 
0.002 0.419 0.094 0.485 

18 
0.375 0.582 0.043 
0.097 0.821 0.082 
0.865 0.086 0.049 
0.013 0.107 0.88 
0.041 0.705 0.254 
0.426 0.043 0.531 
18 
0.71 0.122 0.168 
0.031 0.909 0.06 
0.016 0.038 0.946 
0.619 0.271 0.11 
0.313 0.654 0.033 
0.045 0.002 0.953 
18 
0.631 0.189 0.18 
0.017 0.878 0.105 
0.108 0.011 0.881 
0.73 0.036 0.234 
0.569 0.016 0.415 
0.122 0.803 0.075 
18 
0.428 0.008 0.564 
0.703 0.023 0.274 
0.062 0.183 0.755 
0.869 0.073 0.058 
0.041 0.956 0.003 
0.023 0.935 0.042 

24 
0.814 0.142 0.041 0.003 
0.369 0.015 0.447 0.169 
0.01 0.746 0.203 0.041 
0.046 0.057 0.022 0.875 
0.002 0.001 0.996 0.001 
0.191 0.005 0.005 0.799 
24 
0.233 0.155 0.529 0.083 
0.864 0.023 0.036 0.077 
0.027 0.164 0.133 0.676 
0.475 0.104 0.111 0.31 
0.064 0.029 0.75 0.157 
0.504 0.028 0.109 0.359 
24 
0.507 0.478 0.005 0.01 
0.562 0.149 0.009 0.28 
0.07 0.301 0.22 0.409 
0.042 0.45 0.335 0.173 
0.029 0.191 0.731 0.049 
0.051 0.061 0.874 0.014 
