V-CREDAL
9
4 3 2 2 3 3 4 4 2
9
1 0
2 0 1
2 1 2
2 2 3
2 3 4
2 4 5
2 5 6
2 6 7
2 7 8

24
0.589 0.114 0.11 0.187
0.201 0.79 0.004 0.005
0.024 0.139 0.829 0.008
0.003 0.019 0.978 0.0
0.101 0.021 0.252 0.626
0.006 0.079 0.042 0.873

18
0.004 0.204 0.792
0.004 0.995 0.001
0.101 0.034 0.865
0.971 0.028 0.001
0.947 0.026 0.027
0.068 0.068 0.864
18
0.072 0.001 0.927
0.006 0.942 0.052
0.957 0.042 0.001
0.062 0.009 0.929
0.007 0.945 0.048
0.97 0.029 0.001
18
0.946 0.052 0.002
0.021 0.129 0.85
0.652 0.024 0.324
0.041 0.828 0.131
0.078 0.907 0.015
0.763 0.026 0.211
18
0.277 0.683 0.04
0.415 0.009 0.576
0.383 0.06 0.557
0.003 0.983 0.014
0.359 0.452 0.189
0.24 0.344 0.416

4
0.242 0.758
0.844 0.156
4
0.216 0.784
0.555 0.445
4
0.78 0.22
0.889 0.111

4
0.599 0.401
0.048 0.952
4
0.146 0.854
0.263 0.737

18
0.14 0.855 0.005
0.102 0.26 0.638
0.042 0.782 0.176
0.63 0.268 0.102
0.078 0.876 0.046
0.323 0.189 0.488
18
0.035 0.91 0.055
0.394 0.24 0.366
0.324 0.416 0.26
0.098 0.881 0.021
0.382 0.166 0.452
0.007 0.641 0.352

18
0.0 0.997 0.003
0.012 0.897 0.091
0.325 0.164 0.511
0.821 0.173 0.006
0.093 0.438 0.469
0.755 0.021 0.224
18
0.045 0.56 0.395
0.128 0.228 0.644
0.5 0.482 0.018
0.01 0.911 0.079
0.624 0.313 0.063
0.665 0.092 0.243
18
0.06 0.27 0.67
0.005 0.051 0.944
0.675 0.19 0.135
0.184 0.722 0.094
0.301 0.008 0.691
0.188 0.722 0.09

24
0.004 0.973 0.0 0.023
0.416 0.087 0.005 0.492
0.012 0.004 0.97 0.014
0.989 0.01 0.0 0.001
0.12 0.689 0.173 0.018
0.048 0.703 0.166 0.083
24
0.019 0.0 0.001 0.98
0.281 0.368 0.344 0.007
0.881 0.079 0.017 0.023
0.231 0.017 0.008 0.744
0.157 0.753 0.008 0.082
0.75 0.22 0.026 0.004
24
0.008 0.015 0.824 0.153
0.314 0.026 0.612 0.048
0.068 0.711 0.111 0.11
0.516 0.219 0.072 0.193
0.162 0.006 0.789 0.043
0.195 0.722 0.038 0.045

24
0.552 0.067 0.328 0.053
0.048 0.107 0.381 0.464
0.027 0.038 0.872 0.063
0.099 0.343 0.547 0.011
0.692 0.054 0.171 0.083
0.124 0.428 0.333 0.115
24
0.053 0.069 0.641 0.237
0.965 0.007 0.021 0.007
0.765 0.023 0.085 0.127
0.184 0.754 0.058 0.004
0.088 0.861 0.036 0.015
0.785 0.012 0.194 0.009
24
0.078 0.869 0.034 0.019
0.046 0.195 0.664 0.095
0.001 0.021 0.243 0.735
0.136 0.287 0.084 0.493
0.02 0.052 0.316 0.612
0.058 0.872 0.066 0.004
24
0.047 0.921 0.005 0.027
0.016 0.024 0.032 0.928
0.014 0.962 0.013 0.011
0.149 0.366 0.021 0.464
0.282 0.018 0.317 0.383
0.207 0.01 0.77 0.013

4
0.52 0.48
0.844 0.156
4
0.253 0.747
0.639 0.361
4
0.628 0.372
0.339 0.661
4
0.18 0.82
0.313 0.687
