V-CREDAL 
6 
3 2 3 3 2 4 
6 
3 2 4 0 
1 1 
3 1 3 2 
2 5 3 
1 4 
1 5 

12 
0.724 0.049 0.227 
0.53 0.25 0.22 
0.065 0.207 0.728 
0.627 0.256 0.117 
12 
0.091 0.606 0.303 
0.818 0.126 0.056 
0.175 0.149 0.676 
0.172 0.699 0.129 
12 
0.31 0.151 0.539 
0.01 0.963 0.027 
0.256 0.168 0.576 
0.779 0.186 0.035 
12 
0.41 0.06 0.53 
0.284 0.176 0.54 
0.655 0.097 0.248 
0.444 0.05 0.506 
12 
0.042 0.102 0.856 
0.325 0.534 0.141 
0.945 0.051 0.004 
0.238 0.594 0.168 
12 
0.735 0.141 0.124 
0.065 0.113 0.822 
0.103 0.402 0.495 
0.211 0.552 0.237 

4 
0.365 0.635 
0.776 0.224 

12 
0.182 0.068 0.75 
0.336 0.628 0.036 
0.993 0.005 0.002 
0.051 0.739 0.21 
12 
0.398 0.08 0.522 
0.138 0.399 0.463 
0.333 0.463 0.204 
0.015 0.578 0.407 
12 
0.07 0.286 0.644 
0.093 0.641 0.266 
0.759 0.16 0.081 
0.085 0.521 0.394 
12 
0.02 0.496 0.484 
0.523 0.016 0.461 
0.049 0.178 0.773 
0.337 0.058 0.605 
12 
0.319 0.652 0.029 
0.062 0.631 0.307 
0.076 0.825 0.099 
0.128 0.87 0.002 
12 
0.166 0.595 0.239 
0.752 0.07 0.178 
0.79 0.192 0.018 
0.175 0.195 0.63 

12 
0.301 0.449 0.25 
0.473 0.267 0.26 
0.173 0.755 0.072 
0.962 0.026 0.012 
12 
0.14 0.542 0.318 
0.346 0.296 0.358 
0.659 0.263 0.078 
0.006 0.55 0.444 
12 
0.823 0.038 0.139 
0.009 0.981 0.01 
0.084 0.176 0.74 
0.42 0.04 0.54 
12 
0.968 0.01 0.022 
0.083 0.483 0.434 
0.175 0.649 0.176 
0.081 0.715 0.204 

4 
0.492 0.508 
0.16 0.84 

16 
0.104 0.527 0.015 0.354 
0.049 0.374 0.542 0.035 
0.011 0.166 0.665 0.158 
0.021 0.29 0.06 0.629 
