V-CREDAL
4
3 3 3 4
4
1 0
2 0 1
2 1 2
2 2 3

18
0.692 0.295 0.013
0.77 0.215 0.015
0.045 0.838 0.117
0.023 0.02 0.957
0.553 0.115 0.332
0.427 0.555 0.018

18
0.32 0.446 0.234
0.411 0.015 0.574
0.047 0.518 0.435
0.003 0.034 0.963
0.085 0.696 0.219
0.157 0.66 0.183
18
0.428 0.085 0.487
0.397 0.537 0.066
0.108 0.817 0.075
0.811 0.13 0.059
0.282 0.243 0.475
0.79 0.077 0.133
18
0.243 0.095 0.662
0.22 0.466 0.314
0.038 0.341 0.621
0.411 0.457 0.132
0.496 0.432 0.072
0.908 0.018 0.074

18
0.134 0.822 0.044
0.162 0.032 0.806
0.038 0.561 0.401
0.584 0.331 0.085
0.645 0.243 0.112
0.059 0.02 0.921
18
0.052 0.034 0.914
0.826 0.014 0.16
0.025 0.049 0.926
0.654 0.302 0.044
0.068 0.886 0.046
0.018 0.903 0.079
18
0.081 0.465 0.454
0.217 0.011 0.772
0.623 0.041 0.336
0.149 0.033 0.818
0.139 0.759 0.102
0.591 0.188 0.221

24
0.608 0.244 0.034 0.114
0.002 0.731 0.008 0.259
0.102 0.027 0.172 0.699
0.129 0.197 0.56 0.114
0.138 0.024 0.057 0.781
0.378 0.597 0.021 0.004
24
0.016 0.977 0.003 0.004
0.09 0.215 0.684 0.011
0.011 0.283 0.035 0.671
0.852 0.113 0.003 0.032
0.115 0.091 0.236 0.558
0.875 0.049 0.003 0.073
24
0.245 0.116 0.328 0.311
0.146 0.005 0.215 0.634
0.307 0.079 0.512 0.102
0.204 0.405 0.058 0.333
0.051 0.013 0.002 0.934
0.051 0.026 0.914 0.009
