V-CREDAL 
10 
2 2 3 5 3 5 4 5 4 5 
10 
2 7 0 
2 4 1 
1 2 
3 2 7 3 
2 0 4 
2 3 5 
3 3 9 6 
1 7 
2 7 8 
1 9 

4 
0.16948 0.83052 
0.88573 0.11427 
4 
0.94821 0.05179 
0.87491 0.12509 
4 
0.29383 0.70617 
0.8813 0.1187 
4 
0.61905 0.38095 
0.41399 0.58601 
4 
0.79819 0.20181 
0.35855 0.64145 

4 
0.67248 0.32752 
0.10739 0.89261 
4 
0.54937 0.45063 
0.82329 0.17671 
4 
0.90529 0.09471 
0.84267 0.15733 

18 
0.53467 0.45986 0.00547 
0.03243 0.86213 0.10544 
0.88959 0.0062 0.10421 
0.589 0.04043 0.37057 
0.02763 0.65036 0.32201 
0.43071 0.16676 0.40253 

30 
0.00222 0.5852 0.01623 0.21863 0.17772 
0.15348 0.10408 0.02174 0.06565 0.65505 
0.588 0.22514 0.13139 0.05231 0.00316 
0.08993 0.10115 0.03941 0.01282 0.75669 
3.0E-4 8.0E-5 0.99919 3.5E-4 8.0E-5 
0.02211 0.16291 0.05141 0.75017 0.0134 
30 
0.00594 0.0112 0.00405 0.84359 0.13522 
0.28727 0.4247 1.0E-4 0.00173 0.2862 
0.00341 0.26551 0.00485 0.72402 0.00221 
0.00619 0.03948 0.02347 0.61941 0.31145 
0.04366 0.064 0.05972 0.2263 0.60632 
0.08307 0.70508 0.01362 0.0646 0.13363 
30 
0.15638 0.60696 0.17433 0.01447 0.04786 
0.01959 0.01304 0.15911 0.79824 0.01002 
0.15741 0.58486 0.05161 0.14802 0.0581 
0.14731 0.01458 0.03837 0.19305 0.60669 
0.01182 0.60062 0.0947 0.17053 0.12233 
0.5879 0.04935 0.07699 0.24142 0.04434 
30 
0.00115 0.05149 0.00451 0.56473 0.37812 
0.00493 0.66995 0.04028 0.00246 0.28238 
0.00109 0.22813 0.01603 0.01124 0.74351 
0.29418 0.08376 0.08869 0.36352 0.16985 
0.02246 0.01671 0.87606 2.3E-4 0.08454 
0.49468 0.43774 0.00376 0.04728 0.01654 
30 
0.07246 0.25887 0.4642 0.09469 0.10978 
0.01861 0.97052 0.0027 0.00345 0.00472 
0.0434 0.0167 0.21294 0.00504 0.72192 
0.19258 0.1929 0.26052 0.17462 0.17938 
0.01666 3.7E-4 0.09611 0.88569 0.00117 
0.15435 0.45996 0.03624 0.26488 0.08457 
30 
0.00961 0.48069 0.38386 0.12542 4.2E-4 
0.00144 0.77504 0.05558 0.09356 0.07438 
0.04551 0.01186 0.00126 0.73882 0.20255 
0.06708 0.01455 0.12134 0.10942 0.68761 
0.04893 0.04629 0.03251 0.13492 0.73735 
0.23901 0.59478 0.01459 0.09967 0.05195 
30 
0.50368 0.20952 0.2016 0.06864 0.01656 
0.17859 0.08262 0.24857 0.2662 0.22402 
0.16108 0.23793 0.27294 0.22911 0.09894 
0.17312 0.49855 0.05848 0.02532 0.24453 
0.06719 0.61943 0.29337 0.01113 0.00888 
0.55971 0.31095 0.01747 0.08151 0.03036 
30 
0.08423 0.003 0.65125 0.01855 0.24297 
1.1E-4 0.94499 0.05106 1.1E-4 0.00373 
0.0573 9.7E-4 0.01728 0.91224 0.01221 
0.0052 0.33567 0.00937 0.04116 0.6086 
0.0223 0.00557 0.00158 0.00219 0.96836 
0.03737 0.04636 0.82625 0.03289 0.05713 
30 
0.02074 0.04213 0.57548 0.23423 0.12742 
0.01939 0.02302 0.09242 0.76207 0.1031 
0.7093 0.08559 0.05388 0.03517 0.11606 
0.06863 0.22031 0.01492 0.09187 0.60427 
0.1285 0.01481 0.01447 0.11796 0.72426 
0.07653 0.69413 0.16792 0.04514 0.01628 
30 
0.10494 0.22116 0.02656 0.00791 0.63943 
0.70676 0.01213 0.26132 0.01376 0.00603 
0.08514 0.00214 0.79294 0.06703 0.05275 
0.321 0.14301 0.0021 0.07669 0.4572 
0.01083 0.13781 0.70553 0.02169 0.12414 
0.01135 0.01749 0.39874 0.06814 0.50428 
30 
0.56691 0.2228 0.02242 0.04034 0.14753 
0.03491 0.68958 0.19456 0.01226 0.06869 
0.01229 0.29239 0.01235 0.6805 0.00247 
6.2E-4 0.02408 0.0234 0.02903 0.92287 
0.0066 0.00983 0.97423 0.00326 0.00608 
0.14726 0.00908 0.48975 0.02258 0.33133 
30 
0.51335 0.00211 0.00173 9.0E-5 0.48272 
7.2E-4 0.13682 0.20047 7.2E-4 0.66127 
0.07892 0.52788 0.04015 0.02068 0.33237 
0.32995 0.65034 0.01597 0.00104 0.0027 
0.93307 0.03559 0.02285 4.0E-4 0.00809 
0.01075 0.01363 0.07726 0.00944 0.88892 
30 
0.21067 0.04277 0.73265 0.00757 0.00634 
0.12453 0.04858 0.05013 0.39774 0.37902 
0.00548 0.00311 0.01065 0.96404 0.01672 
0.03979 0.14241 0.08386 0.69843 0.03551 
0.40794 0.00566 7.4E-4 0.5843 0.00136 
0.22703 0.01587 0.05962 0.69079 0.00669 
30 
0.10905 0.0713 0.03853 0.56268 0.21844 
0.02581 0.0366 0.04259 0.8913 0.0037 
0.03746 0.33627 0.13363 0.459 0.03364 
0.48034 0.39242 0.03314 0.03902 0.05508 
0.17811 0.03067 0.36655 0.17221 0.25246 
6.0E-5 0.42382 0.4731 0.10121 0.00181 
30 
0.0035 0.22163 0.04882 0.28824 0.43781 
0.0489 0.0062 0.90728 0.03756 6.0E-5 
0.16409 0.027 0.22835 0.00233 0.57823 
2.1E-4 0.00127 3.0E-5 0.99468 0.00381 
0.1574 0.00583 0.51137 0.31263 0.01277 
0.57222 0.02102 0.02218 0.09268 0.2919 

18 
0.97465 0.01876 0.00659 
0.27501 0.15397 0.57102 
0.04401 0.86604 0.08995 
0.78017 0.01276 0.20707 
0.35758 0.60246 0.03996 
0.19906 0.33762 0.46332 
18 
0.73117 0.24675 0.02208 
0.52123 0.02254 0.45623 
0.39374 0.60099 0.00527 
0.06251 0.04688 0.89061 
0.24089 0.37847 0.38064 
0.34744 0.57509 0.07747 

30 
0.24682 0.4773 0.06348 0.18432 0.02808 
0.03187 0.08106 1.2E-4 1.3E-4 0.88682 
0.50116 0.26521 0.11416 0.01027 0.1092 
0.20145 0.10444 0.09628 0.0209 0.57693 
0.06394 0.65592 0.0587 0.13043 0.09101 
0.09502 0.01474 0.04885 0.3658 0.47559 
30 
0.44515 0.44259 0.06853 0.00433 0.0394 
0.079 0.11204 0.0691 0.01883 0.72103 
0.18515 0.06894 0.14939 0.53837 0.05815 
0.12233 0.12919 0.12607 0.41216 0.21025 
0.00509 0.63784 0.33231 0.00985 0.01491 
0.18023 0.00373 0.06575 0.05265 0.69764 
30 
0.11906 0.48093 0.03295 0.23093 0.13613 
0.00153 4.7E-4 2.1E-4 3.1E-4 0.99748 
0.37948 0.16604 0.2826 0.12678 0.0451 
0.95684 0.02945 0.0022 0.00922 0.00229 
0.24705 0.07592 0.42848 0.00767 0.24088 
0.319 0.0174 0.3413 0.29021 0.03209 
30 
0.00184 0.34427 1.6E-4 0.64965 0.00408 
0.17835 0.81131 0.00945 3.0E-4 5.9E-4 
0.51365 0.31987 0.08169 0.03211 0.05268 
0.00403 0.03416 0.94988 0.0072 0.00473 
0.06528 0.74382 7.0E-5 0.11498 0.07585 
0.644 0.03156 0.25049 0.0121 0.06185 
30 
0.08983 0.09596 0.00873 0.8036 0.00188 
0.07642 0.01654 0.0251 0.88168 2.6E-4 
0.00125 0.03742 0.0753 0.87878 0.00725 
0.0066 0.01206 0.79122 0.00764 0.18248 
0.00174 0.04835 0.94346 0.00487 0.00158 
0.26384 0.0038 0.14778 0.42284 0.16174 

24 
0.10828 0.83971 0.0372 0.01481 
0.54378 0.03152 0.11966 0.30504 
0.07156 0.05605 0.86591 0.00648 
0.04966 0.02107 0.10221 0.82706 
0.62146 0.07235 0.05795 0.24824 
0.05208 0.28701 0.63686 0.02405 
24 
0.06468 0.63982 0.0861 0.2094 
0.21542 0.43428 0.18847 0.16183 
0.58644 0.09019 0.29696 0.02641 
0.90703 0.02415 0.01211 0.05671 
0.17672 0.36787 0.00437 0.45104 
0.11254 0.29971 0.14817 0.43958 
24 
0.07079 0.18569 0.04779 0.69573 
0.00754 0.89382 0.09149 0.00715 
0.03127 0.08482 0.75317 0.13074 
0.54874 0.2004 0.17535 0.07551 
0.25049 0.00179 0.14389 0.60383 
0.56811 0.08583 0.00936 0.3367 
24 
0.12353 0.7384 0.06093 0.07714 
0.05992 0.03475 0.84966 0.05567 
0.12156 0.01502 0.193 0.67042 
0.00455 0.02382 0.01937 0.95226 
0.22513 0.16201 0.21723 0.39563 
0.1264 0.43179 0.09141 0.3504 
24 
0.44221 0.04921 0.05459 0.45399 
0.74236 0.15574 0.04371 0.05819 
0.50291 0.05689 0.02368 0.41652 
0.00565 0.02813 0.95774 0.00848 
0.10777 0.88341 0.00106 0.00776 
0.55503 0.01288 0.13077 0.30132 
24 
0.4918 0.17238 0.00421 0.33161 
0.1505 0.02957 0.69474 0.12519 
0.09994 0.0294 0.2198 0.65086 
0.01961 7.5E-4 0.72521 0.25443 
0.30565 0.08489 0.59251 0.01695 
0.34699 0.01062 0.60451 0.03788 
24 
0.16789 0.3177 0.23799 0.27642 
0.01452 0.02518 0.02068 0.93962 
0.81479 0.02375 0.15843 0.00303 
0.48461 0.05129 0.00422 0.45988 
0.04713 0.19758 0.24892 0.50637 
0.22412 0.5148 0.18937 0.07171 
24 
0.85218 0.03633 0.01707 0.09442 
0.16683 0.03451 0.51847 0.28019 
0.03895 0.23878 0.29181 0.43046 
0.85128 0.01543 0.01904 0.11425 
0.39665 0.10263 0.00929 0.49143 
0.24236 0.19922 0.4295 0.12892 
24 
0.00763 0.06222 0.06016 0.86999 
0.66171 0.05952 0.23444 0.04433 
0.09354 0.5987 0.11438 0.19338 
0.10346 0.08851 0.07201 0.73602 
0.00255 0.83934 0.15559 0.00252 
0.21047 0.19031 0.58059 0.01863 
24 
0.79022 0.18819 0.00917 0.01242 
0.05431 0.01904 0.17297 0.75368 
0.0307 0.70732 0.23399 0.02799 
0.10459 0.50152 0.04513 0.34876 
0.65019 0.3179 0.01874 0.01317 
0.01874 0.02099 0.01101 0.94926 
24 
0.21203 0.45778 0.19384 0.13635 
0.83457 0.00725 0.09986 0.05832 
0.08294 0.03142 0.03316 0.85248 
0.03122 0.04687 0.42307 0.49884 
0.00594 0.01413 0.92878 0.05115 
0.34414 0.01133 0.00253 0.642 
24 
0.22245 0.01104 0.74318 0.02333 
0.00102 0.03468 0.00789 0.95641 
0.22707 0.43282 0.12602 0.21409 
0.26451 0.47428 0.25194 0.00927 
0.04285 0.10614 0.78208 0.06893 
0.04919 0.18585 0.07219 0.69277 
24 
0.27193 0.27546 0.44034 0.01227 
0.16552 0.17495 0.64718 0.01235 
0.28384 0.04065 0.36388 0.31163 
0.05287 0.15384 0.33123 0.46206 
0.61561 0.25694 0.10511 0.02234 
0.04769 0.51965 0.10304 0.32962 
24 
0.07002 0.03565 0.87716 0.01717 
0.03465 0.6519 0.23247 0.08098 
0.16535 0.38457 0.11548 0.3346 
0.24559 0.03466 0.28452 0.43523 
0.31517 0.62343 0.02283 0.03857 
0.0944 0.19101 0.71246 0.00213 
24 
0.12387 0.09125 0.57552 0.20936 
0.00493 0.01813 0.94856 0.02838 
0.29491 0.08064 0.29755 0.3269 
0.84363 0.00554 0.09391 0.05692 
0.19174 0.47403 0.21624 0.11799 
0.41547 0.20522 0.17586 0.20345 
24 
0.01408 0.31235 0.55279 0.12078 
0.11718 0.00441 0.08347 0.79494 
0.03223 0.90827 0.05374 0.00576 
0.48171 0.22322 0.13772 0.15735 
0.0033 1.1E-4 0.99129 0.0053 
0.02398 0.34701 0.62439 0.00462 
24 
0.00631 0.01864 0.06454 0.91051 
0.34422 0.32913 0.30787 0.01878 
0.06225 0.87747 0.01866 0.04162 
4.0E-4 0.16798 0.27223 0.55939 
0.39512 0.4378 0.08422 0.08286 
0.25729 0.736 7.2E-4 0.00599 
24 
0.01113 0.35283 0.59647 0.03957 
0.03554 0.00557 0.50139 0.4575 
0.03416 0.65289 5.0E-5 0.3129 
0.02642 0.22618 0.43997 0.30743 
0.54238 0.07062 0.38203 0.00497 
0.06131 0.91586 0.01775 0.00508 
24 
1.9E-4 7.0E-5 0.08657 0.91317 
0.00864 0.03513 0.02919 0.92704 
0.01031 0.95172 0.00716 0.03081 
0.21546 0.3144 0.44256 0.02758 
0.14926 0.01783 0.81698 0.01593 
0.15377 0.45706 0.01315 0.37602 
24 
0.00185 0.01997 0.03469 0.94349 
0.03686 0.9098 0.03114 0.0222 
0.03348 0.01407 0.4775 0.47495 
0.28414 0.0703 0.11391 0.53165 
0.00914 0.97883 0.01089 0.00114 
0.14477 0.75138 0.0457 0.05815 
24 
0.02078 0.16811 0.34024 0.47087 
0.10803 0.27497 0.58155 0.03545 
0.66492 0.01824 0.1 0.21684 
0.28233 0.44484 0.09759 0.17524 
0.32184 0.05047 0.61445 0.01324 
0.37347 0.41025 0.08108 0.1352 
24 
0.05664 0.27798 0.39498 0.2704 
0.26563 0.40479 0.30795 0.02163 
0.78784 0.0241 0.02117 0.16689 
0.10701 0.49977 0.26386 0.12936 
6.8E-4 0.92933 0.01871 0.05128 
0.36507 0.61323 0.02079 9.1E-4 
24 
0.01305 0.06396 0.07706 0.84593 
0.81146 0.07994 0.06354 0.04506 
0.03525 0.02859 0.92052 0.01564 
0.00977 0.01681 0.0671 0.90632 
0.54804 0.44933 5.6E-4 0.00207 
0.0347 0.17227 0.29431 0.49872 
24 
0.00343 0.09569 0.86866 0.03222 
0.02218 0.32812 0.19413 0.45557 
0.0589 0.01558 0.75875 0.16677 
0.16599 0.05382 0.75887 0.02132 
0.09806 0.86805 0.02924 0.00465 
0.1536 0.11789 0.71696 0.01155 
24 
0.01754 0.30497 0.10511 0.57238 
0.69354 0.00556 0.25546 0.04544 
0.01652 0.0327 0.03303 0.91775 
0.02758 0.05963 0.24746 0.66533 
0.09946 0.57236 0.00973 0.31845 
0.04922 0.15583 0.01595 0.779 

30 
0.01947 0.07964 0.62543 0.0478 0.22766 
0.66108 0.20082 0.01675 0.11832 0.00303 
0.203 0.00231 0.00146 0.77164 0.02159 
0.02386 0.15095 2.1E-4 0.8213 0.00368 
0.11755 0.10331 0.19589 0.44205 0.1412 
0.05865 0.86613 0.03075 0.00192 0.04255 

24 
0.00829 0.48712 0.42 0.08459 
0.71964 0.08898 0.18349 0.00789 
0.06437 0.03645 0.26966 0.62952 
0.24619 0.36098 0.11234 0.28049 
0.94608 5.0E-5 0.05375 1.2E-4 
0.1198 0.03487 0.246 0.59933 
24 
0.9318 0.01299 0.04078 0.01443 
0.26614 0.03573 0.57394 0.12419 
0.02789 0.87829 0.00743 0.08639 
0.42395 0.03626 0.51338 0.02641 
0.25246 0.13219 0.0887 0.52665 
0.1347 0.17628 0.34111 0.34791 
24 
0.14972 0.45514 0.31667 0.07847 
0.0123 0.02787 0.88947 0.07036 
0.49691 0.31892 0.18326 9.1E-4 
0.02743 0.56702 0.06786 0.33769 
0.30302 0.12337 0.27633 0.29728 
0.65408 0.23571 0.02742 0.08279 
24 
0.45245 0.10114 0.29099 0.15542 
0.12055 0.05094 0.02389 0.80462 
0.08792 0.01364 0.01451 0.88393 
0.00289 0.38057 0.1283 0.48824 
0.89291 1.4E-4 0.00346 0.10349 
0.06059 0.076 0.36425 0.49916 
24 
0.01139 0.24255 0.10037 0.64569 
0.11693 0.29237 0.37235 0.21835 
0.0184 0.07177 0.88087 0.02896 
0.96889 0.00169 0.0158 0.01362 
0.2839 0.18677 0.47916 0.05017 
0.0039 0.03306 0.00428 0.95876 

30 
0.71788 0.00218 0.22928 0.04667 0.00399 
0.63203 0.01968 0.03773 0.0513 0.25926 
0.16131 0.05268 0.07494 0.35943 0.35164 
0.00263 8.3E-4 0.96582 0.00847 0.02225 
0.0011 0.24763 0.00326 0.7395 0.00851 
0.10182 0.28415 0.01119 0.53837 0.06447 
