V-CREDAL 
8 
2 2 2 3 2 3 3 2 
8 
2 6 0 
2 3 1 
3 3 4 2 
1 3 
2 0 4 
2 4 5 
1 6 
2 3 7 

4 
0.37174 0.62826 
0.83752 0.16248 
4 
0.80189 0.19811 
0.19253 0.80747 
4 
0.82988 0.17012 
0.84499 0.15501 

4 
0.45427 0.54573 
0.72388 0.27612 
4 
0.71283 0.28717 
0.75246 0.24754 
4 
0.99694 0.00306 
0.16899 0.83101 

4 
0.85086 0.14914 
0.34067 0.65933 
4 
0.66481 0.33519 
0.52803 0.47197 
4 
0.89204 0.10796 
0.85415 0.14585 
4 
0.25627 0.74373 
0.02709 0.97291 
4 
0.45843 0.54157 
0.10667 0.89333 
4 
0.3017 0.6983 
0.95557 0.04443 

18 
0.36056 0.27898 0.36046 
0.04728 0.14643 0.80629 
0.12334 0.10819 0.76847 
0.34038 0.18338 0.47624 
0.02128 0.12577 0.85295 
0.0367 0.14166 0.82164 

4 
0.3038 0.6962 
0.44809 0.55191 
4 
0.22305 0.77695 
0.57045 0.42955 

18 
0.9244 0.05621 0.01939 
0.76816 0.2277 0.00414 
0.00362 0.00743 0.98895 
0.03857 0.87342 0.08801 
0.19419 0.80291 0.0029 
0.90077 0.01835 0.08088 
18 
0.00225 0.98688 0.01087 
0.2102 0.00299 0.78681 
2.7E-4 0.05391 0.94582 
0.94839 0.00241 0.0492 
0.62476 0.37017 0.00507 
0.87558 0.09184 0.03258 

18 
0.15416 0.82882 0.01702 
0.16653 0.05451 0.77896 
0.88825 0.10104 0.01071 
0.0174 0.95205 0.03055 
0.94469 0.01391 0.0414 
0.05874 0.17314 0.76812 

4 
0.81575 0.18425 
0.55835 0.44165 
4 
0.45298 0.54702 
0.65655 0.34345 
4 
0.2189 0.7811 
0.62857 0.37143 
