V-CREDAL
4
3 3 4 2
4
1 0
2 0 1
2 1 2
2 2 3

12
0.264 0.041 0.695
0.006 0.0 0.994
0.477 0.198 0.325
0.693 0.177 0.13

12
0.36 0.148 0.492
0.422 0.174 0.404
0.202 0.413 0.385
0.406 0.102 0.492
12
0.528 0.074 0.398
0.841 0.065 0.094
0.201 0.449 0.35
0.688 0.022 0.29
12
0.252 0.501 0.247
0.161 0.101 0.738
0.086 0.278 0.636
0.099 0.157 0.744

16
0.015 0.163 0.631 0.191
0.15 0.045 0.443 0.362
0.189 0.702 0.035 0.074
0.068 0.713 0.045 0.174
16
0.403 0.05 0.063 0.484
0.081 0.009 0.143 0.767
0.374 0.019 0.004 0.603
0.011 0.551 0.087 0.351
16
0.045 0.004 0.759 0.192
0.018 0.971 0.007 0.004
0.04 0.026 0.649 0.285
0.02 0.02 0.146 0.814

4
0.429 0.571
0.502 0.498
4
0.85 0.15
0.443 0.557
4
0.657 0.343
0.774 0.226
4
0.714 0.286
0.066 0.934
