V-CREDAL
4
4 4 4 2
4
3 1 2 0
1 1
2 3 2
1 3

16
0.044 0.927 0.012 0.017
0.658 0.026 0.106 0.21
0.496 0.059 0.071 0.374
0.065 0.006 0.008 0.921
16
0.001 0.068 0.893 0.038
0.475 0.009 0.093 0.423
0.382 0.317 0.027 0.274
0.35 0.053 0.393 0.204
16
0.009 0.179 0.275 0.537
0.652 0.027 0.167 0.154
0.153 0.035 0.102 0.71
0.176 0.55 0.096 0.178
16
0.107 0.43 0.014 0.449
0.024 0.43 0.514 0.032
0.027 0.001 0.001 0.971
0.373 0.01 0.564 0.053
16
0.063 0.909 0.012 0.016
0.085 0.283 0.598 0.034
0.404 0.494 0.022 0.08
0.072 0.047 0.748 0.133
16
0.095 0.103 0.111 0.691
0.007 0.001 0.07 0.922
0.576 0.047 0.342 0.035
0.076 0.806 0.046 0.072
16
0.051 0.641 0.046 0.262
0.923 0.005 0.011 0.061
0.082 0.052 0.532 0.334
0.759 0.111 0.056 0.074
16
0.259 0.463 0.258 0.02
0.924 0.029 0.02 0.027
0.825 0.013 0.119 0.043
0.062 0.49 0.094 0.354
16
0.044 0.526 0.256 0.174
0.217 0.266 0.176 0.341
0.721 0.203 0.017 0.059
0.28 0.027 0.582 0.111
16
0.507 0.126 0.219 0.148
0.109 0.166 0.723 0.002
0.162 0.514 0.214 0.11
0.947 0.041 0.001 0.011
16
0.427 0.122 0.077 0.374
0.648 0.047 0.013 0.292
0.007 0.001 0.991 0.001
0.301 0.05 0.217 0.432
16
0.314 0.638 0.031 0.017
0.692 0.283 0.018 0.007
0.022 0.826 0.044 0.108
0.317 0.214 0.071 0.398
16
0.492 0.271 0.113 0.124
0.2 0.113 0.267 0.42
0.502 0.051 0.318 0.129
0.094 0.519 0.373 0.014
16
0.39 0.413 0.079 0.118
0.67 0.018 0.295 0.017
0.084 0.385 0.53 0.001
0.359 0.16 0.186 0.295
16
0.047 0.39 0.352 0.211
0.058 0.061 0.796 0.085
0.034 0.932 0.026 0.008
0.143 0.014 0.241 0.602
16
0.318 0.175 0.35 0.157
0.305 0.005 0.006 0.684
0.131 0.024 0.002 0.843
0.681 0.003 0.066 0.25

16
0.066 0.435 0.003 0.496
0.329 0.285 0.221 0.165
0.045 0.107 0.339 0.509
0.055 0.122 0.623 0.2

16
0.225 0.147 0.363 0.265
0.53 0.174 0.158 0.138
0.616 0.159 0.118 0.107
0.701 0.058 0.021 0.22
16
0.005 0.864 0.129 0.002
0.109 0.196 0.448 0.247
0.008 0.017 0.797 0.178
0.34 0.116 0.316 0.228

4
0.608 0.392
0.871 0.129
