V-CREDAL 
6 
5 2 4 4 5 3 
6 
2 4 0 
2 4 1 
2 3 2 
2 1 3 
1 4 
2 1 5 

20 
0.0774 0.17794 0.01638 0.18298 0.5453 
0.00271 0.90499 0.08028 0.00979 0.00223 
0.01452 0.05799 0.12078 0.08911 0.7176 
0.136 0.19447 0.62114 0.03944 0.00895 
20 
0.30491 0.04801 0.01288 0.00394 0.63026 
0.01897 0.05704 0.6589 0.16138 0.10371 
0.67429 0.18868 0.05541 0.0605 0.02112 
0.01943 0.25719 0.12699 0.49029 0.1061 
20 
0.02306 0.27824 0.67009 0.02477 0.00384 
0.02938 0.00627 0.24365 0.63045 0.09025 
0.73505 6.5E-4 0.23002 0.00739 0.02689 
0.42659 0.26999 0.21608 0.08451 0.00283 
20 
0.03239 0.66032 0.08295 0.12623 0.09811 
0.27251 0.00151 0.23473 0.48229 0.00896 
0.05253 0.42275 0.23507 0.05144 0.23821 
0.73511 0.00976 0.01777 0.19137 0.04599 
20 
0.13871 0.20307 0.56834 0.04536 0.04452 
0.15708 0.16749 0.04808 0.60353 0.02382 
0.07778 0.59997 0.02464 0.27376 0.02385 
0.155 0.20337 0.00614 0.06189 0.5736 

4 
0.15633 0.84367 
0.31254 0.68746 
4 
0.53392 0.46608 
0.64126 0.35874 
4 
0.69692 0.30308 
0.58512 0.41488 
4 
0.57559 0.42441 
0.61082 0.38918 
4 
0.80097 0.19903 
0.18076 0.81924 

16 
0.09691 0.6902 0.19964 0.01325 
0.08858 0.01432 0.06759 0.82951 
0.01592 0.00171 0.00139 0.98098 
0.90304 0.02228 0.02324 0.05144 
16 
0.30392 0.67971 0.00671 0.00966 
0.09806 0.06228 0.03702 0.80264 
0.25101 0.03143 0.57481 0.14275 
0.45396 0.36914 0.01207 0.16483 
16 
0.14373 0.27968 0.04004 0.53655 
0.34924 0.38093 0.01536 0.25447 
0.42204 0.25752 0.14073 0.17971 
0.00994 0.10465 0.68004 0.20537 
16 
0.59906 0.23448 0.14606 0.0204 
0.00686 0.41297 0.01061 0.56956 
0.02309 0.01542 0.02875 0.93274 
0.0601 0.09658 0.83886 0.00446 

16 
0.48041 0.34022 0.11418 0.06519 
0.00121 0.00632 0.02531 0.96716 
0.01429 0.05721 0.90972 0.01878 
0.1685 0.82451 0.00623 7.6E-4 
16 
0.01915 0.52589 0.27646 0.1785 
0.11781 0.07883 0.40864 0.39472 
0.17803 0.21774 0.43381 0.17042 
0.81034 0.16679 4.5E-4 0.02242 

20 
0.00996 0.9843 0.00146 0.00246 0.00182 
0.77595 0.02065 0.02477 0.14173 0.0369 
0.02085 0.92029 0.01949 0.03526 0.00411 
0.03 0.19247 0.18214 0.2122 0.38319 

12 
0.59488 0.11464 0.29048 
0.44711 0.44572 0.10717 
0.48928 0.12991 0.38081 
0.11927 0.19681 0.68392 
12 
0.537 0.04197 0.42103 
0.18141 0.70369 0.1149 
0.47952 0.28686 0.23362 
0.17008 0.40238 0.42754 
