V-CREDAL
8
3 4 4 3 4 3 3 4
8
1 0
3 0 2 1
1 2
2 5 3
2 6 4
2 2 5
2 2 6
2 5 7

18
0.0 0.99 0.01
0.676 0.046 0.278
0.01 0.001 0.989
0.078 0.004 0.918
0.674 0.228 0.098
0.035 0.964 0.001

24
0.056 0.061 0.383 0.5
0.267 0.481 0.036 0.216
0.936 0.007 0.001 0.056
0.305 0.003 0.684 0.008
0.198 0.055 0.736 0.011
0.084 0.401 0.508 0.007
24
0.562 0.087 0.173 0.178
0.006 0.987 0.007 0.0
0.587 0.098 0.184 0.131
0.02 0.14 0.833 0.007
0.496 0.073 0.046 0.385
0.045 0.386 0.54 0.029
24
0.031 0.778 0.167 0.024
0.045 0.823 0.107 0.025
0.203 0.627 0.117 0.053
0.105 0.756 0.128 0.011
0.023 0.058 0.885 0.034
0.031 0.035 0.52 0.414
24
0.526 0.007 0.157 0.31
0.813 0.002 0.123 0.062
0.039 0.344 0.024 0.593
0.582 0.035 0.092 0.291
0.082 0.208 0.096 0.614
0.65 0.026 0.315 0.009
24
0.226 0.467 0.015 0.292
0.016 0.912 0.019 0.053
0.003 0.911 0.086 0.0
0.189 0.081 0.47 0.26
0.93 0.01 0.045 0.015
0.0 0.162 0.637 0.201
24
0.551 0.435 0.012 0.002
0.128 0.103 0.16 0.609
0.027 0.311 0.054 0.608
0.993 0.002 0.004 0.001
0.043 0.908 0.01 0.039
0.151 0.141 0.197 0.511
24
0.368 0.405 0.199 0.028
0.864 0.001 0.078 0.057
0.587 0.351 0.037 0.025
0.046 0.001 0.746 0.207
0.105 0.241 0.444 0.21
0.678 0.03 0.173 0.119
24
0.003 0.038 0.132 0.827
0.275 0.237 0.327 0.161
0.183 0.6 0.127 0.09
0.191 0.341 0.278 0.19
0.655 0.015 0.004 0.326
0.011 0.38 0.219 0.39
24
0.132 0.159 0.658 0.051
0.075 0.703 0.222 0.0
0.26 0.694 0.001 0.045
0.144 0.095 0.302 0.459
0.003 0.113 0.841 0.043
0.011 0.063 0.056 0.87
24
0.101 0.489 0.368 0.042
0.041 0.539 0.06 0.36
0.964 0.002 0.018 0.016
0.219 0.136 0.317 0.328
0.231 0.449 0.085 0.235
0.64 0.03 0.148 0.182
24
0.006 0.003 0.007 0.984
0.017 0.873 0.094 0.016
0.002 0.99 0.003 0.005
0.175 0.205 0.064 0.556
0.085 0.729 0.069 0.117
0.068 0.658 0.021 0.253
24
0.04 0.586 0.065 0.309
0.195 0.386 0.362 0.057
0.114 0.111 0.511 0.264
0.348 0.444 0.196 0.012
0.058 0.822 0.071 0.049
0.225 0.275 0.393 0.107

24
0.462 0.051 0.126 0.361
0.09 0.076 0.714 0.12
0.151 0.332 0.215 0.302
0.523 0.206 0.03 0.241
0.349 0.061 0.582 0.008
0.096 0.063 0.134 0.707

18
0.123 0.285 0.592
0.271 0.547 0.182
0.37 0.118 0.512
0.137 0.369 0.494
0.63 0.318 0.052
0.22 0.085 0.695
18
0.431 0.147 0.422
0.148 0.338 0.514
0.976 0.01 0.014
0.01 0.97 0.02
0.036 0.69 0.274
0.406 0.156 0.438
18
0.998 0.001 0.001
0.004 0.994 0.002
0.481 0.001 0.518
0.272 0.004 0.724
0.02 0.011 0.969
0.004 0.993 0.003

24
0.496 0.065 0.052 0.387
0.111 0.038 0.43 0.421
0.402 0.13 0.302 0.166
0.005 0.113 0.29 0.592
0.145 0.047 0.412 0.396
0.477 0.354 0.139 0.03
24
0.036 0.804 0.058 0.102
0.156 0.538 0.14 0.166
0.068 0.025 0.018 0.889
0.084 0.217 0.359 0.34
0.089 0.142 0.009 0.76
0.197 0.357 0.434 0.012
24
0.595 0.229 0.018 0.158
0.012 0.083 0.442 0.463
0.066 0.047 0.813 0.074
0.075 0.173 0.699 0.053
0.435 0.128 0.268 0.169
0.328 0.401 0.216 0.055

18
0.008 0.667 0.325
0.142 0.781 0.077
0.3 0.616 0.084
0.081 0.085 0.834
0.357 0.277 0.366
0.015 0.545 0.44
18
0.494 0.425 0.081
0.464 0.328 0.208
0.003 0.013 0.984
0.134 0.409 0.457
0.17 0.001 0.829
0.012 0.063 0.925
18
0.134 0.025 0.841
0.021 0.333 0.646
0.671 0.234 0.095
0.039 0.902 0.059
0.064 0.062 0.874
0.593 0.188 0.219
18
0.067 0.571 0.362
0.354 0.519 0.127
0.587 0.289 0.124
0.005 0.003 0.992
0.587 0.034 0.379
0.414 0.506 0.08

18
0.057 0.941 0.002
0.082 0.023 0.895
0.99 0.005 0.005
0.003 0.61 0.387
0.057 0.081 0.862
0.028 0.15 0.822
18
0.044 0.216 0.74
0.979 0.005 0.016
0.151 0.846 0.003
0.919 0.005 0.076
0.263 0.087 0.65
0.105 0.887 0.008
18
0.411 0.212 0.377
0.207 0.194 0.599
0.006 0.336 0.658
0.206 0.303 0.491
0.013 0.363 0.624
0.313 0.202 0.485
18
0.088 0.251 0.661
0.923 0.009 0.068
0.74 0.25 0.01
0.118 0.033 0.849
0.004 0.987 0.009
0.008 0.947 0.045

24
0.098 0.006 0.529 0.367
0.662 0.117 0.1 0.121
0.022 0.039 0.836 0.103
0.265 0.009 0.719 0.007
0.228 0.015 0.419 0.338
0.033 0.395 0.36 0.212
24
0.108 0.278 0.146 0.468
0.461 0.211 0.227 0.101
0.385 0.279 0.121 0.215
0.127 0.065 0.724 0.084
0.001 0.079 0.426 0.494
0.336 0.346 0.115 0.203
24
0.702 0.098 0.197 0.003
0.081 0.023 0.423 0.473
0.032 0.094 0.826 0.048
0.064 0.362 0.323 0.251
0.163 0.046 0.732 0.059
0.092 0.159 0.174 0.575
