V-CREDAL 
6 
3 4 4 2 3 5 
6 
1 0 
2 0 1 
2 1 2 
2 2 3 
2 3 4 
2 4 5 

18 
0.70454 0.05604 0.23942 
0.86249 0.13632 0.00119 
0.0626 0.01179 0.92561 
0.05632 0.31119 0.63249 
0.05529 0.01134 0.93337 
0.01888 0.07876 0.90236 

24 
0.85671 0.05251 0.05277 0.03801 
0.01868 0.58457 0.23425 0.1625 
0.12206 0.01215 0.85939 0.0064 
0.62484 0.01046 0.35439 0.01031 
0.81934 0.00144 0.15103 0.02819 
0.10512 0.03976 0.50241 0.35271 
24 
0.39531 0.16737 0.17865 0.25867 
0.1284 0.03365 0.41782 0.42013 
0.15557 0.80234 0.00511 0.03698 
0.69347 0.22501 0.01726 0.06426 
0.25396 0.68355 0.04329 0.0192 
0.09413 0.39559 0.22825 0.28203 
24 
0.38336 0.41424 0.08044 0.12196 
0.02121 0.03383 0.02358 0.92138 
0.3256 0.52449 0.08535 0.06456 
0.06998 0.85903 0.02933 0.04166 
0.13626 0.1523 0.34585 0.36559 
0.27321 0.31178 0.24647 0.16854 

24 
0.52428 0.01049 0.41991 0.04532 
0.00243 0.04497 0.94667 0.00593 
0.32512 0.2204 0.33383 0.12065 
0.00329 0.04043 0.02813 0.92815 
0.1247 0.41515 0.03626 0.42389 
0.00263 0.21087 6.6E-4 0.78584 
24 
0.07139 0.57471 0.19704 0.15686 
0.12091 0.16642 0.22729 0.48538 
0.17703 0.64601 0.10327 0.07369 
0.04192 0.49055 0.38955 0.07798 
0.32342 0.28878 0.18349 0.20431 
0.17657 0.28446 0.16202 0.37695 
24 
0.80657 0.07688 0.06201 0.05454 
0.11926 0.14706 0.43243 0.30125 
0.0177 0.64045 0.04295 0.2989 
0.2677 0.01081 0.01827 0.70322 
0.29078 0.08316 0.49479 0.13127 
0.14875 0.20357 0.44851 0.19917 
24 
0.62396 0.19281 0.00513 0.1781 
0.5264 0.37834 0.06906 0.0262 
0.15038 0.05235 0.78906 0.00821 
0.02473 0.00895 0.00614 0.96018 
0.63735 0.01756 0.21531 0.12978 
0.49918 0.07597 0.0193 0.40555 

4 
0.53232 0.46768 
0.3212 0.6788 
4 
0.82903 0.17097 
0.79464 0.20536 
4 
0.65456 0.34544 
0.28141 0.71859 
4 
0.77571 0.22429 
0.61106 0.38894 

18 
0.66368 0.00971 0.32661 
0.09483 0.89533 0.00984 
0.88958 0.09736 0.01306 
0.02528 0.01033 0.96439 
0.05225 0.84997 0.09778 
0.07889 0.89106 0.03005 
18 
0.63279 0.00454 0.36267 
0.80049 0.08937 0.11014 
0.84756 0.14183 0.01061 
0.14097 0.85052 0.00851 
0.47597 0.03645 0.48758 
0.0084 0.26114 0.73046 

30 
0.14088 0.45602 0.06181 0.21763 0.12366 
0.05811 0.38952 0.15984 0.25735 0.13518 
0.01479 0.04765 0.68535 0.23757 0.01464 
1.2E-4 0.01563 0.98353 7.0E-4 2.0E-5 
0.04523 0.00471 0.08304 0.80243 0.06459 
0.02114 0.02598 0.13666 0.0238 0.79242 
30 
0.23357 0.08746 0.58041 0.0231 0.07546 
0.00331 0.22327 0.01303 0.00766 0.75273 
0.94933 0.01273 0.00539 0.00471 0.02784 
0.01101 0.8692 0.01277 0.09865 0.00837 
0.68434 0.07095 0.10586 0.08187 0.05698 
0.48363 0.25687 0.15442 0.0972 0.00788 
30 
0.03417 0.18944 0.42071 0.05188 0.3038 
0.12128 0.09949 0.7054 0.05971 0.01412 
3.0E-4 0.45626 0.38339 0.04768 0.11237 
0.01167 0.03376 0.28405 0.45165 0.21887 
0.10802 0.01308 0.09822 0.75799 0.02269 
0.02622 0.01117 0.93061 0.02668 0.00532 
