V-CREDAL 
4 
4 4 2 4 
4 
1 0 
2 0 1 
2 1 2 
2 2 3 

24 
0.03778 0.40051 0.13512 0.42659 
0.00299 0.04367 0.5697 0.38364 
0.04913 0.89535 0.04515 0.01037 
0.71757 0.0315 0.05704 0.19389 
0.2182 0.03425 0.1113 0.63625 
0.02559 0.11338 0.85712 0.00391 

24 
0.49454 0.0646 0.04026 0.4006 
0.19966 0.41275 0.26624 0.12135 
0.56429 0.20053 0.03698 0.1982 
0.41763 0.45938 0.0366 0.08639 
0.09459 0.21069 0.54764 0.14708 
0.15327 0.30248 0.38339 0.16086 
24 
0.14728 0.18968 0.03315 0.62989 
0.1105 0.48888 0.00492 0.3957 
0.14615 0.2386 0.19773 0.41752 
0.19314 0.52215 0.1266 0.15811 
0.11772 0.1681 0.05351 0.66067 
0.49271 0.10404 0.30844 0.09481 
24 
0.12756 0.03755 0.0522 0.78269 
0.05384 0.0127 0.04888 0.88458 
0.11235 0.59112 0.01362 0.28291 
0.07136 0.0456 0.73743 0.14561 
0.01297 0.00976 0.96941 0.00786 
0.08555 0.58712 0.22653 0.1008 
24 
0.68783 0.10676 0.00809 0.19732 
0.0995 0.34997 0.02699 0.52354 
0.57432 0.01299 0.39367 0.01902 
0.77143 0.00126 0.07296 0.15435 
0.00532 0.02292 0.03364 0.93812 
0.49801 0.00357 0.36643 0.13199 

4 
0.60441 0.39559 
0.55529 0.44471 
4 
0.53106 0.46894 
0.14841 0.85159 
4 
0.46448 0.53552 
0.3227 0.6773 
4 
0.65141 0.34859 
0.71013 0.28987 

24 
0.02382 0.03794 0.75414 0.1841 
0.08313 0.01956 0.00968 0.88763 
0.01269 0.45598 0.52879 0.00254 
0.01783 0.01863 0.45661 0.50693 
0.98614 0.003 8.4E-4 0.01002 
0.09043 0.48799 0.17641 0.24517 
24 
0.13381 0.49387 0.30464 0.06768 
0.02823 0.01128 0.02168 0.93881 
0.01129 0.7942 0.03473 0.15978 
0.94027 5.3E-4 0.05844 7.6E-4 
0.16439 0.13352 0.66995 0.03214 
0.43047 0.53411 0.03071 0.00471 
