V-CREDAL
8
2 3 4 4 2 3 3 4
8
1 0
2 4 1
1 2
3 0 1 3
1 4
2 1 5
3 2 4 6
2 0 7

4
0.96 0.04
0.607 0.393

18
0.738 0.187 0.075
0.071 0.099 0.83
0.269 0.09 0.641
0.01 0.885 0.105
0.037 0.96 0.003
0.549 0.08 0.371
18
0.079 0.087 0.834
0.155 0.797 0.048
0.175 0.777 0.048
0.44 0.076 0.484
0.059 0.301 0.64
0.423 0.019 0.558

24
0.112 0.269 0.584 0.035
0.97 0.011 0.001 0.018
0.606 0.344 0.01 0.04
0.19 0.378 0.179 0.253
0.948 0.036 0.012 0.004
0.145 0.417 0.371 0.067

24
0.154 0.091 0.417 0.338
0.005 0.948 0.016 0.031
0.109 0.273 0.361 0.257
0.11 0.859 0.025 0.006
0.113 0.336 0.047 0.504
0.006 0.005 0.01 0.979
24
0.042 0.151 0.155 0.652
0.067 0.879 0.027 0.027
0.674 0.292 0.019 0.015
0.222 0.649 0.032 0.097
0.889 0.068 0.031 0.012
0.297 0.06 0.395 0.248
24
0.218 0.273 0.051 0.458
0.255 0.119 0.256 0.37
0.572 0.206 0.164 0.058
0.04 0.854 0.038 0.068
0.068 0.105 0.808 0.019
0.035 0.455 0.1 0.41
24
0.47 0.007 0.43 0.093
0.333 0.456 0.113 0.098
0.944 0.014 0.028 0.014
0.678 0.005 0.188 0.129
0.344 0.105 0.527 0.024
0.054 0.301 0.266 0.379
24
0.881 0.058 0.058 0.003
0.335 0.074 0.041 0.55
0.876 0.027 0.012 0.085
0.006 0.06 0.011 0.923
0.569 0.015 0.328 0.088
0.01 0.177 0.542 0.271
24
0.52 0.029 0.425 0.026
0.274 0.263 0.171 0.292
0.037 0.128 0.754 0.081
0.296 0.421 0.05 0.233
0.412 0.497 0.031 0.06
0.764 0.173 0.014 0.049

4
0.705 0.295
0.26 0.74

18
0.59 0.393 0.017
0.755 0.163 0.082
0.643 0.348 0.009
0.273 0.463 0.264
0.076 0.124 0.8
0.314 0.48 0.206
18
0.855 0.144 0.001
0.549 0.104 0.347
0.039 0.896 0.065
0.995 0.003 0.002
0.167 0.281 0.552
0.368 0.168 0.464
18
0.012 0.393 0.595
0.802 0.173 0.025
0.019 0.961 0.02
0.034 0.031 0.935
0.026 0.057 0.917
0.817 0.015 0.168

18
0.059 0.085 0.856
0.021 0.956 0.023
0.517 0.003 0.48
0.764 0.006 0.23
0.387 0.561 0.052
0.068 0.92 0.012
18
0.172 0.807 0.021
0.004 0.672 0.324
0.895 0.039 0.066
0.001 0.179 0.82
0.469 0.045 0.486
0.122 0.832 0.046
18
0.896 0.09 0.014
0.455 0.35 0.195
0.948 0.028 0.024
0.72 0.009 0.271
0.005 0.004 0.991
0.13 0.27 0.6
18
0.17 0.306 0.524
0.06 0.934 0.006
0.594 0.388 0.018
0.041 0.928 0.031
0.27 0.09 0.64
0.034 0.794 0.172
18
0.851 0.009 0.14
0.008 0.882 0.11
0.041 0.349 0.61
0.975 0.011 0.014
0.313 0.009 0.678
0.261 0.07 0.669
18
0.227 0.143 0.63
0.131 0.288 0.581
0.439 0.249 0.312
0.141 0.791 0.068
0.016 0.981 0.003
0.387 0.184 0.429
18
0.692 0.282 0.026
0.008 0.579 0.413
0.063 0.912 0.025
0.234 0.25 0.516
0.424 0.091 0.485
0.836 0.08 0.084
18
0.871 0.118 0.011
0.485 0.021 0.494
0.968 0.021 0.011
0.36 0.537 0.103
0.443 0.509 0.048
0.154 0.037 0.809

24
0.057 0.495 0.428 0.02
0.047 0.636 0.036 0.281
0.015 0.049 0.813 0.123
0.619 0.106 0.025 0.25
0.231 0.493 0.041 0.235
0.139 0.06 0.712 0.089
24
0.507 0.332 0.005 0.156
0.353 0.283 0.033 0.331
0.562 0.178 0.055 0.205
0.273 0.036 0.252 0.439
0.01 0.034 0.023 0.933
0.216 0.236 0.037 0.511
