V-CREDAL 
10 
4 4 4 3 4 2 3 2 4 4 
10 
3 1 9 0 
1 1 
2 0 2 
3 0 7 3 
2 1 4 
1 5 
1 6 
2 5 7 
2 9 8 
2 6 9 

24 
0.915 0.013 0.033 0.039 
0.219 0.595 0.056 0.13 
0.187 0.586 0.098 0.129 
0.042 0.135 0.335 0.488 
0.258 0.152 0.559 0.031 
0.391 0.483 0.021 0.105 
24 
0.843 0.089 0.05 0.018 
0.006 0.045 0.062 0.887 
0.076 0.614 0.235 0.075 
0.038 0.895 0.018 0.049 
0.054 0.081 0.39 0.475 
0.218 0.616 0.146 0.02 
24 
0.545 0.047 0.222 0.186 
0.091 0.004 0.017 0.888 
0.387 0.225 0.336 0.052 
0.004 0.853 0.019 0.124 
0.212 0.011 0.743 0.034 
0.044 0.09 0.132 0.734 
24 
0.085 0.03 0.779 0.106 
0.182 0.059 0.033 0.726 
0.297 0.006 0.278 0.419 
0.477 0.154 0.057 0.312 
0.014 0.138 0.607 0.241 
0.124 0.559 0.164 0.153 
24 
0.782 0.093 0.028 0.097 
0.075 0.067 0.133 0.725 
0.91 0.03 0.051 0.009 
0.437 0.332 0.083 0.148 
0.027 0.081 0.155 0.737 
0.001 0.073 0.886 0.04 
24 
0.883 0.015 0.057 0.045 
0.253 0.028 0.059 0.66 
0.482 0.218 0.01 0.29 
0.317 0.269 0.042 0.372 
0.046 0.151 0.534 0.269 
0.055 0.066 0.041 0.838 
24 
0.109 0.01 0.562 0.319 
0.283 0.341 0.103 0.273 
0.06 0.077 0.857 0.006 
0.007 0.973 0.014 0.006 
0.011 0.115 0.015 0.859 
0.077 0.022 0.012 0.889 
24 
0.023 0.16 0.309 0.508 
0.01 0.148 0.699 0.143 
0.108 0.062 0.812 0.018 
0.016 0.778 0.022 0.184 
0.067 0.019 0.599 0.315 
0.552 0.105 0.203 0.14 
24 
0.078 0.189 0.195 0.538 
0.817 0.008 0.034 0.141 
0.252 0.222 0.086 0.44 
0.291 0.012 0.584 0.113 
0.338 0.093 0.514 0.055 
0.139 0.721 0.138 0.002 
24 
0.125 0.084 0.438 0.353 
0.509 0.269 0.023 0.199 
0.654 0.019 0.009 0.318 
0.632 0.077 0.07 0.221 
0.12 0.159 0.054 0.667 
0.239 0.072 0.004 0.685 
24 
0.094 0.052 0.248 0.606 
0.217 0.008 0.169 0.606 
0.282 0.497 0.034 0.187 
0.953 0.011 0.017 0.019 
0.268 0.236 0.459 0.037 
0.023 0.759 0.066 0.152 
24 
0.584 0.125 0.053 0.238 
0.04 0.308 0.136 0.516 
0.116 0.508 0.322 0.054 
0.009 0.927 0.001 0.063 
0.023 0.937 0.02 0.02 
0.407 0.084 0.083 0.426 
24 
0.463 0.372 0.162 0.003 
0.897 0.073 0.011 0.019 
0.799 0.002 0.194 0.005 
0.431 0.041 0.065 0.463 
0.011 0.006 0.346 0.637 
0.791 0.002 0.003 0.204 
24 
0.087 0.077 0.217 0.619 
0.361 0.011 0.035 0.593 
0.965 0.02 0.005 0.01 
0.397 0.265 0.017 0.321 
0.394 0.228 0.22 0.158 
0.363 0.002 0.161 0.474 
24 
0.835 0.014 0.114 0.037 
0.621 0.001 0.028 0.35 
0.014 0.261 0.062 0.663 
0.124 0.492 0.101 0.283 
0.001 0.002 0.995 0.002 
0.003 0.007 0.002 0.988 
24 
0.052 0.565 0.375 0.008 
0.548 0.346 0.056 0.05 
0.892 0.016 0.018 0.074 
0.049 0.128 0.027 0.796 
0.004 0.144 0.846 0.006 
0.987 0.006 0.002 0.005 

24 
0.004 0.009 0.791 0.196 
0.025 0.217 0.034 0.724 
0.04 0.03 0.308 0.622 
0.168 0.137 0.16 0.535 
0.0 0.463 0.395 0.142 
0.107 0.487 0.167 0.239 

24 
0.124 0.607 0.014 0.255 
0.031 0.005 0.957 0.007 
0.108 0.658 0.117 0.117 
0.26 0.063 0.53 0.147 
0.54 0.252 0.027 0.181 
0.06 0.281 0.472 0.187 
24 
0.098 0.095 0.189 0.618 
0.281 0.046 0.146 0.527 
0.433 0.04 0.007 0.52 
0.942 0.016 0.005 0.037 
0.094 0.004 0.007 0.895 
0.114 0.424 0.103 0.359 
24 
0.139 0.002 0.106 0.753 
0.041 0.09 0.781 0.088 
0.872 0.004 0.069 0.055 
0.04 0.018 0.006 0.936 
0.016 0.466 0.034 0.484 
0.017 0.009 0.43 0.544 
24 
0.002 0.027 0.344 0.627 
0.014 0.737 0.029 0.22 
0.01 0.596 0.009 0.385 
0.508 0.119 0.02 0.353 
0.024 0.502 0.463 0.011 
0.919 0.055 0.018 0.008 

18 
0.023 0.093 0.884 
0.042 0.834 0.124 
0.248 0.716 0.036 
0.975 0.014 0.011 
0.735 0.263 0.002 
0.114 0.009 0.877 
18 
0.455 0.041 0.504 
0.006 0.904 0.09 
0.619 0.042 0.339 
0.895 0.086 0.019 
0.125 0.123 0.752 
0.032 0.698 0.27 
18 
0.845 0.06 0.095 
0.271 0.533 0.196 
0.447 0.262 0.291 
0.192 0.771 0.037 
0.669 0.131 0.2 
0.012 0.936 0.052 
18 
0.2 0.623 0.177 
0.477 0.329 0.194 
0.074 0.459 0.467 
0.38 0.592 0.028 
0.056 0.006 0.938 
0.24 0.115 0.645 
18 
0.004 0.552 0.444 
0.968 0.009 0.023 
0.012 0.987 0.001 
0.006 0.013 0.981 
0.002 0.074 0.924 
0.797 0.006 0.197 
18 
0.781 0.117 0.102 
0.019 0.964 0.017 
0.017 0.018 0.965 
0.427 0.038 0.535 
0.668 0.272 0.06 
0.252 0.73 0.018 
18 
0.122 0.05 0.828 
0.03 0.931 0.039 
0.917 0.021 0.062 
0.403 0.036 0.561 
0.652 0.33 0.018 
0.019 0.079 0.902 
18 
0.174 0.549 0.277 
0.038 0.002 0.96 
0.829 0.152 0.019 
0.022 0.195 0.783 
0.008 0.034 0.958 
0.277 0.561 0.162 

24 
0.101 0.228 0.113 0.558 
0.098 0.57 0.304 0.028 
0.073 0.346 0.48 0.101 
0.313 0.516 0.085 0.086 
0.004 0.032 0.505 0.459 
0.491 0.016 0.209 0.284 
24 
0.128 0.139 0.256 0.477 
0.644 0.089 0.009 0.258 
0.295 0.212 0.393 0.1 
0.112 0.118 0.028 0.742 
0.002 0.001 0.001 0.996 
0.04 0.031 0.618 0.311 
24 
0.007 0.634 0.223 0.136 
0.256 0.071 0.512 0.161 
0.674 0.103 0.16 0.063 
0.189 0.103 0.478 0.23 
0.038 0.027 0.9 0.035 
0.048 0.473 0.373 0.106 
24 
0.128 0.048 0.785 0.039 
0.531 0.009 0.441 0.019 
0.023 0.925 0.049 0.003 
0.349 0.075 0.033 0.543 
0.092 0.217 0.166 0.525 
0.006 0.026 0.841 0.127 

4 
0.833 0.167 
0.486 0.514 

18 
0.98 0.007 0.013 
0.052 0.005 0.943 
0.162 0.828 0.01 
0.007 0.904 0.089 
0.01 0.201 0.789 
0.037 0.923 0.04 

4 
0.329 0.671 
0.835 0.165 
4 
0.197 0.803 
0.173 0.827 

24 
0.02 0.039 0.927 0.014 
0.204 0.622 0.131 0.043 
0.08 0.898 0.012 0.01 
0.539 0.018 0.297 0.146 
0.013 0.006 0.045 0.936 
0.472 0.267 0.003 0.258 
24 
0.933 0.008 0.053 0.006 
0.76 0.118 0.041 0.081 
0.724 0.028 0.198 0.05 
0.019 0.002 0.513 0.466 
0.048 0.223 0.112 0.617 
0.34 0.021 0.003 0.636 
24 
0.004 0.001 0.958 0.037 
0.199 0.252 0.514 0.035 
0.385 0.343 0.138 0.134 
0.091 0.015 0.774 0.12 
0.047 0.154 0.786 0.013 
0.642 0.256 0.055 0.047 
24 
0.344 0.019 0.001 0.636 
0.053 0.531 0.116 0.3 
0.036 0.018 0.043 0.903 
0.597 0.109 0.273 0.021 
0.6 0.001 0.084 0.315 
0.028 0.015 0.016 0.941 

24 
0.972 0.006 0.013 0.009 
0.004 0.538 0.144 0.314 
0.187 0.614 0.186 0.013 
0.194 0.136 0.011 0.659 
0.015 0.024 0.067 0.894 
0.03 0.395 0.503 0.072 
24 
0.182 0.282 0.526 0.01 
0.118 0.028 0.724 0.13 
0.034 0.139 0.151 0.676 
0.354 0.012 0.123 0.511 
0.363 0.072 0.32 0.245 
0.076 0.779 0.055 0.09 
24 
0.004 0.001 0.819 0.176 
0.082 0.006 0.311 0.601 
0.117 0.137 0.06 0.686 
0.25 0.031 0.601 0.118 
0.177 0.686 0.067 0.07 
0.297 0.228 0.206 0.269 
