V-CREDAL 
10 
3 2 4 4 3 4 2 3 4 3 
10 
2 5 0 
2 2 1 
1 2 
2 9 3 
2 5 4 
2 7 5 
2 1 6 
3 1 8 7 
1 8 
2 8 9 

18 
0.00462 0.05224 0.94314 
0.8204 0.05387 0.12573 
8.4E-4 0.76718 0.23198 
0.37536 0.61847 0.00617 
0.23868 0.04178 0.71954 
0.76811 0.1837 0.04819 
18 
0.43802 0.07314 0.48884 
0.8572 0.11868 0.02412 
0.46431 0.51548 0.02021 
0.14028 0.69686 0.16286 
0.18767 0.69464 0.11769 
0.23413 0.31057 0.4553 
18 
0.0057 0.04367 0.95063 
0.51695 0.36602 0.11703 
0.12947 0.02102 0.84951 
0.24719 0.41499 0.33782 
0.16646 0.38417 0.44937 
0.86032 0.11191 0.02777 
18 
0.42192 0.52887 0.04921 
0.28483 0.15901 0.55616 
0.03253 0.9117 0.05577 
0.11627 0.876 0.00773 
0.08951 0.47833 0.43216 
0.03731 0.86238 0.10031 

4 
0.99919 8.1E-4 
0.20628 0.79372 
4 
0.24825 0.75175 
0.62861 0.37139 
4 
0.9232 0.0768 
0.71673 0.28327 
4 
0.37531 0.62469 
0.66348 0.33652 

24 
0.69611 0.19923 0.03604 0.06862 
0.31687 0.26835 0.24461 0.17017 
0.02296 0.00374 0.71414 0.25916 
0.04 0.14593 0.00488 0.80919 
0.49465 0.08345 0.36954 0.05236 
0.00627 0.35466 0.35932 0.27975 

24 
0.17534 0.71089 0.04976 0.06401 
0.03966 0.83796 0.1115 0.01088 
0.05137 0.24564 0.16847 0.53452 
0.8133 0.1514 0.00682 0.02848 
0.00418 0.00138 0.0881 0.90634 
0.25023 0.16584 0.40306 0.18087 
24 
0.3951 0.1291 0.19028 0.28552 
0.18971 0.06125 0.08816 0.66088 
1.0E-5 0.00516 0.9941 7.3E-4 
0.13958 0.72083 0.12199 0.0176 
0.00887 0.00741 0.04015 0.94357 
0.14985 0.04436 0.70264 0.10315 
24 
0.11093 0.03227 0.64876 0.20804 
0.52197 0.28921 0.16758 0.02124 
0.04368 0.12134 0.72797 0.10701 
0.16478 0.26509 0.47006 0.10007 
0.00235 0.08842 0.0533 0.85593 
0.62807 0.05257 0.25107 0.06829 

18 
0.63806 0.11956 0.24238 
0.09123 0.05123 0.85754 
0.22899 0.0637 0.70731 
0.00353 0.99247 0.004 
0.59323 0.38224 0.02453 
0.70904 0.18432 0.10664 
18 
0.0171 0.93736 0.04554 
0.83058 0.15947 0.00995 
0.02454 0.01961 0.95585 
0.01611 0.05403 0.92986 
0.82942 0.05296 0.11762 
0.00212 0.59068 0.4072 
18 
0.99171 0.00417 0.00412 
0.03092 0.9686 4.8E-4 
0.18724 0.09952 0.71324 
0.09483 0.1926 0.71257 
0.00559 0.8538 0.14061 
0.84368 0.01981 0.13651 
18 
0.06508 0.60572 0.3292 
0.05798 0.51814 0.42388 
0.08527 0.07628 0.83845 
0.94038 0.05013 0.00949 
0.17916 0.07088 0.74996 
0.75801 0.20924 0.03275 

24 
0.36838 0.01099 0.60812 0.01251 
0.03556 0.01983 0.86448 0.08013 
0.11116 0.45331 0.1212 0.31433 
0.0868 0.03527 0.11913 0.7588 
0.34985 0.41613 0.20472 0.0293 
0.43237 0.08974 0.20235 0.27554 
24 
0.24559 0.08308 0.63971 0.03162 
0.50032 0.44443 0.00681 0.04844 
0.00222 0.84602 0.125 0.02676 
0.06149 0.0775 0.00549 0.85552 
0.02565 0.04392 0.66538 0.26505 
0.00513 0.00478 0.14275 0.84734 
24 
0.59153 0.04403 0.31136 0.05308 
0.65218 0.11581 0.13305 0.09896 
0.16247 0.00394 0.69079 0.1428 
0.06009 0.68133 0.13713 0.12145 
0.03247 0.83683 0.12967 0.00103 
0.39644 0.10413 0.05765 0.44178 

4 
0.2103 0.7897 
0.49311 0.50689 
4 
0.57161 0.42839 
0.11812 0.88188 

18 
0.63607 0.02179 0.34214 
0.64252 0.28868 0.0688 
0.00222 0.05513 0.94265 
0.00858 0.57556 0.41586 
0.06267 0.93367 0.00366 
0.0371 0.91447 0.04843 
18 
0.09937 0.87882 0.02181 
0.01029 0.95417 0.03554 
3.7E-4 0.00679 0.99284 
0.65476 0.32601 0.01923 
0.95047 0.00712 0.04241 
0.02565 0.00607 0.96828 
18 
0.01569 0.96209 0.02222 
0.99236 0.00185 0.00579 
0.00711 0.20955 0.78334 
0.08691 0.13767 0.77542 
0.37351 0.0378 0.58869 
0.19742 0.0819 0.72068 
18 
0.57946 0.07817 0.34237 
0.34739 0.61885 0.03376 
0.26123 0.0193 0.71947 
0.20159 0.03591 0.7625 
0.41571 0.04544 0.53885 
0.58786 0.09245 0.31969 
18 
0.75822 0.0033 0.23848 
0.00334 0.99609 5.7E-4 
0.18489 0.80841 0.0067 
7.6E-4 1.3E-4 0.99911 
0.62217 0.26822 0.10961 
0.47896 0.45602 0.06502 
18 
0.31415 0.34608 0.33977 
0.53932 0.19137 0.26931 
0.36105 0.59801 0.04094 
0.18129 0.76258 0.05613 
0.14643 0.55007 0.3035 
0.13029 0.69961 0.1701 
18 
0.14212 0.47139 0.38649 
0.2276 0.08741 0.68499 
0.50783 0.12321 0.36896 
0.43821 0.07531 0.48648 
0.02132 0.12337 0.85531 
0.27103 0.65297 0.076 
18 
0.16806 0.02478 0.80716 
0.00542 0.02967 0.96491 
0.21925 0.60059 0.18016 
0.61285 0.22956 0.15759 
0.15416 0.57133 0.27451 
0.66292 0.29258 0.0445 

24 
0.166 0.20949 0.04788 0.57663 
0.007 0.03832 0.85437 0.10031 
0.06592 0.09559 0.05483 0.78366 
0.26978 0.01918 0.40419 0.30685 
0.42865 0.11048 0.40661 0.05426 
0.14823 0.44691 0.21251 0.19235 

18 
0.13093 0.08169 0.78738 
0.77637 0.14969 0.07394 
0.03175 0.78678 0.18147 
0.02992 0.10159 0.86849 
0.1069 0.86705 0.02605 
0.41242 0.56916 0.01842 
18 
0.99283 0.00166 0.00551 
0.00977 0.7512 0.23903 
0.0123 0.92447 0.06323 
0.00427 0.00474 0.99099 
0.51702 0.46668 0.0163 
0.97484 0.00166 0.0235 
18 
0.02475 0.00182 0.97343 
0.00751 0.97952 0.01297 
0.00371 0.37134 0.62495 
0.97019 0.00852 0.02129 
0.78066 0.2038 0.01554 
0.01006 0.08511 0.90483 
18 
0.76743 0.00686 0.22571 
0.0141 0.96946 0.01644 
0.81385 0.17489 0.01126 
0.0264 0.04928 0.92432 
0.89941 0.01099 0.0896 
0.13334 0.02393 0.84273 
