V-CREDAL
10
4 4 4 3 4 2 3 2 4 4
10
3 1 9 0
1 1
2 0 2
3 0 7 3
2 1 4
1 5
1 6
2 5 7
2 9 8
2 6 9

16
0.362 0.179 0.066 0.393
0.432 0.405 0.086 0.077
0.012 0.077 0.663 0.248
0.179 0.682 0.051 0.088
16
0.079 0.85 0.063 0.008
0.122 0.309 0.185 0.384
0.207 0.137 0.457 0.199
0.044 0.516 0.019 0.421
16
0.019 0.172 0.63 0.179
0.416 0.345 0.033 0.206
0.033 0.272 0.075 0.62
0.139 0.301 0.527 0.033
16
0.123 0.022 0.391 0.464
0.354 0.153 0.394 0.099
0.012 0.029 0.895 0.064
0.013 0.024 0.941 0.022
16
0.378 0.046 0.346 0.23
0.341 0.563 0.059 0.037
0.479 0.033 0.409 0.079
0.864 0.09 0.016 0.03
16
0.59 0.334 0.058 0.018
0.518 0.096 0.147 0.239
0.476 0.272 0.232 0.02
0.037 0.338 0.163 0.462
16
0.021 0.504 0.005 0.47
0.373 0.076 0.083 0.468
0.316 0.348 0.085 0.251
0.149 0.12 0.301 0.43
16
0.045 0.068 0.707 0.18
0.062 0.531 0.306 0.101
0.272 0.184 0.454 0.09
0.521 0.275 0.093 0.111
16
0.163 0.191 0.521 0.125
0.034 0.224 0.059 0.683
0.977 0.017 0.002 0.004
0.113 0.304 0.327 0.256
16
0.29 0.228 0.273 0.209
0.504 0.291 0.17 0.035
0.019 0.011 0.374 0.596
0.108 0.655 0.096 0.141
16
0.033 0.021 0.925 0.021
0.226 0.141 0.085 0.548
0.006 0.831 0.135 0.028
0.057 0.844 0.096 0.003
16
0.063 0.09 0.73 0.117
0.166 0.013 0.021 0.8
0.099 0.285 0.518 0.098
0.382 0.303 0.079 0.236
16
0.166 0.042 0.018 0.774
0.148 0.499 0.022 0.331
0.44 0.39 0.119 0.051
0.156 0.127 0.404 0.313
16
0.016 0.83 0.037 0.117
0.376 0.032 0.532 0.06
0.68 0.003 0.313 0.004
0.147 0.319 0.068 0.466
16
0.3 0.044 0.291 0.365
0.984 0.012 0.003 0.001
0.007 0.822 0.006 0.165
0.103 0.323 0.308 0.266
16
0.291 0.264 0.156 0.289
0.357 0.002 0.566 0.075
0.004 0.98 0.013 0.003
0.004 0.868 0.022 0.106

16
0.043 0.101 0.442 0.414
0.087 0.013 0.599 0.301
0.005 0.747 0.005 0.243
0.469 0.043 0.062 0.426

16
0.111 0.04 0.344 0.505
0.27 0.049 0.021 0.66
0.052 0.826 0.001 0.121
0.123 0.189 0.474 0.214
16
0.402 0.135 0.015 0.448
0.206 0.015 0.031 0.748
0.07 0.532 0.076 0.322
0.45 0.46 0.031 0.059
16
0.411 0.057 0.042 0.49
0.071 0.171 0.173 0.585
0.941 0.009 0.047 0.003
0.095 0.533 0.329 0.043
16
0.129 0.237 0.301 0.333
0.945 0.002 0.051 0.002
0.776 0.011 0.025 0.188
0.095 0.299 0.131 0.475

12
0.829 0.036 0.135
0.043 0.183 0.774
0.016 0.958 0.026
0.386 0.03 0.584
12
0.531 0.237 0.232
0.018 0.051 0.931
0.184 0.753 0.063
0.024 0.64 0.336
12
0.576 0.369 0.055
0.295 0.002 0.703
0.617 0.148 0.235
0.03 0.084 0.886
12
0.174 0.494 0.332
0.472 0.057 0.471
0.596 0.156 0.248
0.618 0.221 0.161
12
0.12 0.372 0.508
0.085 0.189 0.726
0.745 0.152 0.103
0.313 0.495 0.192
12
0.953 0.009 0.038
0.059 0.569 0.372
0.535 0.071 0.394
0.018 0.445 0.537
12
0.474 0.381 0.145
0.376 0.314 0.31
0.471 0.312 0.217
0.618 0.344 0.038
12
0.75 0.014 0.236
0.639 0.257 0.104
0.181 0.683 0.136
0.005 0.082 0.913

16
0.207 0.607 0.184 0.002
0.002 0.001 0.991 0.006
0.012 0.021 0.101 0.866
0.401 0.178 0.008 0.413
16
0.007 0.832 0.146 0.015
0.021 0.013 0.929 0.037
0.265 0.274 0.161 0.3
0.06 0.19 0.35 0.4
16
0.634 0.275 0.087 0.004
0.153 0.229 0.605 0.013
0.119 0.697 0.104 0.08
0.3 0.06 0.451 0.189
16
0.162 0.12 0.373 0.345
0.008 0.002 0.819 0.171
0.069 0.001 0.911 0.019
0.899 0.011 0.016 0.074

4
0.238 0.762
0.629 0.371

12
0.303 0.529 0.168
0.018 0.799 0.183
0.312 0.294 0.394
0.169 0.197 0.634

4
0.893 0.107
0.474 0.526
4
0.471 0.529
0.707 0.293

16
0.127 0.539 0.332 0.002
0.875 0.062 0.048 0.015
0.442 0.396 0.049 0.113
0.022 0.352 0.008 0.618
16
0.028 0.049 0.873 0.05
0.143 0.042 0.24 0.575
0.73 0.026 0.208 0.036
0.253 0.458 0.116 0.173
16
0.423 0.279 0.27 0.028
0.071 0.006 0.918 0.005
0.355 0.094 0.383 0.168
0.376 0.004 0.01 0.61
16
0.332 0.314 0.236 0.118
0.097 0.005 0.691 0.207
0.068 0.649 0.087 0.196
0.04 0.915 0.013 0.032

16
0.057 0.018 0.006 0.919
0.427 0.09 0.375 0.108
0.116 0.002 0.879 0.003
0.669 0.184 0.143 0.004
16
0.674 0.143 0.03 0.153
0.222 0.329 0.051 0.398
0.191 0.109 0.186 0.514
0.001 0.993 0.001 0.005
16
0.025 0.3 0.266 0.409
0.022 0.253 0.062 0.663
0.03 0.041 0.656 0.273
0.499 0.141 0.127 0.233
