V-CREDAL
10
3 4 3 4 2 3 3 2 2 2
10
2 4 0
2 3 1
2 7 2
1 3
3 1 2 4
2 9 5
2 4 6
1 7
2 5 8
2 7 9

18
0.275 0.022 0.703
0.023 0.954 0.023
0.704 0.149 0.147
0.034 0.082 0.884
0.614 0.349 0.037
0.011 0.621 0.368
18
0.117 0.547 0.336
0.536 0.377 0.087
0.685 0.138 0.177
0.03 0.358 0.612
0.177 0.243 0.58
0.322 0.66 0.018

24
0.013 0.572 0.194 0.221
0.195 0.378 0.209 0.218
0.055 0.583 0.018 0.344
0.006 0.559 0.378 0.057
0.109 0.306 0.202 0.383
0.264 0.115 0.495 0.126
24
0.014 0.314 0.229 0.443
0.008 0.96 0.0 0.032
0.179 0.005 0.73 0.086
0.721 0.119 0.138 0.022
0.377 0.508 0.097 0.018
0.271 0.641 0.019 0.069
24
0.512 0.198 0.001 0.289
0.122 0.095 0.457 0.326
0.008 0.055 0.026 0.911
0.126 0.54 0.333 0.001
0.152 0.024 0.018 0.806
0.024 0.83 0.086 0.06
24
0.128 0.565 0.293 0.014
0.115 0.158 0.71 0.017
0.148 0.606 0.029 0.217
0.891 0.025 0.08 0.004
0.414 0.049 0.346 0.191
0.063 0.427 0.094 0.416

18
0.35 0.65 0.0
0.949 0.01 0.041
0.04 0.037 0.923
0.038 0.107 0.855
0.127 0.699 0.174
0.149 0.786 0.065
18
0.082 0.254 0.664
0.119 0.612 0.269
0.327 0.617 0.056
0.761 0.113 0.126
0.282 0.074 0.644
0.157 0.683 0.16

24
0.775 0.062 0.044 0.119
0.248 0.687 0.056 0.009
0.355 0.009 0.054 0.582
0.145 0.011 0.843 0.001
0.123 0.028 0.738 0.111
0.032 0.403 0.178 0.387

4
0.739 0.261
0.43 0.57
4
0.402 0.598
0.202 0.798
4
0.838 0.162
0.183 0.817
4
0.758 0.242
0.384 0.616
4
0.466 0.534
0.597 0.403
4
0.624 0.376
0.411 0.589
4
0.763 0.237
0.036 0.964
4
0.492 0.508
0.117 0.883
4
0.011 0.989
0.985 0.015
4
0.999 0.001
0.439 0.561
4
0.353 0.647
0.693 0.307
4
0.807 0.193
0.633 0.367

18
0.651 0.319 0.03
0.044 0.949 0.007
0.025 0.184 0.791
0.075 0.005 0.92
0.528 0.008 0.464
0.625 0.208 0.167
18
0.044 0.021 0.935
0.932 0.013 0.055
0.008 0.165 0.827
0.602 0.008 0.39
0.092 0.847 0.061
0.478 0.514 0.008

18
0.276 0.72 0.004
0.117 0.549 0.334
0.019 0.014 0.967
0.2 0.65 0.15
0.653 0.253 0.094
0.495 0.055 0.45
18
0.041 0.239 0.72
0.889 0.066 0.045
0.157 0.14 0.703
0.007 0.906 0.087
0.887 0.04 0.073
0.037 0.88 0.083

4
0.7 0.3
0.912 0.088

4
0.158 0.842
0.523 0.477
4
0.091 0.909
0.034 0.966
4
0.373 0.627
0.364 0.636

4
0.192 0.808
0.306 0.694
4
0.984 0.016
0.293 0.707
