V-CREDAL
9
3 3 3 2 4 3 4 2 3
9
2 1 0
2 7 1
3 5 8 2
1 3
2 5 4
1 5
2 3 6
2 3 7
2 6 8

18
0.02 0.077 0.903
0.012 0.913 0.075
0.022 0.073 0.905
0.776 0.012 0.212
0.615 0.022 0.363
0.045 0.913 0.042
18
0.571 0.063 0.366
0.035 0.004 0.961
0.006 0.345 0.649
0.253 0.674 0.073
0.021 0.01 0.969
0.59 0.248 0.162
18
0.203 0.008 0.789
0.494 0.444 0.062
0.002 0.99 0.008
0.026 0.467 0.507
0.666 0.021 0.313
0.076 0.323 0.601

18
0.621 0.27 0.109
0.071 0.264 0.665
0.943 0.027 0.03
0.241 0.266 0.493
0.114 0.026 0.86
0.362 0.006 0.632
18
0.719 0.033 0.248
0.513 0.473 0.014
0.039 0.059 0.902
0.834 0.166 0.0
0.31 0.613 0.077
0.18 0.592 0.228

18
0.174 0.271 0.555
0.447 0.445 0.108
0.211 0.737 0.052
0.176 0.697 0.127
0.322 0.099 0.579
0.722 0.034 0.244
18
0.035 0.124 0.841
0.809 0.015 0.176
0.004 0.103 0.893
0.248 0.223 0.529
0.909 0.034 0.057
0.916 0.044 0.04
18
0.238 0.23 0.532
0.263 0.696 0.041
0.465 0.092 0.443
0.969 0.001 0.03
0.307 0.123 0.57
0.169 0.702 0.129
18
0.317 0.043 0.64
0.151 0.726 0.123
0.555 0.444 0.001
0.7 0.093 0.207
0.014 0.039 0.947
0.253 0.663 0.084
18
0.01 0.935 0.055
0.234 0.761 0.005
0.93 0.02 0.05
0.806 0.027 0.167
0.17 0.076 0.754
0.018 0.816 0.166
18
0.688 0.069 0.243
0.018 0.901 0.081
0.118 0.126 0.756
0.57 0.289 0.141
0.059 0.537 0.404
0.075 0.893 0.032
18
0.733 0.052 0.215
0.633 0.045 0.322
0.04 0.943 0.017
0.92 0.068 0.012
0.028 0.651 0.321
0.119 0.052 0.829
18
0.991 0.001 0.008
0.014 0.985 0.001
0.957 0.037 0.006
0.454 0.011 0.535
0.07 0.455 0.475
0.119 0.211 0.67
18
0.007 0.197 0.796
0.342 0.565 0.093
0.436 0.05 0.514
0.688 0.12 0.192
0.011 0.981 0.008
0.033 0.008 0.959

4
0.51 0.49
0.029 0.971

24
0.101 0.028 0.803 0.068
0.249 0.059 0.676 0.016
0.007 0.018 0.038 0.937
0.044 0.284 0.669 0.003
0.002 0.003 0.016 0.979
0.077 0.013 0.819 0.091
24
0.036 0.091 0.854 0.019
0.409 0.36 0.156 0.075
0.282 0.042 0.237 0.439
0.022 0.041 0.761 0.176
0.3 0.01 0.689 0.001
0.043 0.007 0.083 0.867
24
0.036 0.374 0.588 0.002
0.019 0.124 0.001 0.856
0.02 0.015 0.05 0.915
0.388 0.364 0.097 0.151
0.28 0.008 0.278 0.434
0.2 0.023 0.486 0.291

18
0.614 0.35 0.036
0.587 0.396 0.017
0.137 0.029 0.834
0.082 0.712 0.206
0.505 0.262 0.233
0.044 0.096 0.86

24
0.001 0.004 0.995 0.0
0.119 0.188 0.248 0.445
0.076 0.798 0.071 0.055
0.352 0.443 0.118 0.087
0.337 0.129 0.513 0.021
0.754 0.067 0.0 0.179
24
0.107 0.042 0.747 0.104
0.592 0.061 0.326 0.021
0.16 0.05 0.189 0.601
0.597 0.134 0.107 0.162
0.013 0.094 0.808 0.085
0.378 0.0 0.181 0.441

4
0.927 0.073
0.267 0.733
4
0.55 0.45
0.452 0.548

18
0.001 0.029 0.97
0.621 0.367 0.012
0.001 0.667 0.332
0.919 0.001 0.08
0.003 0.918 0.079
0.699 0.289 0.012
18
0.042 0.949 0.009
0.837 0.017 0.146
0.015 0.906 0.079
0.026 0.011 0.963
0.003 0.064 0.933
0.828 0.114 0.058
18
0.892 0.102 0.006
0.945 0.038 0.017
0.023 0.201 0.776
0.117 0.721 0.162
0.007 0.58 0.413
0.308 0.65 0.042
18
0.744 0.029 0.227
0.082 0.01 0.908
0.174 0.738 0.088
0.042 0.522 0.436
0.873 0.052 0.075
0.9 0.076 0.024
