V-CREDAL
7
2 3 3 4 2 3 3
7
2 4 0
1 1
1 2
3 0 1 3
1 4
2 1 5
3 2 4 6

4
0.093 0.907
0.776 0.224
4
0.911 0.089
0.958 0.042

12
0.299 0.575 0.126
0.397 0.242 0.361
0.009 0.264 0.727
0.028 0.437 0.535

12
0.88 0.042 0.078
0.041 0.145 0.814
0.212 0.671 0.117
0.52 0.413 0.067

16
0.016 0.073 0.006 0.905
0.281 0.5 0.012 0.207
0.009 0.607 0.167 0.217
0.405 0.594 0.001 0.0
16
0.125 0.483 0.071 0.321
0.009 0.634 0.283 0.074
0.292 0.066 0.232 0.41
0.228 0.017 0.7 0.055
16
0.1 0.091 0.054 0.755
0.004 0.019 0.386 0.591
0.026 0.093 0.779 0.102
0.059 0.088 0.606 0.247
16
0.115 0.036 0.004 0.845
0.515 0.078 0.12 0.287
0.173 0.036 0.139 0.652
0.015 0.978 0.001 0.006
16
0.631 0.139 0.033 0.197
0.211 0.426 0.054 0.309
0.041 0.007 0.025 0.927
0.1 0.042 0.773 0.085
16
0.527 0.192 0.144 0.137
0.73 0.041 0.184 0.045
0.346 0.315 0.315 0.024
0.023 0.913 0.016 0.048

4
0.376 0.624
0.422 0.578

12
0.143 0.607 0.25
0.591 0.137 0.272
0.213 0.083 0.704
0.602 0.261 0.137
12
0.061 0.461 0.478
0.158 0.699 0.143
0.309 0.515 0.176
0.3 0.693 0.007
12
0.189 0.381 0.43
0.187 0.016 0.797
0.035 0.665 0.3
0.194 0.185 0.621

12
0.008 0.171 0.821
0.087 0.147 0.766
0.038 0.006 0.956
0.301 0.032 0.667
12
0.334 0.085 0.581
0.277 0.681 0.042
0.731 0.115 0.154
0.182 0.684 0.134
12
0.351 0.269 0.38
0.307 0.556 0.137
0.49 0.328 0.182
0.099 0.454 0.447
12
0.737 0.12 0.143
0.092 0.133 0.775
0.692 0.119 0.189
0.035 0.269 0.696
12
0.224 0.447 0.329
0.231 0.692 0.077
0.628 0.274 0.098
0.559 0.225 0.216
12
0.3 0.198 0.502
0.941 0.047 0.012
0.26 0.67 0.07
0.883 0.025 0.092
