V-CREDAL
7
2 3 4 4 3 4 2
7
4 1 2 6 0
2 3 1
1 2
1 3
2 1 4
2 4 5
1 6

4
0.149 0.851
0.052 0.948
4
0.135 0.865
0.086 0.914
4
0.576 0.424
0.889 0.111
4
0.518 0.482
0.127 0.873
4
0.69 0.31
0.605 0.395
4
0.115 0.885
0.925 0.075
4
0.845 0.155
0.975 0.025
4
0.291 0.709
0.526 0.474
4
0.621 0.379
0.674 0.326
4
0.718 0.282
0.867 0.133
4
0.061 0.939
0.892 0.108
4
0.165 0.835
0.177 0.823
4
0.732 0.268
0.993 0.007
4
0.46 0.54
0.985 0.015
4
0.086 0.914
0.608 0.392
4
0.895 0.105
0.673 0.327
4
0.657 0.343
0.854 0.146
4
0.251 0.749
0.557 0.443
4
0.809 0.191
0.808 0.192
4
0.996 0.004
0.73 0.27
4
0.103 0.897
0.573 0.427
4
0.3 0.7
0.587 0.413
4
0.926 0.074
0.689 0.311
4
0.28 0.72
0.295 0.705

18
0.004 0.024 0.972
0.008 0.233 0.759
0.504 0.203 0.293
0.329 0.508 0.163
0.367 0.096 0.537
0.114 0.525 0.361
18
0.493 0.045 0.462
0.006 0.006 0.988
0.016 0.005 0.979
0.074 0.811 0.115
0.196 0.779 0.025
0.363 0.008 0.629
18
0.677 0.018 0.305
0.167 0.026 0.807
0.622 0.376 0.002
0.079 0.276 0.645
0.243 0.739 0.018
0.141 0.072 0.787
18
0.091 0.203 0.706
0.574 0.374 0.052
0.004 0.984 0.012
0.627 0.044 0.329
0.383 0.054 0.563
0.017 0.855 0.128

24
0.007 0.326 0.572 0.095
0.19 0.557 0.22 0.033
0.967 0.008 0.001 0.024
0.014 0.108 0.097 0.781
0.015 0.139 0.011 0.835
0.235 0.042 0.127 0.596

24
0.127 0.007 0.015 0.851
0.08 0.17 0.321 0.429
0.007 0.688 0.195 0.11
0.267 0.074 0.512 0.147
0.908 0.003 0.023 0.066
0.15 0.109 0.683 0.058

18
0.797 0.044 0.159
0.196 0.048 0.756
0.817 0.066 0.117
0.031 0.914 0.055
0.009 0.667 0.324
0.077 0.874 0.049
18
0.027 0.839 0.134
0.942 0.005 0.053
0.019 0.063 0.918
0.175 0.818 0.007
0.489 0.504 0.007
0.029 0.876 0.095
18
0.285 0.01 0.705
0.225 0.001 0.774
0.549 0.404 0.047
0.013 0.092 0.895
0.702 0.202 0.096
0.164 0.353 0.483

24
0.049 0.049 0.891 0.011
0.699 0.264 0.029 0.008
0.025 0.088 0.006 0.881
0.059 0.01 0.018 0.913
0.356 0.098 0.116 0.43
0.405 0.033 0.536 0.026
24
0.492 0.126 0.273 0.109
0.056 0.009 0.001 0.934
0.948 0.009 0.039 0.004
0.477 0.004 0.334 0.185
0.08 0.1 0.22 0.6
0.09 0.59 0.19 0.13
24
0.448 0.275 0.091 0.186
0.045 0.05 0.795 0.11
0.943 0.016 0.0 0.041
0.795 0.136 0.015 0.054
0.078 0.721 0.092 0.109
0.683 0.097 0.211 0.009

4
0.736 0.264
0.451 0.549
