V-CREDAL
10
4 2 4 2 4 4 4 3 4 2
10
1 0
2 6 1
1 2
2 0 3
5 2 5 6 7 4
3 8 9 5
1 6
2 0 7
1 8
1 9

24
0.612 0.09 0.095 0.203
0.116 0.012 0.576 0.296
0.425 0.566 0.005 0.004
0.752 0.114 0.102 0.032
0.23 0.352 0.247 0.171
0.42 0.008 0.407 0.165

4
0.435 0.565
0.945 0.055
4
0.776 0.224
0.063 0.937
4
0.715 0.285
0.945 0.055
4
0.648 0.352
0.742 0.258

24
0.206 0.018 0.634 0.142
0.557 0.235 0.064 0.144
0.291 0.019 0.13 0.56
0.006 0.003 0.845 0.146
0.002 0.899 0.087 0.012
0.157 0.01 0.003 0.83

4
0.066 0.934
0.285 0.715
4
0.841 0.159
0.733 0.267
4
0.469 0.531
0.777 0.223
4
0.473 0.527
0.3 0.7

24
0.027 0.561 0.329 0.083
0.128 0.239 0.068 0.565
0.017 0.04 0.719 0.224
0.622 0.096 0.139 0.143
0.617 0.111 0.159 0.113
0.283 0.311 0.052 0.354
24
0.039 0.455 0.006 0.5
0.519 0.071 0.17 0.24
0.058 0.2 0.051 0.691
0.914 0.071 0.002 0.013
0.31 0.082 0.538 0.07
0.202 0.108 0.456 0.234
24
0.043 0.614 0.326 0.017
0.517 0.116 0.24 0.127
0.008 0.148 0.497 0.347
0.021 0.736 0.242 0.001
0.008 0.553 0.226 0.213
0.712 0.229 0.013 0.046
24
0.146 0.588 0.028 0.238
0.259 0.397 0.043 0.301
0.319 0.06 0.154 0.467
0.102 0.138 0.706 0.054
0.459 0.34 0.183 0.018
0.136 0.086 0.242 0.536
24
0.869 0.021 0.011 0.099
0.232 0.012 0.737 0.019
0.004 0.963 0.015 0.018
0.186 0.1 0.181 0.533
0.463 0.042 0.094 0.401
0.266 0.344 0.04 0.35
24
0.577 0.268 0.019 0.136
0.003 0.511 0.142 0.344
0.028 0.952 0.005 0.015
0.099 0.35 0.497 0.054
0.005 0.011 0.022 0.962
0.056 0.13 0.655 0.159
24
0.316 0.312 0.295 0.077
0.362 0.175 0.111 0.352
0.302 0.09 0.304 0.304
0.552 0.111 0.168 0.169
0.235 0.252 0.155 0.358
0.011 0.661 0.004 0.324
24
0.183 0.656 0.019 0.142
0.653 0.159 0.135 0.053
0.157 0.735 0.079 0.029
0.314 0.062 0.59 0.034
0.059 0.24 0.261 0.44
0.004 0.163 0.165 0.668
24
0.289 0.142 0.003 0.566
0.007 0.842 0.146 0.005
0.125 0.002 0.047 0.826
0.33 0.364 0.263 0.043
0.129 0.501 0.041 0.329
0.99 0.002 0.002 0.006
24
0.111 0.054 0.319 0.516
0.947 0.014 0.007 0.032
0.002 0.742 0.065 0.191
0.209 0.044 0.739 0.008
0.004 0.867 0.09 0.039
0.014 0.092 0.234 0.66
24
0.82 0.092 0.03 0.058
0.238 0.038 0.012 0.712
0.196 0.294 0.049 0.461
0.065 0.255 0.301 0.379
0.01 0.086 0.086 0.818
0.003 0.225 0.763 0.009
24
0.114 0.658 0.194 0.034
0.006 0.218 0.364 0.412
0.22 0.021 0.002 0.757
0.052 0.052 0.639 0.257
0.997 0.001 0.0 0.002
0.115 0.006 0.359 0.52
24
0.14 0.505 0.002 0.353
0.006 0.047 0.01 0.937
0.354 0.014 0.097 0.535
0.235 0.49 0.081 0.194
0.002 0.0 0.002 0.996
0.001 0.038 0.373 0.588
24
0.312 0.372 0.106 0.21
0.188 0.497 0.048 0.267
0.018 0.065 0.045 0.872
0.214 0.47 0.232 0.084
0.051 0.163 0.717 0.069
0.159 0.015 0.592 0.234
24
0.14 0.066 0.523 0.271
0.422 0.246 0.068 0.264
0.517 0.008 0.47 0.005
0.836 0.059 0.087 0.018
0.327 0.035 0.406 0.232
0.233 0.062 0.298 0.407
24
0.009 0.111 0.875 0.005
0.0 0.024 0.49 0.486
0.635 0.067 0.11 0.188
0.113 0.011 0.015 0.861
0.024 0.329 0.053 0.594
0.025 0.097 0.866 0.012
24
0.021 0.032 0.162 0.785
0.067 0.052 0.1 0.781
0.265 0.241 0.415 0.079
0.574 0.349 0.055 0.022
0.071 0.036 0.268 0.625
0.018 0.524 0.256 0.202
24
0.244 0.048 0.183 0.525
0.186 0.568 0.165 0.081
0.135 0.193 0.09 0.582
0.237 0.025 0.345 0.393
0.274 0.302 0.422 0.002
0.007 0.002 0.014 0.977
24
0.321 0.212 0.021 0.446
0.153 0.038 0.075 0.734
0.193 0.083 0.009 0.715
0.145 0.518 0.256 0.081
0.989 0.0 0.002 0.009
0.421 0.236 0.234 0.109
24
0.017 0.052 0.051 0.88
0.154 0.341 0.451 0.054
0.005 0.5 0.157 0.338
0.234 0.721 0.032 0.013
0.863 0.079 0.009 0.049
0.122 0.659 0.005 0.214
24
0.021 0.02 0.014 0.945
0.088 0.276 0.156 0.48
0.773 0.06 0.036 0.131
0.196 0.463 0.206 0.135
0.022 0.094 0.377 0.507
0.588 0.09 0.284 0.038
24
0.258 0.019 0.054 0.669
0.024 0.884 0.018 0.074
0.137 0.166 0.017 0.68
0.114 0.182 0.636 0.068
0.716 0.007 0.115 0.162
0.119 0.068 0.739 0.074
24
0.355 0.004 0.104 0.537
0.012 0.011 0.931 0.046
0.54 0.388 0.059 0.013
0.269 0.283 0.42 0.028
0.004 0.057 0.036 0.903
0.132 0.25 0.237 0.381
24
0.011 0.004 0.072 0.913
0.339 0.44 0.04 0.181
0.098 0.002 0.82 0.08
0.097 0.6 0.002 0.301
0.038 0.141 0.399 0.422
0.214 0.004 0.491 0.291
24
0.014 0.043 0.748 0.195
0.015 0.818 0.09 0.077
0.021 0.064 0.693 0.222
0.218 0.5 0.054 0.228
0.04 0.827 0.103 0.03
0.061 0.716 0.079 0.144
24
0.364 0.302 0.003 0.331
0.024 0.084 0.019 0.873
0.006 0.003 0.986 0.005
0.021 0.003 0.972 0.004
0.044 0.875 0.07 0.011
0.054 0.142 0.002 0.802
24
0.04 0.073 0.263 0.624
0.1 0.828 0.034 0.038
0.413 0.076 0.48 0.031
0.015 0.424 0.0 0.561
0.64 0.249 0.078 0.033
0.062 0.029 0.168 0.741
24
0.103 0.023 0.142 0.732
0.032 0.005 0.127 0.836
0.009 0.014 0.928 0.049
0.004 0.812 0.164 0.02
0.149 0.1 0.045 0.706
0.019 0.932 0.045 0.004
24
0.003 0.98 0.009 0.008
0.052 0.23 0.083 0.635
0.907 0.078 0.004 0.011
0.083 0.025 0.875 0.017
0.127 0.125 0.209 0.539
0.787 0.018 0.052 0.143
24
0.208 0.008 0.779 0.005
0.046 0.003 0.052 0.899
0.767 0.102 0.088 0.043
0.164 0.45 0.196 0.19
0.028 0.624 0.274 0.074
0.016 0.006 0.231 0.747
24
0.796 0.03 0.073 0.101
0.069 0.0 0.036 0.895
0.012 0.0 0.952 0.036
0.006 0.892 0.078 0.024
0.04 0.004 0.082 0.874
0.629 0.101 0.187 0.083
24
0.045 0.06 0.007 0.888
0.039 0.117 0.147 0.697
0.392 0.489 0.09 0.029
0.229 0.055 0.482 0.234
0.043 0.013 0.855 0.089
0.342 0.0 0.001 0.657
24
0.182 0.381 0.007 0.43
0.937 0.035 0.028 0.0
0.244 0.517 0.23 0.009
0.344 0.007 0.636 0.013
0.137 0.005 0.51 0.348
0.168 0.124 0.133 0.575
24
0.008 0.817 0.152 0.023
0.164 0.066 0.741 0.029
0.284 0.327 0.141 0.248
0.003 0.006 0.007 0.984
0.006 0.019 0.971 0.004
0.212 0.076 0.534 0.178
24
0.134 0.283 0.419 0.164
0.433 0.026 0.038 0.503
0.028 0.082 0.021 0.869
0.207 0.153 0.509 0.131
0.017 0.031 0.788 0.164
0.01 0.418 0.11 0.462
24
0.016 0.0 0.983 0.001
0.026 0.017 0.002 0.955
0.544 0.155 0.289 0.012
0.046 0.426 0.443 0.085
0.079 0.769 0.038 0.114
0.931 0.038 0.019 0.012
24
0.423 0.104 0.442 0.031
0.014 0.218 0.619 0.149
0.059 0.053 0.6 0.288
0.143 0.01 0.138 0.709
0.029 0.957 0.012 0.002
0.463 0.241 0.28 0.016
24
0.971 0.011 0.018 0.0
0.353 0.1 0.101 0.446
0.001 0.022 0.799 0.178
0.177 0.411 0.189 0.223
0.674 0.0 0.135 0.191
0.155 0.034 0.514 0.297
24
0.087 0.387 0.314 0.212
0.252 0.366 0.244 0.138
0.107 0.082 0.787 0.024
0.558 0.0 0.441 0.001
0.047 0.013 0.917 0.023
0.004 0.126 0.042 0.828
24
0.272 0.038 0.107 0.583
0.046 0.135 0.034 0.785
0.335 0.014 0.621 0.03
0.179 0.263 0.038 0.52
0.267 0.134 0.051 0.548
0.022 0.443 0.489 0.046
24
0.007 0.089 0.458 0.446
0.077 0.315 0.596 0.012
0.178 0.104 0.678 0.04
0.396 0.313 0.087 0.204
0.991 0.0 0.007 0.002
0.317 0.093 0.584 0.006
24
0.07 0.475 0.224 0.231
0.262 0.003 0.02 0.715
0.003 0.68 0.131 0.186
0.226 0.016 0.684 0.074
0.686 0.156 0.139 0.019
0.287 0.039 0.665 0.009
24
0.172 0.136 0.184 0.508
0.11 0.03 0.006 0.854
0.083 0.322 0.537 0.058
0.012 0.082 0.387 0.519
0.253 0.468 0.263 0.016
0.149 0.817 0.032 0.002
24
0.011 0.848 0.049 0.092
0.0 0.048 0.931 0.021
0.342 0.164 0.088 0.406
0.24 0.469 0.079 0.212
0.045 0.115 0.089 0.751
0.016 0.905 0.074 0.005
24
0.007 0.139 0.427 0.427
0.011 0.671 0.115 0.203
0.002 0.569 0.004 0.425
0.775 0.06 0.031 0.134
0.484 0.047 0.381 0.088
0.747 0.128 0.121 0.004
24
0.05 0.395 0.334 0.221
0.824 0.043 0.008 0.125
0.241 0.434 0.292 0.033
0.083 0.647 0.193 0.077
0.625 0.009 0.139 0.227
0.29 0.593 0.01 0.107
24
0.339 0.524 0.065 0.072
0.791 0.002 0.093 0.114
0.005 0.239 0.259 0.497
0.029 0.13 0.515 0.326
0.245 0.01 0.727 0.018
0.0 0.001 0.988 0.011
24
0.553 0.133 0.154 0.16
0.567 0.051 0.056 0.326
0.229 0.008 0.445 0.318
0.15 0.051 0.662 0.137
0.194 0.548 0.217 0.041
0.377 0.121 0.169 0.333
24
0.18 0.448 0.197 0.175
0.414 0.003 0.01 0.573
0.027 0.011 0.054 0.908
0.784 0.094 0.098 0.024
0.222 0.333 0.125 0.32
0.309 0.362 0.195 0.134
24
0.021 0.008 0.001 0.97
0.893 0.024 0.046 0.037
0.054 0.832 0.011 0.103
0.35 0.046 0.498 0.106
0.826 0.038 0.118 0.018
0.331 0.135 0.442 0.092
24
0.018 0.192 0.446 0.344
0.488 0.035 0.411 0.066
0.012 0.002 0.0 0.986
0.219 0.064 0.698 0.019
0.137 0.37 0.03 0.463
0.697 0.028 0.135 0.14
24
0.865 0.124 0.005 0.006
0.084 0.594 0.064 0.258
0.116 0.263 0.074 0.547
0.571 0.048 0.042 0.339
0.248 0.63 0.034 0.088
0.005 0.803 0.135 0.057
24
0.005 0.174 0.0 0.821
0.006 0.017 0.918 0.059
0.079 0.617 0.29 0.014
0.71 0.005 0.21 0.075
0.042 0.008 0.0 0.95
0.149 0.288 0.079 0.484
24
0.006 0.001 0.002 0.991
0.01 0.004 0.965 0.021
0.92 0.031 0.012 0.037
0.032 0.0 0.001 0.967
0.054 0.399 0.041 0.506
0.296 0.433 0.182 0.089
24
0.193 0.014 0.782 0.011
0.838 0.021 0.02 0.121
0.593 0.009 0.009 0.389
0.063 0.258 0.267 0.412
0.018 0.39 0.581 0.011
0.137 0.475 0.223 0.165
24
0.999 0.0 0.001 0.0
0.133 0.053 0.097 0.717
0.354 0.47 0.019 0.157
0.026 0.911 0.062 0.001
0.163 0.0 0.836 0.001
0.025 0.413 0.125 0.437
24
0.159 0.04 0.214 0.587
0.287 0.307 0.324 0.082
0.548 0.111 0.069 0.272
0.201 0.2 0.151 0.448
0.738 0.229 0.011 0.022
0.048 0.009 0.183 0.76
24
0.538 0.016 0.029 0.417
0.024 0.036 0.114 0.826
0.04 0.012 0.097 0.851
0.209 0.07 0.029 0.692
0.281 0.333 0.126 0.26
0.029 0.024 0.932 0.015
24
0.489 0.421 0.077 0.013
0.752 0.008 0.151 0.089
0.012 0.015 0.444 0.529
0.257 0.015 0.04 0.688
0.417 0.015 0.533 0.035
0.068 0.104 0.272 0.556
24
0.066 0.019 0.358 0.557
0.197 0.003 0.002 0.798
0.439 0.189 0.117 0.255
0.057 0.087 0.352 0.504
0.118 0.244 0.22 0.418
0.086 0.469 0.339 0.106
24
0.702 0.014 0.014 0.27
0.002 0.003 0.961 0.034
0.001 0.004 0.013 0.982
0.106 0.711 0.041 0.142
0.78 0.13 0.038 0.052
0.007 0.044 0.848 0.101
24
0.207 0.719 0.073 0.001
0.792 0.06 0.115 0.033
0.007 0.032 0.001 0.96
0.218 0.357 0.423 0.002
0.109 0.001 0.001 0.889
0.012 0.094 0.892 0.002
24
0.959 0.018 0.009 0.014
0.186 0.251 0.44 0.123
0.458 0.108 0.025 0.409
0.045 0.323 0.031 0.601
0.484 0.045 0.065 0.406
0.621 0.246 0.032 0.101
24
0.878 0.053 0.014 0.055
0.725 0.146 0.025 0.104
0.832 0.047 0.022 0.099
0.036 0.314 0.379 0.271
0.066 0.482 0.282 0.17
0.205 0.058 0.311 0.426
24
0.034 0.308 0.04 0.618
0.009 0.949 0.037 0.005
0.03 0.022 0.218 0.73
0.669 0.004 0.315 0.012
0.462 0.064 0.058 0.416
0.032 0.377 0.201 0.39
24
0.037 0.255 0.071 0.637
0.611 0.043 0.343 0.003
0.025 0.12 0.616 0.239
0.322 0.049 0.041 0.588
0.019 0.971 0.009 0.001
0.032 0.379 0.464 0.125
24
0.295 0.112 0.221 0.372
0.03 0.938 0.012 0.02
0.074 0.021 0.895 0.01
0.627 0.09 0.034 0.249
0.007 0.003 0.791 0.199
0.053 0.034 0.848 0.065
24
0.871 0.106 0.009 0.014
0.217 0.273 0.175 0.335
0.922 0.029 0.041 0.008
0.001 0.003 0.11 0.886
0.708 0.181 0.025 0.086
0.137 0.076 0.185 0.602
24
0.302 0.085 0.586 0.027
0.119 0.277 0.143 0.461
0.842 0.084 0.004 0.07
0.023 0.892 0.068 0.017
0.052 0.213 0.641 0.094
0.064 0.2 0.575 0.161
24
0.025 0.228 0.405 0.342
0.055 0.937 0.005 0.003
0.239 0.216 0.008 0.537
0.754 0.035 0.094 0.117
0.015 0.963 0.005 0.017
0.032 0.029 0.536 0.403
24
0.505 0.437 0.015 0.043
0.082 0.144 0.228 0.546
0.215 0.08 0.027 0.678
0.047 0.043 0.114 0.796
0.13 0.436 0.339 0.095
0.152 0.485 0.095 0.268
24
0.126 0.075 0.169 0.63
0.436 0.088 0.203 0.273
0.114 0.322 0.243 0.321
0.127 0.085 0.78 0.008
0.072 0.061 0.693 0.174
0.009 0.425 0.017 0.549
24
0.122 0.816 0.016 0.046
0.079 0.295 0.018 0.608
0.836 0.073 0.004 0.087
0.031 0.023 0.652 0.294
0.07 0.051 0.068 0.811
0.318 0.026 0.091 0.565
24
0.006 0.014 0.108 0.872
0.008 0.001 0.148 0.843
0.124 0.195 0.002 0.679
0.006 0.08 0.025 0.889
0.004 0.012 0.008 0.976
0.113 0.101 0.039 0.747
24
0.394 0.139 0.178 0.289
0.032 0.676 0.268 0.024
0.234 0.501 0.103 0.162
0.638 0.157 0.13 0.075
0.54 0.073 0.329 0.058
0.591 0.125 0.185 0.099
24
0.256 0.038 0.34 0.366
0.065 0.202 0.658 0.075
0.062 0.159 0.307 0.472
0.014 0.001 0.813 0.172
0.499 0.188 0.011 0.302
0.114 0.012 0.695 0.179
24
0.218 0.011 0.469 0.302
0.067 0.506 0.008 0.419
0.096 0.249 0.512 0.143
0.858 0.008 0.097 0.037
0.089 0.73 0.058 0.123
0.413 0.117 0.101 0.369
24
0.018 0.463 0.12 0.399
0.222 0.558 0.117 0.103
0.646 0.011 0.329 0.014
0.015 0.529 0.456 0.0
0.008 0.096 0.87 0.026
0.966 0.02 0.004 0.01
24
0.032 0.066 0.79 0.112
0.775 0.1 0.104 0.021
0.216 0.14 0.111 0.533
0.006 0.046 0.923 0.025
0.655 0.021 0.117 0.207
0.075 0.278 0.398 0.249
24
0.186 0.515 0.27 0.029
0.312 0.264 0.14 0.284
0.025 0.08 0.503 0.392
0.025 0.763 0.038 0.174
0.028 0.024 0.941 0.007
0.322 0.095 0.162 0.421
24
0.448 0.479 0.018 0.055
0.341 0.137 0.148 0.374
0.003 0.157 0.524 0.316
0.283 0.362 0.089 0.266
0.058 0.049 0.427 0.466
0.124 0.782 0.026 0.068
24
0.476 0.434 0.079 0.011
0.847 0.068 0.072 0.013
0.172 0.329 0.499 0.0
0.006 0.013 0.0 0.981
0.735 0.254 0.011 0.0
0.158 0.431 0.117 0.294
24
0.127 0.78 0.001 0.092
0.761 0.06 0.123 0.056
0.124 0.424 0.216 0.236
0.885 0.003 0.016 0.096
0.067 0.301 0.037 0.595
0.05 0.043 0.009 0.898
24
0.153 0.161 0.666 0.02
0.017 0.03 0.574 0.379
0.007 0.001 0.145 0.847
0.721 0.057 0.166 0.056
0.004 0.721 0.071 0.204
0.532 0.059 0.337 0.072
24
0.025 0.369 0.378 0.228
0.159 0.283 0.147 0.411
0.865 0.001 0.103 0.031
0.508 0.387 0.075 0.03
0.016 0.837 0.146 0.001
0.003 0.004 0.472 0.521
24
0.037 0.944 0.018 0.001
0.008 0.886 0.068 0.038
0.725 0.032 0.018 0.225
0.516 0.16 0.093 0.231
0.453 0.257 0.269 0.021
0.728 0.189 0.036 0.047
24
0.297 0.143 0.342 0.218
0.733 0.046 0.123 0.098
0.494 0.276 0.158 0.072
0.443 0.021 0.343 0.193
0.472 0.155 0.142 0.231
0.046 0.006 0.931 0.017
24
0.183 0.257 0.057 0.503
0.072 0.516 0.023 0.389
0.009 0.05 0.908 0.033
0.397 0.3 0.146 0.157
0.553 0.155 0.059 0.233
0.724 0.029 0.181 0.066
24
0.043 0.011 0.895 0.051
0.577 0.234 0.145 0.044
0.017 0.422 0.121 0.44
0.635 0.083 0.112 0.17
0.212 0.412 0.241 0.135
0.081 0.171 0.221 0.527
24
0.255 0.498 0.041 0.206
0.072 0.008 0.034 0.886
0.015 0.046 0.155 0.784
0.068 0.087 0.009 0.836
0.003 0.004 0.372 0.621
0.309 0.007 0.006 0.678
24
0.308 0.431 0.011 0.25
0.343 0.303 0.313 0.041
0.015 0.363 0.502 0.12
0.146 0.741 0.036 0.077
0.022 0.504 0.055 0.419
0.009 0.008 0.982 0.001
24
0.126 0.07 0.423 0.381
0.003 0.387 0.61 0.0
0.058 0.587 0.327 0.028
0.178 0.111 0.692 0.019
0.738 0.166 0.077 0.019
0.895 0.006 0.028 0.071
24
0.146 0.072 0.593 0.189
0.214 0.567 0.139 0.08
0.107 0.189 0.202 0.502
0.003 0.023 0.955 0.019
0.038 0.001 0.934 0.027
0.043 0.03 0.523 0.404
24
0.305 0.141 0.001 0.553
0.247 0.298 0.19 0.265
0.514 0.248 0.119 0.119
0.334 0.319 0.238 0.109
0.102 0.197 0.141 0.56
0.591 0.211 0.144 0.054
24
0.633 0.138 0.22 0.009
0.402 0.056 0.245 0.297
0.026 0.002 0.917 0.055
0.154 0.012 0.822 0.012
0.014 0.01 0.938 0.038
0.509 0.061 0.159 0.271
24
0.875 0.111 0.012 0.002
0.887 0.061 0.006 0.046
0.008 0.227 0.505 0.26
0.504 0.127 0.011 0.358
0.317 0.182 0.183 0.318
0.023 0.896 0.004 0.077
24
0.019 0.353 0.627 0.001
0.063 0.904 0.016 0.017
0.821 0.042 0.04 0.097
0.527 0.468 0.002 0.003
0.019 0.015 0.208 0.758
0.2 0.117 0.619 0.064
24
0.214 0.35 0.422 0.014
0.355 0.093 0.111 0.441
0.102 0.001 0.789 0.108
0.003 0.155 0.15 0.692
0.108 0.272 0.568 0.052
0.306 0.082 0.368 0.244
24
0.501 0.242 0.146 0.111
0.422 0.101 0.275 0.202
0.167 0.368 0.132 0.333
0.072 0.848 0.012 0.068
0.056 0.175 0.393 0.376
0.058 0.439 0.479 0.024
24
0.114 0.068 0.535 0.283
0.001 0.756 0.229 0.014
0.264 0.646 0.054 0.036
0.106 0.517 0.048 0.329
0.005 0.008 0.93 0.057
0.068 0.015 0.141 0.776
24
0.27 0.377 0.286 0.067
0.015 0.008 0.011 0.966
0.11 0.341 0.185 0.364
0.601 0.03 0.18 0.189
0.04 0.414 0.537 0.009
0.06 0.441 0.257 0.242
24
0.047 0.012 0.02 0.921
0.175 0.12 0.685 0.02
0.607 0.0 0.012 0.381
0.09 0.044 0.412 0.454
0.02 0.925 0.041 0.014
0.052 0.858 0.039 0.051
24
0.062 0.088 0.397 0.453
0.724 0.272 0.004 0.0
0.021 0.015 0.865 0.099
0.091 0.728 0.088 0.093
0.115 0.356 0.184 0.345
0.482 0.011 0.315 0.192
24
0.879 0.054 0.013 0.054
0.004 0.063 0.163 0.77
0.029 0.875 0.057 0.039
0.144 0.163 0.367 0.326
0.515 0.058 0.407 0.02
0.761 0.215 0.006 0.018
24
0.011 0.057 0.013 0.919
0.47 0.205 0.071 0.254
0.324 0.005 0.128 0.543
0.096 0.556 0.161 0.187
0.01 0.752 0.025 0.213
0.01 0.002 0.394 0.594
24
0.235 0.042 0.029 0.694
0.013 0.847 0.1 0.04
0.005 0.002 0.869 0.124
0.913 0.028 0.036 0.023
0.217 0.375 0.379 0.029
0.927 0.022 0.025 0.026
24
0.677 0.059 0.12 0.144
0.113 0.611 0.24 0.036
0.07 0.525 0.351 0.054
0.959 0.028 0.001 0.012
0.071 0.131 0.022 0.776
0.06 0.124 0.638 0.178
24
0.044 0.074 0.032 0.85
0.008 0.958 0.029 0.005
0.002 0.045 0.881 0.072
0.594 0.238 0.132 0.036
0.534 0.13 0.001 0.335
0.517 0.443 0.006 0.034
24
0.735 0.139 0.1 0.026
0.009 0.294 0.005 0.692
0.066 0.099 0.093 0.742
0.01 0.139 0.742 0.109
0.026 0.006 0.3 0.668
0.052 0.035 0.819 0.094
24
0.204 0.172 0.125 0.499
0.193 0.241 0.286 0.28
0.064 0.257 0.151 0.528
0.058 0.715 0.194 0.033
0.285 0.094 0.306 0.315
0.438 0.046 0.505 0.011
24
0.116 0.271 0.199 0.414
0.519 0.057 0.222 0.202
0.195 0.514 0.138 0.153
0.072 0.083 0.013 0.832
0.03 0.021 0.007 0.942
0.276 0.029 0.45 0.245
24
0.26 0.024 0.012 0.704
0.053 0.012 0.157 0.778
0.879 0.11 0.005 0.006
0.013 0.208 0.004 0.775
0.071 0.067 0.71 0.152
0.452 0.035 0.105 0.408
24
0.127 0.099 0.331 0.443
0.044 0.048 0.052 0.856
0.776 0.077 0.136 0.011
0.451 0.38 0.01 0.159
0.886 0.077 0.036 0.001
0.0 0.087 0.005 0.908
24
0.01 0.446 0.184 0.36
0.651 0.258 0.089 0.002
0.07 0.05 0.88 0.0
0.054 0.146 0.489 0.311
0.022 0.823 0.027 0.128
0.553 0.043 0.013 0.391
24
0.272 0.023 0.505 0.2
0.216 0.094 0.232 0.458
0.666 0.024 0.202 0.108
0.213 0.059 0.252 0.476
0.09 0.462 0.23 0.218
0.377 0.099 0.098 0.426
24
0.579 0.342 0.058 0.021
0.006 0.006 0.862 0.126
0.073 0.657 0.043 0.227
0.287 0.501 0.172 0.04
0.618 0.13 0.058 0.194
0.008 0.09 0.852 0.05
24
0.378 0.313 0.166 0.143
0.078 0.305 0.296 0.321
0.146 0.791 0.055 0.008
0.047 0.91 0.019 0.024
0.054 0.123 0.129 0.694
0.344 0.103 0.116 0.437
24
0.275 0.015 0.352 0.358
0.211 0.401 0.062 0.326
0.217 0.022 0.05 0.711
0.014 0.054 0.919 0.013
0.003 0.192 0.102 0.703
0.384 0.069 0.224 0.323
24
0.199 0.695 0.032 0.074
0.073 0.532 0.324 0.071
0.066 0.808 0.017 0.109
0.057 0.531 0.304 0.108
0.309 0.128 0.039 0.524
0.165 0.762 0.029 0.044
24
0.166 0.02 0.057 0.757
0.029 0.376 0.04 0.555
0.083 0.114 0.13 0.673
0.073 0.059 0.593 0.275
0.011 0.753 0.189 0.047
0.342 0.167 0.232 0.259
24
0.633 0.181 0.079 0.107
0.276 0.019 0.264 0.441
0.388 0.167 0.441 0.004
0.365 0.58 0.053 0.002
0.184 0.365 0.034 0.417
0.311 0.012 0.367 0.31
24
0.033 0.003 0.858 0.106
0.066 0.004 0.047 0.883
0.048 0.185 0.248 0.519
0.666 0.254 0.076 0.004
0.672 0.076 0.236 0.016
0.77 0.04 0.012 0.178
24
0.102 0.192 0.572 0.134
0.104 0.808 0.002 0.086
0.607 0.105 0.006 0.282
0.005 0.673 0.307 0.015
0.181 0.661 0.017 0.141
0.067 0.306 0.471 0.156
24
0.041 0.388 0.053 0.518
0.307 0.541 0.057 0.095
0.328 0.223 0.01 0.439
0.025 0.914 0.009 0.052
0.092 0.205 0.487 0.216
0.064 0.016 0.159 0.761
24
0.22 0.292 0.212 0.276
0.353 0.406 0.017 0.224
0.007 0.035 0.263 0.695
0.253 0.688 0.055 0.004
0.559 0.005 0.303 0.133
0.657 0.026 0.295 0.022
24
0.998 0.0 0.002 0.0
0.01 0.12 0.848 0.022
0.051 0.501 0.023 0.425
0.025 0.131 0.262 0.582
0.047 0.755 0.154 0.044
0.23 0.683 0.009 0.078
24
0.662 0.279 0.03 0.029
0.145 0.053 0.466 0.336
0.706 0.035 0.015 0.244
0.389 0.6 0.009 0.002
0.094 0.012 0.79 0.104
0.07 0.353 0.326 0.251
24
0.063 0.216 0.003 0.718
0.374 0.153 0.091 0.382
0.075 0.048 0.417 0.46
0.076 0.39 0.401 0.133
0.147 0.004 0.775 0.074
0.12 0.047 0.38 0.453
24
0.129 0.777 0.058 0.036
0.194 0.543 0.139 0.124
0.862 0.013 0.026 0.099
0.149 0.642 0.095 0.114
0.32 0.092 0.106 0.482
0.469 0.101 0.011 0.419
24
0.072 0.055 0.201 0.672
0.179 0.309 0.328 0.184
0.596 0.172 0.17 0.062
0.103 0.132 0.059 0.706
0.097 0.893 0.001 0.009
0.093 0.095 0.313 0.499
24
0.077 0.73 0.065 0.128
0.48 0.168 0.093 0.259
0.0 0.674 0.281 0.045
0.797 0.011 0.098 0.094
0.147 0.272 0.309 0.272
0.062 0.806 0.04 0.092
24
0.018 0.047 0.78 0.155
0.028 0.003 0.545 0.424
0.017 0.003 0.974 0.006
0.036 0.95 0.003 0.011
0.71 0.152 0.135 0.003
0.143 0.05 0.083 0.724
24
0.056 0.024 0.835 0.085
0.042 0.051 0.81 0.097
0.049 0.008 0.167 0.776
0.462 0.254 0.046 0.238
0.018 0.026 0.553 0.403
0.577 0.099 0.206 0.118
24
0.0 0.004 0.994 0.002
0.156 0.084 0.059 0.701
0.549 0.388 0.047 0.016
0.039 0.912 0.02 0.029
0.283 0.052 0.419 0.246
0.124 0.702 0.158 0.016
24
0.048 0.073 0.022 0.857
0.045 0.134 0.813 0.008
0.792 0.074 0.044 0.09
0.216 0.752 0.03 0.002
0.027 0.094 0.172 0.707
0.078 0.037 0.842 0.043
24
0.041 0.007 0.021 0.931
0.185 0.576 0.097 0.142
0.673 0.096 0.218 0.013
0.164 0.234 0.01 0.592
0.04 0.108 0.044 0.808
0.872 0.02 0.1 0.008
24
0.066 0.062 0.192 0.68
0.179 0.023 0.35 0.448
0.001 0.222 0.037 0.74
0.752 0.058 0.025 0.165
0.528 0.016 0.145 0.311
0.005 0.027 0.948 0.02
24
0.189 0.111 0.226 0.474
0.174 0.151 0.1 0.575
0.408 0.385 0.114 0.093
0.098 0.453 0.136 0.313
0.632 0.192 0.035 0.141
0.093 0.032 0.488 0.387
24
0.76 0.091 0.139 0.01
0.263 0.001 0.09 0.646
0.669 0.094 0.067 0.17
0.137 0.412 0.442 0.009
0.041 0.207 0.683 0.069
0.808 0.011 0.179 0.002
24
0.136 0.537 0.054 0.273
0.202 0.327 0.258 0.213
0.214 0.021 0.747 0.018
0.16 0.36 0.014 0.466
0.157 0.765 0.006 0.072
0.152 0.017 0.434 0.397
24
0.351 0.234 0.195 0.22
0.859 0.019 0.099 0.023
0.575 0.056 0.306 0.063
0.135 0.049 0.086 0.73
0.069 0.3 0.088 0.543
0.142 0.384 0.07 0.404
24
0.091 0.113 0.722 0.074
0.338 0.112 0.499 0.051
0.006 0.001 0.452 0.541
0.982 0.001 0.01 0.007
0.028 0.703 0.008 0.261
0.606 0.074 0.002 0.318
24
0.197 0.061 0.03 0.712
0.085 0.253 0.352 0.31
0.001 0.032 0.964 0.003
0.006 0.001 0.993 0.0
0.068 0.67 0.261 0.001
0.004 0.095 0.821 0.08
24
0.077 0.875 0.006 0.042
0.663 0.107 0.211 0.019
0.063 0.0 0.934 0.003
0.901 0.007 0.003 0.089
0.034 0.223 0.409 0.334
0.111 0.015 0.021 0.853
24
0.514 0.285 0.186 0.015
0.006 0.035 0.118 0.841
0.651 0.082 0.047 0.22
0.032 0.135 0.749 0.084
0.035 0.146 0.088 0.731
0.044 0.073 0.03 0.853
24
0.028 0.323 0.311 0.338
0.005 0.267 0.462 0.266
0.156 0.019 0.005 0.82
0.233 0.002 0.569 0.196
0.062 0.191 0.644 0.103
0.553 0.314 0.111 0.022
24
0.059 0.353 0.588 0.0
0.561 0.307 0.015 0.117
0.653 0.024 0.228 0.095
0.025 0.083 0.818 0.074
0.003 0.039 0.043 0.915
0.044 0.214 0.096 0.646
24
0.009 0.9 0.074 0.017
0.005 0.393 0.036 0.566
0.674 0.091 0.052 0.183
0.077 0.003 0.872 0.048
0.531 0.273 0.101 0.095
0.543 0.138 0.318 0.001
24
0.385 0.24 0.139 0.236
0.016 0.004 0.02 0.96
0.178 0.054 0.766 0.002
0.171 0.701 0.032 0.096
0.465 0.132 0.273 0.13
0.032 0.856 0.112 0.0
24
0.003 0.027 0.093 0.877
0.23 0.004 0.757 0.009
0.025 0.0 0.884 0.091
0.11 0.414 0.303 0.173
0.959 0.016 0.011 0.014
0.36 0.058 0.076 0.506
24
0.148 0.005 0.307 0.54
0.347 0.194 0.054 0.405
0.45 0.096 0.447 0.007
0.013 0.019 0.897 0.071
0.729 0.223 0.025 0.023
0.137 0.776 0.004 0.083
24
0.019 0.148 0.023 0.81
0.008 0.834 0.031 0.127
0.063 0.007 0.29 0.64
0.519 0.17 0.057 0.254
0.1 0.078 0.738 0.084
0.417 0.017 0.403 0.163
24
0.49 0.422 0.067 0.021
0.052 0.562 0.104 0.282
0.194 0.378 0.221 0.207
0.074 0.462 0.17 0.294
0.659 0.025 0.256 0.06
0.354 0.427 0.135 0.084
24
0.33 0.651 0.001 0.018
0.812 0.07 0.029 0.089
0.7 0.212 0.026 0.062
0.05 0.002 0.611 0.337
0.008 0.028 0.964 0.0
0.074 0.782 0.033 0.111
24
0.097 0.007 0.001 0.895
0.21 0.423 0.237 0.13
0.317 0.547 0.112 0.024
0.012 0.018 0.104 0.866
0.025 0.677 0.035 0.263
0.318 0.072 0.094 0.516
24
0.09 0.696 0.043 0.171
0.948 0.002 0.047 0.003
0.206 0.254 0.251 0.289
0.004 0.092 0.0 0.904
0.494 0.23 0.275 0.001
0.024 0.386 0.109 0.481
24
0.01 0.047 0.568 0.375
0.027 0.0 0.076 0.897
0.708 0.056 0.131 0.105
0.092 0.103 0.668 0.137
0.697 0.168 0.018 0.117
0.105 0.547 0.101 0.247
24
0.924 0.029 0.036 0.011
0.032 0.112 0.729 0.127
0.378 0.069 0.04 0.513
0.871 0.059 0.026 0.044
0.25 0.032 0.001 0.717
0.023 0.007 0.876 0.094
24
0.435 0.135 0.097 0.333
0.043 0.001 0.015 0.941
0.523 0.386 0.013 0.078
0.46 0.024 0.049 0.467
0.021 0.936 0.032 0.011
0.116 0.403 0.212 0.269
24
0.913 0.073 0.009 0.005
0.002 0.776 0.006 0.216
0.09 0.805 0.08 0.025
0.824 0.004 0.009 0.163
0.043 0.023 0.723 0.211
0.057 0.269 0.614 0.06
24
0.117 0.048 0.831 0.004
0.597 0.222 0.095 0.086
0.104 0.806 0.009 0.081
0.297 0.328 0.143 0.232
0.028 0.702 0.058 0.212
0.09 0.069 0.644 0.197
24
0.881 0.009 0.044 0.066
0.041 0.039 0.217 0.703
0.234 0.478 0.012 0.276
0.024 0.301 0.571 0.104
0.052 0.389 0.522 0.037
0.007 0.006 0.802 0.185
24
0.006 0.061 0.909 0.024
0.168 0.077 0.58 0.175
0.832 0.001 0.167 0.0
0.021 0.583 0.315 0.081
0.04 0.217 0.009 0.734
0.551 0.028 0.279 0.142
24
0.258 0.195 0.405 0.142
0.611 0.14 0.096 0.153
0.108 0.052 0.082 0.758
0.019 0.456 0.154 0.371
0.534 0.021 0.427 0.018
0.044 0.252 0.087 0.617
24
0.137 0.204 0.146 0.513
0.851 0.016 0.079 0.054
0.05 0.53 0.079 0.341
0.03 0.9 0.01 0.06
0.036 0.025 0.845 0.094
0.265 0.04 0.468 0.227
24
0.026 0.036 0.16 0.778
0.08 0.902 0.017 0.001
0.023 0.384 0.391 0.202
0.042 0.577 0.374 0.007
0.259 0.527 0.089 0.125
0.231 0.064 0.018 0.687
24
0.164 0.141 0.688 0.007
0.253 0.484 0.086 0.177
0.012 0.218 0.478 0.292
0.466 0.205 0.001 0.328
0.154 0.107 0.434 0.305
0.11 0.382 0.065 0.443
24
0.953 0.007 0.029 0.011
0.094 0.792 0.063 0.051
0.049 0.703 0.082 0.166
0.293 0.059 0.057 0.591
0.038 0.747 0.023 0.192
0.024 0.095 0.041 0.84
24
0.167 0.784 0.042 0.007
0.011 0.001 0.986 0.002
0.583 0.035 0.064 0.318
0.031 0.002 0.002 0.965
0.573 0.097 0.017 0.313
0.075 0.57 0.229 0.126
24
0.009 0.205 0.009 0.777
0.123 0.003 0.857 0.017
0.011 0.428 0.393 0.168
0.545 0.205 0.14 0.11
0.486 0.016 0.412 0.086
0.044 0.728 0.166 0.062
24
0.636 0.344 0.009 0.011
0.083 0.806 0.098 0.013
0.03 0.634 0.001 0.335
0.206 0.34 0.427 0.027
0.637 0.148 0.037 0.178
0.151 0.405 0.011 0.433
24
0.021 0.113 0.017 0.849
0.012 0.664 0.323 0.001
0.0 0.002 0.967 0.031
0.051 0.545 0.13 0.274
0.074 0.025 0.108 0.793
0.001 0.007 0.772 0.22
24
0.017 0.003 0.02 0.96
0.043 0.044 0.778 0.135
0.985 0.011 0.002 0.002
0.034 0.025 0.785 0.156
0.043 0.023 0.017 0.917
0.647 0.184 0.053 0.116
24
0.978 0.001 0.017 0.004
0.096 0.02 0.748 0.136
0.921 0.011 0.017 0.051
0.466 0.023 0.502 0.009
0.009 0.294 0.622 0.075
0.287 0.117 0.441 0.155
24
0.028 0.229 0.164 0.579
0.191 0.314 0.227 0.268
0.051 0.063 0.389 0.497
0.032 0.009 0.028 0.931
0.104 0.015 0.655 0.226
0.183 0.262 0.047 0.508
24
0.335 0.663 0.0 0.002
0.263 0.027 0.212 0.498
0.052 0.013 0.876 0.059
0.01 0.968 0.007 0.015
0.477 0.194 0.008 0.321
0.009 0.001 0.248 0.742
24
0.065 0.053 0.719 0.163
0.61 0.007 0.363 0.02
0.626 0.158 0.131 0.085
0.926 0.066 0.002 0.006
0.743 0.033 0.023 0.201
0.009 0.029 0.007 0.955
24
0.364 0.458 0.049 0.129
0.03 0.959 0.011 0.0
0.551 0.099 0.235 0.115
0.488 0.378 0.111 0.023
0.076 0.111 0.812 0.001
0.111 0.346 0.039 0.504
24
0.057 0.558 0.058 0.327
0.106 0.886 0.003 0.005
0.189 0.02 0.773 0.018
0.249 0.183 0.099 0.469
0.219 0.092 0.232 0.457
0.781 0.066 0.082 0.071
24
0.017 0.34 0.025 0.618
0.026 0.008 0.965 0.001
0.091 0.62 0.288 0.001
0.019 0.002 0.001 0.978
0.27 0.473 0.209 0.048
0.317 0.013 0.617 0.053
24
0.935 0.011 0.052 0.002
0.095 0.006 0.75 0.149
0.34 0.276 0.26 0.124
0.025 0.232 0.339 0.404
0.052 0.334 0.531 0.083
0.421 0.01 0.041 0.528
24
0.043 0.168 0.657 0.132
0.107 0.065 0.586 0.242
0.068 0.007 0.044 0.881
0.086 0.01 0.787 0.117
0.03 0.004 0.004 0.962
0.01 0.081 0.674 0.235
24
0.1 0.428 0.11 0.362
0.298 0.054 0.601 0.047
0.124 0.071 0.801 0.004
0.088 0.802 0.087 0.023
0.985 0.0 0.01 0.005
0.079 0.122 0.798 0.001
24
0.201 0.04 0.025 0.734
0.281 0.186 0.448 0.085
0.836 0.001 0.001 0.162
0.608 0.003 0.378 0.011
0.008 0.917 0.015 0.06
0.039 0.525 0.293 0.143
24
0.05 0.711 0.231 0.008
0.055 0.832 0.098 0.015
0.246 0.063 0.033 0.658
0.284 0.07 0.403 0.243
0.014 0.076 0.291 0.619
0.554 0.228 0.089 0.129
24
0.175 0.457 0.13 0.238
0.012 0.237 0.14 0.611
0.266 0.215 0.152 0.367
0.481 0.046 0.022 0.451
0.699 0.116 0.012 0.173
0.111 0.841 0.016 0.032
24
0.1 0.113 0.776 0.011
0.007 0.92 0.07 0.003
0.495 0.421 0.068 0.016
0.075 0.001 0.102 0.822
0.016 0.058 0.021 0.905
0.444 0.335 0.177 0.044
24
0.1 0.18 0.694 0.026
0.104 0.65 0.15 0.096
0.027 0.08 0.049 0.844
0.03 0.0 0.42 0.55
0.527 0.08 0.053 0.34
0.069 0.151 0.708 0.072
24
0.023 0.009 0.957 0.011
0.816 0.11 0.045 0.029
0.078 0.899 0.021 0.002
0.015 0.052 0.767 0.166
0.069 0.056 0.455 0.42
0.012 0.025 0.96 0.003
24
0.054 0.111 0.501 0.334
0.075 0.452 0.124 0.349
0.395 0.13 0.465 0.01
0.688 0.204 0.028 0.08
0.001 0.026 0.401 0.572
0.398 0.463 0.085 0.054
24
0.164 0.139 0.681 0.016
0.076 0.217 0.707 0.0
0.899 0.021 0.05 0.03
0.644 0.015 0.184 0.157
0.041 0.068 0.022 0.869
0.005 0.397 0.598 0.0
24
0.075 0.402 0.36 0.163
0.823 0.045 0.063 0.069
0.126 0.088 0.525 0.261
0.535 0.074 0.004 0.387
0.002 0.108 0.357 0.533
0.04 0.825 0.024 0.111

24
0.036 0.091 0.027 0.846
0.148 0.53 0.005 0.317
0.273 0.152 0.01 0.565
0.728 0.092 0.169 0.011
0.028 0.058 0.663 0.251
0.145 0.761 0.053 0.041
24
0.509 0.055 0.431 0.005
0.002 0.001 0.079 0.918
0.299 0.548 0.034 0.119
0.105 0.023 0.39 0.482
0.616 0.319 0.001 0.064
0.048 0.159 0.7 0.093
24
0.456 0.104 0.078 0.362
0.731 0.257 0.008 0.004
0.602 0.124 0.078 0.196
0.978 0.007 0.003 0.012
0.035 0.697 0.009 0.259
0.975 0.012 0.003 0.01
24
0.642 0.043 0.242 0.073
0.186 0.752 0.002 0.06
0.543 0.105 0.128 0.224
0.003 0.89 0.101 0.006
0.988 0.0 0.003 0.009
0.246 0.172 0.285 0.297
24
0.044 0.016 0.011 0.929
0.093 0.199 0.245 0.463
0.052 0.213 0.114 0.621
0.479 0.332 0.028 0.161
0.901 0.034 0.0 0.065
0.972 0.006 0.0 0.022
24
0.98 0.003 0.017 0.0
0.042 0.028 0.061 0.869
0.46 0.212 0.136 0.192
0.12 0.854 0.022 0.004
0.097 0.076 0.093 0.734
0.458 0.049 0.078 0.415
24
0.134 0.517 0.026 0.323
0.067 0.086 0.275 0.572
0.007 0.145 0.817 0.031
0.011 0.393 0.552 0.044
0.234 0.452 0.174 0.14
0.562 0.157 0.107 0.174
24
0.505 0.161 0.118 0.216
0.402 0.554 0.041 0.003
0.054 0.024 0.111 0.811
0.009 0.401 0.318 0.272
0.103 0.194 0.086 0.617
0.652 0.033 0.172 0.143

24
0.748 0.029 0.15 0.073
0.03 0.199 0.729 0.042
0.579 0.019 0.012 0.39
0.954 0.01 0.028 0.008
0.002 0.108 0.185 0.705
0.61 0.01 0.023 0.357

18
0.132 0.031 0.837
0.008 0.85 0.142
0.084 0.914 0.002
0.912 0.036 0.052
0.062 0.115 0.823
0.033 0.902 0.065
18
0.049 0.913 0.038
0.022 0.165 0.813
0.435 0.001 0.564
0.963 0.034 0.003
0.033 0.013 0.954
0.838 0.156 0.006
18
0.346 0.066 0.588
0.099 0.008 0.893
0.005 0.78 0.215
0.37 0.227 0.403
0.003 0.386 0.611
0.008 0.277 0.715
18
0.107 0.031 0.862
0.181 0.651 0.168
0.44 0.136 0.424
0.334 0.575 0.091
0.13 0.558 0.312
0.106 0.252 0.642

24
0.622 0.064 0.042 0.272
0.055 0.024 0.25 0.671
0.04 0.646 0.209 0.105
0.294 0.446 0.204 0.056
0.103 0.194 0.56 0.143
0.051 0.587 0.029 0.333

4
0.699 0.301
0.813 0.187
