V-CREDAL 
6 
5 2 4 4 5 3 
6 
2 4 0 
2 4 1 
2 3 2 
2 1 3 
1 4 
2 1 5 

30 
0.232 0.07821 0.15923 0.53039 1.7E-4 
0.4455 0.27806 0.02038 0.03677 0.21929 
0.49973 0.00466 0.3901 0.07956 0.02595 
0.00423 0.00244 0.31009 0.04138 0.64186 
0.66628 0.24884 0.01158 0.05943 0.01387 
0.03567 0.06852 0.40166 0.38874 0.10541 
30 
0.07452 0.52039 0.39698 0.00476 0.00335 
0.20837 0.0075 0.0716 0.0023 0.71023 
0.33688 0.03269 0.04464 0.0309 0.55489 
0.78185 0.01041 0.14849 0.03809 0.02116 
0.56382 0.01292 0.24045 0.16951 0.0133 
0.13734 0.57143 0.00549 0.2785 0.00724 
30 
0.16128 0.22688 0.09113 0.21061 0.3101 
0.01628 0.0187 0.27 0.16692 0.5281 
0.05755 0.46509 0.36472 0.04577 0.06687 
0.03284 0.12396 0.62999 0.12366 0.08955 
0.10875 0.55553 0.12761 0.20194 0.00617 
0.00489 0.04858 0.52231 0.20482 0.2194 
30 
0.23192 0.14477 0.38879 0.16004 0.07448 
0.01136 0.02204 0.75348 0.07577 0.13735 
0.32691 0.59112 0.02282 0.00808 0.05107 
0.98086 0.0019 0.00578 0.00747 0.00399 
0.00149 0.06663 0.58117 0.22349 0.12722 
0.13173 0.27384 0.09017 0.35875 0.14551 
30 
0.90855 0.00788 0.00163 0.03972 0.04222 
0.0016 0.52341 0.06392 0.28274 0.12833 
2.5E-4 7.9E-4 0.0027 0.02256 0.9737 
0.03851 0.1423 0.11662 0.18944 0.51313 
0.29319 0.05182 0.24533 0.37694 0.03272 
0.44586 0.03464 0.26823 0.0053 0.24597 

4 
0.78142 0.21858 
0.90069 0.09931 
4 
0.80157 0.19843 
0.1242 0.8758 
4 
0.0117 0.9883 
0.45203 0.54797 
4 
0.9746 0.0254 
0.66742 0.33258 
4 
0.55409 0.44591 
0.00628 0.99372 

24 
0.01569 0.40524 0.27897 0.3001 
0.45923 0.40327 0.05036 0.08714 
0.0209 0.44202 0.50126 0.03582 
0.00349 0.49449 0.16807 0.33395 
0.2414 0.60863 0.01603 0.13394 
0.28536 0.14734 0.43193 0.13537 
24 
0.27781 0.35672 0.01671 0.34876 
0.31144 0.28825 0.29659 0.10372 
0.71073 0.10385 0.15275 0.03267 
0.14103 0.22337 0.4393 0.1963 
0.13405 0.26158 0.39151 0.21286 
0.86218 0.10917 0.00669 0.02196 
24 
0.11002 0.50761 0.32801 0.05436 
0.1968 0.46178 0.30822 0.0332 
0.24602 0.71221 0.0072 0.03457 
0.07575 0.08664 0.51318 0.32443 
0.19874 0.02934 0.04344 0.72848 
0.38068 0.01833 0.57458 0.02641 
24 
0.00416 0.29736 0.6607 0.03778 
0.04383 0.32424 0.02681 0.60512 
0.28638 0.54872 0.06407 0.10083 
0.30293 0.01421 0.00698 0.67588 
0.9833 0.00205 0.00602 0.00863 
0.09222 0.11228 0.58966 0.20584 

24 
0.17024 0.39275 0.02093 0.41608 
0.40584 0.06116 0.3816 0.1514 
0.49964 0.2116 0.14424 0.14452 
0.08612 0.03271 0.01188 0.86929 
0.07046 0.52498 0.0036 0.40096 
0.07875 0.28489 0.3594 0.27696 
24 
0.15707 0.30665 0.16706 0.36922 
0.1655 0.01301 0.79678 0.02471 
0.18844 0.22871 0.52078 0.06207 
0.01697 0.05206 0.04537 0.8856 
0.14722 0.20584 0.63992 0.00702 
0.2277 0.03465 0.30197 0.43568 

30 
0.05112 0.81523 0.04936 0.06422 0.02007 
0.08556 0.73319 0.12789 0.00691 0.04645 
0.15499 0.0754 0.15813 0.15127 0.46021 
0.00551 0.14046 0.06731 0.63356 0.15316 
0.06484 0.09068 0.15791 0.00934 0.67723 
0.50357 0.21657 0.07346 0.08804 0.11836 

18 
0.03001 0.95839 0.0116 
0.39166 0.00119 0.60715 
0.00436 0.00921 0.98643 
0.9945 1.0E-4 0.0054 
0.01111 0.96946 0.01943 
0.00444 0.53224 0.46332 
18 
0.00494 0.99132 0.00374 
0.01203 1.9E-4 0.98778 
0.97422 0.01013 0.01565 
0.74382 0.25261 0.00357 
0.83291 0.16312 0.00397 
0.96587 0.02606 0.00807 
