V-CREDAL 
8 
3 2 2 2 4 5 5 3 
8 
3 2 5 0 
1 1 
2 7 2 
3 0 4 3 
2 1 4 
1 5 
2 4 6 
1 7 

12 
0.2362 0.12299 0.64081 
0.15628 0.40733 0.43639 
0.13195 0.24204 0.62601 
0.97466 0.01845 0.00689 
12 
0.75333 0.21489 0.03178 
0.06321 0.13417 0.80262 
0.22768 0.27227 0.50005 
0.76154 0.086 0.15246 
12 
0.67923 0.02232 0.29845 
0.24399 0.18284 0.57317 
0.15201 0.34958 0.49841 
0.5806 0.12333 0.29607 
12 
0.42155 0.49366 0.08479 
0.16971 0.0241 0.80619 
0.25986 0.4859 0.25424 
0.74529 0.10187 0.15284 
12 
0.37295 0.52254 0.10451 
0.31652 0.36996 0.31352 
0.04484 0.79419 0.16097 
0.33586 0.35229 0.31185 
12 
0.52041 0.09455 0.38504 
0.10567 0.79522 0.09911 
0.11739 0.15404 0.72857 
0.35298 0.5972 0.04982 
12 
0.76503 0.05295 0.18202 
0.30342 0.44625 0.25033 
0.48802 0.46207 0.04991 
0.35824 0.09918 0.54258 
12 
0.27938 0.18271 0.53791 
0.65731 0.3384 0.00429 
0.18214 0.07449 0.74337 
0.60529 0.36222 0.03249 
12 
0.4267 0.32956 0.24374 
0.01636 0.04773 0.93591 
0.01082 0.26202 0.72716 
0.22024 0.65311 0.12665 
12 
0.95643 0.02209 0.02148 
0.22244 0.76218 0.01538 
0.07689 0.83461 0.0885 
0.37391 0.18567 0.44042 

4 
0.44453 0.55547 
0.47373 0.52627 

4 
0.49681 0.50319 
0.76311 0.23689 
4 
0.03864 0.96136 
0.22938 0.77062 
4 
0.36306 0.63694 
0.53039 0.46961 

4 
0.32192 0.67808 
0.91906 0.08094 
4 
0.65888 0.34112 
0.761 0.239 
4 
0.36242 0.63758 
0.73672 0.26328 
4 
0.46974 0.53026 
0.40332 0.59668 
4 
0.41553 0.58447 
0.26914 0.73086 
4 
0.93564 0.06436 
0.93301 0.06699 
4 
0.14736 0.85264 
0.21351 0.78649 
4 
0.00476 0.99524 
0.33165 0.66835 
4 
0.97959 0.02041 
0.97567 0.02433 
4 
0.42455 0.57545 
0.99661 0.00339 
4 
0.00199 0.99801 
0.94018 0.05982 
4 
0.50721 0.49279 
0.99214 0.00786 

16 
0.08676 0.00884 8.0E-5 0.90432 
0.06345 0.45355 0.0843 0.3987 
0.638 0.10405 0.20873 0.04922 
0.09124 0.285 0.57519 0.04857 
16 
0.05011 0.33258 0.613 0.00431 
0.33718 0.38638 0.05489 0.22155 
0.0265 0.91715 0.00557 0.05078 
0.00632 0.44495 0.00787 0.54086 

20 
0.05438 0.24732 0.01754 0.3929 0.28786 
0.84082 0.02908 0.00407 0.02527 0.10076 
0.10906 0.02813 0.01104 0.82452 0.02725 
0.18119 0.24035 0.27967 0.24287 0.05592 

20 
0.20704 0.0839 0.00547 0.59215 0.11144 
0.11854 0.07339 0.67489 0.09439 0.03879 
0.01283 0.01897 0.91706 0.00355 0.04759 
0.21548 0.05141 0.32556 0.31217 0.09538 
20 
0.00101 0.00559 0.50552 0.00476 0.48312 
0.00623 0.13105 0.02827 0.74838 0.08607 
0.7003 0.07813 0.00881 0.19864 0.01412 
0.39153 8.0E-5 7.1E-4 0.60636 0.00132 
20 
0.07174 0.07322 0.22108 0.13199 0.50197 
0.56947 0.14997 0.08984 0.00553 0.18519 
0.02162 0.01129 0.0093 0.72547 0.23232 
7.7E-4 0.39582 0.35953 0.14297 0.10091 
20 
0.12911 0.03379 0.55083 0.22075 0.06552 
0.17747 0.00177 0.00247 0.80429 0.014 
0.00487 0.93432 0.00931 0.00636 0.04514 
0.00107 0.36629 0.01292 0.14017 0.47955 

12 
0.09833 0.06053 0.84114 
0.09455 0.81758 0.08787 
0.94195 0.05087 0.00718 
0.15193 0.05675 0.79132 
