V-CREDAL
7
4 4 4 3 2 4 4
7
2 5 0
1 1
2 1 2
3 2 5 3
2 1 4
1 5
2 3 6

16
0.088 0.317 0.329 0.266
0.176 0.108 0.716 0.0
0.049 0.8 0.103 0.048
0.396 0.47 0.026 0.108
16
0.064 0.672 0.049 0.215
0.002 0.005 0.001 0.992
0.051 0.44 0.483 0.026
0.139 0.483 0.105 0.273
16
0.323 0.326 0.046 0.305
0.003 0.006 0.014 0.977
0.019 0.396 0.017 0.568
0.642 0.355 0.002 0.001
16
0.001 0.865 0.125 0.009
0.589 0.041 0.135 0.235
0.001 0.027 0.972 0.0
0.259 0.194 0.297 0.25

16
0.061 0.031 0.091 0.817
0.028 0.861 0.023 0.088
0.026 0.066 0.654 0.254
0.485 0.225 0.264 0.026

16
0.036 0.297 0.018 0.649
0.761 0.173 0.058 0.008
0.12 0.302 0.285 0.293
0.004 0.043 0.656 0.297
16
0.002 0.014 0.97 0.014
0.048 0.125 0.121 0.706
0.008 0.01 0.222 0.76
0.729 0.041 0.052 0.178
16
0.836 0.001 0.007 0.156
0.37 0.002 0.122 0.506
0.505 0.231 0.206 0.058
0.149 0.123 0.327 0.401
16
0.063 0.132 0.095 0.71
0.698 0.161 0.028 0.113
0.086 0.04 0.874 0.0
0.094 0.039 0.199 0.668

12
0.229 0.215 0.556
0.539 0.436 0.025
0.905 0.093 0.002
0.429 0.109 0.462
12
0.119 0.298 0.583
0.212 0.434 0.354
0.91 0.019 0.071
0.05 0.515 0.435
12
0.163 0.804 0.033
0.363 0.561 0.076
0.507 0.004 0.489
0.101 0.829 0.07
12
0.066 0.171 0.763
0.252 0.327 0.421
0.539 0.053 0.408
0.132 0.275 0.593
12
0.056 0.922 0.022
0.56 0.174 0.266
0.193 0.558 0.249
0.066 0.796 0.138
12
0.342 0.5 0.158
0.414 0.167 0.419
0.55 0.44 0.01
0.23 0.096 0.674
12
0.011 0.385 0.604
0.202 0.007 0.791
0.394 0.345 0.261
0.166 0.064 0.77
12
0.123 0.043 0.834
0.94 0.041 0.019
0.256 0.471 0.273
0.969 0.014 0.017
12
0.114 0.06 0.826
0.736 0.112 0.152
0.059 0.56 0.381
0.22 0.641 0.139
12
0.1 0.312 0.588
0.791 0.055 0.154
0.248 0.619 0.133
0.994 0.004 0.002
12
0.2 0.586 0.214
0.03 0.497 0.473
0.024 0.004 0.972
0.34 0.413 0.247
12
0.602 0.028 0.37
0.292 0.656 0.052
0.729 0.175 0.096
0.839 0.036 0.125
12
0.088 0.57 0.342
0.819 0.178 0.003
0.029 0.971 0.0
0.672 0.119 0.209
12
0.373 0.266 0.361
0.039 0.224 0.737
0.573 0.3 0.127
0.393 0.515 0.092
12
0.981 0.009 0.01
0.067 0.162 0.771
0.033 0.005 0.962
0.428 0.523 0.049
12
0.146 0.355 0.499
0.471 0.256 0.273
0.027 0.031 0.942
0.022 0.009 0.969

4
0.269 0.731
0.351 0.649
4
0.153 0.847
0.516 0.484
4
0.021 0.979
0.321 0.679
4
0.777 0.223
0.128 0.872

16
0.174 0.01 0.082 0.734
0.271 0.07 0.58 0.079
0.016 0.323 0.209 0.452
0.003 0.704 0.107 0.186

16
0.002 0.7 0.245 0.053
0.001 0.424 0.013 0.562
0.577 0.158 0.171 0.094
0.308 0.543 0.109 0.04
16
0.201 0.625 0.069 0.105
0.33 0.009 0.137 0.524
0.797 0.083 0.076 0.044
0.281 0.073 0.328 0.318
16
0.411 0.288 0.019 0.282
0.08 0.144 0.64 0.136
0.237 0.439 0.309 0.015
0.894 0.029 0.064 0.013
