V-CREDAL
8
2 3 2 4 3 2 2 3
8
1 0
4 4 6 7 1
1 2
2 0 3
1 4
2 2 5
2 0 6
2 5 7

4
0.873 0.127
0.575 0.425

18
0.054 0.782 0.164
0.769 0.228 0.003
0.004 0.018 0.978
0.005 0.268 0.727
0.012 0.0 0.988
0.688 0.166 0.146
18
0.14 0.023 0.837
0.078 0.654 0.268
0.007 0.001 0.992
0.651 0.215 0.134
0.652 0.138 0.21
0.393 0.594 0.013
18
0.183 0.148 0.669
0.839 0.128 0.033
0.08 0.789 0.131
0.299 0.682 0.019
0.118 0.799 0.083
0.029 0.228 0.743
18
0.14 0.235 0.625
0.364 0.557 0.079
0.755 0.115 0.13
0.801 0.127 0.072
0.054 0.058 0.888
0.201 0.345 0.454
18
0.01 0.964 0.026
0.027 0.289 0.684
0.069 0.004 0.927
0.744 0.083 0.173
0.013 0.394 0.593
0.004 0.575 0.421
18
0.091 0.455 0.454
0.049 0.525 0.426
0.022 0.835 0.143
0.745 0.188 0.067
0.703 0.197 0.1
0.127 0.768 0.105
18
0.105 0.092 0.803
0.064 0.906 0.03
0.703 0.241 0.056
0.053 0.563 0.384
0.741 0.008 0.251
0.124 0.852 0.024
18
0.907 0.033 0.06
0.03 0.855 0.115
0.05 0.025 0.925
0.292 0.628 0.08
0.645 0.319 0.036
0.905 0.062 0.033
18
0.396 0.428 0.176
0.01 0.191 0.799
0.779 0.188 0.033
0.916 0.026 0.058
0.096 0.055 0.849
0.066 0.096 0.838
18
0.12 0.033 0.847
0.231 0.752 0.017
0.927 0.014 0.059
0.005 0.064 0.931
0.101 0.793 0.106
0.022 0.652 0.326
18
0.946 0.003 0.051
0.554 0.366 0.08
0.035 0.073 0.892
0.275 0.028 0.697
0.155 0.719 0.126
0.5 0.014 0.486
18
0.148 0.071 0.781
0.013 0.981 0.006
0.038 0.767 0.195
0.943 0.053 0.004
0.808 0.012 0.18
0.856 0.14 0.004
18
0.279 0.237 0.484
0.269 0.667 0.064
0.079 0.882 0.039
0.192 0.417 0.391
0.314 0.481 0.205
0.363 0.14 0.497
18
0.176 0.414 0.41
0.582 0.037 0.381
0.004 0.051 0.945
0.364 0.578 0.058
0.409 0.514 0.077
0.078 0.022 0.9
18
0.25 0.477 0.273
0.423 0.457 0.12
0.319 0.109 0.572
0.559 0.05 0.391
0.513 0.331 0.156
0.4 0.009 0.591
18
0.037 0.941 0.022
0.476 0.029 0.495
0.0 0.062 0.938
0.967 0.024 0.009
0.015 0.815 0.17
0.899 0.096 0.005
18
0.868 0.083 0.049
0.062 0.045 0.893
0.079 0.198 0.723
0.131 0.53 0.339
0.281 0.456 0.263
0.854 0.006 0.14
18
0.026 0.741 0.233
0.03 0.659 0.311
0.24 0.011 0.749
0.256 0.68 0.064
0.792 0.017 0.191
0.791 0.137 0.072

4
0.685 0.315
0.14 0.86

24
0.311 0.078 0.065 0.546
0.389 0.018 0.058 0.535
0.233 0.391 0.35 0.026
0.596 0.346 0.001 0.057
0.315 0.158 0.396 0.131
0.465 0.289 0.036 0.21
24
0.013 0.198 0.046 0.743
0.339 0.314 0.247 0.1
0.101 0.791 0.049 0.059
0.226 0.474 0.204 0.096
0.068 0.375 0.151 0.406
0.504 0.093 0.301 0.102

18
0.005 0.978 0.017
0.799 0.141 0.06
0.01 0.106 0.884
0.076 0.016 0.908
0.73 0.039 0.231
0.647 0.005 0.348

4
0.228 0.772
0.909 0.091
4
0.916 0.084
0.589 0.411

4
0.22 0.78
0.191 0.809
4
0.2 0.8
0.43 0.57

18
0.092 0.9 0.008
0.822 0.144 0.034
0.074 0.027 0.899
0.05 0.579 0.371
0.368 0.049 0.583
0.656 0.086 0.258
18
0.981 0.013 0.006
0.029 0.052 0.919
0.0 0.999 0.001
0.004 0.411 0.585
0.557 0.009 0.434
0.679 0.317 0.004
