V-CREDAL
8
3 2 2 2 3 3 4 4
8
1 0
2 0 1
2 1 2
2 2 3
2 3 4
2 4 5
2 5 6
2 6 7

18
0.716 0.096 0.188
0.426 0.49 0.084
0.206 0.321 0.473
0.001 0.075 0.924
0.787 0.194 0.019
0.033 0.041 0.926

4
0.777 0.223
0.472 0.528
4
0.596 0.404
0.546 0.454
4
0.004 0.996
0.156 0.844

4
0.335 0.665
0.866 0.134
4
0.29 0.71
0.961 0.039

4
0.313 0.687
0.008 0.992
4
0.177 0.823
0.824 0.176

18
0.005 0.954 0.041
0.995 0.001 0.004
0.042 0.015 0.943
0.006 0.435 0.559
0.03 0.021 0.949
0.048 0.949 0.003
18
0.601 0.389 0.01
0.596 0.16 0.244
0.015 0.9 0.085
0.032 0.041 0.927
0.356 0.009 0.635
0.018 0.075 0.907

18
0.01 0.07 0.92
0.207 0.016 0.777
0.011 0.005 0.984
0.607 0.368 0.025
0.014 0.553 0.433
0.101 0.674 0.225
18
0.006 0.847 0.147
0.006 0.037 0.957
0.745 0.166 0.089
0.047 0.852 0.101
0.641 0.118 0.241
0.186 0.719 0.095
18
0.957 0.02 0.023
0.04 0.914 0.046
0.326 0.668 0.006
0.027 0.003 0.97
0.456 0.539 0.005
0.005 0.008 0.987

24
0.155 0.001 0.636 0.208
0.004 0.695 0.291 0.01
0.087 0.334 0.117 0.462
0.005 0.051 0.929 0.015
0.154 0.088 0.715 0.043
0.324 0.007 0.527 0.142
24
0.586 0.027 0.207 0.18
0.18 0.008 0.042 0.77
0.008 0.365 0.286 0.341
0.048 0.232 0.633 0.087
0.004 0.546 0.442 0.008
0.054 0.853 0.007 0.086
24
0.731 0.011 0.021 0.237
0.448 0.205 0.165 0.182
0.938 0.004 0.011 0.047
0.035 0.099 0.649 0.217
0.034 0.09 0.369 0.507
0.032 0.009 0.838 0.121

24
0.006 0.943 0.046 0.005
0.015 0.969 0.006 0.01
0.052 0.571 0.039 0.338
0.422 0.358 0.133 0.087
0.01 0.976 0.005 0.009
0.043 0.085 0.235 0.637
24
0.105 0.231 0.563 0.101
0.03 0.039 0.429 0.502
0.028 0.397 0.561 0.014
0.401 0.085 0.39 0.124
0.09 0.19 0.062 0.658
0.024 0.055 0.024 0.897
24
0.173 0.474 0.286 0.067
0.297 0.062 0.175 0.466
0.405 0.176 0.355 0.064
0.683 0.012 0.234 0.071
0.791 0.054 0.024 0.131
0.488 0.3 0.146 0.066
24
0.036 0.059 0.01 0.895
0.057 0.215 0.026 0.702
0.092 0.068 0.252 0.588
0.037 0.61 0.276 0.077
0.011 0.82 0.042 0.127
0.003 0.842 0.102 0.053
