V-CREDAL 
10 
2 4 3 3 2 3 2 2 2 2 
10 
1 0 
2 0 1 
2 1 2 
2 2 3 
2 3 4 
2 4 5 
2 5 6 
2 6 7 
2 7 8 
2 8 9 

4 
0.55 0.45 
0.487 0.513 

16 
0.039 0.64 0.196 0.125 
0.01 0.46 0.48 0.05 
0.376 0.375 0.071 0.178 
0.244 0.7 0.01 0.046 
16 
0.332 0.103 0.369 0.196 
0.383 0.489 0.062 0.066 
0.439 0.15 0.377 0.034 
0.027 0.016 0.399 0.558 

12 
0.956 0.005 0.039 
0.023 0.259 0.718 
0.003 0.431 0.566 
0.853 0.11 0.037 
12 
0.148 0.749 0.103 
0.73 0.085 0.185 
0.536 0.413 0.051 
0.923 0.075 0.002 
12 
0.146 0.841 0.013 
0.549 0.322 0.129 
0.183 0.066 0.751 
0.012 0.968 0.02 
12 
0.056 0.03 0.914 
0.173 0.156 0.671 
0.064 0.864 0.072 
0.134 0.683 0.183 

12 
0.11 0.184 0.706 
0.477 0.122 0.401 
0.111 0.862 0.027 
0.474 0.48 0.046 
12 
0.203 0.747 0.05 
0.52 0.087 0.393 
0.062 0.007 0.931 
0.004 0.963 0.033 
12 
0.327 0.367 0.306 
0.401 0.348 0.251 
0.24 0.743 0.017 
0.013 0.929 0.058 

4 
0.072 0.928 
0.55 0.45 
4 
0.263 0.737 
0.148 0.852 
4 
0.003 0.997 
0.553 0.447 

12 
0.019 0.272 0.709 
0.057 0.727 0.216 
0.526 0.356 0.118 
0.601 0.127 0.272 
12 
0.782 0.088 0.13 
0.392 0.536 0.072 
0.025 0.944 0.031 
0.092 0.828 0.08 

4 
0.777 0.223 
0.354 0.646 
4 
0.07 0.93 
0.273 0.727 
4 
0.156 0.844 
0.82 0.18 

4 
0.114 0.886 
0.113 0.887 
4 
0.679 0.321 
0.229 0.771 

4 
0.604 0.396 
0.863 0.137 
4 
0.153 0.847 
0.376 0.624 

4 
0.635 0.365 
0.918 0.082 
4 
0.662 0.338 
0.739 0.261 
