V-CREDAL 
6 
2 2 2 3 2 4 
6 
1 0 
2 0 1 
2 1 2 
2 2 3 
2 3 4 
2 4 5 

4 
0.44618 0.55382 
0.58474 0.41526 

4 
0.68184 0.31816 
0.35605 0.64395 
4 
0.35759 0.64241 
0.30439 0.69561 

4 
0.60381 0.39619 
0.74386 0.25614 
4 
0.02825 0.97175 
0.92221 0.07779 

12 
0.36929 0.27241 0.3583 
0.02903 0.56228 0.40869 
0.54545 0.24306 0.21149 
0.20768 0.58359 0.20873 
12 
0.51604 0.35438 0.12958 
0.68239 0.11584 0.20177 
0.33215 0.63799 0.02986 
0.9417 0.04508 0.01322 

4 
0.46727 0.53273 
0.02904 0.97096 
4 
0.85248 0.14752 
0.75089 0.24911 
4 
0.82449 0.17551 
0.63396 0.36604 

16 
0.14201 0.44688 0.24172 0.16939 
0.22213 0.32121 0.30815 0.14851 
0.94011 0.00927 0.04471 0.00591 
0.00148 0.00806 0.01678 0.97368 
16 
0.0515 0.36787 0.00748 0.57315 
0.42818 0.05708 0.15646 0.35828 
0.85511 0.00497 0.04868 0.09124 
0.45457 0.14424 0.34289 0.0583 
