V-CREDAL
10
4 2 4 4 3 4 4 4 4 2
10
1 0
2 0 1
2 1 2
2 2 3
2 3 4
2 4 5
2 5 6
2 6 7
2 7 8
2 8 9

16
0.023 0.031 0.831 0.115
0.072 0.908 0.014 0.006
0.398 0.456 0.044 0.102
0.11 0.233 0.114 0.543

4
0.517 0.483
0.919 0.081
4
0.203 0.797
0.822 0.178
4
0.545 0.455
0.485 0.515
4
0.856 0.144
0.664 0.336

16
0.078 0.155 0.575 0.192
0.01 0.018 0.01 0.962
0.004 0.154 0.823 0.019
0.008 0.178 0.798 0.016
16
0.323 0.048 0.353 0.276
0.842 0.037 0.052 0.069
0.074 0.004 0.016 0.906
0.278 0.053 0.174 0.495

16
0.714 0.014 0.265 0.007
0.982 0.0 0.007 0.011
0.519 0.14 0.165 0.176
0.012 0.605 0.066 0.317
16
0.111 0.173 0.67 0.046
0.301 0.259 0.165 0.275
0.002 0.0 0.071 0.927
0.189 0.23 0.466 0.115
16
0.021 0.187 0.639 0.153
0.948 0.012 0.026 0.014
0.036 0.783 0.157 0.024
0.634 0.054 0.305 0.007
16
0.008 0.005 0.609 0.378
0.109 0.846 0.005 0.04
0.098 0.471 0.324 0.107
0.254 0.079 0.656 0.011

12
0.487 0.24 0.273
0.169 0.733 0.098
0.497 0.305 0.198
0.268 0.378 0.354
12
0.001 0.994 0.005
0.973 0.022 0.005
0.023 0.366 0.611
0.394 0.107 0.499
12
0.101 0.056 0.843
0.353 0.467 0.18
0.314 0.626 0.06
0.129 0.447 0.424
12
0.403 0.103 0.494
0.159 0.721 0.12
0.077 0.707 0.216
0.361 0.461 0.178

16
0.055 0.326 0.483 0.136
0.161 0.249 0.455 0.135
0.053 0.015 0.928 0.004
0.615 0.086 0.042 0.257
16
0.003 0.977 0.012 0.008
0.011 0.1 0.602 0.287
0.195 0.703 0.101 0.001
0.02 0.863 0.002 0.115
16
0.027 0.009 0.96 0.004
0.321 0.107 0.132 0.44
0.256 0.018 0.006 0.72
0.678 0.004 0.083 0.235

16
0.333 0.22 0.149 0.298
0.001 0.444 0.353 0.202
0.938 0.0 0.018 0.044
0.861 0.079 0.055 0.005
16
0.01 0.027 0.088 0.875
0.188 0.338 0.247 0.227
0.105 0.618 0.029 0.248
0.012 0.015 0.616 0.357
16
0.181 0.785 0.017 0.017
0.521 0.194 0.062 0.223
0.106 0.018 0.752 0.124
0.766 0.09 0.045 0.099
16
0.079 0.23 0.071 0.62
0.116 0.121 0.062 0.701
0.003 0.928 0.021 0.048
0.008 0.131 0.067 0.794

16
0.001 0.0 0.001 0.998
0.263 0.192 0.525 0.02
0.302 0.539 0.136 0.023
0.31 0.052 0.013 0.625
16
0.141 0.019 0.009 0.831
0.121 0.249 0.117 0.513
0.166 0.141 0.178 0.515
0.394 0.059 0.059 0.488
16
0.428 0.145 0.227 0.2
0.344 0.137 0.264 0.255
0.028 0.891 0.007 0.074
0.046 0.067 0.021 0.866
16
0.079 0.258 0.554 0.109
0.033 0.094 0.053 0.82
0.038 0.092 0.64 0.23
0.01 0.321 0.197 0.472

16
0.087 0.107 0.076 0.73
0.087 0.434 0.103 0.376
0.188 0.569 0.041 0.202
0.259 0.144 0.293 0.304
16
0.014 0.11 0.038 0.838
0.788 0.01 0.057 0.145
0.104 0.826 0.012 0.058
0.123 0.014 0.802 0.061
16
0.447 0.085 0.245 0.223
0.407 0.17 0.406 0.017
0.571 0.35 0.012 0.067
0.255 0.042 0.009 0.694
16
0.366 0.092 0.451 0.091
0.049 0.228 0.067 0.656
0.639 0.005 0.314 0.042
0.246 0.004 0.719 0.031

4
0.886 0.114
0.744 0.256
4
0.824 0.176
0.266 0.734
4
0.59 0.41
0.289 0.711
4
0.34 0.66
0.015 0.985
