V-CREDAL
4
4 3 4 4
4
1 0
2 0 1
2 1 2
2 2 3

16
0.172 0.548 0.087 0.193
0.016 0.948 0.035 0.001
0.342 0.423 0.083 0.152
0.101 0.082 0.382 0.435

12
0.02 0.337 0.643
0.38 0.057 0.563
0.064 0.414 0.522
0.027 0.362 0.611
12
0.285 0.084 0.631
0.032 0.953 0.015
0.822 0.155 0.023
0.551 0.105 0.344
12
0.644 0.016 0.34
0.117 0.759 0.124
0.253 0.513 0.234
0.088 0.733 0.179
12
0.289 0.468 0.243
0.486 0.312 0.202
0.834 0.02 0.146
0.454 0.296 0.25

16
0.078 0.527 0.394 0.001
0.843 0.031 0.113 0.013
0.016 0.848 0.042 0.094
0.401 0.325 0.218 0.056
16
0.554 0.265 0.136 0.045
0.185 0.651 0.088 0.076
0.197 0.209 0.056 0.538
0.029 0.265 0.035 0.671
16
0.089 0.607 0.127 0.177
0.239 0.001 0.745 0.015
0.524 0.213 0.082 0.181
0.015 0.003 0.977 0.005

16
0.021 0.355 0.015 0.609
0.001 0.681 0.316 0.002
0.016 0.027 0.584 0.373
0.001 0.053 0.087 0.859
16
0.8 0.092 0.056 0.052
0.369 0.496 0.03 0.105
0.504 0.135 0.128 0.233
0.876 0.023 0.007 0.094
16
0.084 0.341 0.343 0.232
0.107 0.014 0.026 0.853
0.771 0.215 0.009 0.005
0.003 0.011 0.01 0.976
16
0.001 0.926 0.05 0.023
0.192 0.434 0.23 0.144
0.221 0.22 0.134 0.425
0.005 0.376 0.053 0.566
