V-CREDAL
8
2 4 2 2 2 3 2 4
8
1 0
2 0 1
2 1 2
2 2 3
2 3 4
2 4 5
2 5 6
2 6 7

4
0.156 0.844
0.449 0.551

16
0.002 0.864 0.075 0.059
0.159 0.582 0.142 0.117
0.022 0.004 0.944 0.03
0.389 0.058 0.004 0.549
16
0.404 0.362 0.228 0.006
0.121 0.164 0.377 0.338
0.078 0.449 0.091 0.382
0.849 0.069 0.037 0.045

4
0.457 0.543
0.008 0.992
4
0.949 0.051
0.372 0.628
4
0.512 0.488
0.11 0.89
4
0.589 0.411
0.414 0.586

4
0.975 0.025
0.117 0.883
4
0.259 0.741
0.237 0.763

4
0.213 0.787
0.281 0.719
4
0.828 0.172
0.257 0.743

12
0.317 0.568 0.115
0.066 0.129 0.805
0.298 0.279 0.423
0.082 0.886 0.032
12
0.02 0.935 0.045
0.092 0.373 0.535
0.578 0.12 0.302
0.496 0.457 0.047

4
0.905 0.095
0.51 0.49
4
0.458 0.542
0.68 0.32
4
0.898 0.102
0.85 0.15

16
0.518 0.214 0.094 0.174
0.663 0.076 0.255 0.006
0.41 0.089 0.115 0.386
0.09 0.073 0.23 0.607
16
0.247 0.33 0.192 0.231
0.033 0.773 0.001 0.193
0.032 0.025 0.84 0.103
0.078 0.08 0.53 0.312
