V-CREDAL
10
2 4 4 4 2 3 3 2 4 2
10
1 0
2 0 1
2 1 2
2 2 3
2 3 4
2 4 5
2 5 6
2 6 7
2 7 8
2 8 9

4
0.821 0.179
0.878 0.122

24
0.383 0.185 0.015 0.417
0.001 0.967 0.014 0.018
0.742 0.156 0.045 0.057
0.072 0.204 0.471 0.253
0.284 0.008 0.004 0.704
0.142 0.527 0.251 0.08
24
0.006 0.028 0.444 0.522
0.258 0.2 0.183 0.359
0.037 0.758 0.111 0.094
0.133 0.619 0.116 0.132
0.069 0.427 0.191 0.313
0.228 0.033 0.644 0.095

24
0.65 0.008 0.335 0.007
0.842 0.022 0.106 0.03
0.004 0.962 0.002 0.032
0.827 0.067 0.035 0.071
0.114 0.403 0.366 0.117
0.006 0.472 0.474 0.048
24
0.17 0.071 0.753 0.006
0.026 0.945 0.007 0.022
0.195 0.198 0.04 0.567
0.863 0.012 0.061 0.064
0.052 0.056 0.318 0.574
0.376 0.487 0.122 0.015
24
0.226 0.047 0.427 0.3
0.011 0.461 0.067 0.461
0.023 0.594 0.366 0.017
0.106 0.043 0.356 0.495
0.192 0.034 0.17 0.604
0.011 0.002 0.015 0.972
24
0.137 0.119 0.526 0.218
0.125 0.693 0.124 0.058
0.06 0.347 0.101 0.492
0.737 0.034 0.209 0.02
0.051 0.566 0.376 0.007
0.039 0.171 0.05 0.74

24
0.732 0.161 0.027 0.08
0.736 0.06 0.037 0.167
0.763 0.012 0.22 0.005
0.005 0.744 0.234 0.017
0.282 0.166 0.533 0.019
0.126 0.265 0.335 0.274
24
0.039 0.538 0.22 0.203
0.273 0.177 0.134 0.416
0.341 0.048 0.079 0.532
0.025 0.728 0.229 0.018
0.105 0.152 0.062 0.681
0.089 0.412 0.224 0.275
24
0.008 0.008 0.926 0.058
0.017 0.056 0.05 0.877
0.828 0.005 0.071 0.096
0.009 0.356 0.567 0.068
0.486 0.169 0.149 0.196
0.037 0.015 0.94 0.008
24
0.034 0.018 0.538 0.41
0.002 0.443 0.469 0.086
0.213 0.161 0.308 0.318
0.299 0.047 0.359 0.295
0.249 0.01 0.028 0.713
0.073 0.184 0.168 0.575

4
0.024 0.976
0.585 0.415
4
0.54 0.46
0.689 0.311
4
0.624 0.376
0.716 0.284
4
0.953 0.047
0.623 0.377

18
0.16 0.805 0.035
0.42 0.036 0.544
0.094 0.416 0.49
0.846 0.053 0.101
0.067 0.028 0.905
0.196 0.789 0.015
18
0.586 0.158 0.256
0.013 0.064 0.923
0.373 0.536 0.091
0.145 0.651 0.204
0.236 0.747 0.017
0.586 0.089 0.325

18
0.052 0.874 0.074
0.647 0.038 0.315
0.554 0.295 0.151
0.098 0.888 0.014
0.082 0.002 0.916
0.024 0.371 0.605
18
0.011 0.704 0.285
0.203 0.012 0.785
0.172 0.806 0.022
0.434 0.537 0.029
0.945 0.004 0.051
0.028 0.027 0.945
18
0.598 0.024 0.378
0.941 0.002 0.057
0.169 0.733 0.098
0.1 0.224 0.676
0.096 0.761 0.143
0.872 0.105 0.023

4
0.275 0.725
0.751 0.249
4
0.288 0.712
0.736 0.264
4
0.952 0.048
0.938 0.062

24
0.066 0.643 0.232 0.059
0.198 0.161 0.471 0.17
0.002 0.008 0.491 0.499
0.097 0.527 0.291 0.085
0.071 0.218 0.57 0.141
0.304 0.118 0.077 0.501
24
0.413 0.202 0.261 0.124
0.715 0.019 0.259 0.007
0.006 0.099 0.049 0.846
0.176 0.033 0.52 0.271
0.345 0.214 0.125 0.316
0.002 0.002 0.983 0.013

4
0.467 0.533
0.215 0.785
4
0.252 0.748
0.683 0.317
4
0.331 0.669
0.513 0.487
4
0.871 0.129
0.242 0.758
