V-CREDAL
8
3 3 3 3 2 3 2 3
8
2 4 0
3 0 7 1
1 2
2 6 3
2 5 4
1 5
2 2 6
2 3 7

12
0.504 0.4 0.096
0.511 0.231 0.258
0.114 0.739 0.147
0.018 0.114 0.868
12
0.094 0.603 0.303
0.822 0.167 0.011
0.093 0.271 0.636
0.365 0.559 0.076

12
0.01 0.974 0.016
0.017 0.936 0.047
0.488 0.317 0.195
0.754 0.177 0.069
12
0.328 0.576 0.096
0.751 0.001 0.248
0.021 0.024 0.955
0.091 0.588 0.321
12
0.147 0.317 0.536
0.711 0.161 0.128
0.751 0.014 0.235
0.266 0.445 0.289
12
0.029 0.364 0.607
0.707 0.273 0.02
0.028 0.755 0.217
0.154 0.767 0.079
12
0.024 0.328 0.648
0.273 0.451 0.276
0.951 0.046 0.003
0.091 0.013 0.896
12
0.847 0.105 0.048
0.154 0.341 0.505
0.033 0.556 0.411
0.784 0.061 0.155
12
0.125 0.046 0.829
0.03 0.265 0.705
0.225 0.574 0.201
0.179 0.564 0.257
12
0.36 0.281 0.359
0.275 0.528 0.197
0.508 0.339 0.153
0.031 0.504 0.465
12
0.835 0.163 0.002
0.64 0.066 0.294
0.176 0.626 0.198
0.113 0.175 0.712

12
0.349 0.197 0.454
0.088 0.84 0.072
0.521 0.433 0.046
0.138 0.277 0.585

12
0.455 0.239 0.306
0.191 0.128 0.681
0.244 0.114 0.642
0.422 0.146 0.432
12
0.402 0.016 0.582
0.262 0.211 0.527
0.296 0.364 0.34
0.023 0.909 0.068

4
0.887 0.113
0.936 0.064
4
0.801 0.199
0.783 0.217
4
0.565 0.435
0.366 0.634

12
0.732 0.179 0.089
0.727 0.086 0.187
0.032 0.134 0.834
0.105 0.275 0.62

4
0.591 0.409
0.291 0.709
4
0.577 0.423
0.507 0.493
4
0.527 0.473
0.832 0.168

12
0.429 0.237 0.334
0.214 0.184 0.602
0.894 0.06 0.046
0.268 0.129 0.603
12
0.126 0.049 0.825
0.859 0.112 0.029
0.061 0.677 0.262
0.053 0.926 0.021
12
0.39 0.149 0.461
0.91 0.006 0.084
0.135 0.316 0.549
0.017 0.982 0.001
