V-CREDAL 
6 
3 3 2 4 4 4 
6 
1 0 
2 0 1 
2 1 2 
2 2 3 
2 3 4 
2 4 5 

18 
0.0 0.904 0.096 
0.043 0.895 0.062 
0.78 0.197 0.023 
0.07 0.017 0.913 
0.083 0.017 0.9 
0.664 0.325 0.011 

18 
0.057 0.612 0.331 
0.589 0.146 0.265 
0.38 0.087 0.533 
0.114 0.639 0.247 
0.552 0.317 0.131 
0.295 0.61 0.095 
18 
0.108 0.839 0.053 
0.282 0.367 0.351 
0.679 0.236 0.085 
0.77 0.055 0.175 
0.236 0.725 0.039 
0.383 0.238 0.379 
18 
0.004 0.888 0.108 
0.954 0.02 0.026 
0.955 0.01 0.035 
0.011 0.3 0.689 
0.036 0.115 0.849 
0.828 0.167 0.005 

4 
0.534 0.466 
0.249 0.751 
4 
0.813 0.187 
0.426 0.574 
4 
0.829 0.171 
0.195 0.805 

24 
0.063 0.059 0.493 0.385 
0.047 0.669 0.195 0.089 
0.386 0.268 0.241 0.105 
0.941 0.042 0.014 0.003 
0.012 0.01 0.673 0.305 
0.431 0.542 0.007 0.02 
24 
0.294 0.098 0.158 0.45 
0.006 0.449 0.359 0.186 
0.032 0.191 0.009 0.768 
0.002 0.974 0.001 0.023 
0.874 0.008 0.078 0.04 
0.173 0.2 0.187 0.44 

24 
0.123 0.023 0.062 0.792 
0.64 0.179 0.176 0.005 
0.074 0.24 0.491 0.195 
0.004 0.121 0.527 0.348 
0.455 0.532 0.006 0.007 
0.027 0.081 0.823 0.069 
24 
0.901 0.018 0.057 0.024 
0.188 0.133 0.009 0.67 
0.055 0.048 0.008 0.889 
0.319 0.571 0.047 0.063 
0.081 0.338 0.571 0.01 
0.309 0.043 0.228 0.42 
24 
0.445 0.126 0.228 0.201 
0.009 0.102 0.013 0.876 
0.001 0.003 0.088 0.908 
0.125 0.029 0.087 0.759 
0.657 0.303 0.03 0.01 
0.001 0.976 0.021 0.002 
24 
0.768 0.179 0.052 0.001 
0.158 0.105 0.685 0.052 
0.195 0.058 0.735 0.012 
0.016 0.685 0.246 0.053 
0.273 0.16 0.476 0.091 
0.209 0.009 0.749 0.033 

24 
0.145 0.293 0.34 0.222 
0.004 0.005 0.057 0.934 
0.566 0.315 0.114 0.005 
0.511 0.385 0.073 0.031 
0.133 0.003 0.002 0.862 
0.426 0.049 0.427 0.098 
24 
0.003 0.244 0.242 0.511 
0.675 0.138 0.06 0.127 
0.002 0.164 0.111 0.723 
0.13 0.19 0.415 0.265 
0.871 0.031 0.004 0.094 
0.361 0.081 0.169 0.389 
24 
0.769 0.162 0.039 0.03 
0.047 0.748 0.022 0.183 
0.355 0.051 0.053 0.541 
0.154 0.655 0.078 0.113 
0.359 0.01 0.617 0.014 
0.042 0.131 0.764 0.063 
24 
0.003 0.031 0.115 0.851 
0.058 0.011 0.926 0.005 
0.435 0.521 0.013 0.031 
0.971 0.022 0.003 0.004 
0.205 0.352 0.414 0.029 
0.095 0.345 0.137 0.423 
