V-CREDAL
6
4 4 2 2 3 4
6
2 5 0
1 1
3 4 5 2
2 1 3
1 4
2 1 5

24
0.014 0.148 0.094 0.744
0.077 0.019 0.095 0.809
0.003 0.982 0.015 0.0
0.0 0.052 0.942 0.006
0.223 0.042 0.064 0.671
0.549 0.349 0.019 0.083
24
0.521 0.044 0.278 0.157
0.316 0.057 0.626 0.001
0.008 0.407 0.007 0.578
0.382 0.095 0.388 0.135
0.265 0.019 0.705 0.011
0.218 0.039 0.135 0.608
24
0.018 0.881 0.061 0.04
0.156 0.738 0.0 0.106
0.048 0.005 0.168 0.779
0.284 0.141 0.074 0.501
0.031 0.033 0.711 0.225
0.26 0.294 0.388 0.058
24
0.001 0.967 0.027 0.005
0.703 0.007 0.014 0.276
0.888 0.019 0.019 0.074
0.002 0.263 0.732 0.003
0.01 0.012 0.025 0.953
0.242 0.031 0.0 0.727

24
0.245 0.176 0.326 0.253
0.413 0.14 0.231 0.216
0.212 0.035 0.735 0.018
0.007 0.968 0.001 0.024
0.149 0.238 0.612 0.001
0.366 0.592 0.035 0.007

4
0.834 0.166
0.807 0.193
4
0.452 0.548
0.557 0.443
4
0.427 0.573
0.344 0.656
4
0.285 0.715
0.04 0.96
4
0.395 0.605
0.956 0.044
4
0.041 0.959
0.819 0.181
4
0.26 0.74
0.717 0.283
4
0.023 0.977
0.462 0.538
4
0.22 0.78
0.776 0.224
4
0.349 0.651
0.227 0.773
4
0.916 0.084
0.451 0.549
4
0.637 0.363
0.239 0.761

4
0.926 0.074
0.39 0.61
4
0.187 0.813
0.687 0.313
4
0.999 0.001
0.862 0.138
4
0.836 0.164
0.699 0.301

18
0.035 0.964 0.001
0.081 0.004 0.915
0.92 0.018 0.062
0.391 0.602 0.007
0.006 0.94 0.054
0.014 0.024 0.962

24
0.061 0.0 0.188 0.751
0.784 0.063 0.136 0.017
0.008 0.042 0.484 0.466
0.021 0.019 0.62 0.34
0.463 0.524 0.002 0.011
0.011 0.019 0.586 0.384
24
0.395 0.312 0.248 0.045
0.049 0.388 0.519 0.044
0.061 0.841 0.072 0.026
0.146 0.769 0.049 0.036
0.259 0.663 0.027 0.051
0.152 0.712 0.073 0.063
24
0.002 0.252 0.498 0.248
0.095 0.024 0.126 0.755
0.014 0.012 0.761 0.213
0.009 0.269 0.714 0.008
0.066 0.484 0.003 0.447
0.169 0.092 0.229 0.51
24
0.537 0.159 0.086 0.218
0.131 0.72 0.008 0.141
0.162 0.172 0.269 0.397
0.028 0.014 0.014 0.944
0.165 0.001 0.008 0.826
0.0 0.271 0.052 0.677
