V-CREDAL
6
2 2 2 3 2 4
6
1 0
2 0 1
2 1 2
2 2 3
2 3 4
2 4 5

4
0.643 0.357
0.949 0.051

4
0.305 0.695
0.104 0.896
4
0.068 0.932
0.242 0.758

4
0.134 0.866
0.411 0.589
4
0.34 0.66
0.508 0.492

12
0.003 0.931 0.066
0.224 0.391 0.385
0.349 0.029 0.622
0.067 0.356 0.577
12
0.737 0.211 0.052
0.141 0.607 0.252
0.305 0.084 0.611
0.69 0.288 0.022

4
0.91 0.09
0.35 0.65
4
0.412 0.588
0.875 0.125
4
0.597 0.403
0.255 0.745

16
0.061 0.041 0.567 0.331
0.053 0.522 0.277 0.148
0.494 0.152 0.055 0.299
0.876 0.003 0.012 0.109
16
0.152 0.074 0.763 0.011
0.0 0.054 0.026 0.92
0.314 0.346 0.241 0.099
0.361 0.147 0.031 0.461
