V-CREDAL 
4 
2 4 5 3 
4 
1 0 
2 0 1 
2 1 2 
2 2 3 

4 
0.01637 0.98363 
0.4298 0.5702 

24 
0.03743 0.0333 0.49843 0.43084 
0.17036 0.02186 0.7855 0.02228 
0.01453 0.33503 0.6256 0.02484 
0.33925 0.13224 0.2723 0.25621 
0.01671 0.48652 0.18987 0.3069 
0.47079 0.00172 0.51768 0.00981 
24 
0.69243 0.21829 0.04878 0.0405 
0.01085 0.00169 0.01135 0.97611 
0.00247 0.05552 0.00112 0.94089 
0.26742 0.05968 0.46256 0.21034 
0.13055 0.30058 0.5063 0.06257 
0.09712 0.22039 0.67476 0.00773 

30 
0.19833 0.54281 0.04299 0.19182 0.02405 
0.0192 0.77589 0.15254 0.01757 0.0348 
0.38057 0.06945 0.13224 0.41771 3.0E-5 
0.11668 0.10761 0.42416 0.06289 0.28866 
0.30916 0.11606 0.36509 0.19501 0.01468 
1.6E-4 0.02136 0.97638 9.0E-4 0.0012 
30 
0.2546 0.04291 0.12838 0.1775 0.39661 
0.19049 0.06715 0.08102 0.61063 0.05071 
0.09673 0.56377 0.28101 0.03161 0.02688 
0.44737 0.10982 0.19292 0.22201 0.02788 
0.13391 0.01021 0.64221 0.05435 0.15932 
0.30331 0.19423 0.06087 0.30592 0.13567 
30 
0.19184 0.29303 0.01197 0.38671 0.11645 
0.05592 0.3399 0.00197 0.01623 0.58598 
0.01506 0.04111 0.4361 0.02328 0.48445 
0.11314 0.10366 0.28107 0.3702 0.13193 
0.45554 0.05707 0.02217 0.14681 0.31841 
0.60901 0.13659 0.04403 0.01681 0.19356 
30 
0.0292 0.36229 0.1604 0.19003 0.25808 
0.40504 0.0667 0.36222 9.0E-5 0.16595 
0.38511 0.01418 0.02654 0.22637 0.3478 
0.10671 0.07638 0.06585 0.3228 0.42826 
0.0046 0.69247 0.03595 0.26365 0.00333 
0.69119 0.04964 0.00407 0.14864 0.10646 

18 
0.54381 0.24461 0.21158 
0.26969 0.57366 0.15665 
0.02378 0.09785 0.87837 
0.08871 0.49533 0.41596 
0.1509 0.60827 0.24083 
0.0091 0.33134 0.65956 
18 
0.03892 0.38082 0.58026 
0.72779 0.26108 0.01113 
0.14465 0.85517 1.8E-4 
0.86712 0.06677 0.06611 
0.2819 0.05084 0.66726 
0.00266 0.51588 0.48146 
18 
0.7893 0.06694 0.14376 
0.57972 0.36697 0.05331 
2.9E-4 0.91551 0.0842 
0.10382 0.00923 0.88695 
0.00855 0.32555 0.6659 
0.79342 0.1439 0.06268 
18 
0.01461 0.19526 0.79013 
0.63082 0.06317 0.30601 
0.35196 0.62853 0.01951 
0.68677 0.18124 0.13199 
0.22187 0.71432 0.06381 
0.52955 0.42279 0.04766 
18 
0.33379 0.52439 0.14182 
0.44636 0.26904 0.2846 
0.51062 0.12317 0.36621 
0.0985 0.81519 0.08631 
0.33393 0.1246 0.54147 
0.08161 0.21795 0.70044 
