V-CREDAL
9
4 2 3 4 3 3 4 4 4
9
1 0
2 0 1
2 1 2
2 2 3
2 3 4
2 4 5
2 5 6
2 6 7
2 7 8

24
0.015 0.065 0.913 0.007
0.647 0.186 0.016 0.151
0.163 0.01 0.603 0.224
0.019 0.009 0.166 0.806
0.148 0.612 0.065 0.175
0.025 0.001 0.959 0.015

4
0.9 0.1
0.636 0.364
4
0.011 0.989
0.119 0.881
4
0.469 0.531
0.255 0.745
4
0.929 0.071
0.222 0.778

18
0.004 0.004 0.992
0.038 0.921 0.041
0.97 0.005 0.025
0.012 0.715 0.273
0.015 0.793 0.192
0.018 0.81 0.172
18
0.011 0.068 0.921
0.001 0.983 0.016
0.982 0.006 0.012
0.0 0.785 0.215
0.256 0.014 0.73
0.093 0.033 0.874

24
0.001 0.003 0.28 0.716
0.817 0.013 0.018 0.152
0.446 0.258 0.094 0.202
0.009 0.208 0.203 0.58
0.438 0.101 0.022 0.439
0.893 0.065 0.001 0.041
24
0.117 0.053 0.023 0.807
0.02 0.003 0.729 0.248
0.743 0.033 0.21 0.014
0.601 0.05 0.073 0.276
0.321 0.113 0.034 0.532
0.007 0.042 0.683 0.268
24
0.561 0.373 0.032 0.034
0.038 0.003 0.951 0.008
0.021 0.046 0.858 0.075
0.128 0.06 0.288 0.524
0.04 0.041 0.891 0.028
0.797 0.067 0.03 0.106

18
0.253 0.139 0.608
0.638 0.239 0.123
0.456 0.032 0.512
0.979 0.016 0.005
0.379 0.068 0.553
0.438 0.32 0.242
18
0.457 0.073 0.47
0.112 0.012 0.876
0.18 0.793 0.027
0.04 0.807 0.153
0.456 0.444 0.1
0.533 0.153 0.314
18
0.012 0.981 0.007
0.105 0.089 0.806
0.04 0.366 0.594
0.052 0.123 0.825
0.214 0.599 0.187
0.189 0.337 0.474
18
0.657 0.307 0.036
0.545 0.002 0.453
0.017 0.827 0.156
0.089 0.245 0.666
0.058 0.277 0.665
0.829 0.086 0.085

18
0.154 0.084 0.762
0.361 0.039 0.6
0.984 0.015 0.001
0.056 0.62 0.324
0.101 0.704 0.195
0.991 0.001 0.008
18
0.594 0.044 0.362
0.34 0.055 0.605
0.259 0.659 0.082
0.693 0.089 0.218
0.129 0.408 0.463
0.422 0.019 0.559
18
0.067 0.024 0.909
0.812 0.036 0.152
0.04 0.796 0.164
0.078 0.856 0.066
0.038 0.593 0.369
0.448 0.524 0.028

24
0.824 0.032 0.005 0.139
0.006 0.371 0.062 0.561
0.138 0.05 0.751 0.061
0.943 0.002 0.0 0.055
0.92 0.041 0.034 0.005
0.178 0.73 0.049 0.043
24
0.651 0.206 0.067 0.076
0.028 0.672 0.22 0.08
0.074 0.474 0.075 0.377
0.024 0.57 0.307 0.099
0.105 0.248 0.134 0.513
0.205 0.249 0.269 0.277
24
0.43 0.073 0.085 0.412
0.59 0.106 0.291 0.013
0.224 0.522 0.08 0.174
0.042 0.051 0.03 0.877
0.332 0.125 0.536 0.007
0.754 0.016 0.166 0.064

24
0.358 0.529 0.096 0.017
0.104 0.05 0.813 0.033
0.293 0.568 0.081 0.058
0.127 0.107 0.11 0.656
0.368 0.44 0.068 0.124
0.308 0.102 0.449 0.141
24
0.027 0.017 0.569 0.387
0.071 0.611 0.183 0.135
0.839 0.084 0.07 0.007
0.36 0.011 0.199 0.43
0.324 0.167 0.068 0.441
0.264 0.607 0.099 0.03
24
0.616 0.076 0.12 0.188
0.178 0.036 0.033 0.753
0.094 0.063 0.01 0.833
0.817 0.056 0.018 0.109
0.171 0.344 0.451 0.034
0.196 0.11 0.046 0.648
24
0.225 0.095 0.333 0.347
0.011 0.286 0.283 0.42
0.62 0.015 0.262 0.103
0.737 0.185 0.077 0.001
0.239 0.43 0.326 0.005
0.034 0.042 0.004 0.92

24
0.009 0.06 0.93 0.001
0.256 0.021 0.673 0.05
0.116 0.041 0.158 0.685
0.503 0.144 0.065 0.288
0.529 0.003 0.425 0.043
0.637 0.052 0.115 0.196
24
0.106 0.29 0.445 0.159
0.301 0.076 0.617 0.006
0.482 0.047 0.095 0.376
0.661 0.015 0.24 0.084
0.116 0.255 0.083 0.546
0.251 0.01 0.204 0.535
24
0.064 0.274 0.629 0.033
0.026 0.148 0.01 0.816
0.005 0.734 0.086 0.175
0.068 0.68 0.102 0.15
0.375 0.018 0.478 0.129
0.159 0.074 0.315 0.452
24
0.384 0.011 0.006 0.599
0.001 0.671 0.104 0.224
0.062 0.469 0.011 0.458
0.01 0.467 0.506 0.017
0.019 0.942 0.028 0.011
0.004 0.063 0.004 0.929
