V-CREDAL
6
2 4 4 2 3 3
6
1 0
2 0 1
2 1 2
2 2 3
2 3 4
2 4 5

4
0.236 0.764
0.126 0.874

24
0.091 0.002 0.752 0.155
0.038 0.003 0.766 0.193
0.045 0.042 0.738 0.175
0.424 0.037 0.423 0.116
0.105 0.302 0.118 0.475
0.998 0.001 0.001 0.0
24
0.845 0.018 0.106 0.031
0.146 0.803 0.018 0.033
0.01 0.419 0.571 0.0
0.024 0.082 0.007 0.887
0.028 0.109 0.481 0.382
0.029 0.023 0.227 0.721

24
0.397 0.035 0.045 0.523
0.119 0.028 0.839 0.014
0.125 0.118 0.301 0.456
0.568 0.338 0.006 0.088
0.147 0.541 0.267 0.045
0.262 0.667 0.046 0.025
24
0.158 0.357 0.333 0.152
0.274 0.022 0.698 0.006
0.408 0.044 0.222 0.326
0.101 0.62 0.025 0.254
0.98 0.015 0.004 0.001
0.031 0.404 0.154 0.411
24
0.276 0.168 0.547 0.009
0.092 0.323 0.482 0.103
0.216 0.66 0.078 0.046
0.134 0.15 0.051 0.665
0.26 0.686 0.047 0.007
0.15 0.096 0.216 0.538
24
0.017 0.717 0.054 0.212
0.022 0.522 0.408 0.048
0.805 0.048 0.142 0.005
0.591 0.313 0.016 0.08
0.093 0.132 0.703 0.072
0.251 0.056 0.025 0.668

4
0.55 0.45
0.088 0.912
4
0.515 0.485
0.403 0.597
4
0.248 0.752
0.235 0.765
4
0.467 0.533
0.969 0.031

18
0.123 0.28 0.597
0.936 0.057 0.007
0.935 0.054 0.011
0.093 0.882 0.025
0.506 0.491 0.003
0.01 0.74 0.25
18
0.016 0.788 0.196
0.031 0.96 0.009
0.154 0.138 0.708
0.81 0.05 0.14
0.678 0.027 0.295
0.68 0.261 0.059

18
0.1 0.001 0.899
0.012 0.983 0.005
0.304 0.01 0.686
0.038 0.051 0.911
0.777 0.179 0.044
0.027 0.114 0.859
18
0.001 0.239 0.76
0.474 0.455 0.071
0.068 0.556 0.376
0.128 0.603 0.269
0.197 0.09 0.713
0.039 0.02 0.941
18
0.939 0.014 0.047
0.803 0.179 0.018
0.057 0.002 0.941
0.007 0.961 0.032
0.025 0.023 0.952
0.374 0.611 0.015
