V-CREDAL
6
4 4 4 2 4 4
6
2 1 0
2 5 1
2 3 2
2 1 3
2 5 4
1 5

16
0.203 0.331 0.311 0.155
0.938 0.032 0.023 0.007
0.842 0.12 0.004 0.034
0.323 0.315 0.143 0.219
16
0.049 0.366 0.437 0.148
0.399 0.013 0.34 0.248
0.376 0.378 0.062 0.184
0.119 0.616 0.026 0.239
16
0.599 0.1 0.158 0.143
0.006 0.956 0.001 0.037
0.054 0.087 0.34 0.519
0.468 0.003 0.151 0.378
16
0.016 0.029 0.713 0.242
0.168 0.086 0.035 0.711
0.007 0.387 0.537 0.069
0.046 0.106 0.317 0.531

16
0.106 0.183 0.002 0.709
0.389 0.046 0.4 0.165
0.325 0.437 0.097 0.141
0.413 0.013 0.444 0.13
16
0.365 0.31 0.193 0.132
0.132 0.099 0.608 0.161
0.088 0.379 0.149 0.384
0.033 0.018 0.002 0.947
16
0.067 0.008 0.065 0.86
0.001 0.002 0.003 0.994
0.617 0.005 0.342 0.036
0.411 0.411 0.075 0.103
16
0.006 0.008 0.58 0.406
0.147 0.319 0.401 0.133
0.213 0.401 0.277 0.109
0.073 0.029 0.067 0.831

16
0.158 0.322 0.348 0.172
0.365 0.461 0.03 0.144
0.033 0.042 0.877 0.048
0.109 0.006 0.878 0.007
16
0.332 0.015 0.603 0.05
0.347 0.183 0.418 0.052
0.866 0.101 0.014 0.019
0.618 0.18 0.087 0.115

4
0.128 0.872
0.81 0.19
4
0.185 0.815
0.069 0.931
4
0.965 0.035
0.158 0.842
4
0.018 0.982
0.106 0.894

16
0.05 0.58 0.133 0.237
0.034 0.072 0.802 0.092
0.902 0.002 0.003 0.093
0.863 0.036 0.034 0.067
16
0.388 0.247 0.333 0.032
0.004 0.045 0.011 0.94
0.309 0.002 0.005 0.684
0.293 0.156 0.419 0.132
16
0.007 0.109 0.025 0.859
0.101 0.727 0.064 0.108
0.026 0.002 0.014 0.958
0.792 0.152 0.006 0.05
16
0.343 0.056 0.216 0.385
0.077 0.01 0.163 0.75
0.167 0.007 0.211 0.615
0.357 0.289 0.275 0.079

16
0.102 0.111 0.755 0.032
0.493 0.169 0.022 0.316
0.069 0.462 0.351 0.118
0.002 0.034 0.113 0.851
