V-CREDAL 
10 
4 2 3 3 2 3 4 3 3 3 
10 
3 1 7 0 
2 9 1 
1 2 
1 3 
2 5 4 
1 5 
3 3 5 6 
3 2 3 7 
2 7 8 
1 9 

16 
0.387 0.29 0.02 0.303 
0.217 0.001 0.684 0.098 
0.019 0.754 0.127 0.1 
0.926 0.048 0.019 0.007 
16 
0.634 0.189 0.024 0.153 
0.701 0.012 0.254 0.033 
0.04 0.017 0.941 0.002 
0.184 0.274 0.254 0.288 
16 
0.866 0.012 0.091 0.031 
0.295 0.225 0.058 0.422 
0.439 0.016 0.009 0.536 
0.018 0.154 0.685 0.143 
16 
0.618 0.205 0.012 0.165 
0.342 0.076 0.089 0.493 
0.638 0.323 0.016 0.023 
0.022 0.82 0.029 0.129 
16 
0.318 0.092 0.475 0.115 
0.24 0.617 0.079 0.064 
0.184 0.075 0.352 0.389 
0.082 0.003 0.249 0.666 
16 
0.656 0.234 0.08 0.03 
0.125 0.066 0.473 0.336 
0.01 0.879 0.109 0.002 
0.091 0.253 0.639 0.017 

4 
0.972 0.028 
0.539 0.461 
4 
0.167 0.833 
0.273 0.727 
4 
0.239 0.761 
0.506 0.494 

12 
0.178 0.286 0.536 
0.006 0.969 0.025 
0.267 0.085 0.648 
0.325 0.397 0.278 

12 
0.004 0.008 0.988 
0.178 0.746 0.076 
0.697 0.257 0.046 
0.195 0.051 0.754 

4 
0.315 0.685 
0.897 0.103 
4 
0.039 0.961 
0.88 0.12 
4 
0.134 0.866 
0.395 0.605 

12 
0.306 0.262 0.432 
0.305 0.07 0.625 
0.438 0.437 0.125 
0.852 0.074 0.074 

16 
0.203 0.263 0.325 0.209 
0.385 0.351 0.013 0.251 
0.186 0.237 0.566 0.011 
0.772 0.007 0.002 0.219 
16 
0.409 0.071 0.129 0.391 
0.82 0.016 0.095 0.069 
0.349 0.176 0.345 0.13 
0.029 0.167 0.454 0.35 
16 
0.178 0.106 0.099 0.617 
0.028 0.891 0.006 0.075 
0.083 0.173 0.642 0.102 
0.169 0.242 0.44 0.149 
16 
0.018 0.005 0.01 0.967 
0.028 0.075 0.871 0.026 
0.08 0.034 0.865 0.021 
0.126 0.831 0.029 0.014 
16 
0.023 0.301 0.249 0.427 
0.372 0.267 0.229 0.132 
0.515 0.194 0.197 0.094 
0.157 0.359 0.236 0.248 
16 
0.675 0.23 0.022 0.073 
0.026 0.756 0.19 0.028 
0.124 0.872 0.002 0.002 
0.007 0.657 0.28 0.056 
16 
0.04 0.773 0.163 0.024 
0.668 0.013 0.16 0.159 
0.173 0.08 0.044 0.703 
0.346 0.267 0.29 0.097 
16 
0.508 0.053 0.042 0.397 
0.055 0.801 0.122 0.022 
0.992 0.005 0.001 0.002 
0.691 0.098 0.02 0.191 
16 
0.205 0.437 0.209 0.149 
0.825 0.024 0.054 0.097 
0.155 0.099 0.577 0.169 
0.664 0.225 0.094 0.017 

12 
0.156 0.316 0.528 
0.479 0.313 0.208 
0.882 0.045 0.073 
0.295 0.216 0.489 
12 
0.146 0.368 0.486 
0.821 0.052 0.127 
0.139 0.832 0.029 
0.417 0.02 0.563 
12 
0.907 0.08 0.013 
0.655 0.113 0.232 
0.042 0.956 0.002 
0.329 0.504 0.167 
12 
0.041 0.594 0.365 
0.581 0.241 0.178 
0.883 0.109 0.008 
0.056 0.679 0.265 
12 
0.057 0.106 0.837 
0.098 0.651 0.251 
0.652 0.112 0.236 
0.29 0.53 0.18 
12 
0.239 0.329 0.432 
0.188 0.33 0.482 
0.512 0.453 0.035 
0.22 0.49 0.29 
12 
0.463 0.389 0.148 
0.006 0.624 0.37 
0.004 0.023 0.973 
0.856 0.083 0.061 
12 
0.612 0.034 0.354 
0.068 0.273 0.659 
0.035 0.854 0.111 
0.006 0.404 0.59 
12 
0.854 0.036 0.11 
0.605 0.096 0.299 
0.932 0.033 0.035 
0.034 0.876 0.09 

12 
0.052 0.886 0.062 
0.353 0.195 0.452 
0.345 0.25 0.405 
0.062 0.871 0.067 
12 
0.815 0.049 0.136 
0.08 0.053 0.867 
0.213 0.709 0.078 
0.054 0.563 0.383 
12 
0.22 0.712 0.068 
0.991 0.003 0.006 
0.385 0.048 0.567 
0.309 0.33 0.361 

12 
0.257 0.348 0.395 
0.827 0.059 0.114 
0.3 0.438 0.262 
0.238 0.137 0.625 
