V-CREDAL
10
2 4 2 3 4 2 2 4 2 4
10
2 2 0
2 8 1
2 7 2
1 3
2 5 4
2 2 5
2 5 6
2 8 7
1 8
3 3 4 9

4
0.508 0.492
0.003 0.997
4
0.51 0.49
0.111 0.889

24
0.528 0.31 0.118 0.044
0.007 0.051 0.055 0.887
0.234 0.326 0.183 0.257
0.757 0.098 0.034 0.111
0.014 0.059 0.641 0.286
0.311 0.067 0.068 0.554
24
0.241 0.046 0.042 0.671
0.025 0.33 0.022 0.623
0.174 0.343 0.115 0.368
0.072 0.044 0.875 0.009
0.201 0.18 0.051 0.568
0.041 0.182 0.699 0.078

4
0.623 0.377
0.693 0.307
4
0.214 0.786
0.096 0.904
4
0.175 0.825
0.833 0.167
4
0.662 0.338
0.702 0.298

18
0.007 0.019 0.974
0.634 0.235 0.131
0.023 0.811 0.166
0.036 0.004 0.96
0.171 0.004 0.825
0.079 0.892 0.029

24
0.176 0.335 0.107 0.382
0.445 0.2 0.186 0.169
0.785 0.038 0.146 0.031
0.133 0.005 0.015 0.847
0.373 0.379 0.097 0.151
0.271 0.533 0.165 0.031
24
0.167 0.054 0.766 0.013
0.281 0.185 0.481 0.053
0.043 0.314 0.101 0.542
0.656 0.001 0.191 0.152
0.367 0.05 0.308 0.275
0.027 0.862 0.034 0.077

4
0.903 0.097
0.636 0.364
4
0.08 0.92
0.587 0.413

4
0.112 0.888
0.57 0.43
4
0.591 0.409
0.418 0.582

24
0.152 0.052 0.011 0.785
0.347 0.045 0.579 0.029
0.126 0.027 0.331 0.516
0.483 0.404 0.082 0.031
0.033 0.04 0.428 0.499
0.168 0.198 0.632 0.002
24
0.275 0.002 0.015 0.708
0.151 0.082 0.679 0.088
0.002 0.85 0.056 0.092
0.034 0.411 0.324 0.231
0.34 0.012 0.598 0.05
0.56 0.14 0.268 0.032

4
0.874 0.126
0.58 0.42

24
0.004 0.25 0.009 0.737
0.137 0.445 0.256 0.162
0.561 0.148 0.067 0.224
0.078 0.025 0.029 0.868
0.027 0.557 0.077 0.339
0.702 0.218 0.045 0.035
24
0.048 0.027 0.068 0.857
0.328 0.012 0.237 0.423
0.986 0.003 0.009 0.002
0.171 0.22 0.468 0.141
0.038 0.061 0.05 0.851
0.346 0.364 0.271 0.019
24
0.149 0.437 0.091 0.323
0.21 0.122 0.65 0.018
0.275 0.297 0.284 0.144
0.18 0.071 0.271 0.478
0.033 0.421 0.265 0.281
0.097 0.652 0.063 0.188
24
0.122 0.38 0.382 0.116
0.309 0.048 0.089 0.554
0.396 0.446 0.012 0.146
0.519 0.104 0.315 0.062
0.388 0.347 0.177 0.088
0.313 0.011 0.401 0.275
24
0.074 0.471 0.109 0.346
0.142 0.123 0.08 0.655
0.395 0.029 0.426 0.15
0.474 0.442 0.045 0.039
0.218 0.26 0.455 0.067
0.008 0.036 0.652 0.304
24
0.01 0.123 0.862 0.005
0.013 0.008 0.049 0.93
0.044 0.537 0.098 0.321
0.98 0.004 0.014 0.002
0.082 0.053 0.741 0.124
0.32 0.288 0.024 0.368
24
0.529 0.255 0.117 0.099
0.043 0.065 0.817 0.075
0.508 0.061 0.02 0.411
0.106 0.631 0.015 0.248
0.131 0.635 0.177 0.057
0.1 0.062 0.47 0.368
24
0.01 0.07 0.033 0.887
0.087 0.89 0.01 0.013
0.081 0.39 0.445 0.084
0.011 0.09 0.522 0.377
0.289 0.086 0.598 0.027
0.6 0.044 0.329 0.027
24
0.081 0.912 0.004 0.003
0.021 0.212 0.133 0.634
0.895 0.013 0.065 0.027
0.124 0.364 0.488 0.024
0.084 0.1 0.073 0.743
0.094 0.556 0.312 0.038
24
0.183 0.116 0.123 0.578
0.03 0.926 0.007 0.037
0.719 0.008 0.18 0.093
0.487 0.031 0.059 0.423
0.261 0.553 0.045 0.141
0.128 0.35 0.506 0.016
24
0.002 0.001 0.925 0.072
0.185 0.079 0.232 0.504
0.279 0.272 0.029 0.42
0.044 0.365 0.054 0.537
0.067 0.002 0.877 0.054
0.011 0.323 0.32 0.346
24
0.024 0.844 0.121 0.011
0.155 0.741 0.012 0.092
0.178 0.146 0.097 0.579
0.081 0.024 0.169 0.726
0.002 0.091 0.249 0.658
0.386 0.111 0.462 0.041
