V-CREDAL 
6 
4 4 2 2 3 4 
6 
2 5 0 
1 1 
3 4 5 2 
2 1 3 
1 4 
2 1 5 

16 
0.25855 0.31291 0.14936 0.27918 
0.72689 0.14178 0.1292 0.00213 
2.8E-4 0.21007 0.78856 0.00109 
0.09283 0.0382 0.71941 0.14956 
16 
0.07535 0.54068 0.22587 0.1581 
0.00566 0.2894 0.62448 0.08046 
0.10725 0.26542 0.2157 0.41163 
0.51258 0.23048 0.20064 0.0563 
16 
0.6808 0.08836 0.04867 0.18217 
0.03365 0.1649 0.55248 0.24897 
0.43689 0.11613 0.0655 0.38148 
0.12721 0.7995 0.0318 0.04149 
16 
0.32281 0.09458 0.56373 0.01888 
0.01333 0.23961 0.20697 0.54009 
0.06638 0.3793 0.51246 0.04186 
0.64905 0.16021 0.09903 0.09171 

16 
0.43592 0.03624 0.34277 0.18507 
0.03895 0.34831 0.50565 0.10709 
0.06803 0.15162 0.47126 0.30909 
0.0215 0.00747 0.94438 0.02665 

4 
0.54393 0.45607 
0.94832 0.05168 
4 
0.06626 0.93374 
0.80526 0.19474 
4 
0.4757 0.5243 
0.49176 0.50824 
4 
0.60631 0.39369 
0.41277 0.58723 
4 
0.28407 0.71593 
0.92285 0.07715 
4 
0.09648 0.90352 
0.52463 0.47537 
4 
0.88789 0.11211 
0.30869 0.69131 
4 
0.28262 0.71738 
0.42275 0.57725 
4 
0.47324 0.52676 
0.47308 0.52692 
4 
0.83464 0.16536 
0.28229 0.71771 
4 
0.2982 0.7018 
0.61922 0.38078 
4 
0.24102 0.75898 
0.66698 0.33302 

4 
0.52377 0.47623 
0.61111 0.38889 
4 
0.8341 0.1659 
0.13223 0.86777 
4 
0.91788 0.08212 
0.86094 0.13906 
4 
0.2656 0.7344 
0.83436 0.16564 

12 
0.34882 0.62444 0.02674 
0.1334 0.57008 0.29652 
0.41695 0.43188 0.15117 
0.3892 0.03955 0.57125 

16 
0.08756 0.20262 0.10379 0.60603 
0.58196 0.34703 0.01492 0.05609 
0.14175 0.0051 0.00527 0.84788 
0.03421 0.32503 0.41742 0.22334 
16 
0.51381 0.06716 0.29615 0.12288 
0.07281 0.71681 0.09827 0.11211 
0.05715 0.43144 0.00808 0.50333 
0.00474 2.0E-5 1.0E-5 0.99523 
16 
0.77641 0.15498 0.02471 0.0439 
0.31792 0.1336 0.05746 0.49102 
0.12411 0.08555 0.37438 0.41596 
0.16126 0.09252 0.16533 0.58089 
16 
0.01923 0.00795 0.74894 0.22388 
0.20419 0.62361 0.12618 0.04602 
0.05473 0.67083 0.26899 0.00545 
0.69259 0.10368 0.1651 0.03863 
