V-CREDAL 
8 
2 3 3 3 2 3 2 3 
8 
3 3 4 0 
2 7 1 
2 5 2 
1 3 
2 7 4 
1 5 
2 0 6 
2 5 7 

4 
0.74553 0.25447 
0.784 0.216 
4 
0.42349 0.57651 
0.60862 0.39138 
4 
0.20329 0.79671 
0.87798 0.12202 
4 
0.82802 0.17198 
0.34181 0.65819 
4 
0.79473 0.20527 
0.78251 0.21749 
4 
0.66381 0.33619 
0.38812 0.61188 

12 
0.14204 0.10444 0.75352 
0.55517 0.20017 0.24466 
0.34497 0.4726 0.18243 
0.55416 0.27305 0.17279 
12 
0.50289 0.24727 0.24984 
0.02265 0.66907 0.30828 
0.02622 0.60224 0.37154 
0.67972 0.2679 0.05238 
12 
0.79173 0.1249 0.08337 
0.75704 0.0737 0.16926 
0.21541 0.77575 0.00884 
0.40323 0.45574 0.14103 

12 
0.25361 0.30215 0.44424 
0.09185 0.90665 0.0015 
0.48471 0.46307 0.05222 
0.45298 0.048 0.49902 
12 
0.0178 0.55786 0.42434 
0.1243 0.27864 0.59706 
0.13661 0.62134 0.24205 
0.00465 0.00411 0.99124 
12 
0.03632 0.68776 0.27592 
0.5331 0.03936 0.42754 
0.57182 0.27025 0.15793 
0.11827 0.44447 0.43726 

12 
0.07525 0.87222 0.05253 
0.55494 0.41389 0.03117 
0.06801 0.33812 0.59387 
0.06854 0.08932 0.84214 

4 
0.04065 0.95935 
0.37223 0.62777 
4 
0.66612 0.33388 
0.12562 0.87438 
4 
0.29028 0.70972 
0.16042 0.83958 

12 
0.38541 0.18657 0.42802 
0.06346 0.0511 0.88544 
0.06452 0.43077 0.50471 
0.55471 0.42535 0.01994 

4 
0.83819 0.16181 
0.24092 0.75908 
4 
0.06614 0.93386 
0.62763 0.37237 

12 
0.09033 0.57354 0.33613 
0.31437 0.03502 0.65061 
0.85266 0.08975 0.05759 
0.14719 0.64586 0.20695 
12 
0.66383 0.23744 0.09873 
0.408 0.42944 0.16256 
0.30169 0.37929 0.31902 
0.81971 0.03006 0.15023 
12 
0.82812 0.16977 0.00211 
0.90193 0.05364 0.04443 
0.09001 0.07229 0.8377 
0.56102 0.29449 0.14449 
