V-CREDAL 
4 
5 2 4 3 
4 
2 2 0 
2 3 1 
1 2 
2 0 3 

30 
0.11537 0.08426 0.04375 0.75282 0.0038 
0.04909 0.05969 0.01399 0.85892 0.01831 
0.01159 0.52521 0.16065 0.2356 0.06695 
0.0896 3.2E-4 0.17713 0.22109 0.51186 
0.01396 0.01108 0.5934 0.05211 0.32945 
0.32554 0.30077 0.30566 0.04279 0.02524 
30 
0.05709 0.40697 0.06068 0.4092 0.06606 
4.8E-4 9.3E-4 0.30247 0.63067 0.06545 
0.07575 0.13401 0.70188 0.00228 0.08608 
0.01358 0.01517 0.0796 0.88952 0.00213 
0.00618 0.10565 0.2932 0.56865 0.02632 
0.77897 0.06473 0.02208 0.12306 0.01116 
30 
0.00987 4.3E-4 2.8E-4 9.4E-4 0.98848 
0.02563 0.28299 0.1203 0.00454 0.56654 
0.8364 0.141 0.00138 0.01298 0.00824 
0.01085 0.61138 0.01167 0.15512 0.21098 
0.32695 0.13805 0.07928 0.24285 0.21287 
0.09654 0.30854 0.18308 0.0908 0.32104 
30 
0.10914 0.71222 0.09898 0.05556 0.0241 
0.01799 0.0059 0.43382 0.32686 0.21543 
0.03016 0.05101 0.22342 0.61563 0.07978 
0.02459 0.07045 0.00504 0.15164 0.74828 
0.00156 0.01335 0.93628 0.00161 0.0472 
0.48267 0.1829 0.32509 0.00815 0.00119 

4 
0.3907 0.6093 
0.46961 0.53039 
4 
0.20418 0.79582 
0.56791 0.43209 
4 
0.56494 0.43506 
0.90469 0.09531 

24 
0.04345 0.72702 0.06323 0.1663 
0.83952 0.02596 0.10892 0.0256 
0.37935 0.42097 0.13169 0.06799 
0.43778 0.04276 0.00329 0.51617 
0.02946 0.02528 0.00192 0.94334 
0.6037 0.17291 0.193 0.03039 

18 
0.05383 0.75275 0.19342 
0.95777 0.00302 0.03921 
0.30715 0.06715 0.6257 
0.01585 0.39813 0.58602 
0.57374 0.03258 0.39368 
0.91054 0.04515 0.04431 
18 
0.01649 0.00461 0.9789 
0.31947 0.13082 0.54971 
0.00639 0.0133 0.98031 
0.27908 0.00547 0.71545 
0.11176 0.65949 0.22875 
0.31678 0.5793 0.10392 
18 
0.57714 0.40793 0.01493 
0.21138 0.74505 0.04357 
0.67003 0.10003 0.22994 
0.0632 0.00432 0.93248 
0.06622 0.29456 0.63922 
0.4389 0.03795 0.52315 
18 
0.03335 0.95844 0.00821 
0.82841 0.00406 0.16753 
0.02057 0.01564 0.96379 
0.97923 0.00279 0.01798 
0.00293 0.55801 0.43906 
0.06539 0.92696 0.00765 
18 
0.06706 0.34009 0.59285 
0.0459 0.04343 0.91067 
0.49515 0.36292 0.14193 
0.14768 0.67397 0.17835 
0.25549 0.61409 0.13042 
0.4981 0.28694 0.21496 
