V-CREDAL 
6 
5 4 3 3 5 5 
6 
2 3 0 
2 2 1 
2 5 2 
1 3 
1 4 
3 0 4 5 

20 
0.94928 0.00726 0.03899 0.00357 9.0E-4 
0.99536 1.5E-4 4.0E-5 0.00432 1.3E-4 
0.83158 0.00185 0.03202 0.12698 0.00757 
0.08397 0.01191 0.3697 0.50137 0.03305 
20 
0.03698 0.02353 0.36939 0.46952 0.10058 
0.01427 0.02099 0.38543 0.02858 0.55073 
0.06074 0.0433 0.62985 0.18557 0.08054 
0.31859 0.3612 0.00795 0.16726 0.145 
20 
0.01479 0.6025 0.32743 0.05459 6.9E-4 
0.66919 0.00518 0.05015 0.01367 0.26181 
0.06483 0.10747 0.6391 0.09018 0.09842 
0.01208 0.81141 0.07483 0.00167 0.10001 

16 
0.13393 0.3865 0.45776 0.02181 
0.27784 0.17919 0.50245 0.04052 
0.72312 0.00734 0.03072 0.23882 
0.31131 0.34984 0.13569 0.20316 
16 
0.18936 0.04267 0.07966 0.68831 
0.04396 0.92303 0.01464 0.01837 
0.02955 0.47719 0.1669 0.32636 
0.63598 0.14096 0.13245 0.09061 
16 
0.01215 0.36148 0.58409 0.04228 
0.51055 0.24327 0.07234 0.17384 
0.161 0.39646 0.17404 0.2685 
0.14887 0.46475 0.37975 0.00663 

12 
0.0374 0.88001 0.08259 
0.00723 0.99046 0.00231 
0.01672 0.98059 0.00269 
0.10846 0.26677 0.62477 
12 
0.04579 0.55942 0.39479 
0.06141 0.77468 0.16391 
0.25962 0.50266 0.23772 
0.22774 0.36312 0.40914 
12 
0.57716 0.1434 0.27944 
0.30167 0.27362 0.42471 
0.38164 0.61713 0.00123 
0.55116 0.12777 0.32107 
12 
0.60174 0.08664 0.31162 
0.35321 0.49384 0.15295 
0.05149 0.59207 0.35644 
0.07237 0.68992 0.23771 
12 
0.46279 0.01702 0.52019 
0.3654 0.57018 0.06442 
0.95648 0.01931 0.02421 
0.05094 0.35498 0.59408 

12 
0.84257 0.07503 0.0824 
0.05712 0.90503 0.03785 
0.51014 0.34481 0.14505 
0.95001 0.02992 0.02007 

20 
0.89788 0.05371 0.01331 0.01604 0.01906 
0.63131 0.09015 0.04654 0.14353 0.08847 
0.09495 0.32254 0.20941 0.07489 0.29821 
0.13019 0.00555 0.81587 0.034 0.01439 

20 
1.0E-5 0.00693 2.0E-5 0.99303 1.0E-5 
0.21594 0.04133 0.18222 0.19577 0.36474 
0.48493 0.02416 0.0056 0.02789 0.45742 
0.39381 0.02177 0.03475 0.53079 0.01888 
20 
0.4864 0.02046 0.43325 0.05225 0.00764 
0.96045 0.01029 0.02584 0.00181 0.00161 
0.03564 0.00734 0.08955 0.86206 0.00541 
0.87013 0.0068 0.10774 0.00217 0.01316 
20 
3.7E-4 0.16058 0.43186 0.14536 0.26183 
0.49851 0.06164 0.2855 0.01121 0.14314 
0.00692 0.54188 0.02299 0.38842 0.03979 
3.5E-4 0.00636 0.01089 0.61779 0.36461 
20 
0.19485 0.1352 0.4611 0.20294 0.00591 
0.18335 0.02068 0.37573 0.02874 0.3915 
3.4E-4 0.75054 0.16294 0.01629 0.06989 
0.56693 0.01074 0.29541 0.01627 0.11065 
20 
0.05295 0.04151 0.07401 0.78023 0.0513 
0.2947 0.70107 3.4E-4 7.0E-5 0.00382 
0.02936 1.1E-4 0.00915 0.01953 0.94185 
0.24998 0.20216 0.00104 0.10294 0.44388 
20 
0.349 0.02581 0.34209 0.27196 0.01114 
0.11757 0.07627 0.53967 0.26016 0.00633 
0.13755 0.09722 0.62576 0.11668 0.02279 
0.16921 0.79711 0.00822 0.01093 0.01453 
20 
0.18118 0.22079 0.04702 0.02689 0.52412 
0.71626 0.03701 0.04699 0.01842 0.18132 
0.24508 0.07731 0.3643 0.31298 3.3E-4 
0.00328 0.15142 0.72929 0.10945 0.00656 
20 
0.02078 0.13161 0.03594 0.0098 0.80187 
0.39146 0.39127 0.15231 0.03379 0.03117 
0.04515 0.3291 0.38219 0.12849 0.11507 
0.03261 0.0908 0.00811 0.72452 0.14396 
20 
0.73598 0.1081 0.02766 0.05909 0.06917 
0.00179 0.01993 0.00882 0.0786 0.89086 
0.52743 0.13262 0.19557 0.13953 0.00485 
0.09685 0.01513 3.2E-4 0.20674 0.68096 
20 
0.12651 0.51863 0.08804 0.03629 0.23053 
0.32392 0.00824 0.00428 0.42339 0.24017 
0.02285 0.06018 0.48309 0.01101 0.42287 
0.42712 4.7E-4 0.52385 0.03862 0.00994 
20 
0.01072 0.84854 0.00795 0.00521 0.12758 
0.00402 0.01287 0.06975 0.07172 0.84164 
0.3436 0.05177 0.08473 0.47233 0.04757 
0.00268 0.18857 0.47996 0.00692 0.32187 
20 
0.31292 0.13367 0.517 0.00138 0.03503 
0.37534 0.46503 0.10792 0.0067 0.04501 
0.02616 0.09179 0.11992 0.06082 0.70131 
0.45433 0.02056 0.10501 0.20663 0.21347 
20 
0.25655 0.00829 0.01155 0.04391 0.6797 
0.00808 0.54909 0.00597 0.07356 0.3633 
0.00668 0.81111 0.11364 0.04554 0.02303 
0.84354 0.05135 0.09241 0.00518 0.00752 
20 
0.08322 0.74657 0.00967 0.15439 0.00615 
0.53898 0.00512 0.01171 0.43192 0.01227 
0.05133 0.03754 0.11835 0.03065 0.76213 
0.00362 0.00815 0.0041 0.90289 0.08124 
20 
0.00926 0.05683 0.92265 0.00642 0.00484 
0.20998 0.40095 0.07589 0.29972 0.01346 
0.15312 0.35001 0.16314 0.28206 0.05167 
0.04974 0.70194 0.01213 0.01561 0.22058 
20 
0.00657 0.00945 0.18328 0.36925 0.43145 
0.03854 0.00491 4.2E-4 0.00541 0.95072 
0.01672 0.31574 0.13392 0.0108 0.52282 
0.00699 0.01593 0.00474 0.25513 0.71721 
20 
0.17319 0.21367 0.03115 0.43674 0.14525 
0.19956 0.21941 0.53725 0.0254 0.01838 
4.0E-5 0.12317 0.00311 4.4E-4 0.87324 
0.4182 0.02843 0.19677 0.2385 0.1181 
20 
0.02471 0.05088 0.58869 0.05149 0.28423 
0.00323 0.0496 0.44218 0.0019 0.50309 
0.06222 0.1471 0.65095 0.00947 0.13026 
0.70888 0.01688 0.02211 0.23286 0.01927 
20 
0.07096 0.0417 0.16123 0.69263 0.03348 
0.10724 3.1E-4 0.08257 0.8058 0.00408 
0.92277 0.00661 0.05673 0.00551 0.00838 
0.04772 0.31888 0.01641 0.28033 0.33666 
20 
0.61533 0.06515 0.01466 0.15886 0.146 
0.5717 0.06036 0.18312 0.00466 0.18016 
0.00326 0.57415 0.06526 0.13289 0.22444 
0.08226 0.01241 0.24232 0.64566 0.01735 
20 
0.02029 0.05849 0.21102 0.03035 0.67985 
0.03555 0.3216 0.07676 0.07693 0.48916 
0.11525 0.00905 0.09035 0.75749 0.02786 
0.07152 0.00811 0.47124 0.35561 0.09352 
20 
0.081 0.38696 0.12692 0.35776 0.04736 
4.0E-5 0.00152 0.0854 0.91125 0.00179 
0.09441 0.39982 0.00491 0.02327 0.47759 
0.29655 0.01196 0.55729 0.0915 0.0427 
20 
0.03935 0.21563 3.1E-4 0.0169 0.72781 
0.05944 0.01835 0.80832 0.09376 0.02013 
0.12932 0.36093 0.15623 0.19799 0.15553 
0.15541 0.74491 0.04524 0.00995 0.04449 
20 
0.06635 0.10977 0.50112 0.04806 0.2747 
0.10418 0.02985 0.04866 0.09257 0.72474 
9.8E-4 0.00575 0.78432 0.16914 0.03981 
0.0157 6.4E-4 0.35093 0.63063 0.0021 
20 
0.04644 0.10488 0.15922 0.12379 0.56567 
0.07499 0.19028 0.20678 0.50615 0.0218 
0.96313 5.5E-4 0.02997 0.00606 2.9E-4 
0.04541 0.0964 0.12022 0.63724 0.10073 
