V-CREDAL
4
3 4 3 4
4
1 0
2 0 1
2 1 2
2 2 3

12
0.941 0.028 0.031
0.186 0.497 0.317
0.257 0.019 0.724
0.131 0.869 0.0

16
0.544 0.001 0.427 0.028
0.524 0.139 0.04 0.297
0.921 0.029 0.015 0.035
0.582 0.098 0.243 0.077
16
0.209 0.024 0.558 0.209
0.567 0.058 0.047 0.328
0.0 0.003 0.747 0.25
0.114 0.343 0.5 0.043
16
0.151 0.399 0.251 0.199
0.3 0.161 0.336 0.203
0.106 0.222 0.368 0.304
0.051 0.464 0.055 0.43

12
0.045 0.025 0.93
0.04 0.665 0.295
0.855 0.142 0.003
0.836 0.114 0.05
12
0.579 0.13 0.291
0.784 0.184 0.032
0.879 0.07 0.051
0.234 0.755 0.011
12
0.922 0.019 0.059
0.051 0.931 0.018
0.197 0.031 0.772
0.841 0.131 0.028
12
0.478 0.07 0.452
0.04 0.495 0.465
0.274 0.101 0.625
0.922 0.045 0.033

16
0.086 0.492 0.136 0.286
0.0 0.011 0.205 0.784
0.024 0.07 0.158 0.748
0.113 0.447 0.44 0.0
16
0.352 0.183 0.362 0.103
0.01 0.98 0.006 0.004
0.016 0.001 0.979 0.004
0.013 0.806 0.181 0.0
16
0.921 0.035 0.026 0.018
0.963 0.005 0.02 0.012
0.972 0.008 0.015 0.005
0.227 0.29 0.38 0.103
