V-CREDAL 
4 
3 2 3 3 
4 
1 0 
2 0 1 
2 1 2 
2 2 3 

12 
0.97909 0.01804 0.00287 
0.75507 0.23063 0.0143 
0.14935 0.78194 0.06871 
0.43562 0.04045 0.52393 

4 
0.34907 0.65093 
0.70656 0.29344 
4 
0.92424 0.07576 
0.27713 0.72287 
4 
0.18385 0.81615 
0.83142 0.16858 

12 
0.01665 0.96699 0.01636 
0.97182 0.0245 0.00368 
0.0581 0.81425 0.12765 
0.55085 0.3509 0.09825 
12 
0.37532 0.61764 0.00704 
0.01308 0.14275 0.84417 
0.39327 0.14625 0.46048 
0.50953 0.21817 0.2723 

12 
0.80381 0.02487 0.17132 
0.05776 0.05428 0.88796 
0.15625 0.65457 0.18918 
0.46977 0.36285 0.16738 
12 
0.24307 0.44816 0.30877 
0.74177 0.14207 0.11616 
0.85528 0.12253 0.02219 
0.16163 0.6021 0.23627 
12 
0.49826 0.03145 0.47029 
0.02992 0.84917 0.12091 
0.21309 0.75446 0.03245 
0.07886 0.3541 0.56704 
