V-CREDAL 
8 
3 4 3 4 4 3 4 3 
8 
1 0 
1 1 
2 1 2 
2 4 3 
2 0 4 
3 0 2 5 
2 5 6 
2 4 7 

12 
0.40384 0.56689 0.02927 
0.14575 0.30802 0.54623 
0.8256 0.1599 0.0145 
0.7567 0.04715 0.19615 

16 
0.36147 0.21752 0.02383 0.39718 
0.2402 0.671 0.03375 0.05505 
0.69148 0.23121 0.04123 0.03608 
0.21981 0.65012 0.01618 0.11389 

12 
0.05915 0.77645 0.1644 
0.43212 0.14918 0.4187 
0.46005 0.23917 0.30078 
0.06439 0.6999 0.23571 
12 
0.09395 0.35058 0.55547 
0.4489 0.43359 0.11751 
0.1689 0.27585 0.55525 
0.35346 0.21513 0.43141 
12 
0.01094 0.78094 0.20812 
0.49019 0.50606 0.00375 
0.57717 0.07501 0.34782 
0.09612 0.32905 0.57483 
12 
0.27592 0.58527 0.13881 
0.04718 0.03427 0.91855 
0.78731 0.08031 0.13238 
0.13526 0.52593 0.33881 

16 
0.19102 0.22859 0.50034 0.08005 
0.79099 0.03316 0.02309 0.15276 
0.04298 0.56878 0.29977 0.08847 
0.74936 0.05847 0.10605 0.08612 
16 
0.16873 0.75996 0.07069 6.2E-4 
0.27015 0.25886 0.35233 0.11866 
0.62257 0.13861 0.11504 0.12378 
0.11822 0.55394 0.31945 0.00839 
16 
0.72762 0.06852 0.02482 0.17904 
0.021 0.47142 0.23229 0.27529 
0.14989 0.33221 0.06786 0.45004 
0.14618 0.17379 0.20699 0.47304 
16 
0.60757 0.28354 0.00235 0.10654 
0.01227 0.29366 0.14078 0.55329 
0.06155 0.00811 0.91045 0.01989 
0.02648 0.94332 0.02508 0.00512 

16 
0.13354 0.3189 0.42221 0.12535 
0.65327 0.28199 0.03767 0.02707 
0.01057 0.00438 0.74822 0.23683 
0.86209 0.02063 0.05835 0.05893 
16 
0.36312 0.29271 0.08813 0.25604 
0.03539 0.95259 0.00549 0.00653 
0.41212 0.01095 0.37921 0.19772 
0.1139 0.81283 0.01565 0.05762 
16 
0.35016 0.61939 0.01087 0.01958 
0.37134 0.11665 0.34456 0.16745 
0.22029 0.20866 0.22428 0.34677 
0.17169 0.1911 0.58723 0.04998 

12 
0.14784 0.03955 0.81261 
0.88201 0.09273 0.02526 
0.17335 0.73475 0.0919 
0.06312 0.53533 0.40155 
12 
0.03299 0.13185 0.83516 
0.00889 0.09074 0.90037 
0.65534 0.13275 0.21191 
0.13845 0.03967 0.82188 
12 
0.04019 0.67008 0.28973 
0.95682 0.01069 0.03249 
0.06652 0.07516 0.85832 
0.88309 0.00485 0.11206 
12 
0.93643 0.00281 0.06076 
0.68044 0.25033 0.06923 
0.01007 0.08372 0.90621 
0.11358 0.02427 0.86215 
12 
0.09687 0.88292 0.02021 
0.46438 0.20181 0.33381 
0.04961 0.10032 0.85007 
0.03543 0.94999 0.01458 
12 
0.03437 0.07844 0.88719 
0.19483 0.01462 0.79055 
0.42623 0.52736 0.04641 
0.61894 0.02565 0.35541 
12 
0.49223 0.03861 0.46916 
0.0234 0.46684 0.50976 
0.02061 0.24792 0.73147 
0.04085 0.47378 0.48537 
12 
0.26119 0.60603 0.13278 
0.19401 0.75621 0.04978 
0.19954 0.64291 0.15755 
0.05195 0.88497 0.06308 
12 
0.20711 0.11261 0.68028 
0.0769 0.25086 0.67224 
0.3138 0.63715 0.04905 
0.04482 0.6102 0.34498 

16 
0.24607 0.39755 0.25414 0.10224 
0.22275 0.49457 0.2097 0.07298 
0.32752 0.14012 0.2388 0.29356 
0.10251 0.8614 0.03553 5.6E-4 
16 
0.19063 0.23166 0.09653 0.48118 
0.17223 0.62512 0.11463 0.08802 
0.95901 0.00511 0.00901 0.02687 
0.50742 0.01119 0.10334 0.37805 
16 
0.09811 0.04795 0.82329 0.03065 
0.00618 0.43507 0.43762 0.12113 
0.09846 0.06286 0.32388 0.5148 
0.01022 0.10035 0.00981 0.87962 

12 
0.51951 0.00666 0.47383 
0.2216 0.67234 0.10606 
0.21859 0.33884 0.44257 
0.47695 0.12269 0.40036 
12 
0.13284 0.66264 0.20452 
0.04947 0.13246 0.81807 
0.17127 0.71741 0.11132 
0.35684 0.38158 0.26158 
12 
0.1237 0.24785 0.62845 
0.64442 0.15927 0.19631 
0.76523 0.19338 0.04139 
0.11024 0.01104 0.87872 
12 
0.06095 0.06346 0.87559 
0.65232 0.24896 0.09872 
0.26453 0.04506 0.69041 
0.8939 0.01205 0.09405 
