V-CREDAL
8
3 4 4 4 2 4 3 2
8
1 0
2 0 1
2 1 2
2 2 3
2 3 4
2 4 5
2 5 6
2 6 7

12
0.295 0.251 0.454
0.483 0.417 0.1
0.287 0.019 0.694
0.925 0.065 0.01

16
0.055 0.658 0.17 0.117
0.329 0.013 0.515 0.143
0.136 0.62 0.214 0.03
0.15 0.205 0.011 0.634
16
0.003 0.028 0.016 0.953
0.002 0.03 0.94 0.028
0.929 0.003 0.009 0.059
0.165 0.524 0.107 0.204
16
0.599 0.375 0.003 0.023
0.035 0.299 0.459 0.207
0.07 0.915 0.013 0.002
0.182 0.156 0.533 0.129

16
0.013 0.103 0.731 0.153
0.6 0.265 0.135 0.0
0.33 0.394 0.251 0.025
0.793 0.013 0.005 0.189
16
0.061 0.113 0.058 0.768
0.794 0.08 0.07 0.056
0.043 0.502 0.406 0.049
0.098 0.023 0.866 0.013
16
0.26 0.225 0.012 0.503
0.023 0.028 0.864 0.085
0.045 0.033 0.917 0.005
0.04 0.112 0.038 0.81
16
0.088 0.107 0.558 0.247
0.076 0.005 0.034 0.885
0.737 0.104 0.038 0.121
0.07 0.104 0.543 0.283

16
0.532 0.037 0.368 0.063
0.187 0.031 0.267 0.515
0.126 0.074 0.239 0.561
0.584 0.021 0.027 0.368
16
0.009 0.194 0.018 0.779
0.256 0.298 0.026 0.42
0.006 0.854 0.039 0.101
0.112 0.038 0.74 0.11
16
0.283 0.105 0.383 0.229
0.003 0.765 0.218 0.014
0.298 0.049 0.271 0.382
0.076 0.194 0.6 0.13
16
0.041 0.832 0.107 0.02
0.135 0.446 0.09 0.329
0.004 0.473 0.197 0.326
0.069 0.011 0.176 0.744

4
0.89 0.11
0.983 0.017
4
0.89 0.11
0.402 0.598
4
0.092 0.908
0.252 0.748
4
0.982 0.018
0.289 0.711

16
0.018 0.578 0.37 0.034
0.0 0.13 0.002 0.868
0.099 0.263 0.501 0.137
0.782 0.116 0.017 0.085
16
0.028 0.705 0.161 0.106
0.506 0.075 0.374 0.045
0.021 0.314 0.221 0.444
0.002 0.038 0.407 0.553

12
0.507 0.014 0.479
0.266 0.368 0.366
0.031 0.042 0.927
0.978 0.004 0.018
12
0.756 0.097 0.147
0.698 0.272 0.03
0.62 0.361 0.019
0.131 0.832 0.037
12
0.628 0.06 0.312
0.373 0.512 0.115
0.162 0.372 0.466
0.99 0.006 0.004
12
0.188 0.424 0.388
0.239 0.534 0.227
0.594 0.342 0.064
0.157 0.183 0.66

4
0.988 0.012
0.625 0.375
4
0.558 0.442
0.716 0.284
4
0.472 0.528
0.549 0.451
