V-CREDAL
10
2 4 3 3 2 3 2 2 2 2
10
1 0
2 0 1
2 1 2
2 2 3
2 3 4
2 4 5
2 5 6
2 6 7
2 7 8
2 8 9

4
0.869 0.131
0.233 0.767

24
0.237 0.46 0.299 0.004
0.6 0.037 0.254 0.109
0.452 0.033 0.504 0.011
0.029 0.207 0.027 0.737
0.066 0.014 0.914 0.006
0.729 0.233 0.019 0.019
24
0.084 0.717 0.016 0.183
0.044 0.004 0.056 0.896
0.05 0.393 0.198 0.359
0.073 0.785 0.113 0.029
0.205 0.104 0.436 0.255
0.02 0.166 0.069 0.745

18
0.567 0.3 0.133
0.032 0.315 0.653
0.657 0.027 0.316
0.088 0.513 0.399
0.337 0.55 0.113
0.269 0.153 0.578
18
0.017 0.004 0.979
0.426 0.276 0.298
0.083 0.025 0.892
0.029 0.233 0.738
0.497 0.482 0.021
0.401 0.515 0.084
18
0.029 0.955 0.016
0.054 0.592 0.354
0.496 0.209 0.295
0.009 0.964 0.027
0.549 0.252 0.199
0.11 0.299 0.591
18
0.173 0.033 0.794
0.082 0.439 0.479
0.383 0.602 0.015
0.103 0.613 0.284
0.252 0.037 0.711
0.454 0.06 0.486

18
0.403 0.015 0.582
0.256 0.216 0.528
0.126 0.499 0.375
0.034 0.801 0.165
0.743 0.209 0.048
0.382 0.036 0.582
18
0.003 0.279 0.718
0.488 0.509 0.003
0.626 0.109 0.265
0.238 0.529 0.233
0.502 0.06 0.438
0.721 0.227 0.052
18
0.264 0.041 0.695
0.704 0.195 0.101
0.502 0.051 0.447
0.025 0.479 0.496
0.022 0.089 0.889
0.039 0.855 0.106

4
0.755 0.245
0.404 0.596
4
0.056 0.944
0.852 0.148
4
0.266 0.734
0.485 0.515

18
0.028 0.92 0.052
0.929 0.058 0.013
0.405 0.024 0.571
0.007 0.05 0.943
0.02 0.631 0.349
0.011 0.002 0.987
18
0.786 0.127 0.087
0.481 0.252 0.267
0.823 0.134 0.043
0.016 0.94 0.044
0.651 0.159 0.19
0.044 0.671 0.285

4
0.421 0.579
0.434 0.566
4
0.885 0.115
0.147 0.853
4
0.133 0.867
0.689 0.311

4
0.74 0.26
0.348 0.652
4
0.146 0.854
0.311 0.689

4
0.625 0.375
0.355 0.645
4
0.235 0.765
0.776 0.224

4
0.762 0.238
0.346 0.654
4
0.359 0.641
0.024 0.976
