V-CREDAL
10
3 3 2 2 4 4 4 4 3 3
10
1 0
1 1
2 9 2
2 8 3
3 0 6 4
1 5
3 1 5 6
1 7
2 1 8
3 7 8 9

18
0.979 0.011 0.01
0.087 0.218 0.695
0.015 0.985 0.0
0.065 0.331 0.604
0.122 0.095 0.783
0.014 0.94 0.046

18
0.028 0.433 0.539
0.07 0.226 0.704
0.213 0.573 0.214
0.653 0.229 0.118
0.288 0.161 0.551
0.087 0.16 0.753

4
0.742 0.258
0.735 0.265
4
0.901 0.099
0.502 0.498
4
0.864 0.136
0.089 0.911

4
0.125 0.875
0.503 0.497
4
0.899 0.101
0.383 0.617
4
0.25 0.75
0.569 0.431

24
0.495 0.051 0.076 0.378
0.01 0.089 0.75 0.151
0.932 0.004 0.035 0.029
0.838 0.006 0.094 0.062
0.035 0.721 0.012 0.232
0.621 0.198 0.001 0.18
24
0.207 0.726 0.033 0.034
0.008 0.713 0.169 0.11
0.852 0.082 0.003 0.063
0.001 0.158 0.199 0.642
0.022 0.088 0.759 0.131
0.185 0.263 0.473 0.079
24
0.575 0.012 0.09 0.323
0.202 0.11 0.268 0.42
0.242 0.146 0.082 0.53
0.147 0.089 0.099 0.665
0.409 0.437 0.029 0.125
0.313 0.281 0.35 0.056
24
0.118 0.096 0.722 0.064
0.213 0.059 0.04 0.688
0.048 0.796 0.055 0.101
0.139 0.407 0.438 0.016
0.161 0.7 0.099 0.04
0.246 0.533 0.144 0.077
24
0.661 0.04 0.261 0.038
0.059 0.033 0.526 0.382
0.006 0.682 0.012 0.3
0.087 0.121 0.668 0.124
0.261 0.521 0.206 0.012
0.466 0.217 0.169 0.148
24
0.029 0.862 0.106 0.003
0.18 0.01 0.708 0.102
0.157 0.02 0.086 0.737
0.081 0.168 0.007 0.744
0.589 0.127 0.178 0.106
0.001 0.0 0.097 0.902
24
0.007 0.704 0.182 0.107
0.004 0.0 0.994 0.002
0.039 0.278 0.232 0.451
0.001 0.747 0.003 0.249
0.092 0.428 0.05 0.43
0.097 0.361 0.336 0.206
24
0.212 0.755 0.02 0.013
0.001 0.509 0.0 0.49
0.147 0.248 0.094 0.511
0.189 0.025 0.446 0.34
0.077 0.624 0.295 0.004
0.03 0.727 0.027 0.216
24
0.208 0.026 0.565 0.201
0.001 0.003 0.012 0.984
0.285 0.129 0.339 0.247
0.242 0.015 0.045 0.698
0.055 0.491 0.011 0.443
0.05 0.623 0.159 0.168
24
0.355 0.454 0.142 0.049
0.019 0.008 0.971 0.002
0.558 0.283 0.034 0.125
0.327 0.243 0.034 0.396
0.349 0.451 0.095 0.105
0.098 0.13 0.57 0.202
24
0.265 0.357 0.239 0.139
0.08 0.392 0.442 0.086
0.13 0.005 0.845 0.02
0.416 0.042 0.504 0.038
0.35 0.2 0.202 0.248
0.147 0.058 0.733 0.062
24
0.022 0.028 0.012 0.938
0.066 0.014 0.053 0.867
0.749 0.094 0.098 0.059
0.006 0.013 0.906 0.075
0.066 0.063 0.699 0.172
0.758 0.198 0.011 0.033

24
0.379 0.192 0.365 0.064
0.012 0.002 0.003 0.983
0.805 0.042 0.072 0.081
0.69 0.042 0.002 0.266
0.21 0.185 0.332 0.273
0.055 0.337 0.01 0.598

24
0.0 0.637 0.001 0.362
0.032 0.221 0.004 0.743
0.005 0.947 0.02 0.028
0.187 0.535 0.013 0.265
0.032 0.018 0.908 0.042
0.057 0.011 0.733 0.199
24
0.068 0.748 0.033 0.151
0.188 0.023 0.041 0.748
0.362 0.084 0.473 0.081
0.708 0.048 0.019 0.225
0.188 0.019 0.791 0.002
0.033 0.763 0.107 0.097
24
0.102 0.126 0.153 0.619
0.113 0.74 0.06 0.087
0.442 0.079 0.082 0.397
0.118 0.009 0.036 0.837
0.197 0.054 0.725 0.024
0.032 0.596 0.034 0.338
24
0.297 0.286 0.039 0.378
0.017 0.058 0.887 0.038
0.165 0.54 0.059 0.236
0.379 0.182 0.18 0.259
0.512 0.025 0.456 0.007
0.009 0.114 0.838 0.039
24
0.004 0.0 0.995 0.001
0.026 0.017 0.915 0.042
0.116 0.071 0.087 0.726
0.005 0.455 0.017 0.523
0.317 0.647 0.032 0.004
0.031 0.723 0.215 0.031
24
0.161 0.164 0.279 0.396
0.002 0.002 0.996 0.0
0.677 0.033 0.214 0.076
0.01 0.054 0.827 0.109
0.013 0.13 0.717 0.14
0.188 0.01 0.711 0.091
24
0.123 0.023 0.008 0.846
0.03 0.753 0.155 0.062
0.889 0.084 0.022 0.005
0.041 0.768 0.084 0.107
0.018 0.12 0.824 0.038
0.999 0.001 0.0 0.0
24
0.684 0.145 0.057 0.114
0.194 0.096 0.177 0.533
0.041 0.349 0.057 0.553
0.4 0.533 0.04 0.027
0.008 0.541 0.374 0.077
0.022 0.882 0.014 0.082
24
0.131 0.027 0.024 0.818
0.949 0.012 0.022 0.017
0.03 0.0 0.968 0.002
0.053 0.492 0.242 0.213
0.199 0.65 0.017 0.134
0.004 0.029 0.192 0.775
24
0.005 0.303 0.036 0.656
0.006 0.103 0.769 0.122
0.001 0.977 0.002 0.02
0.637 0.225 0.117 0.021
0.06 0.081 0.365 0.494
0.094 0.802 0.018 0.086
24
0.098 0.099 0.534 0.269
0.596 0.255 0.088 0.061
0.027 0.397 0.558 0.018
0.1 0.473 0.204 0.223
0.168 0.031 0.789 0.012
0.017 0.068 0.035 0.88
24
0.643 0.032 0.124 0.201
0.103 0.192 0.065 0.64
0.299 0.67 0.023 0.008
0.192 0.028 0.351 0.429
0.028 0.658 0.097 0.217
0.018 0.016 0.776 0.19

24
0.001 0.27 0.027 0.702
0.045 0.05 0.094 0.811
0.033 0.073 0.646 0.248
0.294 0.085 0.472 0.149
0.753 0.147 0.074 0.026
0.042 0.046 0.004 0.908

18
0.118 0.009 0.873
0.866 0.122 0.012
0.124 0.846 0.03
0.829 0.035 0.136
0.085 0.632 0.283
0.096 0.718 0.186
18
0.968 0.001 0.031
0.005 0.128 0.867
0.51 0.487 0.003
0.064 0.528 0.408
0.983 0.014 0.003
0.159 0.711 0.13
18
0.035 0.179 0.786
0.051 0.93 0.019
0.059 0.931 0.01
0.986 0.008 0.006
0.447 0.075 0.478
0.916 0.004 0.08

18
0.008 0.281 0.711
0.959 0.018 0.023
0.066 0.161 0.773
0.02 0.976 0.004
0.003 0.967 0.03
0.163 0.836 0.001
18
0.052 0.018 0.93
0.105 0.884 0.011
0.736 0.071 0.193
0.765 0.124 0.111
0.047 0.573 0.38
0.456 0.025 0.519
18
0.077 0.879 0.044
0.833 0.077 0.09
0.781 0.186 0.033
0.024 0.092 0.884
0.047 0.874 0.079
0.167 0.818 0.015
18
0.017 0.97 0.013
0.012 0.001 0.987
0.941 0.058 0.001
0.001 0.947 0.052
0.851 0.006 0.143
0.007 0.016 0.977
18
0.949 0.016 0.035
0.102 0.015 0.883
0.002 0.017 0.981
0.766 0.005 0.229
0.001 0.957 0.042
0.795 0.177 0.028
18
0.935 0.009 0.056
0.095 0.129 0.776
0.025 0.309 0.666
0.005 0.995 0.0
0.436 0.009 0.555
0.59 0.384 0.026
18
0.354 0.563 0.083
0.279 0.16 0.561
0.084 0.485 0.431
0.201 0.635 0.164
0.345 0.224 0.431
0.419 0.321 0.26
18
0.644 0.309 0.047
0.081 0.63 0.289
0.046 0.076 0.878
0.711 0.158 0.131
0.146 0.822 0.032
0.054 0.329 0.617
18
0.999 0.001 0.0
0.027 0.038 0.935
0.018 0.777 0.205
0.603 0.014 0.383
0.073 0.897 0.03
0.155 0.84 0.005
18
0.091 0.01 0.899
0.876 0.085 0.039
0.594 0.009 0.397
0.238 0.736 0.026
0.044 0.932 0.024
0.037 0.057 0.906
18
0.024 0.018 0.958
0.988 0.008 0.004
0.77 0.23 0.0
0.004 0.992 0.004
0.023 0.026 0.951
0.002 0.877 0.121
18
0.684 0.018 0.298
0.351 0.16 0.489
0.379 0.301 0.32
0.789 0.158 0.053
0.944 0.015 0.041
0.628 0.242 0.13
