V-CREDAL 
6 
3 3 3 3 4 3 
6 
1 0 
2 0 1 
2 1 2 
2 2 3 
2 3 4 
2 4 5 

18 
0.59444 0.39381 0.01175 
0.10546 0.09173 0.80281 
0.00577 0.97481 0.01942 
0.66679 0.28801 0.0452 
0.30516 0.15425 0.54059 
0.01472 0.72438 0.2609 

18 
0.02318 0.89717 0.07965 
0.97188 0.02261 0.00551 
0.06165 0.11782 0.82053 
0.19335 0.01789 0.78876 
0.07804 0.03589 0.88607 
0.03092 0.69891 0.27017 
18 
0.31406 0.35603 0.32991 
0.01349 0.67727 0.30924 
0.37162 0.08561 0.54277 
0.03631 0.00434 0.95935 
0.12572 0.77768 0.0966 
0.00518 0.08227 0.91255 
18 
0.03357 0.94068 0.02575 
0.98608 0.01243 0.00149 
0.00527 0.6129 0.38183 
0.36027 0.03085 0.60888 
0.20157 0.07854 0.71989 
0.14548 0.22762 0.6269 

18 
0.15599 0.82591 0.0181 
0.13749 0.01701 0.8455 
0.0291 0.0242 0.9467 
0.88949 0.08725 0.02326 
0.89066 0.01334 0.096 
0.00501 0.85732 0.13767 
18 
0.24652 0.75247 0.00101 
0.42965 0.10665 0.4637 
0.00183 0.99467 0.0035 
0.01827 0.00486 0.97687 
0.31779 0.06937 0.61284 
0.73087 0.2673 0.00183 
18 
0.60836 0.17673 0.21491 
0.30052 0.4588 0.24068 
0.13498 0.0935 0.77152 
0.1617 0.04191 0.79639 
0.05695 0.6377 0.30535 
0.32186 0.01866 0.65948 

18 
1.9E-4 0.98906 0.01075 
0.02681 0.36267 0.61052 
0.90902 0.04264 0.04834 
0.00126 0.92463 0.07411 
0.20948 0.01754 0.77298 
0.48663 0.00385 0.50952 
18 
0.01281 0.90125 0.08594 
0.9493 0.00443 0.04627 
0.01329 0.07245 0.91426 
0.59881 0.39604 0.00515 
0.10591 0.87638 0.01771 
0.57929 0.0179 0.40281 
18 
0.92006 0.01644 0.0635 
0.58657 0.39777 0.01566 
0.08763 0.6101 0.30227 
0.35434 0.527 0.11866 
0.06764 0.04369 0.88867 
0.18781 0.58532 0.22687 

24 
0.08718 0.20294 0.30792 0.40196 
0.00882 0.00161 0.05163 0.93794 
0.04008 0.18056 0.466 0.31336 
0.11295 0.09653 0.35883 0.43169 
0.02861 0.57522 0.38159 0.01458 
0.00269 0.12839 0.01863 0.85029 
24 
0.20561 0.12285 0.0467 0.62484 
0.13477 0.129 0.69133 0.0449 
0.58049 0.04575 0.2414 0.13236 
0.89951 0.0097 0.08358 0.00721 
0.03743 0.85808 0.07824 0.02625 
0.02901 0.15771 0.40161 0.41167 
24 
0.01357 0.06212 0.811 0.11331 
0.55754 0.09775 0.25062 0.09409 
0.67817 0.1085 0.1119 0.10143 
0.02335 0.01864 0.81775 0.14026 
0.07372 0.3445 0.02256 0.55922 
0.82255 0.05841 0.01274 0.1063 

18 
0.25516 0.3954 0.34944 
6.8E-4 0.15773 0.84159 
0.11459 0.0873 0.79811 
0.51424 0.4669 0.01886 
0.93702 0.04563 0.01735 
0.57524 0.01104 0.41372 
18 
0.17057 0.59772 0.23171 
0.26422 0.016 0.71978 
0.77442 0.14844 0.07714 
0.21904 0.03353 0.74743 
0.01555 0.22288 0.76157 
0.21529 0.6219 0.16281 
18 
0.01615 0.97223 0.01162 
0.06801 0.06754 0.86445 
0.70672 0.28012 0.01316 
0.82694 0.05296 0.1201 
0.01623 0.53843 0.44534 
0.04543 0.11851 0.83606 
18 
0.04771 0.9115 0.04079 
0.37127 0.01331 0.61542 
0.01764 0.497 0.48536 
0.56764 0.30992 0.12244 
0.44445 0.04075 0.5148 
0.03177 0.92594 0.04229 
