V-CREDAL
4
4 2 2 3
4
1 0
2 0 1
2 1 2
2 2 3

24
0.024 0.642 0.334 0.0
0.831 0.088 0.047 0.034
0.042 0.91 0.034 0.014
0.393 0.11 0.175 0.322
0.031 0.737 0.003 0.229
0.383 0.03 0.405 0.182

4
0.271 0.729
0.02 0.98
4
0.035 0.965
0.244 0.756
4
0.232 0.768
0.018 0.982
4
0.553 0.447
0.128 0.872

4
0.672 0.328
0.121 0.879
4
0.139 0.861
0.816 0.184

18
0.439 0.214 0.347
0.234 0.6 0.166
0.141 0.017 0.842
0.105 0.209 0.686
0.336 0.04 0.624
0.277 0.025 0.698
18
0.732 0.263 0.005
0.122 0.607 0.271
0.11 0.081 0.809
0.823 0.008 0.169
0.993 0.002 0.005
0.292 0.605 0.103
