V-CREDAL 
10 
2 2 2 2 2 5 4 3 5 2 
10 
3 6 8 0 
1 1 
1 2 
2 7 3 
2 2 4 
1 5 
1 6 
3 2 8 7 
2 9 8 
3 1 5 9 

4 
0.28226 0.71774 
0.40098 0.59902 
4 
0.66014 0.33986 
0.96563 0.03437 
4 
0.34764 0.65236 
0.34952 0.65048 
4 
0.70118 0.29882 
0.30121 0.69879 
4 
0.55608 0.44392 
0.52381 0.47619 
4 
0.6456 0.3544 
0.52863 0.47137 
4 
0.57802 0.42198 
0.45375 0.54625 
4 
0.92282 0.07718 
0.46014 0.53986 
4 
0.92738 0.07262 
0.39533 0.60467 
4 
0.87282 0.12718 
0.60087 0.39913 
4 
0.41125 0.58875 
2.0E-5 0.99998 
4 
0.39436 0.60564 
0.94453 0.05547 
4 
0.99068 0.00932 
0.69246 0.30754 
4 
0.85199 0.14801 
0.61717 0.38283 
4 
0.01386 0.98614 
0.8557 0.1443 
4 
0.25369 0.74631 
0.5327 0.4673 
4 
0.8463 0.1537 
0.08471 0.91529 
4 
0.05381 0.94619 
0.74656 0.25344 
4 
0.69789 0.30211 
0.72803 0.27197 
4 
0.16347 0.83653 
0.54732 0.45268 

4 
0.42036 0.57964 
0.67498 0.32502 

4 
0.10271 0.89729 
0.04107 0.95893 

4 
0.06145 0.93855 
0.77316 0.22684 
4 
0.88628 0.11372 
0.83324 0.16676 
4 
0.80548 0.19452 
0.18486 0.81514 

4 
0.26698 0.73302 
0.04431 0.95569 
4 
0.07626 0.92374 
0.42373 0.57627 

30 
0.026 0.94295 0.00111 0.01755 0.01239 
0.05783 0.08702 0.68243 0.04558 0.12714 
0.1107 0.03003 0.5194 0.29407 0.0458 
0.05992 0.02532 0.8908 1.7E-4 0.02379 
0.6613 0.02131 0.22294 0.08827 0.00618 
0.23169 0.05822 0.0053 0.69131 0.01348 

24 
0.00971 0.75319 0.21068 0.02642 
0.28673 0.27923 0.0777 0.35634 
0.57675 0.26098 0.16166 6.1E-4 
0.1163 0.07291 0.36666 0.44413 
0.00133 5.0E-5 9.5E-4 0.99767 
0.30762 0.01795 0.17758 0.49685 

18 
0.81606 0.08459 0.09935 
0.09249 0.5498 0.35771 
0.23598 0.67308 0.09094 
0.12934 0.63089 0.23977 
0.56998 0.39886 0.03116 
0.50104 0.46519 0.03377 
18 
0.11203 0.56564 0.32233 
0.02456 0.20594 0.7695 
0.24183 0.00604 0.75213 
0.44948 0.34063 0.20989 
0.48706 0.16817 0.34477 
0.0469 0.58604 0.36706 
18 
0.22227 0.05916 0.71857 
0.07494 0.05815 0.86691 
0.78055 0.1201 0.09935 
0.06589 0.65355 0.28056 
0.14468 0.59667 0.25865 
0.0378 0.14501 0.81719 
18 
0.63236 0.20908 0.15856 
0.45157 0.44058 0.10785 
0.00581 0.01994 0.97425 
0.02838 0.17143 0.80019 
0.09023 0.44948 0.46029 
0.41493 0.04373 0.54134 
18 
0.7596 0.22564 0.01476 
0.02075 0.79017 0.18908 
0.06196 0.15706 0.78098 
0.78472 0.14482 0.07046 
0.3187 0.07758 0.60372 
0.0069 0.2154 0.7777 
18 
0.33082 0.25658 0.4126 
0.00576 0.06093 0.93331 
0.35189 0.53203 0.11608 
0.03013 0.75438 0.21549 
0.36694 0.47433 0.15873 
0.04823 0.08067 0.8711 
18 
0.04213 0.08526 0.87261 
0.02788 0.60608 0.36604 
0.6025 0.36435 0.03315 
0.68839 0.24282 0.06879 
0.13649 0.81406 0.04945 
0.00406 0.07616 0.91978 
18 
0.03734 0.01628 0.94638 
0.02794 0.90742 0.06464 
0.58446 0.40747 0.00807 
0.96681 7.9E-4 0.0324 
0.00366 0.12692 0.86942 
0.00165 0.85385 0.1445 
18 
0.8666 0.13318 2.2E-4 
0.76501 0.05481 0.18018 
0.38035 0.52243 0.09722 
0.27725 0.2273 0.49545 
0.33924 0.55399 0.10677 
0.10005 0.6403 0.25965 
18 
0.15307 0.78081 0.06612 
0.74995 0.06726 0.18279 
0.0405 0.03742 0.92208 
0.02555 0.63345 0.341 
0.91651 0.08237 0.00112 
0.04364 0.65997 0.29639 

30 
0.06209 0.08054 0.36146 0.06531 0.4306 
0.2542 0.00434 2.2E-4 0.65774 0.0835 
0.46845 0.03432 0.40471 0.02682 0.0657 
0.59264 0.00279 0.00315 0.27462 0.1268 
0.00397 0.17352 0.00132 0.8019 0.01929 
0.23672 0.72155 0.01237 0.02515 0.00421 
30 
0.01548 0.05785 0.06713 0.67527 0.18427 
0.0367 0.04271 0.32284 0.31 0.28775 
0.02522 0.46746 0.00468 0.45001 0.05263 
0.26822 0.13945 0.4992 0.02692 0.06621 
0.00116 0.01508 0.11425 0.09116 0.77835 
0.49181 0.20116 0.12019 0.09915 0.08769 

4 
0.26177 0.73823 
0.84544 0.15456 
4 
0.65412 0.34588 
0.09211 0.90789 
4 
0.60908 0.39092 
0.14092 0.85908 
4 
0.22958 0.77042 
0.30098 0.69902 
4 
0.23802 0.76198 
0.04188 0.95812 
4 
0.85115 0.14885 
0.54617 0.45383 
4 
0.58334 0.41666 
0.04809 0.95191 
4 
0.08001 0.91999 
0.85204 0.14796 
4 
0.63033 0.36967 
0.22832 0.77168 
4 
0.89103 0.10897 
0.5025 0.4975 
