V-CREDAL 
8 
2 2 2 3 3 3 3 3 
8 
1 0 
2 0 1 
2 1 2 
2 2 3 
2 3 4 
2 4 5 
2 5 6 
2 6 7 

4 
0.43586 0.56414 
0.86668 0.13332 

4 
0.43742 0.56258 
0.98748 0.01252 
4 
0.84901 0.15099 
0.53887 0.46113 

4 
0.64651 0.35349 
0.61336 0.38664 
4 
0.9369 0.0631 
0.98727 0.01273 

12 
0.53583 0.08908 0.37509 
0.06557 0.90503 0.0294 
0.11885 0.85646 0.02469 
0.1641 0.34762 0.48828 
12 
0.2259 0.68565 0.08845 
0.1356 0.04927 0.81513 
0.07303 0.17907 0.7479 
0.58928 0.26166 0.14906 

12 
0.98025 0.01602 0.00373 
0.03574 0.5001 0.46416 
0.45632 0.49762 0.04606 
0.31701 0.27013 0.41286 
12 
0.30366 0.06064 0.6357 
0.65582 0.02532 0.31886 
0.0296 0.16503 0.80537 
0.23465 0.49226 0.27309 
12 
0.31479 0.56131 0.1239 
0.74758 0.17182 0.0806 
0.08206 0.33445 0.58349 
0.14241 0.45256 0.40503 

12 
0.81792 0.15071 0.03137 
0.51923 0.42623 0.05454 
0.16914 0.12777 0.70309 
0.51504 0.13276 0.3522 
12 
0.50395 0.23947 0.25658 
0.15027 0.23547 0.61426 
0.21017 0.05779 0.73204 
0.03045 0.83351 0.13604 
12 
0.00637 0.91402 0.07961 
0.1828 0.70415 0.11305 
0.38753 0.40798 0.20449 
0.1168 0.14377 0.73943 

12 
0.16731 0.70215 0.13054 
0.37632 0.44427 0.17941 
0.40781 0.58788 0.00431 
0.04024 0.28854 0.67122 
12 
0.02739 0.05955 0.91306 
0.50672 0.34959 0.14369 
0.33355 0.23118 0.43527 
0.00875 0.69072 0.30053 
12 
0.01767 0.12279 0.85954 
0.19648 0.79284 0.01068 
0.20351 0.51995 0.27654 
0.05777 0.11264 0.82959 

12 
0.25935 0.53111 0.20954 
0.07924 0.44887 0.47189 
0.81648 0.16618 0.01734 
0.60908 0.01864 0.37228 
12 
0.12474 0.75442 0.12084 
0.36417 0.09011 0.54572 
0.8009 0.16082 0.03828 
0.07697 0.40784 0.51519 
12 
4.4E-4 0.01465 0.98491 
0.85627 0.11468 0.02905 
0.07683 0.83714 0.08603 
0.30403 0.67532 0.02065 
