V-CREDAL 
8 
3 3 5 4 3 5 4 3 
8 
3 5 7 0 
1 1 
2 5 2 
3 1 4 3 
1 4 
1 5 
3 0 1 6 
1 7 

12 
0.16355 0.51849 0.31796 
0.31276 0.61206 0.07518 
0.13175 0.39995 0.4683 
0.21608 0.06423 0.71969 
12 
0.20174 0.46948 0.32878 
0.95852 0.01521 0.02627 
0.84009 0.13275 0.02716 
0.25611 0.45576 0.28813 
12 
0.11966 0.21916 0.66118 
0.25569 0.23335 0.51096 
0.44565 0.02999 0.52436 
0.07869 0.06037 0.86094 
12 
0.12845 0.0958 0.77575 
0.10808 0.85406 0.03786 
0.67039 0.26712 0.06249 
0.02862 0.15203 0.81935 
12 
0.08242 0.84284 0.07474 
0.86917 0.07874 0.05209 
0.29975 0.66252 0.03773 
0.12334 0.14985 0.72681 
12 
0.33397 0.60165 0.06438 
0.14145 0.55388 0.30467 
0.2769 0.10621 0.61689 
0.02487 0.01189 0.96324 
12 
0.10355 0.51107 0.38538 
0.04171 0.0616 0.89669 
0.49101 0.28194 0.22705 
0.01775 0.36093 0.62132 
12 
0.59223 0.13358 0.27419 
0.25647 0.45732 0.28621 
0.54319 0.29893 0.15788 
0.38732 0.40338 0.2093 
12 
0.17376 0.80901 0.01723 
0.5829 0.36659 0.05051 
0.10215 0.0339 0.86395 
0.72527 0.02562 0.24911 
12 
0.72008 0.12458 0.15534 
0.11511 0.55623 0.32866 
0.01357 0.95374 0.03269 
0.33614 0.16446 0.4994 
12 
0.18985 0.3004 0.50975 
0.16951 0.09638 0.73411 
0.09233 0.08934 0.81833 
0.37095 0.28399 0.34506 
12 
0.37611 0.58981 0.03408 
0.10401 0.55897 0.33702 
0.3212 0.59664 0.08216 
0.1353 0.03614 0.82856 
12 
0.07616 0.02678 0.89706 
0.92271 0.02438 0.05291 
0.02187 0.42238 0.55575 
0.45886 0.30829 0.23285 
12 
0.70836 0.06837 0.22327 
0.04442 0.13789 0.81769 
0.7743 0.17964 0.04606 
0.04051 0.61535 0.34414 
12 
0.91669 0.00841 0.0749 
0.36033 0.37383 0.26584 
0.48275 0.43513 0.08212 
0.33663 0.43657 0.2268 

12 
0.0045 0.01315 0.98235 
0.35424 0.15712 0.48864 
0.05489 0.23746 0.70765 
0.57177 0.41525 0.01298 

20 
0.32408 0.03828 0.41759 0.15018 0.06987 
0.04583 0.00279 0.00188 0.94651 0.00299 
0.02641 0.79693 0.06454 0.04966 0.06246 
0.62641 0.21262 0.08132 0.05012 0.02953 
20 
0.01607 0.17554 0.43163 0.3506 0.02616 
0.84969 3.8E-4 3.7E-4 0.14952 4.0E-5 
0.10408 0.04208 0.01072 0.0424 0.80072 
0.48591 0.15562 0.00163 0.15579 0.20105 
20 
0.03572 0.87447 0.08066 0.00851 6.4E-4 
0.02871 0.43264 0.20541 0.26412 0.06912 
0.01375 0.85636 0.06392 0.025 0.04097 
4.0E-5 0.07736 0.18314 0.61507 0.12439 
20 
0.56859 0.05342 0.01647 0.30639 0.05513 
0.9244 0.01123 0.01928 0.04325 0.00184 
0.05133 0.93725 0.00445 0.00688 9.0E-5 
0.83087 0.00702 0.00399 0.15717 9.5E-4 
20 
0.40902 0.04865 0.49656 0.03498 0.01079 
0.17528 0.67629 0.00261 0.03143 0.11439 
0.56253 0.00115 6.0E-5 0.4357 5.6E-4 
0.16793 0.0496 0.00106 0.74522 0.03619 

16 
0.07219 0.00176 0.79302 0.13303 
0.16227 0.36934 0.14701 0.32138 
0.15649 0.24726 0.17383 0.42242 
0.09282 0.23431 0.52108 0.15179 
16 
0.73956 0.03423 2.7E-4 0.22594 
0.13082 0.28009 0.03233 0.55676 
0.2566 0.30654 0.32459 0.11227 
0.3239 0.07985 0.08996 0.50629 
16 
0.97951 0.01609 0.001 0.0034 
0.47444 0.04919 0.46595 0.01042 
0.01674 0.96899 0.00329 0.01098 
0.84439 0.06652 0.00183 0.08726 
16 
0.05455 0.07721 0.78631 0.08193 
0.14603 0.01234 0.14066 0.70097 
0.02696 0.32968 0.16587 0.47749 
0.16649 0.34215 0.1472 0.34416 
16 
0.09235 0.78428 0.06048 0.06289 
0.05016 0.44107 0.0466 0.46217 
0.04036 4.0E-5 0.95107 0.00853 
0.08564 0.1 0.04303 0.77133 
16 
0.15578 0.04474 0.19027 0.60921 
0.3941 0.09078 0.26957 0.24555 
8.0E-5 6.5E-4 0.22994 0.76933 
0.43338 0.20273 0.13211 0.23178 
16 
0.17302 0.25289 0.01815 0.55594 
0.58056 0.03825 0.34252 0.03867 
0.16169 0.34128 0.47991 0.01712 
0.09763 0.24139 0.3741 0.28688 
16 
0.14511 0.64785 0.01436 0.19268 
0.03535 0.17244 0.03872 0.75349 
0.15339 0.75142 0.02772 0.06747 
0.07426 0.28484 0.53383 0.10707 
16 
0.09787 0.65128 0.0709 0.17995 
0.00356 0.02102 0.06255 0.91287 
0.14602 0.26651 0.06403 0.52344 
0.04001 0.00277 0.95342 0.0038 

12 
0.81218 0.02177 0.16605 
0.22481 0.6357 0.13949 
0.24042 0.69682 0.06276 
0.31908 0.13773 0.54319 

20 
0.02931 0.01001 0.21936 0.73788 0.00344 
0.40483 0.05109 0.0189 0.50244 0.02274 
0.02446 0.64333 0.00331 0.23599 0.09291 
0.40823 0.08895 0.0443 0.23021 0.22831 

16 
0.08177 0.21416 0.28189 0.42218 
0.0048 0.98148 0.01276 9.6E-4 
0.45976 0.05485 0.34343 0.14196 
0.39065 0.06364 0.41944 0.12627 
16 
0.0104 0.17686 0.02054 0.7922 
0.01911 0.04438 0.0401 0.89641 
0.16668 0.27307 0.19752 0.36273 
0.3574 0.54087 0.05636 0.04537 
16 
0.51604 0.00433 0.00167 0.47796 
0.00133 0.02643 0.00875 0.96349 
0.06716 0.16095 0.69066 0.08123 
0.9504 0.01025 0.03181 0.00754 
16 
0.00982 0.08238 0.7724 0.1354 
0.09067 0.01773 0.08109 0.81051 
0.153 0.31541 0.42947 0.10212 
0.13944 0.24083 0.32012 0.29961 
16 
0.01049 0.01215 0.94144 0.03592 
8.0E-5 0.73869 0.26095 2.8E-4 
0.0059 0.00736 0.00332 0.98342 
0.02749 0.62411 0.32547 0.02293 
16 
0.00182 9.6E-4 0.74467 0.25255 
0.09482 0.06205 0.34561 0.49752 
0.04353 0.90166 0.02566 0.02915 
0.13368 0.02259 0.44064 0.40309 
16 
0.30662 0.07496 0.19509 0.42333 
0.42541 0.36587 0.16627 0.04245 
0.1954 0.30029 0.33267 0.17164 
0.04841 0.01753 0.87982 0.05424 
16 
0.01478 0.33332 0.53972 0.11218 
0.02764 0.3877 0.52343 0.06123 
0.03652 0.0421 0.28799 0.63339 
0.05226 0.47723 0.17849 0.29202 
16 
0.00811 0.5514 0.11202 0.32847 
0.12433 0.12911 0.16898 0.57758 
0.23664 0.1299 0.26458 0.36888 
0.28368 0.3437 0.00155 0.37107 

12 
0.77274 0.21461 0.01265 
0.94783 0.01502 0.03715 
0.20661 0.58382 0.20957 
0.01033 0.91478 0.07489 
