V-CREDAL 
4 
2 4 5 3 
4 
1 0 
2 0 1 
2 1 2 
2 2 3 

4 
0.32287 0.67713 
0.97011 0.02989 

16 
0.10012 0.25591 0.15216 0.49181 
0.3204 0.27452 0.0312 0.37388 
0.03256 0.60954 0.02064 0.33726 
0.05516 0.24783 0.63954 0.05747 
16 
0.1914 0.27842 0.22773 0.30245 
0.39371 0.10925 0.14701 0.35003 
0.00206 0.02966 0.05102 0.91726 
0.45423 0.09157 0.19937 0.25483 

20 
0.55295 0.24392 0.06781 0.08498 0.05034 
0.06355 0.00366 0.86893 0.04715 0.01671 
0.00188 0.13904 0.85386 0.0041 0.00112 
0.65326 0.01472 0.02705 0.14498 0.15999 
20 
0.53957 0.09346 0.14542 0.14233 0.07922 
0.00407 0.97939 0.01444 1.3E-4 0.00197 
0.0252 0.23397 0.60614 0.00471 0.12998 
0.45525 0.19075 0.15109 0.14585 0.05706 
20 
0.00915 0.04723 0.62449 0.30362 0.01551 
0.01813 0.19983 0.70865 0.02622 0.04717 
0.07545 6.3E-4 0.75649 0.00503 0.1624 
0.002 0.91286 0.00461 0.02053 0.06 
20 
0.11221 0.00926 0.01173 0.09825 0.76855 
0.59664 0.22518 0.0369 0.0299 0.11138 
0.13727 0.16228 0.26715 0.23094 0.20236 
0.0644 0.30947 0.04737 0.57158 0.00718 

12 
0.08659 0.62379 0.28962 
0.96135 0.02265 0.016 
0.02262 0.34287 0.63451 
0.57679 0.40706 0.01615 
12 
0.15537 0.40599 0.43864 
0.23892 0.17675 0.58433 
0.80495 0.06845 0.1266 
0.04645 0.91722 0.03633 
12 
0.01262 0.35922 0.62816 
0.85945 0.01961 0.12094 
0.89343 0.04208 0.06449 
0.58245 0.37445 0.0431 
12 
0.98184 0.00269 0.01547 
0.01657 0.2083 0.77513 
0.27457 0.71579 0.00964 
0.04354 0.12391 0.83255 
12 
0.43662 0.06859 0.49479 
0.03744 0.24775 0.71481 
0.27839 0.22761 0.494 
0.54588 0.12889 0.32523 
