V-CREDAL
4
3 4 2 3
4
3 2 3 0
2 3 1
1 2
1 3

12
0.213 0.317 0.47
0.861 0.002 0.137
0.016 0.099 0.885
0.364 0.347 0.289
12
0.005 0.989 0.006
0.812 0.144 0.044
0.009 0.079 0.912
0.587 0.013 0.4
12
0.034 0.027 0.939
0.592 0.305 0.103
0.329 0.574 0.097
0.187 0.032 0.781
12
0.013 0.868 0.119
0.831 0.057 0.112
0.001 0.623 0.376
0.362 0.358 0.28
12
0.181 0.066 0.753
0.16 0.289 0.551
0.985 0.0 0.015
0.125 0.852 0.023
12
0.163 0.769 0.068
0.438 0.537 0.025
0.003 0.314 0.683
0.267 0.448 0.285

16
0.064 0.028 0.093 0.815
0.018 0.449 0.005 0.528
0.017 0.002 0.977 0.004
0.271 0.353 0.278 0.098
16
0.007 0.129 0.6 0.264
0.002 0.003 0.987 0.008
0.262 0.418 0.288 0.032
0.473 0.142 0.375 0.01
16
0.028 0.297 0.212 0.463
0.103 0.59 0.115 0.192
0.503 0.15 0.293 0.054
0.599 0.129 0.053 0.219

4
0.148 0.852
0.12 0.88

12
0.24 0.178 0.582
0.099 0.03 0.871
0.017 0.847 0.136
0.018 0.039 0.943
