V-CREDAL 
10 
2 5 5 3 2 2 4 2 5 4 
10 
1 0 
2 0 1 
2 1 2 
2 2 3 
2 3 4 
2 4 5 
2 5 6 
2 6 7 
2 7 8 
2 8 9 

4 
0.59676 0.40324 
0.16716 0.83284 

30 
0.00185 0.23582 0.57023 0.017 0.1751 
0.00346 0.04459 0.06109 0.71656 0.1743 
5.0E-5 0.00806 0.74952 0.02274 0.21963 
0.80084 0.01404 5.0E-5 0.1809 0.00417 
0.57524 0.24148 0.00502 0.15325 0.02501 
0.9974 0.00235 1.0E-4 1.1E-4 4.0E-5 
30 
0.00103 9.7E-4 0.98649 5.0E-5 0.01146 
0.00399 0.48301 0.08931 0.3645 0.05919 
0.00724 0.06164 0.03861 0.33952 0.55299 
0.03251 0.87112 0.0867 0.00573 0.00394 
0.05181 0.1548 0.12426 0.01503 0.6541 
0.73447 0.22636 0.03815 2.8E-4 7.4E-4 

30 
0.00707 0.66571 0.03574 0.28796 0.00352 
0.17639 0.18255 0.04753 0.58891 0.00462 
0.02651 0.80285 0.06589 0.08918 0.01557 
9.4E-4 0.00312 0.0393 0.95581 8.3E-4 
0.22086 0.47889 0.02107 0.19032 0.08886 
0.15024 0.06049 0.3022 0.47284 0.01423 
30 
0.20556 0.08176 0.15661 0.04271 0.51336 
0.85758 0.01317 0.05084 0.0131 0.06531 
0.87219 0.02072 0.02136 0.05723 0.0285 
0.02042 3.7E-4 0.51388 0.00273 0.4626 
0.89744 0.0373 0.00687 0.05694 0.00145 
0.30609 0.45777 0.17191 0.02327 0.04096 
30 
0.00924 0.60673 0.02952 0.32633 0.02818 
0.00412 0.03923 0.54476 0.40536 0.00653 
0.01511 0.00325 0.00788 0.5487 0.42506 
2.8E-4 0.00127 0.99201 2.6E-4 0.00618 
0.15474 0.40801 0.03379 0.04565 0.35781 
0.02215 0.01113 0.11221 0.20369 0.65082 
30 
0.01393 0.23083 0.66594 0.00111 0.08819 
0.08808 0.01865 0.38603 0.00567 0.50157 
0.00241 0.00573 0.01465 0.06573 0.91148 
0.32123 8.5E-4 0.367 0.03346 0.27746 
0.06355 0.0057 0.34388 0.46703 0.11984 
0.00334 0.0174 0.12201 0.83139 0.02586 
30 
0.72275 5.9E-4 0.00196 0.2626 0.0121 
0.90152 0.0914 6.9E-4 0.00504 0.00135 
0.0033 0.07738 0.90874 0.00894 0.00164 
0.00768 0.00244 0.02135 0.95348 0.01505 
0.43845 0.0191 0.00547 0.30795 0.22903 
0.01567 0.05923 0.89033 0.03081 0.00396 

18 
0.0528 0.41197 0.53523 
0.49109 0.42281 0.0861 
0.02284 0.54609 0.43107 
0.11946 0.30722 0.57332 
0.66854 0.28862 0.04284 
0.31277 0.55387 0.13336 
18 
0.92166 0.07413 0.00421 
0.02083 0.70071 0.27846 
0.78153 0.06084 0.15763 
0.00526 0.63176 0.36298 
0.04274 0.11129 0.84597 
0.67114 0.29715 0.03171 
18 
1.0E-5 0.02052 0.97947 
0.46546 0.37724 0.1573 
0.13492 0.01201 0.85307 
0.30981 0.57078 0.11941 
0.45301 0.01852 0.52847 
0.12219 0.25618 0.62163 
18 
0.97909 0.00512 0.01579 
0.07641 0.36429 0.5593 
0.11609 0.0158 0.86811 
0.55637 0.33378 0.10985 
0.35345 0.49084 0.15571 
0.14985 0.42087 0.42928 
18 
0.14512 0.71141 0.14347 
0.98995 0.00358 0.00647 
0.15997 0.23306 0.60697 
0.17353 0.79025 0.03622 
0.52574 0.06196 0.4123 
0.84254 0.01266 0.1448 

4 
0.15939 0.84061 
0.0225 0.9775 
4 
0.01485 0.98515 
0.33543 0.66457 
4 
0.4242 0.5758 
0.4825 0.5175 

4 
0.2077 0.7923 
0.48552 0.51448 
4 
0.98123 0.01877 
0.74011 0.25989 

24 
0.18294 0.04085 0.76869 0.00752 
0.60313 0.10658 0.02365 0.26664 
0.47937 0.29168 0.02397 0.20498 
0.02085 0.0387 0.90826 0.03219 
0.77572 0.00268 0.00238 0.21922 
0.02232 0.54096 0.0866 0.35012 
24 
0.28082 0.0094 0.70392 0.00586 
0.02063 0.81171 0.0308 0.13686 
0.08897 0.01038 0.03922 0.86143 
0.07686 0.03154 0.11905 0.77255 
0.13184 0.59629 0.06579 0.20608 
0.19755 0.28861 0.10993 0.40391 

4 
0.33171 0.66829 
0.97621 0.02379 
4 
0.66568 0.33432 
0.66473 0.33527 
4 
0.69155 0.30845 
0.54316 0.45684 
4 
0.91188 0.08812 
0.20183 0.79817 

30 
0.01836 0.85525 0.00381 0.08462 0.03796 
0.00413 0.14966 0.80203 0.00282 0.04136 
0.09799 0.02555 0.56062 0.30113 0.01471 
0.00797 0.00423 0.01076 0.0261 0.95094 
0.21472 0.37398 0.14821 0.06935 0.19374 
0.25849 0.0546 0.08265 0.54745 0.05681 
30 
0.31184 0.00711 0.00707 0.64515 0.02883 
0.19326 0.02008 0.22829 0.55103 0.00734 
0.37242 0.05849 0.28436 0.19049 0.09424 
0.30943 0.07171 0.21052 0.13551 0.27283 
0.47409 0.10877 0.10951 0.03801 0.26962 
0.00224 0.79582 4.0E-5 0.19872 0.00318 

24 
0.03717 0.06509 0.1214 0.77634 
0.14406 0.32626 0.39881 0.13087 
0.72448 0.10117 0.00644 0.16791 
0.56274 0.10615 0.32608 0.00503 
0.64211 0.05604 0.14144 0.16041 
0.60611 0.00254 0.12638 0.26497 
24 
0.07372 0.5273 0.061 0.33798 
0.50263 0.40978 0.07969 0.0079 
0.02757 8.6E-4 0.1408 0.83077 
0.99189 6.1E-4 0.00365 0.00385 
0.12079 0.21878 0.64354 0.01689 
0.7368 0.24681 0.01043 0.00596 
24 
0.02559 0.09922 0.07133 0.80386 
0.49241 0.04868 0.44345 0.01546 
0.04118 0.31004 0.2164 0.43238 
0.52948 0.33875 0.00246 0.12931 
0.02122 0.16194 0.67556 0.14128 
0.34684 0.05983 0.31697 0.27636 
24 
0.14435 0.05133 0.13771 0.66661 
0.42543 0.50706 0.0165 0.05101 
0.13954 0.15045 0.49311 0.2169 
0.85686 0.00412 0.01392 0.1251 
0.74405 0.00105 0.25078 0.00412 
0.3987 0.54131 0.02481 0.03518 
24 
3.4E-4 0.07816 0.89426 0.02724 
0.63919 0.08011 0.22538 0.05532 
0.02943 0.0217 0.85987 0.089 
0.03507 0.00793 0.54458 0.41242 
0.62471 0.19778 0.06031 0.1172 
0.14849 0.04187 0.01006 0.79958 
