V-CREDAL
10
4 4 4 4 2 2 3 2 2 2
10
1 0
1 1
2 0 2
2 0 3
3 3 5 4
1 5
2 0 6
3 1 3 7
2 9 8
2 5 9

16
0.332 0.004 0.664 0.0
0.314 0.167 0.404 0.115
0.313 0.569 0.039 0.079
0.087 0.206 0.352 0.355

16
0.776 0.209 0.005 0.01
0.149 0.008 0.371 0.472
0.536 0.317 0.039 0.108
0.476 0.294 0.165 0.065

16
0.357 0.021 0.11 0.512
0.158 0.35 0.464 0.028
0.499 0.347 0.066 0.088
0.079 0.321 0.345 0.255
16
0.371 0.464 0.02 0.145
0.472 0.347 0.027 0.154
0.408 0.183 0.099 0.31
0.09 0.028 0.253 0.629
16
0.152 0.597 0.062 0.189
0.004 0.387 0.042 0.567
0.26 0.628 0.092 0.02
0.315 0.085 0.119 0.481
16
0.164 0.379 0.082 0.375
0.17 0.025 0.186 0.619
0.01 0.018 0.939 0.033
0.111 0.856 0.012 0.021

16
0.286 0.38 0.052 0.282
0.808 0.05 0.079 0.063
0.058 0.227 0.222 0.493
0.017 0.08 0.879 0.024
16
0.391 0.154 0.405 0.05
0.881 0.023 0.087 0.009
0.309 0.085 0.15 0.456
0.107 0.476 0.115 0.302
16
0.002 0.007 0.989 0.002
0.393 0.455 0.018 0.134
0.001 0.063 0.005 0.931
0.053 0.072 0.861 0.014
16
0.095 0.431 0.192 0.282
0.627 0.067 0.207 0.099
0.533 0.116 0.026 0.325
0.028 0.105 0.687 0.18

4
0.65 0.35
0.423 0.577
4
0.656 0.344
0.513 0.487
4
0.587 0.413
0.334 0.666
4
0.046 0.954
0.219 0.781
4
0.34 0.66
0.287 0.713
4
0.7 0.3
0.1 0.9
4
0.034 0.966
0.707 0.293
4
0.277 0.723
0.92 0.08

4
0.945 0.055
0.827 0.173

12
0.448 0.549 0.003
0.208 0.232 0.56
0.666 0.052 0.282
0.261 0.728 0.011
12
0.984 0.007 0.009
0.07 0.104 0.826
0.052 0.902 0.046
0.104 0.019 0.877
12
0.403 0.469 0.128
0.568 0.119 0.313
0.336 0.437 0.227
0.676 0.039 0.285
12
0.03 0.341 0.629
0.266 0.531 0.203
0.356 0.439 0.205
0.66 0.103 0.237

4
0.034 0.966
0.917 0.083
4
0.686 0.314
0.904 0.096
4
0.394 0.606
0.555 0.445
4
0.607 0.393
0.678 0.322
4
0.778 0.222
0.975 0.025
4
0.129 0.871
0.661 0.339
4
0.077 0.923
0.176 0.824
4
0.759 0.241
0.423 0.577
4
0.846 0.154
0.58 0.42
4
0.551 0.449
0.874 0.126
4
0.957 0.043
0.548 0.452
4
0.351 0.649
0.597 0.403
4
0.696 0.304
0.851 0.149
4
0.862 0.138
0.977 0.023
4
0.986 0.014
0.599 0.401
4
0.216 0.784
0.895 0.105

4
0.948 0.052
0.224 0.776
4
0.021 0.979
0.39 0.61

4
0.634 0.366
0.757 0.243
4
0.017 0.983
0.867 0.133
