V-CREDAL
6
4 4 2 2 3 4
6
2 5 0
1 1
3 4 5 2
2 1 3
1 4
2 1 5

24
0.055 0.525 0.417 0.003
0.008 0.142 0.024 0.826
0.04 0.418 0.333 0.209
0.067 0.487 0.106 0.34
0.195 0.073 0.607 0.125
0.072 0.161 0.169 0.598
24
0.33 0.051 0.205 0.414
0.674 0.293 0.014 0.019
0.243 0.27 0.263 0.224
0.076 0.744 0.072 0.108
0.783 0.066 0.143 0.008
0.694 0.032 0.022 0.252
24
0.145 0.232 0.222 0.401
0.005 0.978 0.01 0.007
0.865 0.107 0.013 0.015
0.013 0.04 0.007 0.94
0.227 0.337 0.19 0.246
0.358 0.107 0.18 0.355
24
0.045 0.223 0.285 0.447
0.79 0.158 0.026 0.026
0.12 0.03 0.177 0.673
0.562 0.047 0.023 0.368
0.123 0.268 0.171 0.438
0.585 0.071 0.152 0.192

24
0.002 0.263 0.732 0.003
0.628 0.164 0.096 0.112
0.061 0.131 0.159 0.649
0.01 0.012 0.025 0.953
0.242 0.031 0.0 0.727
0.413 0.14 0.231 0.216

4
0.63 0.37
0.971 0.029
4
0.824 0.176
0.267 0.733
4
0.595 0.405
0.376 0.624
4
0.987 0.013
0.409 0.591
4
0.872 0.128
0.731 0.269
4
0.896 0.104
0.014 0.986
4
0.38 0.62
0.841 0.159
4
0.013 0.987
0.12 0.88
4
0.541 0.459
0.626 0.374
4
0.583 0.417
0.057 0.943
4
0.974 0.026
0.217 0.783
4
0.722 0.278
0.205 0.795

4
0.012 0.988
0.591 0.409
4
0.539 0.461
0.09 0.91
4
0.422 0.578
0.495 0.505
4
0.124 0.876
0.596 0.404

18
0.195 0.025 0.78
0.637 0.142 0.221
0.074 0.317 0.609
0.001 0.999 0.0
0.657 0.179 0.164
0.035 0.964 0.001

24
0.139 0.044 0.422 0.395
0.03 0.223 0.657 0.09
0.111 0.392 0.14 0.357
0.071 0.103 0.229 0.597
0.09 0.19 0.637 0.083
0.402 0.328 0.228 0.042
24
0.021 0.035 0.779 0.165
0.111 0.861 0.024 0.004
0.046 0.934 0.015 0.005
0.099 0.253 0.579 0.069
0.046 0.078 0.015 0.861
0.249 0.032 0.05 0.669
24
0.143 0.091 0.26 0.506
0.038 0.006 0.954 0.002
0.804 0.086 0.106 0.004
0.175 0.637 0.113 0.075
0.011 0.504 0.002 0.483
0.257 0.09 0.199 0.454
24
0.336 0.522 0.085 0.057
0.044 0.07 0.045 0.841
0.891 0.039 0.034 0.036
0.003 0.072 0.005 0.92
0.036 0.437 0.219 0.308
0.471 0.248 0.267 0.014
