V-CREDAL 
8 
4 2 2 4 4 2 4 2 
8 
1 0 
2 0 1 
2 1 2 
2 2 3 
2 3 4 
2 4 5 
2 5 6 
2 6 7 

24 
0.144 0.133 0.081 0.642 
0.099 0.023 0.797 0.081 
0.093 0.002 0.583 0.322 
0.204 0.218 0.421 0.157 
0.277 0.171 0.056 0.496 
0.04 0.003 0.892 0.065 

4 
0.473 0.527 
0.947 0.053 
4 
0.542 0.458 
0.73 0.27 
4 
0.936 0.064 
0.122 0.878 
4 
0.619 0.381 
0.552 0.448 

4 
0.304 0.696 
0.482 0.518 
4 
0.873 0.127 
0.346 0.654 

24 
0.015 0.067 0.829 0.089 
0.421 0.095 0.129 0.355 
0.208 0.643 0.053 0.096 
0.256 0.008 0.1 0.636 
0.32 0.204 0.308 0.168 
0.072 0.07 0.046 0.812 
24 
0.036 0.041 0.893 0.03 
0.011 0.019 0.932 0.038 
0.064 0.315 0.401 0.22 
0.263 0.536 0.149 0.052 
0.173 0.116 0.224 0.487 
0.087 0.051 0.028 0.834 

24 
0.117 0.188 0.493 0.202 
0.198 0.015 0.01 0.777 
0.055 0.039 0.066 0.84 
0.219 0.028 0.051 0.702 
0.002 0.926 0.071 0.001 
0.428 0.051 0.033 0.488 
24 
0.005 0.093 0.004 0.898 
0.003 0.994 0.001 0.002 
0.486 0.057 0.002 0.455 
0.022 0.036 0.854 0.088 
0.505 0.269 0.151 0.075 
0.003 0.98 0.008 0.009 
24 
0.008 0.004 0.261 0.727 
0.123 0.556 0.193 0.128 
0.053 0.912 0.03 0.005 
0.004 0.133 0.012 0.851 
0.095 0.085 0.312 0.508 
0.204 0.033 0.072 0.691 
24 
0.014 0.768 0.198 0.02 
0.101 0.218 0.382 0.299 
0.432 0.021 0.128 0.419 
0.025 0.119 0.653 0.203 
0.544 0.031 0.3 0.125 
0.663 0.078 0.055 0.204 

4 
0.144 0.856 
0.356 0.644 
4 
0.979 0.021 
0.437 0.563 
4 
0.93 0.07 
0.043 0.957 
4 
0.103 0.897 
0.609 0.391 

24 
0.193 0.491 0.297 0.019 
0.636 0.007 0.118 0.239 
0.841 0.093 0.044 0.022 
0.256 0.088 0.535 0.121 
0.154 0.359 0.079 0.408 
0.174 0.627 0.144 0.055 
24 
0.016 0.003 0.978 0.003 
0.078 0.54 0.299 0.083 
0.003 0.578 0.011 0.408 
0.333 0.231 0.42 0.016 
0.321 0.02 0.496 0.163 
0.01 0.225 0.316 0.449 

4 
0.535 0.465 
0.116 0.884 
4 
0.53 0.47 
0.11 0.89 
4 
0.46 0.54 
0.557 0.443 
4 
0.083 0.917 
0.586 0.414 
