V-CREDAL 
10 
3 5 3 4 3 2 3 4 4 4 
10 
1 0 
3 3 7 1 
4 1 4 8 2 
2 5 3 
1 4 
2 6 5 
3 0 9 6 
1 7 
1 8 
1 9 

12 
0.02798 0.84249 0.12953 
0.13653 0.3905 0.47297 
0.16417 0.06192 0.77391 
0.06576 0.12493 0.80931 

20 
0.14597 0.27901 0.51847 0.02263 0.03392 
0.3528 0.09478 0.01153 0.44274 0.09815 
0.06612 0.50011 0.20717 0.08663 0.13997 
0.62729 0.07953 1.4E-4 0.29176 0.00128 
20 
0.0115 0.12049 8.0E-5 0.84636 0.02157 
0.38137 0.33014 0.17694 0.01578 0.09577 
0.0509 0.0069 0.06065 0.1672 0.71435 
0.00298 0.9625 0.01739 0.0031 0.01403 
20 
0.00226 0.00365 0.35564 0.05464 0.58381 
0.94612 0.0215 1.5E-4 0.00949 0.02274 
0.00771 0.00602 0.35561 0.59831 0.03235 
0.0569 0.935 1.1E-4 0.00775 2.4E-4 
20 
0.46222 0.10993 0.119 0.04452 0.26433 
0.14928 0.11966 0.57484 0.1359 0.02032 
0.83014 0.06864 0.04307 0.01311 0.04504 
0.13684 0.06109 0.66329 0.01338 0.1254 
20 
0.03931 0.39834 0.15474 0.06765 0.33996 
0.00533 0.98348 0.00651 0.0038 8.8E-4 
0.056 0.71761 0.16962 0.03494 0.02183 
0.05076 0.16057 0.53956 0.0864 0.16271 
20 
0.00973 0.05127 0.17399 0.6779 0.08711 
0.34724 0.00164 0.02005 0.35417 0.2769 
0.05218 0.00456 0.92264 0.01802 0.0026 
0.0126 0.10958 0.11021 0.73727 0.03034 
20 
0.89606 0.00354 0.09298 0.00379 0.00363 
0.00686 0.10608 0.18349 0.59339 0.11018 
0.09295 0.06475 0.76342 0.04889 0.02999 
0.01051 0.00445 6.0E-5 0.98492 6.0E-5 
20 
0.16497 0.34901 0.18989 0.11976 0.17637 
0.04045 0.01249 0.10567 0.82272 0.01867 
0.85823 0.02047 0.04125 0.03694 0.04311 
0.01877 0.86341 0.07443 0.02853 0.01486 
20 
0.05468 0.06733 0.27237 0.24033 0.36529 
0.09078 0.31314 0.09751 0.17909 0.31948 
8.4E-4 0.06999 0.70383 0.16709 0.05825 
4.2E-4 0.01116 0.94955 0.02913 0.00974 
20 
0.07291 0.39457 0.05131 0.35294 0.12827 
0.32789 0.28822 0.00155 0.25961 0.12273 
0.10423 0.06634 0.21881 0.01252 0.5981 
0.10087 0.00643 0.5301 0.3501 0.0125 
20 
0.17228 0.5994 0.0082 0.11002 0.1101 
0.22311 0.109 0.37333 0.27252 0.02204 
0.11535 0.0569 0.09835 0.65054 0.07886 
0.08369 0.28635 0.3429 0.09478 0.19228 
20 
0.71072 0.1965 5.6E-4 0.08934 0.00288 
0.00968 0.22402 0.54469 0.18604 0.03557 
0.15134 0.12433 0.60445 0.08936 0.03052 
0.08787 0.09331 0.2548 0.04965 0.51437 
20 
0.71604 0.04793 0.19223 0.01144 0.03236 
0.00376 5.5E-4 0.93248 0.06267 5.4E-4 
0.46142 0.19883 0.12126 0.00549 0.213 
0.72815 0.0235 0.02428 0.19695 0.02712 
20 
0.00847 0.09637 0.06562 0.81503 0.01451 
0.36773 0.31275 0.04039 0.23328 0.04585 
0.05026 0.18874 0.06353 0.07733 0.62014 
0.01382 0.01098 0.40476 0.42935 0.14109 
20 
0.58768 0.07068 0.26732 0.05828 0.01604 
0.05816 0.02668 0.00533 0.22259 0.68724 
0.11294 0.04418 0.22232 0.51089 0.10967 
0.73923 0.09754 0.01389 0.01091 0.13843 
20 
4.6E-4 0.00446 0.99448 5.2E-4 8.0E-5 
0.02089 0.56725 0.03251 0.30961 0.06974 
0.00111 0.00707 0.007 0.75785 0.22697 
0.48861 0.15649 0.20096 0.01449 0.13945 

12 
0.86596 0.12611 0.00793 
0.22568 0.75713 0.01719 
0.48462 0.26954 0.24584 
0.11635 0.76355 0.1201 
12 
0.75894 0.18648 0.05458 
0.07797 0.26716 0.65487 
0.74744 0.10451 0.14805 
0.73702 0.04464 0.21834 
12 
0.13508 0.85747 0.00745 
0.59327 0.34794 0.05879 
0.40773 0.08795 0.50432 
0.6639 0.2004 0.1357 
12 
0.30491 0.29708 0.39801 
0.90016 0.0199 0.07994 
0.61573 0.16808 0.21619 
0.39459 0.09306 0.51235 
12 
0.40132 0.59703 0.00165 
0.29761 0.04602 0.65637 
0.05448 0.76557 0.17995 
0.09704 0.03883 0.86413 
12 
0.49693 0.06003 0.44304 
0.3287 0.60723 0.06407 
0.72552 0.03128 0.2432 
0.14789 0.26753 0.58458 
12 
0.25928 0.65283 0.08789 
0.81351 0.0638 0.12269 
0.81374 0.08776 0.0985 
0.50455 0.4926 0.00285 
12 
0.4415 0.52106 0.03744 
0.96356 0.0275 0.00894 
0.19504 0.0427 0.76226 
0.1207 0.1621 0.7172 
12 
0.52774 0.28602 0.18624 
0.02266 0.94384 0.0335 
0.26535 0.26841 0.46624 
0.6476 0.0306 0.3218 
12 
0.16422 0.25053 0.58525 
0.66419 0.07381 0.262 
0.0358 0.94254 0.02166 
0.00405 0.48258 0.51337 
12 
0.51684 0.41648 0.06668 
0.57099 0.15516 0.27385 
0.91986 0.04982 0.03032 
0.01402 0.33717 0.64881 
12 
0.62586 0.26241 0.11173 
0.04365 0.91461 0.04174 
0.32476 0.50626 0.16898 
0.64159 0.15138 0.20703 
12 
0.66868 0.12018 0.21114 
0.31428 0.60813 0.07759 
0.81596 0.14263 0.04141 
0.31859 0.67216 0.00925 
12 
0.00612 0.91662 0.07726 
0.25231 0.29237 0.45532 
0.3341 0.18509 0.48081 
0.67803 0.08039 0.24158 
12 
0.39778 0.10694 0.49528 
0.12742 0.06792 0.80466 
0.43768 0.20293 0.35939 
0.06032 0.84283 0.09685 
12 
0.04392 0.58704 0.36904 
0.2083 0.03066 0.76104 
0.90956 0.02767 0.06277 
0.51462 0.4002 0.08518 
12 
0.07708 0.17695 0.74597 
0.37897 0.10842 0.51261 
0.85446 0.10631 0.03923 
0.25078 0.67765 0.07157 
12 
0.29375 0.6768 0.02945 
0.00895 0.49646 0.49459 
0.11053 0.81713 0.07234 
0.60768 0.08109 0.31123 
12 
0.10574 0.72204 0.17222 
0.40332 0.48235 0.11433 
0.17324 0.5379 0.28886 
0.51227 0.02914 0.45859 
12 
0.1162 0.32489 0.55891 
0.90898 0.05181 0.03921 
0.00104 0.98643 0.01253 
0.09278 0.38765 0.51957 
12 
0.03369 0.61778 0.34853 
0.00767 0.00187 0.99046 
0.26843 0.71315 0.01842 
0.61702 0.36909 0.01389 
12 
0.0738 0.20522 0.72098 
0.82076 0.03085 0.14839 
0.21495 0.30458 0.48047 
0.09844 0.06454 0.83702 
12 
0.0772 0.00908 0.91372 
0.0147 0.74093 0.24437 
0.78281 0.14588 0.07131 
0.05489 0.02386 0.92125 
12 
0.61632 0.20705 0.17663 
0.09201 0.8993 0.00869 
0.01887 0.07925 0.90188 
0.62355 0.3392 0.03725 
12 
5.8E-4 2.6E-4 0.99916 
0.91502 0.00311 0.08187 
0.3493 0.1552 0.4955 
0.01636 0.14354 0.8401 
12 
0.21845 0.04301 0.73854 
0.00408 0.01445 0.98147 
0.02642 0.94698 0.0266 
0.22615 0.7076 0.06625 
12 
0.47693 0.48437 0.0387 
0.04616 0.04828 0.90556 
0.00792 0.93649 0.05559 
0.03161 0.26874 0.69965 
12 
0.60933 0.31336 0.07731 
0.067 0.68529 0.24771 
0.67147 0.03149 0.29704 
0.05328 0.47903 0.46769 
12 
0.25429 0.69364 0.05207 
0.08329 0.87492 0.04179 
0.34116 0.08552 0.57332 
0.8065 0.05715 0.13635 
12 
0.08986 0.52361 0.38653 
0.95341 0.03383 0.01276 
0.64782 0.00253 0.34965 
0.11934 0.5817 0.29896 
12 
0.06095 0.66429 0.27476 
0.31005 0.00613 0.68382 
0.01673 0.10299 0.88028 
0.81031 0.00584 0.18385 
12 
0.0854 0.84506 0.06954 
0.08615 0.51865 0.3952 
0.55226 0.2717 0.17604 
0.58127 0.40036 0.01837 
12 
0.00631 0.00325 0.99044 
0.01504 0.70187 0.28309 
0.23946 0.39305 0.36749 
0.20867 0.49395 0.29738 
12 
0.86008 0.13486 0.00506 
0.16889 0.60042 0.23069 
0.24838 0.41187 0.33975 
0.18175 0.66789 0.15036 
12 
0.11618 0.85029 0.03353 
0.04243 0.90685 0.05072 
0.33023 0.66137 0.0084 
0.59254 0.18009 0.22737 
12 
0.03587 0.079 0.88513 
0.1374 0.14432 0.71828 
0.12857 0.77121 0.10022 
0.16027 0.21628 0.62345 
12 
0.94821 0.00263 0.04916 
0.59738 0.05743 0.34519 
0.72545 0.02798 0.24657 
0.02781 0.96691 0.00528 
12 
0.30407 0.08442 0.61151 
0.27734 0.1342 0.58846 
0.195 0.6766 0.1284 
0.60644 0.11877 0.27479 
12 
0.02153 0.05253 0.92594 
0.35717 0.60912 0.03371 
0.02245 0.82059 0.15696 
0.99035 0.00749 0.00216 
12 
0.48398 0.26753 0.24849 
0.0158 0.69066 0.29354 
0.38059 0.58714 0.03227 
0.07725 0.20159 0.72116 
12 
0.12495 0.03903 0.83602 
0.53168 0.24887 0.21945 
0.13623 0.52527 0.3385 
0.33903 0.52083 0.14014 
12 
0.10875 0.80762 0.08363 
0.54832 0.1173 0.33438 
0.12333 0.17015 0.70652 
0.03616 0.38183 0.58201 
12 
0.79759 0.07677 0.12564 
0.70576 0.25338 0.04086 
0.25275 0.24999 0.49726 
0.7785 0.13077 0.09073 
12 
0.43604 0.05802 0.50594 
0.9313 0.01478 0.05392 
0.26823 0.63366 0.09811 
0.14119 0.66402 0.19479 
12 
0.08196 0.04548 0.87256 
0.47887 0.49798 0.02315 
0.87477 0.02488 0.10035 
0.87221 0.00549 0.1223 
12 
0.73592 0.13596 0.12812 
0.02989 0.92373 0.04638 
0.00915 0.5198 0.47105 
0.21647 0.19933 0.5842 
12 
0.8302 0.06399 0.10581 
0.0114 0.23982 0.74878 
0.19418 0.67637 0.12945 
0.00581 0.28721 0.70698 
12 
0.37667 0.1339 0.48943 
0.08402 0.60526 0.31072 
0.42176 0.36274 0.2155 
0.44543 0.03443 0.52014 
12 
0.26139 0.57452 0.16409 
0.22959 0.02385 0.74656 
0.90989 0.04603 0.04408 
0.04319 0.05671 0.9001 
12 
0.00662 0.56821 0.42517 
0.33946 0.28807 0.37247 
0.02367 0.24058 0.73575 
0.16105 0.54936 0.28959 
12 
0.61001 0.01506 0.37493 
0.06036 0.375 0.56464 
0.01802 0.87917 0.10281 
0.05193 0.89024 0.05783 
12 
0.02965 0.80249 0.16786 
0.51464 0.26801 0.21735 
0.89787 0.08159 0.02054 
0.20992 0.70097 0.08911 
12 
0.03862 0.43922 0.52216 
0.1714 0.77133 0.05727 
0.04737 0.04339 0.90924 
0.0967 0.02674 0.87656 
12 
0.78028 0.03699 0.18273 
0.12893 0.81008 0.06099 
0.69203 0.288 0.01997 
0.96315 0.03285 0.004 
12 
0.29172 0.1163 0.59198 
0.18826 0.09565 0.71609 
0.10517 0.01806 0.87677 
0.40214 0.0423 0.55556 
12 
0.80328 0.122 0.07472 
0.26392 0.36338 0.3727 
0.16709 0.17093 0.66198 
0.30607 0.40329 0.29064 
12 
0.16432 0.65831 0.17737 
0.98474 0.01103 0.00423 
0.16471 0.17592 0.65937 
0.19472 0.02398 0.7813 
12 
0.09916 0.85587 0.04497 
0.08501 0.026 0.88899 
0.92817 0.06187 0.00996 
0.35494 0.02062 0.62444 
12 
0.58675 0.00522 0.40803 
0.86046 0.01335 0.12619 
0.25372 0.42299 0.32329 
0.04435 0.74059 0.21506 
12 
0.03534 0.1094 0.85526 
0.12313 0.42663 0.45024 
0.74118 0.24948 0.00934 
0.16188 0.03021 0.80791 

16 
0.02127 0.85559 0.12228 8.6E-4 
0.37987 0.42196 0.06606 0.13211 
0.67684 0.09106 0.15902 0.07308 
0.24732 0.20548 0.19916 0.34804 
16 
0.06565 0.0255 0.87137 0.03748 
0.18917 0.00141 0.78997 0.01945 
0.86416 0.06058 0.05623 0.01903 
0.09409 0.04065 0.81917 0.04609 

12 
0.21783 0.37803 0.40414 
0.41029 0.23874 0.35097 
0.29368 0.3569 0.34942 
0.52538 0.16109 0.31353 

4 
0.59923 0.40077 
0.81607 0.18393 
4 
0.06477 0.93523 
0.15096 0.84904 
4 
0.94891 0.05109 
0.67683 0.32317 

12 
0.11133 0.3666 0.52207 
0.68343 0.30739 0.00918 
0.02733 0.95741 0.01526 
0.64148 0.1554 0.20312 
12 
0.84168 0.11733 0.04099 
0.26864 0.13814 0.59322 
0.46879 0.08708 0.44413 
0.69807 0.13666 0.16527 
12 
0.51281 0.05221 0.43498 
0.79773 0.12423 0.07804 
0.09409 0.02848 0.87743 
0.02898 0.1723 0.79872 
12 
0.87856 0.08362 0.03782 
0.00788 0.93758 0.05454 
0.35719 0.139 0.50381 
0.10185 0.58941 0.30874 
12 
0.46481 0.23808 0.29711 
0.66691 0.04591 0.28718 
0.89583 0.07436 0.02981 
0.29502 0.23099 0.47399 
12 
0.40953 0.10884 0.48163 
0.12581 0.31974 0.55445 
0.10169 0.10841 0.7899 
0.24332 0.67121 0.08547 
12 
0.05632 0.10313 0.84055 
0.1766 0.26995 0.55345 
0.09221 0.47661 0.43118 
0.13486 0.60095 0.26419 
12 
0.90273 0.08644 0.01083 
0.0184 0.13671 0.84489 
0.10575 0.8393 0.05495 
0.01203 0.8289 0.15907 
12 
0.44926 0.0654 0.48534 
0.15409 0.49933 0.34658 
0.05633 0.84029 0.10338 
0.21485 0.37231 0.41284 
12 
0.05486 0.73055 0.21459 
0.4453 0.50486 0.04984 
0.69849 0.12433 0.17718 
0.01796 0.08907 0.89297 
12 
0.62378 0.28061 0.09561 
0.28862 0.34427 0.36711 
0.01123 0.71389 0.27488 
0.54169 0.09082 0.36749 
12 
0.42322 0.53019 0.04659 
0.58324 0.00829 0.40847 
0.23686 0.07739 0.68575 
0.07101 0.31668 0.61231 

16 
0.62421 0.03968 0.26567 0.07044 
0.29896 0.68822 5.3E-4 0.01229 
0.00178 0.10679 0.87653 0.0149 
0.01147 0.03416 0.41053 0.54384 

16 
0.15549 0.30422 0.22893 0.31136 
0.08746 0.0525 0.50466 0.35538 
0.01826 4.0E-4 0.96681 0.01453 
0.04951 0.22539 0.68543 0.03967 

16 
0.01721 0.79281 0.16562 0.02436 
0.10701 0.04201 0.82923 0.02175 
0.2558 0.54072 0.09243 0.11105 
0.23066 0.06071 0.2307 0.47793 
