V-CREDAL 
4 
3 3 2 3 
4 
2 2 0 
1 1 
1 2 
3 1 2 3 

12 
0.30462 0.2459 0.44948 
0.24386 0.57428 0.18186 
0.17714 0.60477 0.21809 
0.64361 0.03832 0.31807 
12 
0.72362 0.2745 0.00188 
0.42538 0.05398 0.52064 
0.20511 0.40678 0.38811 
0.73877 0.23257 0.02866 

12 
0.00814 0.99129 5.7E-4 
0.32881 0.19988 0.47131 
0.57002 0.39142 0.03856 
0.64753 0.16869 0.18378 

4 
0.71276 0.28724 
0.8408 0.1592 

12 
0.48957 0.27847 0.23196 
0.00306 0.34402 0.65292 
0.41467 0.1779 0.40743 
0.13196 0.56656 0.30148 
12 
0.32816 0.63397 0.03787 
0.16227 0.74381 0.09392 
0.34804 0.47855 0.17341 
0.14368 0.12715 0.72917 
12 
0.07725 0.84281 0.07994 
0.55913 0.3428 0.09807 
0.75814 0.0474 0.19446 
0.45133 0.27407 0.2746 
12 
0.00785 0.0464 0.94575 
0.86726 0.10719 0.02555 
0.46866 0.41524 0.1161 
0.19759 0.40415 0.39826 
12 
0.21698 0.06531 0.71771 
0.20719 0.64568 0.14713 
0.0655 0.54618 0.38832 
0.10088 0.09948 0.79964 
12 
0.61125 0.06391 0.32484 
0.7392 0.16727 0.09353 
0.05914 0.23002 0.71084 
0.18705 0.18719 0.62576 
