V-CREDAL
10
2 3 2 2 4 3 2 4 4 3
10
1 0
2 0 1
2 1 2
2 2 3
2 3 4
2 4 5
2 5 6
2 6 7
2 7 8
2 8 9

4
0.985 0.015
0.137 0.863

12
0.407 0.191 0.402
0.386 0.525 0.089
0.03 0.011 0.959
0.112 0.226 0.662
12
0.018 0.249 0.733
0.131 0.001 0.868
0.15 0.663 0.187
0.016 0.066 0.918

4
0.836 0.164
0.343 0.657
4
0.917 0.083
0.313 0.687
4
0.398 0.602
0.645 0.355

4
0.347 0.653
0.623 0.377
4
0.347 0.653
0.142 0.858

16
0.007 0.673 0.273 0.047
0.887 0.095 0.002 0.016
0.074 0.853 0.013 0.06
0.189 0.004 0.801 0.006
16
0.042 0.321 0.625 0.012
0.001 0.002 0.991 0.006
0.169 0.391 0.068 0.372
0.044 0.562 0.073 0.321

12
0.381 0.411 0.208
0.966 0.015 0.019
0.981 0.004 0.015
0.133 0.123 0.744
12
0.519 0.058 0.423
0.641 0.117 0.242
0.105 0.719 0.176
0.157 0.815 0.028
12
0.509 0.248 0.243
0.802 0.141 0.057
0.537 0.086 0.377
0.707 0.099 0.194
12
0.141 0.055 0.804
0.096 0.876 0.028
0.52 0.43 0.05
0.417 0.324 0.259

4
0.78 0.22
0.301 0.699
4
0.289 0.711
0.996 0.004
4
0.315 0.685
0.638 0.362

16
0.015 0.474 0.007 0.504
0.024 0.111 0.42 0.445
0.079 0.518 0.185 0.218
0.057 0.549 0.039 0.355
16
0.009 0.001 0.002 0.988
0.899 0.009 0.035 0.057
0.396 0.023 0.277 0.304
0.052 0.54 0.093 0.315

16
0.129 0.502 0.332 0.037
0.332 0.016 0.625 0.027
0.152 0.015 0.004 0.829
0.194 0.279 0.136 0.391
16
0.118 0.032 0.026 0.824
0.064 0.091 0.31 0.535
0.583 0.369 0.034 0.014
0.015 0.101 0.046 0.838
16
0.343 0.599 0.057 0.001
0.025 0.055 0.005 0.915
0.111 0.024 0.863 0.002
0.573 0.3 0.026 0.101
16
0.006 0.32 0.653 0.021
0.024 0.565 0.017 0.394
0.306 0.013 0.187 0.494
0.033 0.005 0.96 0.002

12
0.062 0.895 0.043
0.589 0.319 0.092
0.15 0.598 0.252
0.388 0.127 0.485
12
0.052 0.751 0.197
0.053 0.041 0.906
0.592 0.17 0.238
0.004 0.463 0.533
12
0.78 0.129 0.091
0.003 0.996 0.001
0.029 0.06 0.911
0.102 0.038 0.86
12
0.823 0.062 0.115
0.064 0.641 0.295
0.793 0.032 0.175
0.413 0.335 0.252
