V-CREDAL
4
4 4 4 2
4
1 0
2 0 1
2 1 2
2 2 3

24
0.007 0.937 0.048 0.008
0.373 0.132 0.125 0.37
0.016 0.063 0.001 0.92
0.109 0.074 0.255 0.562
0.019 0.795 0.099 0.087
0.514 0.007 0.009 0.47

24
0.006 0.498 0.002 0.494
0.031 0.139 0.019 0.811
0.074 0.037 0.112 0.777
0.227 0.18 0.233 0.36
0.186 0.009 0.074 0.731
0.92 0.072 0.002 0.006
24
0.017 0.049 0.195 0.739
0.091 0.109 0.398 0.402
0.717 0.017 0.237 0.029
0.067 0.114 0.026 0.793
0.178 0.328 0.056 0.438
0.208 0.551 0.091 0.15
24
0.117 0.025 0.156 0.702
0.526 0.11 0.038 0.326
0.858 0.036 0.032 0.074
0.659 0.029 0.015 0.297
0.011 0.765 0.214 0.01
0.013 0.039 0.934 0.014
24
0.769 0.045 0.034 0.152
0.573 0.232 0.175 0.02
0.491 0.338 0.101 0.07
0.13 0.098 0.698 0.074
0.012 0.037 0.003 0.948
0.021 0.356 0.418 0.205

24
0.032 0.205 0.097 0.666
0.016 0.813 0.06 0.111
0.448 0.55 0.001 0.001
0.868 0.027 0.084 0.021
0.028 0.015 0.503 0.454
0.037 0.829 0.0 0.134
24
0.327 0.016 0.008 0.649
0.03 0.031 0.771 0.168
0.03 0.132 0.833 0.005
0.461 0.148 0.095 0.296
0.059 0.09 0.098 0.753
0.212 0.142 0.133 0.513
24
0.026 0.741 0.099 0.134
0.029 0.004 0.118 0.849
0.02 0.568 0.242 0.17
0.011 0.062 0.012 0.915
0.292 0.07 0.256 0.382
0.085 0.138 0.395 0.382
24
0.173 0.23 0.029 0.568
0.076 0.426 0.071 0.427
0.086 0.014 0.817 0.083
0.087 0.652 0.029 0.232
0.466 0.275 0.095 0.164
0.504 0.453 0.038 0.005

4
0.6 0.4
0.492 0.508
4
0.739 0.261
0.402 0.598
4
0.942 0.058
0.209 0.791
4
0.923 0.077
0.232 0.768
