V-CREDAL 
6 
4 4 4 2 4 4 
6 
1 0 
1 1 
3 1 5 2 
2 2 3 
3 0 1 4 
1 5 

24 
0.07566 0.56902 0.06526 0.29006 
0.02354 0.02064 0.3239 0.63192 
0.01532 0.35156 0.39083 0.24229 
0.04713 0.04961 0.81402 0.08924 
0.05079 0.94216 0.00548 0.00157 
0.004 0.27121 0.71159 0.0132 

24 
0.11239 0.12487 0.71709 0.04565 
0.01549 0.33284 0.01661 0.63506 
0.01013 0.93773 0.04861 0.00353 
0.24971 0.36031 0.01076 0.37922 
0.02105 0.88254 0.02564 0.07077 
0.50709 0.06123 0.03155 0.40013 

24 
0.51292 0.33148 0.13196 0.02364 
0.41182 0.0362 0.2362 0.31578 
0.38033 0.34603 0.12852 0.14512 
0.13669 0.01892 0.16148 0.68291 
0.00789 0.04429 0.89289 0.05493 
0.08048 0.01735 0.31966 0.58251 
24 
0.30718 0.3045 0.14473 0.24359 
0.37772 0.11283 0.48596 0.02349 
0.85046 0.03153 0.03324 0.08477 
0.85157 0.08032 0.04026 0.02785 
0.15104 0.29006 0.49412 0.06478 
0.01019 0.16105 0.25368 0.57508 
24 
0.96488 0.00275 0.00595 0.02642 
0.0052 0.02485 0.66856 0.30139 
0.07288 0.05475 0.07898 0.79339 
0.26799 0.69007 0.02828 0.01366 
0.21478 0.00928 0.77208 0.00386 
0.71998 0.03958 0.22656 0.01388 
24 
0.50463 0.14797 0.33441 0.01299 
0.00234 0.13339 0.02939 0.83488 
0.99699 8.4E-4 2.4E-4 0.00193 
0.02387 0.64557 0.18835 0.14221 
0.68032 0.06704 0.17129 0.08135 
0.52027 0.41534 0.0352 0.02919 
24 
0.00172 0.35858 0.11507 0.52463 
0.02063 0.00154 0.21347 0.76436 
0.19798 0.15525 0.18002 0.46675 
0.40919 0.1173 0.092 0.38151 
0.24697 0.09536 0.08079 0.57688 
0.0464 0.13794 0.03193 0.78373 
24 
0.52277 0.30531 0.15869 0.01323 
0.28216 0.67471 0.00718 0.03595 
0.48523 0.12227 0.03494 0.35756 
0.13411 0.16879 0.33749 0.35961 
0.19235 0.11503 0.05524 0.63738 
0.69344 0.15958 0.0862 0.06078 
24 
0.71114 0.00278 0.0611 0.22498 
0.03395 0.03511 0.89898 0.03196 
0.01701 0.05705 0.89717 0.02877 
0.51189 0.02559 0.46248 4.0E-5 
0.55149 0.19725 0.10187 0.14939 
0.46141 0.17689 0.08312 0.27858 
24 
0.18255 0.03811 0.20042 0.57892 
0.4452 0.24458 0.23804 0.07218 
0.06189 0.04085 0.01054 0.88672 
0.28636 0.01947 0.50758 0.18659 
0.00774 0.78236 0.0102 0.1997 
0.11671 0.19036 0.31993 0.373 
24 
0.38551 0.06064 0.34324 0.21061 
0.40293 0.1054 0.02907 0.4626 
0.11909 0.20512 0.26042 0.41537 
0.43822 0.01135 0.01039 0.54004 
0.584 0.23297 0.15408 0.02895 
0.01589 0.0906 0.42336 0.47015 
24 
0.37026 0.21535 0.13516 0.27923 
0.55382 0.25391 0.01481 0.17746 
0.96986 0.00414 0.002 0.024 
0.32167 0.44824 0.18296 0.04713 
0.04831 0.21985 0.06019 0.67165 
0.99554 1.1E-4 0.00384 5.1E-4 
24 
0.01262 0.30758 0.0087 0.6711 
0.00231 0.16266 0.34644 0.48859 
0.23067 0.51704 0.1747 0.07759 
0.11815 0.05885 0.34323 0.47977 
0.0731 0.00349 0.71508 0.20833 
0.13243 0.80304 0.0193 0.04523 
24 
0.10025 0.01931 0.82531 0.05513 
0.44702 0.43392 0.11083 0.00823 
0.43015 0.0957 0.3442 0.12995 
0.10262 0.49142 0.33864 0.06732 
0.73995 0.00537 0.06371 0.19097 
0.49403 0.33545 0.04878 0.12174 
24 
0.05208 0.89704 0.03394 0.01694 
0.21157 0.00962 0.7696 0.00921 
0.07243 0.09427 0.65917 0.17413 
0.01441 0.09598 0.06037 0.82924 
0.06211 0.568 0.32949 0.0404 
0.10229 0.18292 0.63751 0.07728 
24 
0.06069 0.282 0.63072 0.02659 
0.26001 0.33797 0.10332 0.2987 
0.17668 0.01203 0.79432 0.01697 
0.73736 0.24312 0.001 0.01852 
0.96255 0.00806 0.02441 0.00498 
0.21042 0.65614 0.12509 0.00835 
24 
0.90845 0.06031 0.00577 0.02547 
0.41168 0.21322 0.35351 0.02159 
0.71779 0.15714 0.11443 0.01064 
0.02492 0.06257 0.81086 0.10165 
0.01814 0.22969 0.01342 0.73875 
0.15396 0.61891 0.11266 0.11447 
24 
0.1075 0.80693 0.04281 0.04276 
0.04824 0.05645 0.88116 0.01415 
0.0019 0.82158 0.03169 0.14483 
0.71494 0.0737 0.18264 0.02872 
0.22885 0.01319 0.08027 0.67769 
0.11954 0.01428 0.08935 0.77683 

4 
0.36257 0.63743 
0.80237 0.19763 
4 
0.25313 0.74687 
0.93392 0.06608 
4 
0.385 0.615 
0.92898 0.07102 
4 
0.26113 0.73887 
0.26214 0.73786 

24 
0.22777 0.32026 0.10392 0.34805 
0.2307 0.02975 0.1386 0.60095 
0.08493 0.01076 0.53389 0.37042 
0.44782 0.37844 0.05906 0.11468 
0.31129 0.05729 0.20777 0.42365 
0.0348 0.26056 0.60238 0.10226 
24 
0.04032 0.42107 0.43323 0.10538 
0.14276 0.04382 0.7499 0.06352 
0.1532 0.33025 0.46254 0.05401 
0.22565 0.34418 0.00384 0.42633 
0.01256 0.73314 0.1787 0.0756 
0.01253 0.00725 0.59759 0.38263 
24 
0.04407 0.81291 0.00339 0.13963 
0.00394 0.08029 0.01778 0.89799 
0.00607 0.10838 0.82778 0.05777 
0.00561 0.96553 0.00564 0.02322 
0.28146 0.00476 0.68556 0.02822 
0.3354 0.14742 0.03535 0.48183 
24 
0.05516 0.66517 0.04868 0.23099 
0.00922 0.03834 0.6056 0.34684 
0.01017 0.01486 0.04231 0.93266 
0.00873 0.25499 0.04585 0.69043 
0.42866 0.44926 0.10845 0.01363 
0.78797 0.07956 0.0352 0.09727 
24 
0.00786 0.02563 0.02922 0.93729 
0.22927 0.09128 0.21758 0.46187 
0.00786 0.01959 0.95706 0.01549 
0.28209 0.66569 0.02233 0.02989 
0.43195 0.24274 0.16214 0.16317 
0.00367 0.22211 0.60514 0.16908 
24 
0.0346 0.70581 0.15301 0.10658 
0.02084 0.00138 0.29939 0.67839 
0.20066 0.07461 0.58002 0.14471 
0.03047 0.56728 0.38076 0.02149 
0.48222 0.3011 0.05425 0.16243 
0.05467 0.73989 0.00734 0.1981 
24 
0.91355 0.00823 0.00251 0.07571 
0.01298 0.07836 0.89474 0.01392 
0.25699 0.64141 0.07355 0.02805 
0.13589 0.00334 0.20905 0.65172 
0.13527 0.64465 0.15622 0.06386 
0.09667 0.15197 0.13386 0.6175 
24 
0.1637 0.05367 0.64044 0.14219 
0.63072 0.07862 0.25105 0.03961 
0.05516 0.03716 0.65257 0.25511 
0.43901 0.01561 0.01941 0.52597 
0.07969 0.51966 0.12912 0.27153 
0.52203 0.16463 0.30861 0.00473 
24 
0.11377 0.04889 0.35852 0.47882 
0.01221 0.14349 0.69258 0.15172 
0.60474 0.16055 6.7E-4 0.23404 
0.69299 0.00193 0.30475 3.3E-4 
0.03058 0.91186 0.02912 0.02844 
0.10991 0.56081 0.27974 0.04954 
24 
0.41841 0.06482 0.51323 0.00354 
0.04975 0.54024 0.17689 0.23312 
0.01016 0.17724 0.30997 0.50263 
0.66878 0.04726 0.01222 0.27174 
0.75001 0.08488 0.11028 0.05483 
0.75444 0.01767 0.11305 0.11484 
24 
0.94494 0.00163 0.04335 0.01008 
0.09876 0.37594 0.39192 0.13338 
0.00376 0.01008 0.00408 0.98208 
0.01043 0.91861 0.02341 0.04755 
0.06622 0.03766 0.17465 0.72147 
0.45742 0.00372 0.50922 0.02964 
24 
0.387 0.1371 0.01243 0.46347 
0.17667 0.23348 0.07865 0.5112 
0.02752 0.92643 0.01288 0.03317 
0.23631 0.29549 0.21025 0.25795 
0.9309 0.00977 0.02267 0.03666 
0.21253 0.0124 0.18744 0.58763 
24 
0.9775 0.00552 6.4E-4 0.01634 
0.09545 0.4149 0.42009 0.06956 
0.13847 0.30791 0.17628 0.37734 
0.27898 0.03609 0.57397 0.11096 
0.00229 0.03269 0.01556 0.94946 
0.40388 0.09029 0.47082 0.03501 
24 
0.01815 0.98153 3.0E-5 2.9E-4 
0.94176 0.03732 0.0065 0.01442 
0.01811 0.40397 0.57371 0.00421 
0.65869 0.05713 0.13499 0.14919 
0.19151 0.21943 0.58864 4.2E-4 
0.03901 0.17477 0.66493 0.12129 
24 
0.20104 0.14402 0.39745 0.25749 
0.00993 0.06504 0.92455 4.8E-4 
0.066 0.04331 0.64462 0.24607 
0.70705 0.1785 0.08589 0.02856 
0.18602 0.57578 0.23256 0.00564 
0.35066 0.09889 0.24482 0.30563 
24 
0.29316 0.09719 0.0065 0.60315 
0.08576 0.11382 0.52925 0.27117 
0.0661 0.00671 0.0561 0.87109 
0.91614 0.00433 0.0635 0.01603 
0.05886 0.55923 0.22668 0.15523 
0.43289 0.16577 0.04589 0.35545 

24 
0.02188 0.09015 0.05902 0.82895 
0.23584 0.2648 0.38233 0.11703 
0.50875 0.20201 0.1638 0.12544 
0.12119 0.04893 0.37414 0.45574 
0.1836 0.28574 0.35026 0.1804 
0.89493 0.03444 0.00342 0.06721 
