V-CREDAL 
8 
4 3 4 4 4 3 4 4 
8 
1 0 
2 0 1 
2 1 2 
2 2 3 
2 3 4 
2 4 5 
2 5 6 
2 6 7 

16 
0.86888 0.04024 0.02599 0.06489 
0.00905 0.045 0.41133 0.53462 
0.64062 0.08397 0.26508 0.01033 
0.05377 0.01904 0.00164 0.92555 

12 
0.71342 0.22674 0.05984 
0.24313 0.47604 0.28083 
0.51169 0.23132 0.25699 
0.04371 0.9537 0.00259 
12 
0.19399 0.7946 0.01141 
0.05208 0.4112 0.53672 
0.98909 0.00312 0.00779 
0.26983 0.30844 0.42173 
12 
0.03149 0.96733 0.00118 
0.00471 0.27304 0.72225 
0.58161 0.38449 0.0339 
0.19763 0.16289 0.63948 
12 
0.57386 0.22097 0.20517 
0.2136 0.37255 0.41385 
0.33681 0.18264 0.48055 
0.68449 0.11554 0.19997 

16 
0.40019 0.00276 0.00469 0.59236 
0.48208 0.26164 0.17795 0.07833 
0.21439 0.34833 0.39894 0.03834 
0.20363 0.27502 0.37807 0.14328 
16 
0.59635 0.23519 0.11003 0.05843 
0.59034 0.02888 0.11638 0.2644 
0.40499 0.14065 0.16343 0.29093 
0.80371 0.03513 0.15701 0.00415 
16 
0.15406 0.13427 0.46414 0.24753 
0.06373 0.42644 0.14699 0.36284 
0.00572 0.00673 0.95493 0.03262 
0.14118 0.13134 0.24223 0.48525 

16 
0.18041 0.64259 0.11698 0.06002 
0.15258 0.24009 0.41353 0.1938 
0.29525 0.05665 0.12879 0.51931 
0.09742 0.35294 0.52122 0.02842 
16 
0.07319 0.10748 0.73264 0.08669 
0.26133 0.5065 0.10845 0.12372 
0.00323 0.95262 0.00311 0.04104 
0.09688 0.42613 0.41242 0.06457 
16 
0.11686 0.29564 0.56246 0.02504 
0.01914 0.72765 0.20845 0.04476 
0.70046 0.07498 0.21599 0.00857 
0.47069 0.14323 0.33188 0.0542 
16 
0.12965 0.00223 0.18645 0.68167 
0.90842 0.04513 0.02665 0.0198 
0.06727 3.9E-4 0.00117 0.93117 
0.27234 0.51704 0.11185 0.09877 

16 
0.62864 0.31669 0.00317 0.0515 
0.20141 0.26765 0.28737 0.24357 
0.04328 0.13108 0.8128 0.01284 
0.15042 0.59768 0.1788 0.0731 
16 
0.00477 0.0303 0.84062 0.12431 
0.09458 0.0077 0.26355 0.63417 
0.5978 0.05222 0.23385 0.11613 
0.22534 0.4341 0.28969 0.05087 
16 
0.73221 0.24643 0.01681 0.00455 
0.98368 0.01519 3.1E-4 8.2E-4 
0.96121 0.01129 0.01592 0.01158 
0.06883 0.53851 0.11094 0.28172 
16 
0.19991 0.07222 0.40249 0.32538 
0.62488 0.09419 0.02731 0.25362 
0.37939 0.27007 0.136 0.21454 
0.75001 0.09161 0.1017 0.05668 

12 
0.20527 0.75464 0.04009 
0.53421 0.0256 0.44019 
0.37099 0.39163 0.23738 
0.12281 0.60259 0.2746 
12 
0.15888 0.48771 0.35341 
0.24064 0.71218 0.04718 
0.63039 0.1651 0.20451 
0.18023 0.79273 0.02704 
12 
0.06779 0.91544 0.01677 
0.2648 0.08641 0.64879 
0.37361 0.59358 0.03281 
0.06916 0.09018 0.84066 
12 
0.01663 0.67915 0.30422 
0.16293 0.15665 0.68042 
0.83584 0.05788 0.10628 
0.30941 0.00789 0.6827 

16 
0.00647 0.0873 0.35125 0.55498 
0.2275 0.28522 0.28263 0.20465 
0.70315 0.12128 0.0272 0.14837 
0.31029 0.07267 0.61306 0.00398 
16 
0.73667 2.1E-4 0.25386 0.00926 
0.00796 0.36113 0.60076 0.03015 
0.01475 0.00372 0.0012 0.98033 
0.19179 0.48991 0.06482 0.25348 
16 
0.60566 0.17725 0.14168 0.07541 
0.33314 0.14788 0.10048 0.4185 
0.17743 0.00114 0.79553 0.0259 
0.3186 0.2529 0.41632 0.01218 

16 
0.23086 0.09596 0.59512 0.07806 
0.22572 0.02891 0.01699 0.72838 
0.1874 0.76896 0.04071 0.00293 
0.18662 0.3849 0.04862 0.37986 
16 
0.6384 0.21275 0.09198 0.05687 
0.0595 0.43072 0.48903 0.02075 
0.28778 0.32391 0.19715 0.19116 
0.49994 0.26501 0.02267 0.21238 
16 
0.00911 0.05941 0.83538 0.0961 
0.41015 0.00414 0.03069 0.55502 
0.9034 0.04095 0.0299 0.02575 
0.01063 0.24003 0.38563 0.36371 
16 
0.03528 0.20999 0.60048 0.15425 
0.18471 0.73415 0.02532 0.05582 
3.1E-4 0.16235 0.00294 0.8344 
0.0046 0.1722 0.1054 0.7178 
