V-CREDAL
5
2 3 3 2 4
5
1 0
2 0 1
2 1 2
2 2 3
2 3 4

4
0.313 0.687
0.3 0.7

12
0.083 0.097 0.82
0.558 0.403 0.039
0.843 0.076 0.081
0.229 0.712 0.059
12
0.002 0.99 0.008
0.662 0.282 0.056
0.324 0.534 0.142
0.026 0.952 0.022

12
0.208 0.683 0.109
0.384 0.008 0.608
0.652 0.176 0.172
0.123 0.489 0.388
12
0.284 0.107 0.609
0.425 0.571 0.004
0.001 0.279 0.72
0.831 0.07 0.099
12
0.074 0.014 0.912
0.893 0.018 0.089
0.066 0.29 0.644
0.397 0.303 0.3

4
0.85 0.15
0.834 0.166
4
0.961 0.039
0.839 0.161
4
0.478 0.522
0.274 0.726

16
0.997 0.001 0.002 0.0
0.528 0.012 0.437 0.023
0.598 0.197 0.06 0.145
0.029 0.901 0.014 0.056
16
0.173 0.115 0.001 0.711
0.452 0.02 0.528 0.0
0.014 0.001 0.04 0.945
0.368 0.126 0.035 0.471
