V-CREDAL 
4 
4 3 3 3 
4 
2 3 0 
2 2 1 
2 3 2 
1 3 

24 
0.01668 0.62996 0.07387 0.27949 
0.18721 0.06702 0.69725 0.04852 
0.01715 0.62834 0.29818 0.05633 
0.01201 0.21796 0.72729 0.04274 
0.36934 0.53843 0.05664 0.03559 
0.82806 0.06723 0.05456 0.05015 
24 
0.76885 0.01491 0.156 0.06024 
0.05521 0.17376 0.72437 0.04666 
0.70558 0.19297 0.07726 0.02419 
0.1806 0.16481 0.32054 0.33405 
0.10478 0.6537 0.12825 0.11327 
0.73934 0.03524 0.02321 0.20221 
24 
0.01563 0.0172 0.92454 0.04263 
0.94556 0.02778 0.00509 0.02157 
0.19123 0.73193 0.04285 0.03399 
0.17173 0.07007 0.36094 0.39726 
0.83308 0.05218 0.0237 0.09104 
5.4E-4 0.02455 0.97288 0.00203 

18 
0.0125 0.98513 0.00237 
0.90433 0.08911 0.00656 
0.36452 0.02543 0.61005 
0.05271 0.05852 0.88877 
0.01687 0.29099 0.69214 
0.00843 0.98814 0.00343 
18 
0.00783 0.04181 0.95036 
0.0019 0.921 0.0771 
0.11986 0.02728 0.85286 
0.66351 0.1317 0.20479 
0.60006 0.08133 0.31861 
0.1583 0.76764 0.07406 
18 
0.99101 0.00351 0.00548 
0.20228 0.07471 0.72301 
0.13476 0.84797 0.01727 
0.8208 0.17775 0.00145 
0.01998 0.30651 0.67351 
0.07072 0.68597 0.24331 

18 
0.06858 0.78722 0.1442 
0.16654 0.0236 0.80986 
0.07449 0.6108 0.31471 
0.70678 0.01759 0.27563 
0.50414 0.41108 0.08478 
0.1183 0.065 0.8167 
18 
0.4016 0.0741 0.5243 
0.04426 0.46454 0.4912 
0.22276 0.09998 0.67726 
0.19824 0.71359 0.08817 
0.54097 0.32352 0.13551 
0.361 0.07761 0.56139 
18 
0.47018 0.06162 0.4682 
0.12641 0.21316 0.66043 
0.86543 0.04188 0.09269 
0.87054 0.0301 0.09936 
0.00339 0.99612 4.9E-4 
0.0125 0.89609 0.09141 

18 
0.0379 0.04718 0.91492 
0.88675 0.04445 0.0688 
0.68334 0.03932 0.27734 
0.05662 0.68207 0.26131 
0.88941 0.09023 0.02036 
0.03813 0.25629 0.70558 
