V-CREDAL
4
4 3 4 4
4
1 0
2 0 1
2 1 2
2 2 3

16
0.172 0.548 0.087 0.193
0.016 0.948 0.035 0.001
0.342 0.423 0.083 0.152
0.101 0.082 0.382 0.435

12
0.033 0.147 0.82
0.018 0.43 0.552
0.675 0.211 0.114
0.21 0.758 0.032
12
0.013 0.183 0.804
0.516 0.041 0.443
0.01 0.764 0.226
0.326 0.516 0.158
12
0.137 0.526 0.337
0.067 0.881 0.052
0.233 0.563 0.204
0.047 0.528 0.425
12
0.012 0.985 0.003
0.046 0.002 0.952
0.977 0.023 0.0
0.705 0.015 0.28

16
0.0 0.022 0.168 0.81
0.071 0.537 0.1 0.292
0.051 0.046 0.58 0.323
0.193 0.403 0.205 0.199
16
0.136 0.417 0.002 0.445
0.132 0.091 0.185 0.592
0.533 0.051 0.267 0.149
0.082 0.801 0.022 0.095
16
0.176 0.084 0.626 0.114
0.038 0.006 0.055 0.901
0.0 0.11 0.882 0.008
0.354 0.003 0.012 0.631

16
0.319 0.1 0.345 0.236
0.12 0.432 0.184 0.264
0.132 0.086 0.297 0.485
0.272 0.006 0.612 0.11
16
0.081 0.066 0.416 0.437
0.294 0.373 0.209 0.124
0.103 0.594 0.016 0.287
0.169 0.44 0.029 0.362
16
0.044 0.282 0.074 0.6
0.013 0.005 0.963 0.019
0.011 0.8 0.131 0.058
0.131 0.15 0.262 0.457
16
0.367 0.356 0.2 0.077
0.173 0.522 0.062 0.243
0.324 0.06 0.316 0.3
0.2 0.549 0.213 0.038
