V-CREDAL 
8 
4 3 2 4 2 2 4 3 
8 
1 0 
2 0 1 
2 1 2 
2 2 3 
2 3 4 
2 4 5 
2 5 6 
2 6 7 

24 
0.71168 0.00776 0.03624 0.24432 
0.82115 0.12735 0.01086 0.04064 
0.04684 0.75669 0.1785 0.01797 
0.01161 0.69784 0.01656 0.27399 
0.02497 0.01033 0.3292 0.6355 
0.18067 0.04404 0.75676 0.01853 

18 
0.00622 0.00818 0.9856 
0.95272 0.04067 0.00661 
0.25363 0.64293 0.10344 
0.01692 0.69786 0.28522 
0.05594 0.00664 0.93742 
0.09633 0.76198 0.14169 
18 
0.46044 0.04976 0.4898 
0.48275 0.50256 0.01469 
0.94093 0.00892 0.05015 
0.02012 0.32078 0.6591 
0.73402 0.02291 0.24307 
0.89195 0.06589 0.04216 
18 
0.26191 0.63292 0.10517 
0.00482 0.82017 0.17501 
0.79938 0.05866 0.14196 
0.05657 0.30724 0.63619 
0.6279 0.27415 0.09795 
0.01404 0.4392 0.54676 
18 
0.17869 0.4538 0.36751 
0.69018 0.30942 4.0E-4 
0.3606 0.05323 0.58617 
0.04904 0.9312 0.01976 
0.89271 0.0454 0.06189 
0.56769 0.00182 0.43049 

4 
0.86982 0.13018 
0.28991 0.71009 
4 
0.06087 0.93913 
0.25015 0.74985 
4 
0.11335 0.88665 
0.41229 0.58771 

24 
0.29013 0.00234 0.29365 0.41388 
0.28344 0.01952 0.54293 0.15411 
0.00606 0.09801 0.74978 0.14615 
0.00263 0.69887 0.02225 0.27625 
0.02675 0.65388 0.2605 0.05887 
0.20836 0.30411 0.2044 0.28313 
24 
0.00127 0.01324 0.08834 0.89715 
0.82349 0.0025 0.10001 0.074 
0.10019 0.42556 0.30727 0.16698 
0.04359 0.2527 0.46505 0.23866 
0.08629 0.34672 0.13277 0.43422 
0.49878 0.03353 0.08527 0.38242 

4 
0.45344 0.54656 
0.86478 0.13522 
4 
0.15292 0.84708 
0.94821 0.05179 
4 
0.3079 0.6921 
0.09825 0.90175 
4 
0.38268 0.61732 
0.80449 0.19551 

4 
0.77075 0.22925 
0.58827 0.41173 
4 
0.73784 0.26216 
0.68014 0.31986 

24 
0.00758 0.01172 0.01354 0.96716 
0.80633 0.16121 0.0221 0.01036 
0.07036 0.17893 0.71299 0.03772 
0.51748 0.33534 0.0256 0.12158 
0.22577 0.4145 0.30784 0.05189 
0.0211 0.52857 0.0378 0.41253 
24 
0.22155 0.5277 0.14395 0.1068 
0.10105 0.31572 0.48539 0.09784 
0.3394 0.09782 0.54185 0.02093 
0.05518 0.63481 5.4E-4 0.30947 
0.50981 0.37516 0.08212 0.03291 
0.23717 0.04873 0.00569 0.70841 

18 
0.10772 0.27738 0.6149 
0.03815 0.11046 0.85139 
0.66874 0.13407 0.19719 
0.38117 0.42332 0.19551 
0.45277 0.38244 0.16479 
0.00688 0.01597 0.97715 
18 
0.25229 0.60468 0.14303 
0.23383 0.17215 0.59402 
0.46633 0.3123 0.22137 
0.04152 0.54603 0.41245 
0.0647 0.20095 0.73435 
0.46839 0.36262 0.16899 
18 
0.04039 0.0036 0.95601 
0.90307 0.02147 0.07546 
0.01582 0.87924 0.10494 
0.00682 0.26781 0.72537 
0.08013 0.91426 0.00561 
0.03664 0.90903 0.05433 
18 
0.0087 0.95066 0.04064 
0.00978 0.93459 0.05563 
0.38367 0.19902 0.41731 
0.0587 0.26971 0.67159 
0.23026 0.08239 0.68735 
0.3434 0.11866 0.53794 
