V-CREDAL 
6 
3 3 4 3 4 3 
6 
1 0 
2 0 1 
2 1 2 
2 2 3 
2 3 4 
2 4 5 

18 
0.28377 0.10377 0.61246 
0.45296 0.4565 0.09054 
0.37932 0.02806 0.59262 
0.4002 0.01849 0.58131 
0.00267 0.8138 0.18353 
0.48339 0.03699 0.47962 

18 
0.35874 0.60812 0.03314 
0.57356 0.09067 0.33577 
0.02796 0.02313 0.94891 
0.0295 0.49834 0.47216 
0.64444 0.2446 0.11096 
0.15523 0.69565 0.14912 
18 
0.73941 0.10383 0.15676 
0.20157 0.13949 0.65894 
0.62598 0.06917 0.30485 
0.21209 0.78685 0.00106 
0.41687 0.55107 0.03206 
0.04795 0.90046 0.05159 
18 
0.74892 0.08865 0.16243 
0.08719 0.13311 0.7797 
0.75053 0.0605 0.18897 
0.48006 0.48875 0.03119 
0.08858 0.88494 0.02648 
0.16491 0.83136 0.00373 

24 
0.58264 0.0379 0.03647 0.34299 
0.03567 0.02341 0.35808 0.58284 
0.0164 0.26471 0.15068 0.56821 
0.02758 0.25948 0.32619 0.38675 
0.02144 0.11539 0.56676 0.29641 
0.42475 0.03934 0.50163 0.03428 
24 
0.06401 0.85725 0.05179 0.02695 
0.12066 0.08177 0.52567 0.2719 
0.10816 0.14387 0.70593 0.04204 
0.3265 0.13639 0.20119 0.33592 
6.2E-4 0.06247 0.6998 0.23711 
0.07343 0.09573 0.33048 0.50036 
24 
0.09243 0.29426 0.27221 0.3411 
0.01288 0.34522 0.61656 0.02534 
0.43591 0.01944 0.53458 0.01007 
0.02675 0.08969 0.71298 0.17058 
9.9E-4 0.00238 0.11421 0.88242 
0.86157 0.03646 0.07345 0.02852 

18 
0.15013 0.05177 0.7981 
0.02757 0.94007 0.03236 
0.11596 0.8497 0.03434 
0.33311 0.49608 0.17081 
0.54444 0.10793 0.34763 
0.00201 0.80664 0.19135 
18 
0.9708 0.01562 0.01358 
0.01561 0.01881 0.96558 
0.0063 0.97601 0.01769 
0.15697 0.84296 7.0E-5 
0.0193 0.97452 0.00618 
0.71541 0.28443 1.6E-4 
18 
0.40892 0.00645 0.58463 
0.02289 0.84147 0.13564 
0.03495 0.62687 0.33818 
0.16332 0.01658 0.8201 
0.80945 0.08958 0.10097 
0.64418 0.04224 0.31358 
18 
0.85956 0.04281 0.09763 
0.0431 0.0117 0.9452 
0.34679 0.6433 0.00991 
0.7523 0.22092 0.02678 
0.03787 0.94287 0.01926 
0.76932 0.02916 0.20152 

24 
0.50556 0.12924 0.3285 0.0367 
0.0194 0.10203 0.71306 0.16551 
0.57239 0.00801 0.30628 0.11332 
0.51343 0.13256 0.0171 0.33691 
0.01508 0.81178 0.02629 0.14685 
0.04951 0.48865 0.42682 0.03502 
24 
0.04464 0.9083 0.00304 0.04402 
0.59113 0.10109 0.01809 0.28969 
0.00164 0.03549 0.11319 0.84968 
0.02925 0.46028 0.2372 0.27327 
0.72601 0.13246 0.00464 0.13689 
0.05107 0.90955 0.01695 0.02243 
24 
0.45435 0.05273 0.17627 0.31665 
0.21391 0.22796 0.27746 0.28067 
0.00795 0.15284 0.12275 0.71646 
0.05729 0.7759 0.04129 0.12552 
0.06327 0.00821 0.04034 0.88818 
7.7E-4 4.6E-4 0.35508 0.64369 

18 
0.02365 0.96121 0.01514 
0.05209 0.00285 0.94506 
0.9695 0.00951 0.02099 
0.42633 0.57187 0.0018 
5.4E-4 0.91255 0.08691 
0.01143 0.08646 0.90211 
18 
0.42911 0.36303 0.20786 
0.31478 0.46776 0.21746 
0.13637 0.04691 0.81672 
0.04031 0.01228 0.94741 
0.43948 0.32821 0.23231 
0.15695 0.38713 0.45592 
18 
0.99734 3.1E-4 0.00235 
7.8E-4 0.62563 0.37359 
0.02172 0.08271 0.89557 
0.02491 0.96829 0.0068 
0.22741 0.0249 0.74769 
0.0416 0.0708 0.8876 
18 
0.17514 0.57438 0.25048 
0.04098 0.87411 0.08491 
0.86005 0.11798 0.02197 
0.58292 0.28591 0.13117 
0.01412 0.88415 0.10173 
0.23221 0.75413 0.01366 
