V-CREDAL
4
2 2 4 4
4
1 0
2 0 1
2 1 2
2 2 3

4
0.228 0.772
0.078 0.922

4
0.264 0.736
0.444 0.556
4
0.755 0.245
0.722 0.278

16
0.123 0.299 0.545 0.033
0.959 0.011 0.008 0.022
0.454 0.135 0.052 0.359
0.155 0.091 0.651 0.103
16
0.651 0.143 0.084 0.122
0.159 0.273 0.01 0.558
0.141 0.32 0.087 0.452
0.235 0.433 0.036 0.296

16
0.028 0.856 0.083 0.033
0.515 0.1 0.359 0.026
0.034 0.55 0.052 0.364
0.044 0.518 0.031 0.407
16
0.987 0.002 0.007 0.004
0.39 0.483 0.037 0.09
0.406 0.291 0.157 0.146
0.93 0.02 0.038 0.012
16
0.185 0.553 0.18 0.082
0.5 0.387 0.089 0.024
0.101 0.052 0.058 0.789
0.483 0.06 0.406 0.051
16
0.179 0.315 0.248 0.258
0.478 0.209 0.09 0.223
0.159 0.016 0.06 0.765
0.489 0.023 0.064 0.424
