V-CREDAL 
4 
4 5 4 4 
4 
2 2 0 
2 0 1 
1 2 
2 2 3 

24 
0.0151 0.35195 0.33675 0.2962 
0.0825 0.27357 0.07538 0.56855 
0.06616 0.66672 0.20927 0.05785 
0.95916 0.00305 0.03268 0.00511 
7.4E-4 0.99884 3.7E-4 5.0E-5 
0.10248 0.23497 0.03815 0.6244 
24 
0.14854 0.27832 0.541 0.03214 
0.02935 0.06069 0.88012 0.02984 
0.23398 0.75415 0.00917 0.0027 
0.17262 0.25071 0.13092 0.44575 
0.07665 0.68385 0.02803 0.21147 
0.16919 0.10916 0.61309 0.10856 
24 
0.13033 0.06489 0.04093 0.76385 
0.0376 0.34068 0.35141 0.27031 
0.01441 0.23762 0.50729 0.24068 
0.00732 0.02109 0.96706 0.00453 
0.46023 0.0178 0.04439 0.47758 
0.1706 0.69909 0.0413 0.08901 
24 
0.44151 0.50782 0.01372 0.03695 
0.2636 0.1132 0.57071 0.05249 
0.0311 0.16945 0.00582 0.79363 
0.82314 0.0835 0.07221 0.02115 
0.02069 0.00333 0.21915 0.75683 
0.75885 0.05849 0.04195 0.14071 

30 
0.62032 0.067 0.11621 0.01633 0.18014 
0.0544 0.52822 0.19334 0.13485 0.08919 
0.03734 0.01176 0.06417 0.00301 0.88372 
0.4681 0.00561 0.03074 0.10139 0.39416 
0.55673 0.00504 0.04688 0.03576 0.35559 
0.23407 0.17551 0.08588 0.05643 0.44811 
30 
0.17854 0.3641 0.20799 0.05111 0.19826 
0.02285 0.34586 0.13555 0.38364 0.1121 
0.2841 0.04658 0.24158 0.23667 0.19107 
0.96675 0.02048 0.00863 9.9E-4 0.00315 
0.02561 0.07148 0.82425 0.007 0.07166 
0.02032 0.23727 0.49378 0.05488 0.19375 
30 
0.47601 0.44189 0.06211 0.00513 0.01486 
0.40011 0.50368 0.09405 0.00155 6.1E-4 
0.05936 0.09079 0.0993 0.31831 0.43224 
8.3E-4 0.00149 0.00459 0.37332 0.61977 
0.04402 0.25531 0.49172 0.09268 0.11627 
0.12257 0.03741 0.79448 6.9E-4 0.04485 
30 
0.06608 0.59426 0.24998 0.08326 0.00642 
0.95629 0.01008 0.00434 0.00691 0.02238 
0.03229 0.00133 0.7853 0.16863 0.01245 
6.9E-4 1.0E-5 0.86846 0.13081 3.0E-5 
0.37437 0.0096 0.42279 0.07543 0.11781 
0.05649 0.01355 0.01767 0.88761 0.02468 

24 
0.88517 0.03787 0.01995 0.05701 
0.34422 0.03506 0.47631 0.14441 
0.31871 0.06853 0.54693 0.06583 
0.1876 0.27258 0.49005 0.04977 
0.24412 0.23986 0.0587 0.45732 
0.1762 0.08135 0.64218 0.10027 

24 
0.02557 0.04483 0.89068 0.03892 
0.99949 2.5E-4 5.0E-5 2.1E-4 
0.10021 0.17947 0.26771 0.45261 
0.28041 0.23985 0.12734 0.3524 
0.82443 0.11398 0.00216 0.05943 
1.0E-4 0.79455 0.05578 0.14957 
24 
0.00137 0.01432 0.00286 0.98145 
0.05989 5.1E-4 0.88389 0.05571 
0.34219 0.0788 0.53374 0.04527 
0.40343 0.00733 0.05613 0.53311 
0.23666 0.17168 0.43919 0.15247 
0.10641 0.15833 0.69358 0.04168 
24 
0.16709 0.05907 0.16391 0.60993 
0.22536 0.02099 0.03703 0.71662 
0.19387 0.34006 0.41608 0.04999 
0.01416 0.02381 0.01179 0.95024 
0.57049 0.15982 0.07164 0.19805 
0.07817 0.7015 0.00702 0.21331 
24 
0.00156 0.01163 0.02878 0.95803 
8.0E-4 0.03139 0.21768 0.75013 
0.02332 0.01743 0.89855 0.0607 
0.00125 0.00172 0.01932 0.97771 
5.2E-4 3.8E-4 0.07313 0.92597 
0.29116 0.18892 0.23352 0.2864 
