V-CREDAL
5
3 4 3 4 3
5
1 0
2 0 1
2 1 2
2 2 3
2 3 4

12
0.665 0.227 0.108
0.001 0.933 0.066
0.232 0.327 0.441
0.657 0.131 0.212

16
0.002 0.989 0.002 0.007
0.428 0.018 0.215 0.339
0.345 0.008 0.18 0.467
0.502 0.119 0.175 0.204
16
0.087 0.006 0.438 0.469
0.038 0.372 0.14 0.45
0.67 0.151 0.156 0.023
0.344 0.193 0.233 0.23
16
0.243 0.258 0.29 0.209
0.131 0.452 0.409 0.008
0.027 0.003 0.968 0.002
0.889 0.03 0.038 0.043

12
0.067 0.146 0.787
0.058 0.838 0.104
0.064 0.325 0.611
0.503 0.471 0.026
12
0.627 0.193 0.18
0.434 0.02 0.546
0.61 0.229 0.161
0.477 0.405 0.118
12
0.015 0.065 0.92
0.277 0.04 0.683
0.839 0.06 0.101
0.136 0.422 0.442
12
0.111 0.124 0.765
0.613 0.159 0.228
0.35 0.33 0.32
0.606 0.208 0.186

16
0.068 0.883 0.022 0.027
0.06 0.612 0.245 0.083
0.684 0.011 0.216 0.089
0.085 0.34 0.104 0.471
16
0.019 0.103 0.388 0.49
0.683 0.063 0.245 0.009
0.051 0.246 0.028 0.675
0.046 0.926 0.015 0.013
16
0.386 0.005 0.081 0.528
0.12 0.606 0.26 0.014
0.049 0.001 0.457 0.493
0.06 0.002 0.023 0.915

12
0.022 0.104 0.874
0.024 0.279 0.697
0.088 0.483 0.429
0.041 0.938 0.021
12
0.027 0.14 0.833
0.0 0.018 0.982
0.339 0.619 0.042
0.594 0.143 0.263
12
0.039 0.752 0.209
0.049 0.082 0.869
0.921 0.02 0.059
0.314 0.539 0.147
12
0.313 0.017 0.67
0.417 0.468 0.115
0.885 0.085 0.03
0.006 0.004 0.99
