V-CREDAL
6
2 4 4 4 2 2
6
2 2 0
2 5 1
2 5 2
2 1 3
2 1 4
1 5

4
0.455 0.545
0.956 0.044
4
0.669 0.331
0.805 0.195
4
0.209 0.791
0.305 0.695
4
0.046 0.954
0.173 0.827

24
0.706 0.182 0.054 0.058
0.061 0.056 0.642 0.241
0.089 0.872 0.03 0.009
0.017 0.09 0.099 0.794
0.002 0.047 0.896 0.055
0.401 0.598 0.001 0.0
24
0.013 0.498 0.001 0.488
0.017 0.826 0.08 0.077
0.009 0.064 0.71 0.217
0.86 0.006 0.106 0.028
0.013 0.152 0.008 0.827
0.146 0.091 0.112 0.651

24
0.338 0.502 0.12 0.04
0.115 0.197 0.084 0.604
0.668 0.308 0.001 0.023
0.002 0.952 0.044 0.002
0.363 0.013 0.012 0.612
0.203 0.033 0.557 0.207
24
0.018 0.172 0.083 0.727
0.735 0.033 0.031 0.201
0.567 0.009 0.281 0.143
0.11 0.477 0.044 0.369
0.227 0.38 0.224 0.169
0.014 0.778 0.06 0.148

24
0.077 0.222 0.295 0.406
0.063 0.299 0.149 0.489
0.968 0.01 0.006 0.016
0.011 0.01 0.97 0.009
0.146 0.397 0.009 0.448
0.052 0.168 0.714 0.066
24
0.428 0.29 0.033 0.249
0.449 0.222 0.17 0.159
0.091 0.036 0.03 0.843
0.105 0.192 0.698 0.005
0.005 0.53 0.201 0.264
0.442 0.092 0.038 0.428
24
0.083 0.034 0.148 0.735
0.045 0.627 0.083 0.245
0.193 0.259 0.13 0.418
0.081 0.058 0.642 0.219
0.046 0.803 0.057 0.094
0.045 0.501 0.43 0.024
24
0.008 0.007 0.982 0.003
0.125 0.6 0.154 0.121
0.003 0.026 0.014 0.957
0.001 0.814 0.025 0.16
0.881 0.0 0.019 0.1
0.042 0.165 0.781 0.012

4
0.577 0.423
0.62 0.38
4
0.557 0.443
0.397 0.603
4
0.979 0.021
0.95 0.05
4
0.166 0.834
0.283 0.717

4
0.247 0.753
0.204 0.796
