V-CREDAL
10
3 3 2 4 4 3 2 3 3 3
10
2 4 0
1 1
2 5 2
3 0 9 3
2 8 4
2 0 5
2 0 6
2 6 7
1 8
2 1 9

18
0.126 0.641 0.233
0.013 0.015 0.972
0.607 0.336 0.057
0.031 0.542 0.427
0.769 0.141 0.09
0.648 0.048 0.304
18
0.867 0.115 0.018
0.425 0.028 0.547
0.382 0.511 0.107
0.658 0.326 0.016
0.105 0.576 0.319
0.179 0.219 0.602
18
0.136 0.853 0.011
0.068 0.008 0.924
0.013 0.472 0.515
0.074 0.747 0.179
0.953 0.031 0.016
0.121 0.832 0.047
18
0.629 0.131 0.24
0.352 0.507 0.141
0.186 0.021 0.793
0.027 0.16 0.813
0.131 0.334 0.535
0.608 0.274 0.118

18
0.146 0.846 0.008
0.002 0.91 0.088
0.006 0.072 0.922
0.954 0.015 0.031
0.221 0.002 0.777
0.081 0.879 0.04

4
0.966 0.034
0.684 0.316
4
0.024 0.976
0.134 0.866
4
0.745 0.255
0.831 0.169

24
0.091 0.201 0.446 0.262
0.212 0.343 0.394 0.051
0.014 0.724 0.249 0.013
0.32 0.036 0.405 0.239
0.192 0.008 0.009 0.791
0.034 0.949 0.008 0.009
24
0.076 0.314 0.554 0.056
0.011 0.951 0.005 0.033
0.549 0.047 0.088 0.316
0.398 0.582 0.006 0.014
0.094 0.076 0.626 0.204
0.018 0.035 0.844 0.103
24
0.02 0.174 0.188 0.618
0.014 0.01 0.788 0.188
0.357 0.15 0.475 0.018
0.27 0.263 0.015 0.452
0.071 0.195 0.062 0.672
0.003 0.901 0.027 0.069
24
0.283 0.068 0.621 0.028
0.626 0.296 0.013 0.065
0.017 0.035 0.016 0.932
0.43 0.5 0.023 0.047
0.888 0.02 0.036 0.056
0.21 0.017 0.027 0.746
24
0.338 0.1 0.488 0.074
0.026 0.776 0.193 0.005
0.212 0.178 0.034 0.576
0.741 0.021 0.046 0.192
0.003 0.773 0.191 0.033
0.185 0.092 0.344 0.379
24
0.265 0.21 0.161 0.364
0.782 0.017 0.036 0.165
0.034 0.718 0.014 0.234
0.055 0.272 0.645 0.028
0.002 0.991 0.003 0.004
0.988 0.008 0.002 0.002
24
0.019 0.042 0.891 0.048
0.525 0.018 0.024 0.433
0.207 0.335 0.443 0.015
0.02 0.027 0.464 0.489
0.622 0.086 0.23 0.062
0.206 0.126 0.057 0.611
24
0.106 0.422 0.257 0.215
0.303 0.201 0.034 0.462
0.075 0.664 0.217 0.044
0.071 0.689 0.135 0.105
0.432 0.073 0.389 0.106
0.857 0.01 0.005 0.128
24
0.01 0.635 0.065 0.29
0.034 0.043 0.728 0.195
0.208 0.224 0.079 0.489
0.032 0.722 0.243 0.003
0.609 0.359 0.007 0.025
0.004 0.002 0.982 0.012

24
0.028 0.504 0.197 0.271
0.265 0.695 0.01 0.03
0.019 0.01 0.007 0.964
0.4 0.006 0.576 0.018
0.813 0.078 0.051 0.058
0.097 0.11 0.558 0.235
24
0.019 0.05 0.02 0.911
0.344 0.051 0.093 0.512
0.732 0.11 0.081 0.077
0.014 0.291 0.005 0.69
0.459 0.11 0.342 0.089
0.042 0.567 0.12 0.271
24
0.81 0.027 0.028 0.135
0.263 0.274 0.281 0.182
0.007 0.082 0.814 0.097
0.366 0.028 0.124 0.482
0.584 0.321 0.015 0.08
0.003 0.016 0.936 0.045

18
0.995 0.004 0.001
0.008 0.139 0.853
0.012 0.941 0.047
0.903 0.004 0.093
0.086 0.02 0.894
0.032 0.029 0.939
18
0.186 0.008 0.806
0.647 0.213 0.14
0.003 0.985 0.012
0.619 0.336 0.045
0.335 0.023 0.642
0.073 0.106 0.821
18
0.476 0.093 0.431
0.315 0.036 0.649
0.623 0.221 0.156
0.222 0.052 0.726
0.128 0.762 0.11
0.077 0.601 0.322

4
0.717 0.283
0.757 0.243
4
0.43 0.57
0.546 0.454
4
0.139 0.861
0.784 0.216

18
0.029 0.939 0.032
0.017 0.035 0.948
0.025 0.019 0.956
0.991 0.006 0.003
0.021 0.481 0.498
0.289 0.013 0.698
18
0.601 0.175 0.224
0.921 0.066 0.013
0.137 0.226 0.637
0.152 0.061 0.787
0.439 0.005 0.556
0.693 0.008 0.299

18
0.033 0.091 0.876
0.314 0.502 0.184
0.287 0.534 0.179
0.014 0.688 0.298
0.661 0.028 0.311
0.283 0.022 0.695

18
0.415 0.345 0.24
0.179 0.688 0.133
0.328 0.044 0.628
0.077 0.634 0.289
0.094 0.279 0.627
0.128 0.744 0.128
18
0.153 0.813 0.034
0.913 0.084 0.003
0.934 0.009 0.057
0.236 0.001 0.763
0.012 0.129 0.859
0.005 0.77 0.225
18
0.126 0.802 0.072
0.904 0.02 0.076
0.157 0.341 0.502
0.077 0.838 0.085
0.494 0.115 0.391
0.642 0.016 0.342
