V-CREDAL 
10 
2 2 4 4 4 4 2 3 3 4 
10 
2 1 0 
2 8 1 
3 6 9 2 
1 3 
3 5 6 4 
1 5 
2 1 6 
2 3 7 
2 7 8 
1 9 

4 
0.70002 0.29998 
0.91523 0.08477 
4 
0.41393 0.58607 
0.57292 0.42708 

4 
0.86533 0.13467 
0.6297 0.3703 
4 
0.30586 0.69414 
0.74062 0.25938 
4 
0.936 0.064 
0.43571 0.56429 

24 
0.06369 0.67323 0.00596 0.25712 
0.09742 0.60497 0.15644 0.14117 
0.35219 0.11377 0.0253 0.50874 
0.07765 0.00794 0.59814 0.31627 
0.41818 0.38177 0.03556 0.16449 
0.11611 0.02232 0.03191 0.82966 
24 
0.20045 0.03175 0.22255 0.54525 
0.2943 0.58809 0.02235 0.09526 
0.13502 0.0166 0.30142 0.54696 
0.43985 0.36826 0.11149 0.0804 
0.05838 0.17126 0.12456 0.6458 
0.42173 0.38406 0.18288 0.01133 
24 
0.06334 0.06459 7.2E-4 0.87135 
0.00634 0.87533 0.00386 0.11447 
0.11023 0.69884 0.18835 0.00258 
0.17691 0.05099 0.76507 0.00703 
0.76147 0.11333 0.11205 0.01315 
0.07628 0.00717 0.0531 0.86345 
24 
0.38514 0.00376 0.0529 0.5582 
0.07222 0.07622 0.70336 0.1482 
0.18521 0.11714 0.59318 0.10447 
0.05756 0.01427 0.90549 0.02268 
0.00985 0.89213 0.0955 0.00252 
0.14267 0.00311 0.26309 0.59113 
24 
0.71195 0.0664 0.16673 0.05492 
0.57177 0.38019 0.02474 0.0233 
0.3092 0.0485 0.01061 0.63169 
0.01895 0.59781 0.02241 0.36083 
0.00175 0.02024 0.97168 0.00633 
0.05208 0.5035 0.26265 0.18177 
24 
0.464 0.0997 0.24327 0.19303 
0.43693 0.54518 0.00675 0.01114 
0.11023 0.38681 0.12443 0.37853 
0.04703 0.88478 0.01258 0.05561 
0.02792 0.13353 0.03775 0.8008 
0.93657 0.05968 0.00261 0.00114 
24 
0.37893 0.19129 0.13619 0.29359 
0.02773 0.06698 0.2901 0.61519 
0.02955 0.67182 0.07804 0.22059 
0.14465 0.02409 0.04144 0.78982 
0.13099 0.00303 0.0049 0.86108 
0.01755 0.56731 0.30016 0.11498 
24 
0.63385 0.05007 0.23636 0.07972 
0.14273 0.12039 0.17221 0.56467 
0.20242 1.0E-4 0.79463 0.00285 
0.14419 0.45946 0.0879 0.30845 
0.02083 0.02525 0.93777 0.01615 
0.02237 0.4453 0.11166 0.42067 

24 
0.26315 0.35807 0.17215 0.20663 
0.03459 0.06193 0.17549 0.72799 
0.16507 0.07877 0.4015 0.35466 
0.29014 0.2922 0.06503 0.35263 
0.30539 0.12241 0.3611 0.2111 
0.14401 0.02603 0.00156 0.8284 

24 
0.03832 0.93058 0.03079 3.1E-4 
0.76642 0.08419 0.10051 0.04888 
0.11862 0.09497 0.49392 0.29249 
0.01579 0.01466 0.04065 0.9289 
0.08017 0.01616 0.21212 0.69155 
0.04544 0.1414 0.58015 0.23301 
24 
0.10802 0.17315 0.6939 0.02493 
0.01534 0.0463 0.05492 0.88344 
0.01553 0.34905 0.00872 0.6267 
0.55616 0.07793 0.29153 0.07438 
0.09601 0.8441 0.02512 0.03477 
0.17664 0.73436 0.0758 0.0132 
24 
0.06152 0.00295 0.40086 0.53467 
0.38069 0.1353 0.05129 0.43272 
0.10666 0.05957 0.05174 0.78203 
0.05117 0.2041 0.69015 0.05458 
0.14129 0.84673 0.00862 0.00336 
0.31701 0.54932 0.03362 0.10005 
24 
0.55123 0.00558 1.0E-4 0.44309 
0.574 0.02404 0.04434 0.35762 
0.32078 0.29887 0.16201 0.21834 
0.12813 0.37504 0.39171 0.10512 
0.19096 0.37398 0.35838 0.07668 
0.02376 0.34826 0.23388 0.3941 
24 
0.5508 0.01501 0.34729 0.0869 
0.13379 0.05702 0.49521 0.31398 
0.83597 0.06211 0.02686 0.07506 
0.02378 0.70494 0.03653 0.23475 
0.03001 0.02294 0.01466 0.93239 
0.08649 0.21116 0.00355 0.6988 
24 
0.00883 0.01304 0.88554 0.09259 
0.06591 0.62435 0.01327 0.29647 
0.1728 0.48818 0.27866 0.06036 
0.06144 0.2995 0.09885 0.54021 
0.31472 0.11976 0.074 0.49152 
0.18922 0.06249 0.74418 0.00411 
24 
0.1132 0.11528 0.00824 0.76328 
0.01566 0.07849 0.49355 0.4123 
0.22778 0.17808 0.52685 0.06729 
0.05852 0.22341 0.51657 0.2015 
0.06708 0.4082 0.4689 0.05582 
0.03018 0.06043 0.15728 0.75211 
24 
0.08596 0.06048 0.19285 0.66071 
0.00744 0.76474 0.19545 0.03237 
0.04217 0.08157 0.7674 0.10886 
0.41413 0.00273 0.58093 0.00221 
0.84405 0.01086 0.04764 0.09745 
0.06694 0.62875 0.0386 0.26571 

24 
0.06358 0.0352 0.11607 0.78515 
0.01113 0.08469 0.00294 0.90124 
0.10502 0.35123 0.04404 0.49971 
0.17154 0.01093 0.00549 0.81204 
0.09714 0.19534 0.67499 0.03253 
0.11566 0.32169 0.45607 0.10658 

4 
0.6929 0.3071 
0.89803 0.10197 
4 
0.66543 0.33457 
0.78941 0.21059 

18 
0.97819 0.00561 0.0162 
0.40786 0.04343 0.54871 
0.02018 0.97278 0.00704 
0.01566 0.43934 0.545 
0.05994 0.35784 0.58222 
0.0094 0.9295 0.0611 
18 
0.00716 0.28025 0.71259 
0.40331 0.40036 0.19633 
0.42367 0.07971 0.49662 
0.1329 0.74066 0.12644 
0.32742 0.57555 0.09703 
0.09695 0.6293 0.27375 
18 
0.43791 0.51848 0.04361 
0.42781 0.08755 0.48464 
0.14096 0.24834 0.6107 
0.28118 0.65872 0.0601 
0.08378 0.69905 0.21717 
0.51353 0.05605 0.43042 
18 
0.07684 0.89424 0.02892 
0.01515 0.01341 0.97144 
0.94809 0.00697 0.04494 
0.01602 0.469 0.51498 
0.32055 0.67553 0.00392 
0.01919 0.65109 0.32972 

18 
0.89926 0.08839 0.01235 
0.09962 0.10909 0.79129 
0.09221 0.89284 0.01495 
0.00524 0.8451 0.14966 
0.03289 0.32551 0.6416 
0.13632 0.85116 0.01252 
18 
0.00245 0.00673 0.99082 
0.05093 0.92632 0.02275 
0.93384 0.01953 0.04663 
0.82789 0.01353 0.15858 
0.78632 0.18148 0.0322 
0.01317 0.80874 0.17809 
18 
0.24537 0.11512 0.63951 
0.75815 0.12699 0.11486 
0.02024 0.8685 0.11126 
0.83143 0.01159 0.15698 
0.44801 0.53699 0.015 
0.66082 0.25913 0.08005 

24 
0.80887 0.1522 8.4E-4 0.03809 
0.20384 0.22421 0.2669 0.30505 
0.09351 0.01799 0.01127 0.87723 
0.04227 0.00306 0.95319 0.00148 
0.57743 0.03242 0.12192 0.26823 
0.02553 0.00153 0.95836 0.01458 
