V-CREDAL 
10 
4 4 3 3 3 2 2 2 3 2 
10 
2 3 0 
2 0 1 
2 3 2 
1 3 
2 6 4 
3 3 7 5 
2 5 6 
1 7 
2 6 8 
2 5 9 

16 
0.01261 0.76141 0.02698 0.199 
0.46669 0.39858 6.3E-4 0.1341 
0.39096 0.35359 0.04678 0.20867 
0.05573 0.40407 0.3949 0.1453 
16 
0.1122 6.0E-4 0.38516 0.50204 
0.63482 0.02974 0.22025 0.11519 
0.87971 0.00342 0.00263 0.11424 
0.10676 0.2082 0.55954 0.1255 
16 
0.20504 0.07113 0.07113 0.6527 
0.16324 0.1916 0.09763 0.54753 
0.21958 0.70841 0.0365 0.03551 
0.00649 0.04467 0.51379 0.43505 

16 
0.0328 0.68716 0.10026 0.17978 
0.02536 0.88494 0.08123 0.00847 
0.03751 0.07179 0.80611 0.08459 
0.08463 0.12801 0.75495 0.03241 
16 
0.46432 0.00493 0.00572 0.52503 
0.29667 0.00889 0.69221 0.00223 
9.0E-4 0.67841 0.01922 0.30147 
0.11638 0.09023 0.55395 0.23944 
16 
0.16876 0.58726 0.09908 0.1449 
0.02063 0.04464 0.86916 0.06557 
0.02159 0.0622 0.73648 0.17973 
0.14784 0.06722 7.7E-4 0.78417 
16 
0.41169 0.04797 0.06048 0.47986 
0.15956 0.23815 0.23879 0.3635 
0.1952 0.13621 0.47119 0.1974 
0.18414 0.24336 0.02499 0.54751 

12 
0.58658 0.0119 0.40152 
0.84637 0.00761 0.14602 
0.55579 0.2101 0.23411 
0.55191 0.25488 0.19321 
12 
0.24303 0.15808 0.59889 
0.43763 0.50315 0.05922 
0.82519 0.0853 0.08951 
0.78167 0.15457 0.06376 
12 
0.14792 0.79067 0.06141 
0.03631 0.17436 0.78933 
0.55828 0.26608 0.17564 
0.30249 0.02473 0.67278 

12 
0.05129 0.00218 0.94653 
0.93837 0.0571 0.00453 
0.19872 0.4775 0.32378 
0.01921 0.3252 0.65559 

12 
0.23747 0.70128 0.06125 
0.1662 0.12512 0.70868 
0.34841 0.33272 0.31887 
0.3555 0.11226 0.53224 
12 
0.14955 0.806 0.04445 
0.11277 0.88258 0.00465 
0.30332 0.40036 0.29632 
0.00428 0.98258 0.01314 

4 
0.22232 0.77768 
0.89459 0.10541 
4 
0.77877 0.22123 
0.02969 0.97031 
4 
0.41344 0.58656 
0.62609 0.37391 
4 
0.39645 0.60355 
0.10139 0.89861 
4 
0.91795 0.08205 
0.43451 0.56549 
4 
0.21997 0.78003 
0.09023 0.90977 

4 
0.3652 0.6348 
0.59475 0.40525 
4 
0.35781 0.64219 
0.39917 0.60083 

4 
0.04786 0.95214 
0.27477 0.72523 

12 
0.03286 0.06157 0.90557 
0.53026 0.04268 0.42706 
0.02234 0.95694 0.02072 
0.3263 0.58589 0.08781 
12 
0.47353 0.06202 0.46445 
0.58902 0.15011 0.26087 
0.14005 0.80312 0.05683 
0.08402 0.30384 0.61214 

4 
0.59689 0.40311 
0.55901 0.44099 
4 
0.87716 0.12284 
0.46999 0.53001 
