V-CREDAL
8
3 3 3 3 2 3 2 3
8
2 4 0
3 0 7 1
1 2
2 6 3
2 5 4
1 5
2 2 6
2 3 7

18
0.07 0.554 0.376
0.873 0.115 0.012
0.163 0.125 0.712
0.029 0.953 0.018
0.952 0.014 0.034
0.121 0.247 0.632
18
0.036 0.011 0.953
0.021 0.132 0.847
0.027 0.808 0.165
0.628 0.009 0.363
0.978 0.008 0.014
0.229 0.743 0.028

18
0.01 0.943 0.047
0.435 0.509 0.056
0.349 0.007 0.644
0.05 0.458 0.492
0.693 0.132 0.175
0.053 0.923 0.024
18
0.937 0.054 0.009
0.043 0.017 0.94
0.126 0.813 0.061
0.039 0.766 0.195
0.026 0.353 0.621
0.516 0.479 0.005
18
0.719 0.268 0.013
0.855 0.096 0.049
0.016 0.038 0.946
0.843 0.055 0.102
0.261 0.727 0.012
0.004 0.078 0.918
18
0.03 0.121 0.849
0.358 0.542 0.1
0.004 0.438 0.558
0.11 0.843 0.047
0.548 0.21 0.242
0.568 0.033 0.399
18
0.092 0.029 0.879
0.004 0.981 0.015
0.037 0.303 0.66
0.442 0.243 0.315
0.153 0.015 0.832
0.186 0.766 0.048
18
0.956 0.008 0.036
0.002 0.01 0.988
0.009 0.879 0.112
0.017 0.976 0.007
0.986 0.012 0.002
0.988 0.009 0.003
18
0.027 0.009 0.964
0.007 0.685 0.308
0.017 0.232 0.751
0.601 0.002 0.397
0.823 0.144 0.033
0.014 0.323 0.663
18
0.986 0.009 0.005
0.001 0.004 0.995
0.003 0.716 0.281
0.057 0.924 0.019
0.033 0.947 0.02
0.426 0.57 0.004
18
0.715 0.103 0.182
0.057 0.361 0.582
0.029 0.107 0.864
0.671 0.059 0.27
0.593 0.325 0.082
0.669 0.222 0.109

18
0.031 0.0 0.969
0.043 0.829 0.128
0.578 0.223 0.199
0.136 0.758 0.106
0.293 0.069 0.638
0.548 0.371 0.081

18
0.005 0.741 0.254
0.05 0.793 0.157
0.002 0.004 0.994
0.747 0.062 0.191
0.534 0.362 0.104
0.793 0.089 0.118
18
0.009 0.358 0.633
0.856 0.016 0.128
0.012 0.333 0.655
0.256 0.726 0.018
0.02 0.862 0.118
0.291 0.195 0.514

4
0.235 0.765
0.072 0.928
4
0.215 0.785
0.953 0.047
4
0.188 0.812
0.166 0.834

18
0.027 0.408 0.565
0.137 0.584 0.279
0.685 0.227 0.088
0.507 0.203 0.29
0.049 0.485 0.466
0.285 0.678 0.037

4
0.784 0.216
0.416 0.584
4
0.898 0.102
0.02 0.98
4
0.963 0.037
0.743 0.257

18
0.096 0.004 0.9
0.701 0.22 0.079
0.018 0.633 0.349
0.553 0.421 0.026
0.129 0.014 0.857
0.714 0.237 0.049
18
0.047 0.748 0.205
0.144 0.099 0.757
0.036 0.182 0.782
0.365 0.487 0.148
0.663 0.208 0.129
0.088 0.735 0.177
18
0.899 0.009 0.092
0.173 0.012 0.815
0.791 0.188 0.021
0.008 0.302 0.69
0.008 0.986 0.006
0.033 0.116 0.851
