V-CREDAL
5
3 3 3 4 2
5
1 0
2 0 1
2 1 2
2 2 3
2 3 4

12
0.112 0.464 0.424
0.969 0.001 0.03
0.036 0.874 0.09
0.4 0.075 0.525

12
0.817 0.125 0.058
0.051 0.475 0.474
0.003 0.588 0.409
0.592 0.173 0.235
12
0.19 0.761 0.049
0.736 0.089 0.175
0.185 0.005 0.81
0.019 0.349 0.632
12
0.051 0.203 0.746
0.339 0.244 0.417
0.33 0.597 0.073
0.328 0.185 0.487

12
0.538 0.375 0.087
0.337 0.175 0.488
0.269 0.35 0.381
0.44 0.4 0.16
12
0.983 0.008 0.009
0.864 0.131 0.005
0.233 0.34 0.427
0.314 0.581 0.105
12
0.013 0.861 0.126
0.491 0.359 0.15
0.012 0.034 0.954
0.433 0.486 0.081

16
0.147 0.031 0.268 0.554
0.263 0.335 0.03 0.372
0.138 0.105 0.004 0.753
0.268 0.336 0.379 0.017
16
0.206 0.036 0.476 0.282
0.013 0.21 0.237 0.54
0.723 0.07 0.097 0.11
0.062 0.937 0.0 0.001
16
0.498 0.053 0.115 0.334
0.094 0.531 0.079 0.296
0.287 0.535 0.04 0.138
0.633 0.293 0.007 0.067

4
0.342 0.658
0.812 0.188
4
0.594 0.406
0.646 0.354
4
0.982 0.018
0.705 0.295
4
0.219 0.781
0.307 0.693
