V-CREDAL 
8 
3 3 3 4 3 3 3 2 
8 
2 7 0 
2 4 1 
1 2 
3 0 2 3 
3 3 5 4 
2 6 5 
1 6 
1 7 

18 
0.85124 0.00551 0.14325 
0.05053 0.21507 0.7344 
0.02828 0.7352 0.23652 
0.76434 0.14984 0.08582 
0.46138 0.47026 0.06836 
0.29627 0.62996 0.07377 
18 
0.00911 0.01468 0.97621 
0.97454 0.02014 0.00532 
0.33077 0.60519 0.06404 
0.03411 0.86609 0.0998 
0.10649 0.80725 0.08626 
0.00258 0.1975 0.79992 

18 
0.01535 0.98398 6.7E-4 
0.04395 0.01175 0.9443 
0.97552 0.00626 0.01822 
0.48392 0.50923 0.00685 
0.01355 0.57789 0.40856 
0.02591 0.02924 0.94485 
18 
0.01154 0.49543 0.49303 
0.05607 0.79315 0.15078 
0.10329 0.1135 0.78321 
0.29439 0.10366 0.60195 
0.03957 0.82227 0.13816 
0.25342 0.07291 0.67367 
18 
0.02708 0.14033 0.83259 
0.85555 0.02832 0.11613 
0.08446 0.84146 0.07408 
0.01805 0.76628 0.21567 
0.27567 0.01549 0.70884 
0.36096 0.55843 0.08061 

18 
0.06074 0.61087 0.32839 
0.10708 0.31669 0.57623 
0.95498 0.0293 0.01572 
0.32862 0.06601 0.60537 
0.44615 0.51135 0.0425 
0.17397 0.63165 0.19438 

24 
0.43367 0.09933 0.41496 0.05204 
0.27004 0.65014 0.03887 0.04095 
0.12201 0.61224 0.22234 0.04341 
0.25523 0.35717 0.14784 0.23976 
0.01264 0.07388 0.11471 0.79877 
0.11158 0.17871 0.35558 0.35413 
24 
0.08919 0.4001 0.1719 0.33881 
0.45703 0.25872 0.27942 0.00483 
0.04972 0.10299 0.76893 0.07836 
0.22293 0.5056 0.16088 0.11059 
0.41613 0.23013 0.08023 0.27351 
0.38887 0.31157 0.16293 0.13663 
24 
0.00977 0.43483 0.30367 0.25173 
0.02813 0.06376 0.87265 0.03546 
0.65644 0.12214 0.14717 0.07425 
0.00307 0.87489 0.10069 0.02135 
0.22182 0.55511 0.20658 0.01649 
0.0226 0.08863 0.00672 0.88205 
24 
0.85939 0.08205 0.04816 0.0104 
0.8635 0.04938 0.02843 0.05869 
0.20882 6.0E-5 0.04528 0.74584 
0.24024 0.33835 0.26399 0.15742 
0.15577 0.0074 0.00729 0.82954 
0.36668 0.09705 0.43674 0.09953 
24 
0.46361 0.27643 0.07688 0.18308 
0.05722 0.16051 0.04967 0.7326 
0.37034 0.00285 0.52882 0.09799 
0.08851 0.037 0.1539 0.72059 
0.84414 0.07998 0.03569 0.04019 
0.53774 0.0411 0.134 0.28716 
24 
0.00562 0.81409 0.10863 0.07166 
0.0033 0.38496 0.258 0.35374 
0.77226 0.07047 0.02514 0.13213 
0.06645 0.01498 0.84173 0.07684 
0.44454 0.00994 0.13041 0.41511 
0.01904 0.90504 0.04444 0.03148 
24 
0.00467 0.64276 0.33385 0.01872 
0.09156 0.35057 0.55727 6.0E-4 
0.20795 0.45498 0.04919 0.28788 
0.28971 0.00239 0.47053 0.23737 
0.00468 0.21378 0.17623 0.60531 
0.33642 0.34876 0.13769 0.17713 
24 
0.10823 0.27218 0.0109 0.60869 
0.18512 0.55601 0.13299 0.12588 
0.01935 0.03062 0.55077 0.39926 
0.38799 0.01696 0.2421 0.35295 
0.33377 0.01152 0.64459 0.01012 
0.05569 0.01195 0.20704 0.72532 
24 
0.02111 0.97095 0.004 0.00394 
0.08628 0.23249 0.02091 0.66032 
0.10968 0.05669 0.7441 0.08953 
0.60016 0.0059 0.38298 0.01096 
0.04037 0.14771 0.24241 0.56951 
0.89086 0.03407 0.0126 0.06247 

18 
0.26716 0.21978 0.51306 
0.487 0.09994 0.41306 
0.11096 0.88199 0.00705 
0.70746 0.17065 0.12189 
0.74451 0.01261 0.24288 
0.03441 0.54195 0.42364 
18 
0.17158 0.80949 0.01893 
0.04539 0.92693 0.02768 
0.76482 0.23003 0.00515 
0.41264 0.02347 0.56389 
0.11589 0.03365 0.85046 
0.79259 0.16795 0.03946 
18 
0.88422 0.00619 0.10959 
0.12055 0.0369 0.84255 
0.04603 0.93797 0.016 
0.62941 0.34362 0.02697 
0.04022 0.11736 0.84242 
0.82108 0.12697 0.05195 
18 
0.08174 0.8863 0.03196 
0.0193 0.34365 0.63705 
0.16637 0.83158 0.00205 
0.39531 0.01529 0.5894 
0.64597 0.07569 0.27834 
0.64241 0.03852 0.31907 
18 
0.75526 0.02195 0.22279 
0.11475 0.04849 0.83676 
0.8256 0.17373 6.7E-4 
0.0611 0.39662 0.54228 
0.11103 0.47684 0.41213 
0.61506 0.29823 0.08671 
18 
0.91512 0.03079 0.05409 
0.71704 0.27297 0.00999 
0.05774 0.01273 0.92953 
0.03106 0.01643 0.95251 
0.0316 0.93448 0.03392 
0.12106 0.86388 0.01506 
18 
0.19267 0.68393 0.1234 
0.0273 0.89476 0.07794 
0.07728 0.07104 0.85168 
0.17601 0.0392 0.78479 
0.31615 0.49091 0.19294 
0.27859 0.28803 0.43338 
18 
0.69114 0.10634 0.20252 
0.19031 0.78664 0.02305 
0.15571 0.07721 0.76708 
0.02376 0.40517 0.57107 
0.03767 0.79124 0.17109 
0.69731 0.12784 0.17485 
18 
0.44977 0.39368 0.15655 
0.01284 0.96827 0.01889 
0.02753 0.19281 0.77966 
0.17401 0.12571 0.70028 
0.07977 0.89263 0.0276 
0.68509 0.01722 0.29769 
18 
0.82263 0.14112 0.03625 
3.3E-4 0.0285 0.97117 
0.07343 0.70667 0.2199 
0.31492 0.01067 0.67441 
0.65855 0.3158 0.02565 
0.15048 1.6E-4 0.84936 
18 
0.03129 0.93583 0.03288 
0.09619 0.61487 0.28894 
0.63839 0.02627 0.33534 
0.67252 0.08064 0.24684 
0.56013 0.09086 0.34901 
0.02231 0.92356 0.05413 
18 
0.98219 0.00251 0.0153 
0.01278 0.59383 0.39339 
0.06282 0.84856 0.08862 
0.57154 0.41842 0.01004 
0.07045 0.0347 0.89485 
0.82605 0.16229 0.01166 

18 
0.07029 0.91276 0.01695 
0.10199 0.04846 0.84955 
0.0769 0.11262 0.81048 
0.7989 0.00924 0.19186 
0.8204 0.04716 0.13244 
0.15335 0.82452 0.02213 
18 
0.01968 0.09568 0.88464 
0.28616 0.03358 0.68026 
0.05127 0.86233 0.0864 
0.97284 0.00381 0.02335 
0.96131 0.03507 0.00362 
0.12635 0.86703 0.00662 
18 
0.90184 0.05511 0.04305 
0.12046 0.81759 0.06195 
0.93545 9.5E-4 0.0636 
0.06986 0.83184 0.0983 
0.6584 0.07277 0.26883 
0.51077 0.11209 0.37714 

18 
0.55758 0.10692 0.3355 
0.08692 0.23529 0.67779 
0.39476 0.38636 0.21888 
0.4298 0.3306 0.2396 
0.04028 0.42281 0.53691 
0.01988 0.97664 0.00348 

4 
0.54133 0.45867 
0.69973 0.30027 
