V-CREDAL 
4 
4 4 2 2 
4 
1 0 
2 0 1 
2 1 2 
2 2 3 

16 
0.07454 0.04691 0.66203 0.21652 
0.02654 0.81536 0.07827 0.07983 
0.38677 0.52679 0.07101 0.01543 
0.21066 0.54378 0.22502 0.02054 

16 
0.00554 0.67361 0.0517 0.26915 
0.15632 0.47492 0.0075 0.36126 
0.07487 0.69857 0.03224 0.19432 
0.64552 0.0173 0.01041 0.32677 
16 
0.51764 0.09197 0.2784 0.11199 
0.03734 0.17915 0.05308 0.73043 
0.28067 0.4939 0.13127 0.09416 
0.72451 0.11318 0.04858 0.11373 
16 
0.0234 0.85666 0.00151 0.11843 
0.04508 0.03262 0.03548 0.88682 
0.20887 0.14751 0.16042 0.4832 
0.52218 0.45818 0.01842 0.00122 
16 
0.22051 0.5896 0.14224 0.04765 
0.00883 0.26299 0.71475 0.01343 
0.04776 0.77009 0.14997 0.03218 
0.07413 0.91266 0.00683 0.00638 

4 
0.29556 0.70444 
0.61617 0.38383 
4 
0.20837 0.79163 
0.41002 0.58998 
4 
0.20279 0.79721 
0.64864 0.35136 
4 
0.25965 0.74035 
0.24202 0.75798 

4 
0.84338 0.15662 
0.48937 0.51063 
4 
0.53639 0.46361 
0.99568 0.00432 
