V-CREDAL 
10 
4 3 4 5 5 4 2 2 3 2 
10 
1 0 
2 0 1 
2 1 2 
2 2 3 
2 3 4 
2 4 5 
2 5 6 
2 6 7 
2 7 8 
2 8 9 

24 
0.08068 0.81287 0.08272 0.02373 
0.50178 0.13751 0.19078 0.16993 
0.68726 0.04591 0.00131 0.26552 
0.12162 0.38542 0.36787 0.12509 
0.02998 0.89824 0.05639 0.01539 
0.00201 0.00193 0.03074 0.96532 

18 
0.98596 0.01262 0.00142 
0.06316 0.8133 0.12354 
0.12194 0.5469 0.33116 
0.32009 0.19599 0.48392 
0.10658 0.8354 0.05802 
0.48661 0.49936 0.01403 
18 
0.00207 0.01154 0.98639 
0.95234 0.02783 0.01983 
0.00533 0.58901 0.40566 
0.08159 0.89222 0.02619 
0.61093 0.38807 0.001 
0.87874 0.10807 0.01319 
18 
0.1402 0.60527 0.25453 
0.72324 0.26233 0.01443 
0.00751 0.9718 0.02069 
0.43872 0.1408 0.42048 
0.03857 0.85762 0.10381 
0.72654 0.26918 0.00428 
18 
0.18751 0.78445 0.02804 
0.63697 0.34412 0.01891 
0.02689 0.88979 0.08332 
0.06955 0.07228 0.85817 
0.04549 0.18623 0.76828 
0.23306 0.10445 0.66249 

24 
0.05025 0.25599 0.64798 0.04578 
0.00298 0.85601 0.1318 0.00921 
0.13849 0.47258 0.05497 0.33396 
0.01246 0.00325 0.87238 0.11191 
0.54007 0.11927 0.26233 0.07833 
0.65312 0.05285 0.11055 0.18348 
24 
0.13817 0.02226 0.08571 0.75386 
0.13088 0.55961 0.24971 0.0598 
0.15836 0.59392 0.04384 0.20388 
0.0607 0.35996 0.47432 0.10502 
0.9943 0.00545 1.9E-4 6.0E-5 
0.82745 0.03936 0.09567 0.03752 
24 
0.39387 0.05091 0.20144 0.35378 
0.00948 0.02543 0.01842 0.94667 
0.00498 0.9868 0.00249 0.00573 
0.01826 0.3135 0.65365 0.01459 
0.63658 0.18358 0.09214 0.0877 
0.00772 0.08476 0.02288 0.88464 

30 
0.0119 0.43384 0.03213 0.48909 0.03304 
0.43117 0.16655 0.39169 0.00994 6.5E-4 
0.0687 0.0434 0.24984 0.00623 0.63183 
0.95557 0.00279 0.00947 0.02019 0.01198 
0.00462 0.31112 2.9E-4 0.67915 0.00482 
0.02823 0.55565 0.28194 0.08727 0.04691 
30 
0.09297 0.74288 0.05571 0.0516 0.05684 
0.62191 0.22297 0.07169 0.07747 0.00596 
0.23168 0.05608 0.05689 0.01121 0.64414 
0.20332 0.01192 0.44621 0.02406 0.31449 
0.56813 0.18847 0.14932 0.00831 0.08577 
0.33114 0.03096 0.01073 0.61404 0.01313 
30 
0.01182 0.02055 0.06019 0.61632 0.29112 
0.03147 0.02814 0.69411 0.02447 0.22181 
0.0059 0.08438 0.78676 0.11366 0.0093 
0.25759 0.01577 0.08043 0.64413 0.00208 
0.03635 0.00532 0.9501 0.00822 1.0E-5 
3.0E-4 0.00565 0.01341 0.79734 0.1833 
30 
0.02891 0.07112 0.16142 0.44351 0.29504 
0.14983 0.06003 0.24795 0.11536 0.42683 
0.74852 0.0054 0.20761 0.02672 0.01175 
0.04447 0.11622 0.20562 0.25524 0.37845 
0.0272 0.01057 0.00408 0.93033 0.02782 
0.93573 0.00133 0.05306 4.1E-4 0.00947 

30 
0.03646 0.00985 0.63569 0.31461 0.00339 
0.15501 0.70385 0.00193 0.00673 0.13248 
0.0127 0.36349 0.32343 0.16304 0.13734 
0.23879 0.19283 0.00719 0.39596 0.16523 
0.00715 0.02143 0.84466 0.06987 0.05689 
0.07107 0.18146 0.01775 0.00159 0.72813 
30 
0.20997 0.13397 0.2864 0.02395 0.34571 
0.78999 0.01289 0.14096 0.04545 0.01071 
0.25997 0.04251 0.51106 0.09184 0.09462 
0.09619 0.14877 0.13337 0.51308 0.10859 
0.00102 0.26248 0.00181 0.73464 5.0E-5 
0.07721 0.1967 0.00236 0.59962 0.12411 
30 
0.12885 0.14543 0.3987 0.14028 0.18674 
0.00312 0.00186 0.74508 0.18987 0.06007 
0.06481 0.15852 0.13035 0.16129 0.48503 
0.12294 0.05325 0.69372 0.00695 0.12314 
0.02388 0.11905 0.79967 0.03915 0.01825 
0.32323 4.5E-4 0.3301 0.34599 2.3E-4 
30 
0.08994 0.01995 0.81867 0.0623 0.00914 
0.30109 0.00841 0.00688 0.67597 0.00765 
0.23258 0.7472 3.1E-4 0.01411 0.0058 
0.641 0.05381 0.24974 0.0077 0.04775 
0.44045 0.52652 0.00541 0.02432 0.0033 
0.01824 0.23597 0.00924 0.12488 0.61167 
30 
0.00155 0.0129 0.98017 5.9E-4 0.00479 
0.00465 0.25084 0.44693 0.01029 0.28729 
2.2E-4 0.36515 0.17838 0.45307 0.00318 
0.74158 0.10898 0.02803 0.11528 0.00613 
0.19911 5.9E-4 0.00925 0.00647 0.78458 
0.01561 0.09454 0.42641 0.16361 0.29983 

24 
0.00755 0.00677 0.00216 0.98352 
0.0654 0.08106 0.42329 0.43025 
0.39467 0.09631 0.46587 0.04315 
0.48952 0.24631 0.06561 0.19856 
0.10111 0.83046 0.00542 0.06301 
0.33108 0.01736 0.21623 0.43533 
24 
0.11918 0.3184 0.54935 0.01307 
0.44267 0.29436 0.05191 0.21106 
0.0513 0.10361 0.80819 0.0369 
0.89972 0.04351 0.0478 0.00897 
0.21899 0.62828 0.14591 0.00682 
5.4E-4 0.68486 0.00982 0.30478 
24 
0.01044 0.08895 0.2447 0.65591 
0.41896 0.10476 0.06211 0.41417 
0.42121 0.1729 0.24417 0.16172 
0.14974 0.35975 0.36861 0.1219 
0.0057 0.00611 0.94583 0.04236 
0.39549 0.06606 0.47887 0.05958 
24 
0.20485 0.49443 0.17514 0.12558 
0.0015 0.74646 0.01428 0.23776 
0.53635 0.03921 0.00666 0.41778 
0.72531 0.19036 0.01679 0.06754 
0.02522 0.05633 0.90468 0.01377 
0.9442 0.02882 0.02115 0.00583 
24 
0.02765 0.92154 0.04278 0.00803 
0.66629 0.00149 0.32888 0.00334 
0.98972 0.00138 0.00645 0.00245 
0.38003 0.19017 0.01472 0.41508 
0.05716 0.22837 0.63196 0.08251 
0.01775 0.01184 0.96334 0.00707 

4 
0.94641 0.05359 
0.39383 0.60617 
4 
0.49109 0.50891 
0.39942 0.60058 
4 
0.25635 0.74365 
0.94533 0.05467 
4 
0.79309 0.20691 
0.96682 0.03318 

4 
0.26618 0.73382 
0.39847 0.60153 
4 
0.32016 0.67984 
0.06706 0.93294 

18 
0.01162 0.30532 0.68306 
0.89965 0.03088 0.06947 
0.01115 0.9516 0.03725 
0.02829 0.08882 0.88289 
0.86763 0.07736 0.05501 
0.57777 0.04562 0.37661 
18 
0.08721 0.44778 0.46501 
0.60382 0.11092 0.28526 
0.82243 0.04002 0.13755 
0.22816 0.59022 0.18162 
0.04484 0.49098 0.46418 
0.53268 0.3428 0.12452 

4 
0.47913 0.52087 
0.68831 0.31169 
4 
0.86685 0.13315 
0.21665 0.78335 
4 
0.45421 0.54579 
0.75766 0.24234 
