V-CREDAL 
4 
2 3 3 3 
4 
1 0 
2 0 1 
2 1 2 
2 2 3 

4 
0.41411 0.58589 
0.15547 0.84453 

12 
0.06531 0.68586 0.24883 
0.64482 0.33052 0.02466 
0.72683 0.18353 0.08964 
0.48998 0.46326 0.04676 
12 
0.91708 0.02073 0.06219 
0.10802 0.02993 0.86205 
0.53735 0.41879 0.04386 
0.23564 0.39998 0.36438 

12 
0.12092 0.52911 0.34997 
0.13878 0.03091 0.83031 
0.59127 0.12677 0.28196 
0.42141 0.36906 0.20953 
12 
0.03602 0.47659 0.48739 
0.51605 0.12695 0.357 
0.17591 0.74718 0.07691 
0.60062 0.29074 0.10864 
12 
0.43726 0.54795 0.01479 
0.51594 0.04811 0.43595 
0.07994 0.61183 0.30823 
0.90582 0.01381 0.08037 

12 
0.00817 0.03939 0.95244 
0.67449 0.18479 0.14072 
0.59843 0.28854 0.11303 
0.26981 0.24375 0.48644 
12 
0.56684 0.29678 0.13638 
0.12983 0.0281 0.84207 
0.04117 0.08371 0.87512 
0.34272 0.29715 0.36013 
12 
0.09881 0.12833 0.77286 
0.86963 0.02224 0.10813 
0.45073 0.00939 0.53988 
0.47203 0.36669 0.16128 
