V-CREDAL 
4 
4 3 5 4 
4 
3 1 2 0 
1 1 
2 3 2 
1 3 

16 
0.0248 0.12146 0.3337 0.52004 
0.01893 0.79988 0.04109 0.1401 
0.43285 0.00538 0.29015 0.27162 
0.04166 0.65357 0.14517 0.1596 
16 
0.93234 0.02458 0.00713 0.03595 
0.15507 0.02518 0.73066 0.08909 
0.2843 0.41546 0.27089 0.02935 
0.01443 0.36117 0.07113 0.55327 
16 
0.81271 9.7E-4 0.18215 0.00417 
0.14758 0.84322 0.00671 0.00249 
0.30724 0.26837 0.25466 0.16973 
0.03017 0.57151 0.35725 0.04107 
16 
0.44258 0.07056 0.31505 0.17181 
0.02376 0.36065 0.46964 0.14595 
0.37796 0.26414 0.16164 0.19626 
0.01143 0.17474 0.30794 0.50589 
16 
0.11159 0.07455 0.48622 0.32764 
0.57475 0.06156 0.06568 0.29801 
0.36833 0.57027 0.02425 0.03715 
0.4151 0.27881 0.14567 0.16042 
16 
0.51586 0.20439 0.25475 0.025 
0.01392 0.082 0.81646 0.08762 
0.97352 0.01737 0.00112 0.00799 
0.02025 0.01078 0.96881 1.6E-4 
16 
0.69824 0.13014 0.13756 0.03406 
0.12076 0.16159 0.09722 0.62043 
0.26347 0.21596 0.1701 0.35047 
0.00359 0.02787 0.37864 0.5899 
16 
0.8342 0.07929 0.05641 0.0301 
0.24008 0.40138 0.33968 0.01886 
0.01842 0.4754 0.18599 0.32019 
0.0879 0.84681 0.02275 0.04254 
16 
0.05877 0.04475 0.31966 0.57682 
0.23877 0.09864 0.56779 0.0948 
0.01245 0.04245 0.39588 0.54922 
0.54765 0.25594 0.19216 0.00425 
16 
0.1831 0.73989 0.05496 0.02205 
0.12654 0.22853 0.34516 0.29977 
0.0251 0.51108 0.01734 0.44648 
0.04672 0.13195 0.58134 0.23999 
16 
0.04384 0.04104 0.41409 0.50103 
0.14074 0.03229 0.77788 0.04909 
0.03221 0.34099 0.55831 0.06849 
0.45314 0.06664 0.45199 0.02823 
16 
0.6171 0.36488 0.01016 0.00786 
0.06337 0.38547 0.23192 0.31924 
0.11806 0.69272 0.16212 0.0271 
0.18501 0.59572 0.09234 0.12693 
16 
0.00245 0.99441 0.00106 0.00208 
0.00604 0.02567 0.84006 0.12823 
0.0729 0.80047 0.11054 0.01609 
0.11129 0.01309 0.00572 0.8699 
16 
0.5051 0.25835 0.20137 0.03518 
0.32091 0.10121 0.51644 0.06144 
0.01515 0.29305 0.52414 0.16766 
0.4222 0.25404 0.19005 0.13371 
16 
0.05053 0.06991 0.87706 0.0025 
0.57117 0.26889 0.04515 0.11479 
0.00755 4.2E-4 0.96977 0.02226 
0.80542 0.04898 0.1324 0.0132 

12 
0.04564 0.1545 0.79986 
0.27719 0.45349 0.26932 
0.44434 0.49772 0.05794 
0.04872 0.20574 0.74554 

20 
0.39219 0.01146 0.40343 0.06026 0.13266 
0.18145 0.19948 0.41543 0.05396 0.14968 
0.00778 0.13735 0.76087 0.05356 0.04044 
0.00708 0.01734 0.00439 0.95128 0.01991 
20 
0.96386 0.00534 0.0288 7.0E-5 0.00193 
0.00736 0.18875 0.00184 0.76588 0.03617 
0.07526 0.00315 0.6589 0.26215 5.4E-4 
3.7E-4 0.00632 0.23307 0.73064 0.0296 
20 
0.00111 0.25204 6.1E-4 0.00972 0.73652 
0.00958 0.09412 0.01379 0.8406 0.04191 
0.58363 0.29289 0.00761 0.04935 0.06652 
0.04702 0.01915 0.19899 0.5272 0.20764 
20 
0.5133 0.07228 0.02799 0.00891 0.37752 
0.0018 0.83608 0.15073 0.01092 4.7E-4 
0.2315 0.04431 0.01652 0.02892 0.67875 
0.11932 0.78324 0.03784 0.05588 0.00372 

16 
0.01489 0.18832 0.54785 0.24894 
0.17088 0.6482 0.16504 0.01588 
0.24908 0.0131 0.01881 0.71901 
0.04397 0.90742 0.01691 0.0317 
