V-CREDAL
6
3 4 3 2 3 4
6
1 0
2 3 1
2 3 2
2 4 3
2 0 4
2 0 5

12
0.464 0.227 0.309
0.039 0.138 0.823
0.031 0.733 0.236
0.087 0.095 0.818

16
0.161 0.026 0.783 0.03
0.168 0.281 0.181 0.37
0.146 0.089 0.086 0.679
0.074 0.082 0.149 0.695
16
0.077 0.691 0.154 0.078
0.742 0.048 0.119 0.091
0.08 0.295 0.388 0.237
0.354 0.492 0.019 0.135

12
0.844 0.095 0.061
0.01 0.646 0.344
0.796 0.181 0.023
0.834 0.123 0.043
12
0.132 0.515 0.353
0.799 0.134 0.067
0.052 0.9 0.048
0.424 0.314 0.262

4
0.355 0.645
0.378 0.622
4
0.007 0.993
0.084 0.916
4
0.193 0.807
0.684 0.316

12
0.793 0.161 0.046
0.915 0.046 0.039
0.343 0.329 0.328
0.497 0.13 0.373
12
0.704 0.067 0.229
0.176 0.686 0.138
0.965 0.029 0.006
0.426 0.275 0.299
12
0.461 0.231 0.308
0.192 0.073 0.735
0.19 0.314 0.496
0.226 0.76 0.014

16
0.019 0.375 0.118 0.488
0.014 0.253 0.003 0.73
0.433 0.426 0.139 0.002
0.627 0.033 0.27 0.07
16
0.345 0.192 0.41 0.053
0.101 0.447 0.28 0.172
0.302 0.044 0.549 0.105
0.015 0.006 0.017 0.962
16
0.009 0.445 0.397 0.149
0.006 0.01 0.052 0.932
0.192 0.299 0.036 0.473
0.514 0.23 0.21 0.046
