V-CREDAL
5
2 2 3 4 3
5
1 0
2 0 1
2 1 2
2 2 3
2 3 4

4
0.634 0.366
0.061 0.939

4
0.906 0.094
0.89 0.11
4
0.8 0.2
0.717 0.283

12
0.176 0.659 0.165
0.924 0.065 0.011
0.143 0.223 0.634
0.561 0.037 0.402
12
0.474 0.045 0.481
0.943 0.015 0.042
0.068 0.172 0.76
0.032 0.746 0.222

16
0.728 0.196 0.015 0.061
0.269 0.454 0.078 0.199
0.044 0.327 0.12 0.509
0.152 0.427 0.196 0.225
16
0.115 0.548 0.199 0.138
0.033 0.785 0.177 0.005
0.372 0.027 0.551 0.05
0.095 0.007 0.001 0.897
16
0.061 0.116 0.126 0.697
0.026 0.0 0.838 0.136
0.083 0.479 0.219 0.219
0.286 0.164 0.014 0.536

12
0.004 0.054 0.942
0.48 0.481 0.039
0.234 0.684 0.082
0.916 0.032 0.052
12
0.236 0.192 0.572
0.024 0.215 0.761
0.372 0.363 0.265
0.02 0.959 0.021
12
0.542 0.379 0.079
0.012 0.732 0.256
0.432 0.098 0.47
0.006 0.007 0.987
12
0.034 0.95 0.016
0.014 0.906 0.08
0.144 0.624 0.232
0.002 0.742 0.256
