V-CREDAL 
10 
2 4 3 3 2 3 2 2 2 2 
10 
1 0 
2 0 1 
2 1 2 
2 2 3 
2 3 4 
2 4 5 
2 5 6 
2 6 7 
2 7 8 
2 8 9 

4 
0.7471 0.2529 
0.55194 0.44806 

24 
0.072 0.89536 0.02469 0.00795 
0.29905 0.02775 0.63342 0.03978 
0.04856 0.7077 0.18829 0.05545 
0.24653 0.45469 0.20293 0.09585 
0.12291 0.12347 0.14581 0.60781 
0.00558 0.02936 0.9576 0.00746 
24 
0.04148 0.09743 0.04369 0.8174 
0.0228 0.75527 0.06578 0.15615 
3.5E-4 0.00131 0.71211 0.28623 
0.16216 0.22257 0.48225 0.13302 
0.12911 0.42231 0.04482 0.40376 
0.00871 0.19375 0.08574 0.7118 

18 
0.01127 0.5245 0.46423 
0.08752 0.78811 0.12437 
0.00621 0.65389 0.3399 
0.17076 0.0079 0.82134 
0.17177 0.82441 0.00382 
0.55187 0.26475 0.18338 
18 
0.58572 0.09154 0.32274 
0.02705 0.95422 0.01873 
0.62426 0.36953 0.00621 
0.00148 0.00566 0.99286 
0.67912 0.25081 0.07007 
0.28169 0.02349 0.69482 
18 
0.24174 0.00469 0.75357 
0.17819 0.66577 0.15604 
0.04176 0.43128 0.52696 
0.66497 0.2308 0.10423 
0.11278 0.03798 0.84924 
0.04189 0.21062 0.74749 
18 
0.05524 0.30725 0.63751 
0.04096 0.66564 0.2934 
0.16378 0.06899 0.76723 
0.52325 0.00987 0.46688 
0.14051 0.84464 0.01485 
0.73121 0.20344 0.06535 

18 
0.87191 0.022 0.10609 
0.00982 0.03684 0.95334 
0.51138 0.31406 0.17456 
0.24671 0.47345 0.27984 
0.92391 0.03492 0.04117 
0.09461 0.25739 0.648 
18 
0.13104 0.86809 8.7E-4 
0.11867 0.33999 0.54134 
0.46465 0.0791 0.45625 
0.27785 0.69052 0.03163 
0.09253 0.38053 0.52694 
0.38112 0.00841 0.61047 
18 
0.89021 0.08021 0.02958 
0.89956 0.08992 0.01052 
0.06522 0.02471 0.91007 
6.9E-4 0.98725 0.01206 
0.78492 0.07133 0.14375 
0.02471 0.42914 0.54615 

4 
0.85002 0.14998 
0.83271 0.16729 
4 
0.75787 0.24213 
0.72804 0.27196 
4 
0.60864 0.39136 
0.8302 0.1698 

18 
0.01144 0.18007 0.80849 
0.70333 0.25498 0.04169 
0.14349 0.04222 0.81429 
0.05855 0.08175 0.8597 
0.10734 0.62884 0.26382 
0.54582 0.06023 0.39395 
18 
0.54112 0.12016 0.33872 
0.46804 0.46289 0.06907 
0.16168 0.45788 0.38044 
0.21631 0.01039 0.7733 
0.22022 0.57113 0.20865 
0.16633 0.04717 0.7865 

4 
0.65436 0.34564 
0.94459 0.05541 
4 
0.28008 0.71992 
0.33723 0.66277 
4 
0.35113 0.64887 
0.92458 0.07542 

4 
0.47533 0.52467 
0.42068 0.57932 
4 
0.50968 0.49032 
0.92397 0.07603 

4 
0.94445 0.05555 
0.19818 0.80182 
4 
0.9589 0.0411 
0.32906 0.67094 

4 
0.20415 0.79585 
0.30784 0.69216 
4 
0.90295 0.09705 
0.68183 0.31817 
