V-CREDAL 
4 
2 2 4 4 
4 
1 0 
2 0 1 
2 1 2 
2 2 3 

4 
0.28199 0.71801 
0.02161 0.97839 

4 
0.11666 0.88334 
0.0258 0.9742 
4 
0.21097 0.78903 
0.9407 0.0593 

16 
0.07239 0.06887 0.71957 0.13917 
0.66671 0.09069 0.10482 0.13778 
0.33826 0.24197 0.10664 0.31313 
0.02379 0.02313 0.95187 0.00121 
16 
0.80091 0.09128 0.10166 0.00615 
0.64491 0.01463 0.19516 0.1453 
0.42032 0.2846 0.08929 0.20579 
0.2215 0.04771 0.68088 0.04991 

16 
0.22721 0.60412 0.16676 0.00191 
0.20641 0.09122 0.63515 0.06722 
0.03262 0.80302 0.15604 0.00832 
3.0E-5 0.02278 4.0E-5 0.97715 
16 
0.87351 0.05969 0.05712 0.00968 
0.0368 0.20339 0.01815 0.74166 
0.83643 0.0557 0.00237 0.1055 
0.09138 0.33085 0.57076 0.00701 
16 
5.7E-4 0.02457 0.58248 0.39238 
0.0548 0.30267 0.58136 0.06117 
0.10098 0.03151 0.17274 0.69477 
0.39865 0.29128 0.1856 0.12447 
16 
0.49912 0.15522 0.14088 0.20478 
0.17014 0.48269 0.3137 0.03347 
0.00319 0.0156 0.0468 0.93441 
0.06303 0.14567 0.09226 0.69904 
