V-CREDAL 
4 
2 3 2 3 
4 
2 2 0 
1 1 
2 1 2 
2 2 3 

4 
0.62958 0.37042 
0.86051 0.13949 
4 
0.19902 0.80098 
0.5983 0.4017 

12 
0.14876 0.5675 0.28374 
0.66824 0.29901 0.03275 
0.23369 0.75645 0.00986 
0.5656 0.12401 0.31039 

4 
0.71551 0.28449 
0.19826 0.80174 
4 
0.47677 0.52323 
0.8581 0.1419 
4 
0.61245 0.38755 
0.84648 0.15352 

12 
0.12429 0.04145 0.83426 
0.28034 0.20759 0.51207 
0.12801 0.11935 0.75264 
0.81571 0.09141 0.09288 
12 
0.09868 0.34604 0.55528 
0.09104 0.31037 0.59859 
0.17205 0.53229 0.29566 
0.6787 0.14107 0.18023 
