V-CREDAL 
4 
2 3 2 3 
4 
2 2 0 
1 1 
2 1 2 
2 2 3 

4 
0.65743 0.34257 
0.57848 0.42152 
4 
0.8887 0.1113 
0.87188 0.12812 

18 
0.04245 0.01143 0.94612 
0.00609 0.96748 0.02643 
0.91411 0.04854 0.03735 
0.81666 0.16175 0.02159 
8.3E-4 0.01573 0.98344 
0.40496 0.00642 0.58862 

4 
0.39492 0.60508 
0.10183 0.89817 
4 
0.93266 0.06734 
0.04803 0.95197 
4 
0.01515 0.98485 
0.64765 0.35235 

18 
0.79549 0.10521 0.0993 
0.14464 0.01748 0.83788 
0.00612 0.83364 0.16024 
0.39611 0.60015 0.00374 
0.00437 0.98067 0.01496 
0.53085 0.06039 0.40876 
18 
0.04695 0.84815 0.1049 
0.01403 0.52883 0.45714 
0.59834 0.14596 0.2557 
0.42483 0.11282 0.46235 
0.08123 0.89254 0.02623 
0.04734 0.35967 0.59299 
