V-CREDAL 
6 
3 3 3 3 3 2 
6 
1 0 
2 0 1 
2 1 2 
2 2 3 
2 3 4 
2 4 5 

12 
0.12513 0.57219 0.30268 
0.02865 0.97128 7.0E-5 
0.58754 0.3384 0.07406 
0.47556 0.15674 0.3677 

12 
0.29429 0.47973 0.22598 
0.73227 0.09313 0.1746 
0.39669 0.57033 0.03298 
0.18428 0.7701 0.04562 
12 
0.0344 0.58155 0.38405 
0.42353 0.4811 0.09537 
0.6772 0.05995 0.26285 
0.60756 0.10005 0.29239 
12 
0.12639 0.48783 0.38578 
0.69005 0.27745 0.0325 
0.10354 0.37297 0.52349 
0.94422 0.02797 0.02781 

12 
0.03323 0.94693 0.01984 
0.69811 0.04536 0.25653 
0.05116 0.39072 0.55812 
0.94955 0.03645 0.014 
12 
0.04396 0.94711 0.00893 
0.95263 4.0E-5 0.04733 
0.03762 0.26792 0.69446 
0.57896 0.02411 0.39693 
12 
0.05156 0.02523 0.92321 
0.27699 0.00944 0.71357 
0.25532 0.11112 0.63356 
0.14519 0.43459 0.42022 

12 
0.97474 0.00465 0.02061 
0.10169 0.0928 0.80551 
0.35002 0.58904 0.06094 
0.16575 0.67202 0.16223 
12 
0.03093 0.03673 0.93234 
0.13864 0.0169 0.84446 
0.64684 0.13851 0.21465 
0.18384 0.7235 0.09266 
12 
0.06719 0.73891 0.1939 
0.08151 0.8984 0.02009 
0.75593 0.08642 0.15765 
0.28389 0.6818 0.03431 

12 
0.07794 0.0972 0.82486 
0.52538 0.39345 0.08117 
0.01315 0.14946 0.83739 
0.31301 0.56857 0.11842 
12 
0.26758 0.57991 0.15251 
0.43038 0.34094 0.22868 
0.17699 0.06544 0.75757 
0.3688 0.16333 0.46787 
12 
0.30027 0.30451 0.39522 
0.81398 4.3E-4 0.18559 
0.8135 0.03144 0.15506 
0.65724 0.0634 0.27936 

4 
0.75146 0.24854 
0.49968 0.50032 
4 
0.92782 0.07218 
0.92179 0.07821 
4 
0.23547 0.76453 
0.04973 0.95027 
