V-CREDAL
6
2 3 3 2 4 4
6
2 2 0
3 2 3 1
1 2
1 3
3 3 5 4
1 5

4
0.609 0.391
0.879 0.121
4
0.823 0.177
0.994 0.006
4
0.051 0.949
0.476 0.524

12
0.001 0.006 0.993
0.256 0.025 0.719
0.009 0.737 0.254
0.611 0.158 0.231
12
0.01 0.986 0.004
0.486 0.215 0.299
0.04 0.407 0.553
0.207 0.757 0.036
12
0.38 0.557 0.063
0.013 0.011 0.976
0.803 0.029 0.168
0.125 0.59 0.285
12
0.331 0.627 0.042
0.054 0.248 0.698
0.19 0.437 0.373
0.431 0.169 0.4
12
0.226 0.298 0.476
0.824 0.158 0.018
0.045 0.117 0.838
0.973 0.005 0.022
12
0.106 0.151 0.743
0.312 0.558 0.13
0.009 0.728 0.263
0.305 0.648 0.047

12
0.018 0.72 0.262
0.465 0.095 0.44
0.393 0.384 0.223
0.313 0.04 0.647

4
0.249 0.751
0.138 0.862

16
0.695 0.084 0.117 0.104
0.011 0.01 0.973 0.006
0.163 0.049 0.344 0.444
0.293 0.322 0.021 0.364
16
0.137 0.351 0.082 0.43
0.03 0.616 0.022 0.332
0.126 0.029 0.036 0.809
0.018 0.604 0.007 0.371
16
0.595 0.147 0.208 0.05
0.004 0.985 0.008 0.003
0.008 0.621 0.04 0.331
0.357 0.086 0.26 0.297
16
0.414 0.139 0.053 0.394
0.462 0.134 0.038 0.366
0.006 0.182 0.195 0.617
0.574 0.284 0.056 0.086
16
0.044 0.484 0.381 0.091
0.039 0.562 0.033 0.366
0.977 0.003 0.008 0.012
0.06 0.053 0.381 0.506
16
0.021 0.97 0.007 0.002
0.005 0.023 0.786 0.186
0.069 0.033 0.038 0.86
0.251 0.4 0.297 0.052
16
0.167 0.166 0.513 0.154
0.425 0.528 0.028 0.019
0.536 0.049 0.354 0.061
0.016 0.968 0.007 0.009
16
0.103 0.181 0.6 0.116
0.451 0.275 0.006 0.268
0.458 0.201 0.145 0.196
0.29 0.021 0.645 0.044

16
0.396 0.505 0.071 0.028
0.009 0.736 0.03 0.225
0.048 0.18 0.643 0.129
0.101 0.658 0.181 0.06
