V-CREDAL 
10 
4 2 3 3 2 3 4 3 3 3 
10 
3 1 7 0 
2 9 1 
1 2 
1 3 
2 5 4 
1 5 
3 3 5 6 
3 2 3 7 
2 7 8 
1 9 

16 
0.14451 0.21682 0.27092 0.36775 
0.25236 0.09741 0.26976 0.38047 
0.12538 0.57154 0.29032 0.01276 
0.07262 2.2E-4 0.85501 0.07215 
16 
0.2109 0.25869 0.5237 0.00671 
0.98933 0.00117 0.00782 0.00168 
0.15336 0.31009 0.53021 0.00634 
7.7E-4 0.20488 0.29083 0.50352 
16 
0.89354 0.00364 0.09707 0.00575 
0.08583 0.74457 0.14494 0.02466 
0.11091 0.20829 0.38564 0.29516 
0.15284 0.00164 0.05713 0.78839 
16 
0.21354 0.07451 0.36415 0.3478 
0.38526 0.10662 0.46914 0.03898 
0.94022 0.00468 0.04199 0.01311 
0.44915 0.08836 0.0791 0.38339 
16 
0.59514 0.03017 0.09372 0.28097 
0.01082 0.02801 0.95431 0.00686 
0.63316 0.063 0.21601 0.08783 
0.02123 0.0091 0.74521 0.22446 
16 
0.0152 0.04924 0.63651 0.29905 
0.07197 0.03576 0.09283 0.79944 
0.00452 0.61155 0.35135 0.03258 
0.03021 0.82405 0.07623 0.06951 

4 
0.6724 0.3276 
0.33601 0.66399 
4 
0.18571 0.81429 
0.25273 0.74727 
4 
0.04255 0.95745 
0.96868 0.03132 

12 
0.8823 0.11363 0.00407 
0.00143 0.99279 0.00578 
0.09485 0.04571 0.85944 
0.87504 0.04129 0.08367 

12 
0.34132 0.63084 0.02784 
0.05222 0.70117 0.24661 
0.61072 0.07878 0.3105 
0.10799 0.19224 0.69977 

4 
0.65028 0.34972 
0.74174 0.25826 
4 
0.30035 0.69965 
0.52047 0.47953 
4 
0.2452 0.7548 
0.76919 0.23081 

12 
0.05653 0.23884 0.70463 
0.08969 0.86212 0.04819 
0.38858 0.4255 0.18592 
0.24252 0.29671 0.46077 

16 
0.31626 0.09018 0.52457 0.06899 
0.20934 0.5744 0.12536 0.0909 
0.51374 0.22025 0.22599 0.04002 
0.45306 0.14386 0.00265 0.40043 
16 
0.34332 0.19699 0.1107 0.34899 
0.3148 0.10969 0.51755 0.05796 
0.02004 0.00725 0.48267 0.49004 
0.04535 0.3264 0.45634 0.17191 
16 
0.02231 0.365 0.54354 0.06915 
0.20658 0.27989 0.17191 0.34162 
0.17762 0.00845 0.34539 0.46854 
0.62537 0.02646 0.30799 0.04018 
16 
0.24134 0.04217 0.592 0.12449 
0.08431 0.03778 0.84365 0.03426 
0.07412 0.76185 0.04075 0.12328 
0.18723 0.33367 0.02619 0.45291 
16 
0.00643 0.93169 0.0494 0.01248 
0.07419 0.86267 0.04329 0.01985 
0.01267 0.48502 0.42148 0.08083 
0.2071 0.08777 0.22384 0.48129 
16 
0.19212 0.80385 0.00132 0.00271 
0.02575 0.29311 0.67769 0.00345 
0.96362 0.00191 0.03409 3.8E-4 
0.1559 0.09575 0.67976 0.06859 
16 
0.0249 0.42156 0.13677 0.41677 
0.01312 0.29885 0.51591 0.17212 
0.01897 0.01398 0.53459 0.43246 
0.02322 0.91416 0.00915 0.05347 
16 
0.89268 0.03408 0.05551 0.01773 
0.01799 0.20741 0.02275 0.75185 
0.00109 0.15089 0.84414 0.00388 
0.20053 0.73825 0.00918 0.05204 
16 
0.05983 0.02023 0.01141 0.90853 
0.02703 0.53069 0.44059 0.00169 
0.84698 0.01654 0.0756 0.06088 
0.43312 0.14509 0.01626 0.40553 

12 
0.1039 0.75959 0.13651 
0.10883 0.11119 0.77998 
0.65451 0.10061 0.24488 
0.36705 0.05364 0.57931 
12 
0.88223 0.03287 0.0849 
0.31625 0.28983 0.39392 
0.7088 0.23173 0.05947 
0.38903 0.53642 0.07455 
12 
0.7492 0.14212 0.10868 
0.30715 0.68693 0.00592 
0.59471 0.19867 0.20662 
0.11721 0.38775 0.49504 
12 
0.8034 0.11145 0.08515 
0.44169 0.03835 0.51996 
0.00814 0.52668 0.46518 
0.09924 0.15792 0.74284 
12 
0.42302 0.02041 0.55657 
0.04739 0.77298 0.17963 
0.00833 0.74911 0.24256 
0.51969 0.47241 0.0079 
12 
0.12943 0.23725 0.63332 
0.56066 0.04695 0.39239 
0.09108 0.83826 0.07066 
0.41376 0.31234 0.2739 
12 
0.04281 0.94972 0.00747 
0.33847 0.57867 0.08286 
0.01144 0.16482 0.82374 
0.56007 0.08716 0.35277 
12 
0.55956 0.42054 0.0199 
0.11641 0.07856 0.80503 
0.00471 0.25915 0.73614 
0.44867 0.02499 0.52634 
12 
0.36426 0.62603 0.00971 
0.1728 0.21022 0.61698 
0.81875 0.03597 0.14528 
0.87796 0.1167 0.00534 

12 
0.2963 0.57461 0.12909 
0.33998 0.46225 0.19777 
0.12847 0.24706 0.62447 
0.06392 0.64898 0.2871 
12 
0.43362 0.39883 0.16755 
0.1125 0.81958 0.06792 
0.17974 0.33166 0.4886 
0.3616 0.58001 0.05839 
12 
0.23796 0.14229 0.61975 
0.505 0.00992 0.48508 
0.34073 0.08364 0.57563 
0.47847 0.52004 0.00149 

12 
0.25246 0.26007 0.48747 
0.06905 0.91709 0.01386 
0.04464 0.8901 0.06526 
0.11402 0.79257 0.09341 
