V-CREDAL 
8 
2 3 3 3 2 2 2 2 
8 
1 0 
2 0 1 
2 1 2 
2 2 3 
2 3 4 
2 4 5 
2 5 6 
2 6 7 

4 
0.0501 0.9499 
0.85828 0.14172 

18 
0.0435 0.95211 0.00439 
0.00778 0.05392 0.9383 
0.73252 0.20826 0.05922 
0.36736 0.00451 0.62813 
0.82519 0.01186 0.16295 
0.13577 0.01669 0.84754 
18 
0.171 0.02891 0.80009 
0.78796 0.01625 0.19579 
0.46468 0.47369 0.06163 
0.38413 0.01854 0.59733 
0.19788 0.38773 0.41439 
0.35987 0.60717 0.03296 

18 
0.12908 0.52223 0.34869 
0.68999 0.21634 0.09367 
0.04025 0.13787 0.82188 
0.44277 0.11252 0.44471 
0.25819 0.59885 0.14296 
0.39789 0.55139 0.05072 
18 
0.65746 0.16937 0.17317 
0.77132 0.21284 0.01584 
0.03585 0.91434 0.04981 
0.01779 0.05804 0.92417 
0.01876 0.4799 0.50134 
0.22314 0.00554 0.77132 
18 
0.74773 0.18127 0.071 
0.57313 0.38763 0.03924 
0.14921 0.76941 0.08138 
0.4523 0.09598 0.45172 
0.32798 0.66557 0.00645 
0.18683 0.06743 0.74574 

18 
0.51787 0.33691 0.14522 
0.05118 0.27328 0.67554 
0.0941 0.69719 0.20871 
0.05557 0.04586 0.89857 
0.53319 0.09199 0.37482 
0.39873 0.4516 0.14967 
18 
0.78155 0.09688 0.12157 
0.07106 0.90349 0.02545 
0.66149 0.33679 0.00172 
0.08549 0.58134 0.33317 
0.3664 0.11012 0.52348 
0.75719 0.05821 0.1846 
18 
0.26773 0.70187 0.0304 
0.43889 0.06126 0.49985 
0.0233 0.68733 0.28937 
0.10215 0.82853 0.06932 
0.07435 0.04672 0.87893 
0.16941 0.0155 0.81509 

4 
0.73066 0.26934 
0.59508 0.40492 
4 
0.00139 0.99861 
0.19786 0.80214 
4 
0.00678 0.99322 
0.79151 0.20849 

4 
0.73865 0.26135 
0.53719 0.46281 
4 
0.30141 0.69859 
0.18658 0.81342 

4 
0.97633 0.02367 
0.09381 0.90619 
4 
0.2098 0.7902 
0.7681 0.2319 

4 
0.05774 0.94226 
0.18189 0.81811 
4 
0.91043 0.08957 
0.97497 0.02503 
