V-CREDAL
6
4 3 2 3 3 3
6
1 0
2 0 1
2 1 2
2 2 3
2 3 4
2 4 5

24
0.001 0.015 0.002 0.982
0.018 0.066 0.035 0.881
0.275 0.335 0.05 0.34
0.023 0.04 0.414 0.523
0.715 0.251 0.016 0.018
0.399 0.087 0.01 0.504

18
0.923 0.02 0.057
0.88 0.086 0.034
0.122 0.069 0.809
0.003 0.975 0.022
0.075 0.336 0.589
0.792 0.028 0.18
18
0.614 0.014 0.372
0.205 0.245 0.55
0.323 0.065 0.612
0.019 0.651 0.33
0.241 0.579 0.18
0.314 0.485 0.201
18
0.126 0.741 0.133
0.628 0.042 0.33
0.186 0.001 0.813
0.39 0.484 0.126
0.197 0.753 0.05
0.527 0.232 0.241
18
0.265 0.536 0.199
0.6 0.088 0.312
0.047 0.052 0.901
0.443 0.018 0.539
0.114 0.207 0.679
0.492 0.403 0.105

4
0.657 0.343
0.496 0.504
4
0.505 0.495
0.017 0.983
4
0.1 0.9
0.862 0.138

18
0.24 0.028 0.732
0.661 0.208 0.131
0.259 0.702 0.039
0.108 0.048 0.844
0.016 0.9 0.084
0.621 0.116 0.263
18
0.227 0.764 0.009
0.01 0.607 0.383
0.798 0.097 0.105
0.008 0.95 0.042
0.063 0.074 0.863
0.361 0.608 0.031

18
0.489 0.481 0.03
0.714 0.249 0.037
0.018 0.862 0.12
0.549 0.026 0.425
0.13 0.159 0.711
0.089 0.827 0.084
18
0.02 0.034 0.946
0.877 0.012 0.111
0.051 0.92 0.029
0.392 0.599 0.009
0.025 0.904 0.071
0.002 0.816 0.182
18
0.996 0.002 0.002
0.082 0.105 0.813
0.054 0.713 0.233
0.03 0.359 0.611
0.271 0.004 0.725
0.388 0.547 0.065

18
0.189 0.681 0.13
0.021 0.478 0.501
0.414 0.023 0.563
0.943 0.012 0.045
0.338 0.625 0.037
0.222 0.208 0.57
18
0.003 0.093 0.904
0.014 0.928 0.058
0.032 0.961 0.007
0.995 0.003 0.002
0.131 0.009 0.86
0.006 0.507 0.487
18
0.627 0.185 0.188
0.106 0.888 0.006
0.047 0.036 0.917
0.216 0.011 0.773
0.059 0.446 0.495
0.694 0.055 0.251
