V-CREDAL 
10 
4 2 4 3 4 2 2 4 4 2 
10 
1 0 
2 0 1 
2 1 2 
2 2 3 
2 3 4 
2 4 5 
2 5 6 
2 6 7 
2 7 8 
2 8 9 

24 
0.29649 0.56672 0.03458 0.10221 
0.03965 0.34836 0.00149 0.6105 
3.0E-5 0.94225 0.0193 0.03842 
0.03159 0.88793 0.06108 0.0194 
0.31304 0.00414 0.54651 0.13631 
0.02193 0.02161 0.06369 0.89277 

4 
0.5884 0.4116 
0.52774 0.47226 
4 
0.64905 0.35095 
0.29736 0.70264 
4 
0.8793 0.1207 
0.89962 0.10038 
4 
0.55513 0.44487 
0.23328 0.76672 

24 
0.77808 0.00592 0.21045 0.00555 
0.02935 5.8E-4 9.1E-4 0.96916 
0.07131 0.2972 0.60532 0.02617 
0.06713 0.29586 0.05075 0.58626 
0.02276 0.42318 0.12981 0.42425 
0.02746 0.06228 0.55493 0.35533 
24 
0.33637 0.22755 0.03576 0.40032 
4.9E-4 0.00353 0.50361 0.49237 
0.51155 0.118 0.02306 0.34739 
0.02258 0.29385 0.56582 0.11775 
0.0105 0.84846 0.12406 0.01698 
0.52073 0.13734 0.00409 0.33784 

18 
0.01813 0.94915 0.03272 
0.02425 0.74061 0.23514 
0.67675 0.01077 0.31248 
0.65744 0.30953 0.03303 
0.2166 0.01916 0.76424 
0.71602 0.09467 0.18931 
18 
0.85352 0.11419 0.03229 
0.02196 0.03945 0.93859 
0.04925 0.65011 0.30064 
0.03299 0.40422 0.56279 
0.89327 0.0517 0.05503 
0.24645 0.61964 0.13391 
18 
0.99684 0.00117 0.00199 
0.40019 0.01269 0.58712 
0.00619 0.0423 0.95151 
0.18939 0.71371 0.0969 
0.76676 8.8E-4 0.23236 
0.46961 0.52736 0.00303 
18 
0.03877 0.9205 0.04073 
0.73372 0.23764 0.02864 
0.33606 0.08243 0.58151 
0.59053 0.08095 0.32852 
0.2378 0.22847 0.53373 
0.43005 0.07545 0.4945 

24 
0.79852 0.01347 0.00849 0.17952 
0.59875 0.01594 0.35364 0.03167 
0.0836 0.01256 0.00109 0.90275 
0.30424 0.55872 0.07232 0.06472 
0.05947 0.08486 0.28077 0.5749 
0.07886 0.09129 0.82343 0.00642 
24 
0.5303 0.09349 0.23596 0.14025 
0.30291 0.03624 0.2294 0.43145 
0.56339 0.00781 0.00712 0.42168 
0.93804 0.01374 0.04171 0.00651 
0.02219 0.7143 0.07419 0.18932 
0.06492 0.06723 0.22234 0.64551 
24 
0.01512 0.00629 0.07277 0.90582 
0.07504 0.03749 0.72448 0.16299 
0.13409 0.39727 4.8E-4 0.46816 
0.02404 0.05447 0.00829 0.9132 
0.67568 0.28784 0.01142 0.02506 
0.58842 0.08407 0.24275 0.08476 

4 
0.48074 0.51926 
0.70992 0.29008 
4 
0.28831 0.71169 
0.83236 0.16764 
4 
0.23097 0.76903 
0.77413 0.22587 
4 
0.28089 0.71911 
0.13227 0.86773 

4 
0.03491 0.96509 
0.24207 0.75793 
4 
0.77154 0.22846 
0.20625 0.79375 

24 
0.07314 0.52128 0.38897 0.01661 
0.95719 0.02003 0.00593 0.01685 
0.6338 0.10438 0.00919 0.25263 
0.17839 0.07976 0.5525 0.18935 
0.05939 0.06151 0.01654 0.86256 
0.31984 0.62526 0.03456 0.02034 
24 
0.17886 0.48582 0.04254 0.29278 
0.0178 0.13888 0.26471 0.57861 
0.2193 0.11805 0.00925 0.6534 
0.36646 0.32672 0.28014 0.02668 
0.04644 0.67853 0.01541 0.25962 
0.13554 0.21391 0.57207 0.07848 

24 
0.75917 0.1814 0.02665 0.03278 
0.14974 0.12651 0.55191 0.17184 
0.53566 0.06025 0.1998 0.20429 
0.01117 0.95666 0.03159 5.8E-4 
0.08149 0.0067 0.09091 0.8209 
0.09435 0.85107 0.02101 0.03357 
24 
0.15398 0.00878 0.71378 0.12346 
0.06142 0.52069 0.29276 0.12513 
0.06793 0.40802 0.03973 0.48432 
0.74754 0.17759 0.06978 0.00509 
0.02005 0.03168 0.93858 0.00969 
0.21593 0.00181 0.02204 0.76022 
24 
0.05857 2.8E-4 0.00289 0.93826 
0.20366 0.26435 0.37872 0.15327 
0.28911 0.4411 0.12029 0.1495 
0.14088 0.07928 0.76898 0.01086 
0.15376 0.17483 0.29694 0.37447 
0.47943 0.24904 0.12823 0.1433 
24 
0.05101 0.15684 0.07109 0.72106 
0.04906 0.07198 0.06845 0.81051 
0.06857 0.49552 0.40896 0.02695 
0.21268 0.24054 0.32166 0.22512 
0.66982 0.04944 0.25503 0.02571 
0.12668 0.70018 0.13747 0.03567 

4 
0.10375 0.89625 
0.58327 0.41673 
4 
0.13585 0.86415 
0.8224 0.1776 
4 
0.54191 0.45809 
0.73503 0.26497 
4 
0.67287 0.32713 
0.4233 0.5767 
