V-CREDAL 
10 
2 3 2 2 2 2 3 3 2 2 
10 
3 1 5 0 
1 1 
2 7 2 
1 3 
3 3 7 4 
2 2 5 
2 0 6 
1 7 
2 7 8 
2 5 9 

4 
0.09688 0.90312 
0.56191 0.43809 
4 
0.5899 0.4101 
0.83815 0.16185 
4 
0.12398 0.87602 
0.24555 0.75445 
4 
0.28603 0.71397 
0.91178 0.08822 
4 
0.41075 0.58925 
0.53115 0.46885 
4 
0.16713 0.83287 
0.56258 0.43742 

12 
0.53044 0.10085 0.36871 
0.07994 0.42051 0.49955 
0.73958 0.23143 0.02899 
0.81676 0.13252 0.05072 

4 
0.68 0.32 
0.0303 0.9697 
4 
0.7628 0.2372 
0.66339 0.33661 
4 
0.69456 0.30544 
0.58752 0.41248 

4 
0.46981 0.53019 
0.42963 0.57037 

4 
0.82644 0.17356 
0.47247 0.52753 
4 
0.08907 0.91093 
0.8593 0.1407 
4 
0.73249 0.26751 
0.37333 0.62667 
4 
0.14292 0.85708 
0.65227 0.34773 
4 
0.8249 0.1751 
0.9104 0.0896 
4 
0.68802 0.31198 
0.19738 0.80262 

4 
0.73635 0.26365 
0.5896 0.4104 
4 
0.65323 0.34677 
0.65638 0.34362 

12 
0.0185 0.96569 0.01581 
0.76415 0.222 0.01385 
0.31661 0.13159 0.5518 
0.12376 0.57145 0.30479 
12 
0.08072 0.69647 0.22281 
0.14488 0.4446 0.41052 
0.24768 0.44454 0.30778 
0.06634 0.51085 0.42281 

12 
0.32989 0.0603 0.60981 
0.94804 0.01539 0.03657 
0.48034 0.29871 0.22095 
0.17215 0.37064 0.45721 

4 
0.09446 0.90554 
0.05696 0.94304 
4 
0.00255 0.99745 
0.32016 0.67984 
4 
0.80386 0.19614 
0.55481 0.44519 

4 
0.25499 0.74501 
0.75041 0.24959 
4 
0.17676 0.82324 
0.09975 0.90025 
