V-CREDAL
8
4 2 2 4 4 2 4 2
8
1 0
2 0 1
2 1 2
2 2 3
2 3 4
2 4 5
2 5 6
2 6 7

16
0.006 0.633 0.025 0.336
0.249 0.013 0.738 0.0
0.767 0.005 0.007 0.221
0.152 0.041 0.756 0.051

4
0.375 0.625
0.009 0.991
4
0.786 0.214
0.039 0.961
4
0.568 0.432
0.189 0.811
4
0.275 0.725
0.901 0.099

4
0.922 0.078
0.455 0.545
4
0.545 0.455
0.904 0.096

16
0.009 0.101 0.004 0.886
0.007 0.959 0.034 0.0
0.172 0.03 0.052 0.746
0.671 0.031 0.215 0.083
16
0.135 0.014 0.492 0.359
0.131 0.342 0.474 0.053
0.199 0.318 0.095 0.388
0.276 0.626 0.036 0.062

16
0.003 0.005 0.32 0.672
0.122 0.043 0.566 0.269
0.219 0.371 0.335 0.075
0.074 0.309 0.152 0.465
16
0.005 0.985 0.006 0.004
0.14 0.313 0.519 0.028
0.006 0.44 0.485 0.069
0.917 0.036 0.025 0.022
16
0.656 0.024 0.291 0.029
0.059 0.784 0.089 0.068
0.272 0.055 0.071 0.602
0.01 0.022 0.088 0.88
16
0.07 0.644 0.046 0.24
0.055 0.014 0.912 0.019
0.243 0.714 0.035 0.008
0.075 0.191 0.64 0.094

4
0.569 0.431
0.289 0.711
4
0.894 0.106
0.249 0.751
4
0.331 0.669
0.935 0.065
4
0.161 0.839
0.975 0.025

16
0.023 0.226 0.671 0.08
0.107 0.029 0.688 0.176
0.027 0.041 0.303 0.629
0.001 0.03 0.046 0.923
16
0.364 0.076 0.182 0.378
0.472 0.054 0.331 0.143
0.125 0.085 0.047 0.743
0.018 0.13 0.022 0.83

4
0.434 0.566
0.896 0.104
4
0.933 0.067
0.967 0.033
4
0.386 0.614
0.359 0.641
4
0.26 0.74
0.815 0.185
