V-CREDAL 
8 
3 2 2 3 2 3 3 2 
8 
1 0 
2 0 1 
2 1 2 
2 2 3 
2 3 4 
2 4 5 
2 5 6 
2 6 7 

12 
0.24084 0.00795 0.75121 
0.58714 0.15877 0.25409 
0.61628 0.10412 0.2796 
0.22151 0.57006 0.20843 

4 
0.86673 0.13327 
0.08561 0.91439 
4 
0.73167 0.26833 
0.30808 0.69192 
4 
0.56268 0.43732 
0.60183 0.39817 

4 
0.51441 0.48559 
0.26424 0.73576 
4 
0.05022 0.94978 
0.30623 0.69377 

12 
0.09754 0.81224 0.09022 
0.96121 0.03036 0.00843 
0.13933 0.27598 0.58469 
0.31 0.06688 0.62312 
12 
0.3183 0.60855 0.07315 
0.45729 0.48816 0.05455 
0.37918 0.23152 0.3893 
0.97821 0.02139 4.0E-4 

4 
0.2557 0.7443 
0.73656 0.26344 
4 
0.00234 0.99766 
0.81433 0.18567 
4 
0.86176 0.13824 
0.33306 0.66694 

12 
0.04439 0.81228 0.14333 
0.18911 0.66482 0.14607 
0.00674 0.00303 0.99023 
0.24253 0.57464 0.18283 
12 
0.87413 0.05457 0.0713 
0.03539 0.88169 0.08292 
0.26102 0.50726 0.23172 
0.70155 0.23617 0.06228 

12 
0.11472 0.18874 0.69654 
0.98971 0.00337 0.00692 
0.13833 0.06245 0.79922 
0.79966 0.00614 0.1942 
12 
0.30438 0.07695 0.61867 
0.75367 0.23202 0.01431 
0.14154 0.75203 0.10643 
0.03204 0.55495 0.41301 
12 
0.78532 0.13039 0.08429 
0.76662 0.04364 0.18974 
0.20475 0.44085 0.3544 
0.29242 0.41352 0.29406 

4 
0.77798 0.22202 
0.88694 0.11306 
4 
0.13851 0.86149 
0.43465 0.56535 
4 
0.80023 0.19977 
0.35726 0.64274 
