V-CREDAL 
8 
2 3 2 3 3 2 2 3 
8 
2 2 0 
2 7 1 
2 6 2 
2 6 3 
3 1 5 4 
2 6 5 
1 6 
1 7 

4 
0.34122 0.65878 
0.94594 0.05406 
4 
0.08433 0.91567 
0.46585 0.53415 

12 
0.32304 0.10105 0.57591 
0.3272 0.19626 0.47654 
0.59901 0.2613 0.13969 
0.50233 0.1396 0.35807 
12 
0.17006 0.41738 0.41256 
0.92438 0.03084 0.04478 
0.06286 0.07832 0.85882 
0.17854 0.03734 0.78412 
12 
0.42717 0.16148 0.41135 
0.16365 0.55225 0.2841 
0.62461 0.33281 0.04258 
0.16392 0.39531 0.44077 

4 
0.9278 0.0722 
0.20329 0.79671 
4 
0.98384 0.01616 
0.34705 0.65295 

12 
0.124 0.71035 0.16565 
0.50128 0.3 0.19872 
0.35237 0.17663 0.471 
0.19823 0.73335 0.06842 
12 
0.73138 0.02651 0.24211 
0.07371 0.75582 0.17047 
0.15312 0.45304 0.39384 
0.41668 0.56626 0.01706 

12 
0.17967 0.67329 0.14704 
0.79652 0.07548 0.128 
0.85539 0.05105 0.09356 
0.2407 0.50511 0.25419 
12 
0.65445 0.20959 0.13596 
0.24936 0.18943 0.56121 
0.38716 0.59908 0.01376 
0.05139 0.87799 0.07062 
12 
0.78619 0.01756 0.19625 
0.04189 0.54385 0.41426 
5.7E-4 0.8345 0.16493 
0.34294 0.50879 0.14827 
12 
0.16882 0.72395 0.10723 
0.05435 0.05981 0.88584 
0.80701 0.17727 0.01572 
0.48497 0.48671 0.02832 
12 
0.59419 0.04436 0.36145 
0.36971 0.08131 0.54898 
0.25534 0.68033 0.06433 
0.06246 0.36777 0.56977 
12 
0.36232 0.38817 0.24951 
0.18432 0.73448 0.0812 
0.16873 0.24116 0.59011 
0.30696 0.10632 0.58672 

4 
0.66777 0.33223 
0.42775 0.57225 
4 
0.77915 0.22085 
0.28242 0.71758 

4 
0.54007 0.45993 
0.34101 0.65899 

12 
0.70492 0.29492 1.6E-4 
0.39145 0.23526 0.37329 
0.01066 0.88617 0.10317 
0.21238 0.77951 0.00811 
