V-CREDAL 
10 
4 5 5 2 3 3 3 3 4 5 
10 
1 0 
1 1 
3 1 9 2 
2 4 3 
1 4 
3 3 9 5 
3 3 7 6 
2 8 7 
2 0 8 
1 9 

16 
0.13039 0.37535 0.35154 0.14272 
0.22614 0.41041 0.11787 0.24558 
0.06007 0.91224 0.02322 0.00447 
0.66584 0.02339 0.22122 0.08955 

20 
0.34832 0.02253 0.10602 0.02558 0.49755 
0.0076 0.20458 0.02393 0.76358 3.1E-4 
0.23305 0.75426 0.00522 0.00486 0.00261 
1.8E-4 2.0E-5 0.16541 0.756 0.07839 

20 
0.26116 0.39445 0.00332 0.06403 0.27704 
0.03684 0.01559 0.03357 0.44957 0.46443 
0.28717 0.49354 0.05376 0.04941 0.11612 
0.00791 0.00206 0.0044 0.65722 0.32841 
20 
0.00117 0.28793 0.63606 0.07249 0.00235 
0.20206 0.02007 0.18141 0.53815 0.05831 
0.23013 0.71396 0.04142 0.01138 0.00311 
0.60095 0.01407 0.01681 0.24484 0.12333 
20 
0.03808 0.06209 0.07176 0.54526 0.28281 
0.01082 0.10326 0.07418 0.47448 0.33726 
0.02738 0.03319 0.00429 0.54409 0.39105 
0.29129 0.00161 0.05029 0.01881 0.638 
20 
0.00431 0.15411 0.1607 0.64505 0.03583 
0.86409 0.01727 0.0037 0.03129 0.08365 
0.03995 0.70914 0.13656 0.10833 0.00602 
0.09275 0.19619 0.19618 0.51406 8.2E-4 
20 
0.25685 0.29033 0.07542 0.15783 0.21957 
0.11663 0.04132 0.47137 0.28391 0.08677 
0.10394 0.69285 0.06944 0.10345 0.03032 
0.14979 0.44493 0.31473 0.07063 0.01992 
20 
0.3211 0.22811 0.35964 0.03419 0.05696 
0.68126 0.01646 0.28477 0.01651 0.001 
0.74863 0.03078 0.1478 0.05006 0.02273 
0.28972 0.25159 0.28811 0.16677 0.00381 
20 
0.01139 0.02549 0.00756 0.93506 0.0205 
0.00855 0.79036 0.01269 0.16599 0.02241 
0.16377 4.8E-4 0.06835 0.00502 0.76238 
0.00648 0.00646 0.08197 0.02034 0.88475 
20 
0.0439 0.09086 0.2048 0.27113 0.38931 
0.02734 0.37845 0.53719 0.01936 0.03766 
0.00311 0.04147 0.12781 8.8E-4 0.82673 
0.00119 0.03055 0.90339 0.00995 0.05492 
20 
0.33391 0.02426 0.05001 0.1133 0.47852 
0.08348 0.14347 0.05351 0.03298 0.68656 
0.41659 0.10557 0.24822 0.00101 0.22861 
0.91846 0.00202 0.00414 0.05025 0.02513 
20 
0.12888 0.24936 0.07962 0.00549 0.53665 
0.90218 1.6E-4 4.6E-4 0.01956 0.07764 
0.60941 0.21313 0.00318 0.02248 0.1518 
4.2E-4 0.83488 0.00759 0.15598 0.00113 
20 
0.1203 0.11385 0.47807 0.04466 0.24312 
5.3E-4 0.05175 0.00384 0.0095 0.93438 
0.48421 0.02291 0.06465 0.181 0.24723 
0.00487 0.05053 0.035 0.78979 0.11981 
20 
0.26106 0.18849 0.00306 0.44516 0.10223 
0.02119 0.67966 0.03778 0.24451 0.01686 
0.02874 0.0763 0.65249 0.0217 0.22077 
0.04132 0.20487 0.67426 0.02752 0.05203 
20 
0.36417 0.20233 0.14738 0.16663 0.11949 
0.17629 0.17255 0.49943 0.04738 0.10435 
0.00563 0.26083 0.06766 0.66204 0.00384 
0.13882 0.02323 0.04682 0.78443 0.0067 
20 
0.00456 0.94768 0.02439 0.00632 0.01705 
0.00632 0.61428 0.01045 0.01114 0.35781 
0.09176 0.01509 0.48244 0.02717 0.38354 
0.0078 0.87025 0.05619 0.05275 0.01301 
20 
0.42098 0.33615 0.01005 0.0102 0.22262 
0.95943 0.01634 0.01126 0.0026 0.01037 
0.16446 0.04322 0.60431 0.08206 0.10595 
0.18796 0.50909 0.05233 0.15139 0.09923 
20 
0.0289 2.9E-4 4.7E-4 0.95377 0.01657 
0.57151 0.07932 0.23366 0.06297 0.05254 
0.02556 0.05197 0.00338 0.00131 0.91778 
0.03045 0.06939 0.65152 0.09368 0.15496 
20 
0.1129 0.01753 0.23131 0.58158 0.05668 
0.10444 0.25297 0.00109 0.0257 0.6158 
0.05232 0.05345 0.87796 0.0063 0.00997 
0.00379 0.90368 0.03471 0.00617 0.05165 
20 
0.52683 0.15974 0.12534 0.08896 0.09913 
4.3E-4 0.75293 0.00991 0.09785 0.13888 
0.02639 0.00249 0.85827 0.0103 0.10255 
0.03613 0.00464 0.0353 0.05244 0.87149 
20 
0.06362 0.02338 0.25248 0.2126 0.44792 
0.26188 0.09737 0.45353 0.18495 0.00227 
0.05006 0.59875 0.2434 0.09213 0.01566 
0.00476 0.06024 0.20904 0.25913 0.46683 
20 
8.9E-4 0.94268 0.00695 0.01568 0.0338 
0.08171 0.17561 0.42613 0.02877 0.28778 
0.48451 0.06127 0.0466 0.00696 0.40066 
0.01064 0.06668 0.00609 0.0022 0.91439 
20 
0.00573 0.05126 0.05129 0.03436 0.85736 
0.01813 0.30314 0.00222 0.29881 0.3777 
0.00175 0.68863 0.16381 0.01087 0.13494 
0.12804 0.64608 0.08328 0.03013 0.11247 
20 
0.14926 0.03714 0.01029 0.76689 0.03642 
4.3E-4 0.09842 0.89159 0.00358 0.00598 
0.76135 0.06196 0.08369 0.0864 0.0066 
0.69641 0.05518 0.1117 0.11884 0.01787 
20 
0.00426 0.52574 0.02332 0.00437 0.44231 
0.16056 0.07753 0.01579 0.58706 0.15906 
0.22942 0.50427 1.2E-4 0.0027 0.26349 
0.84492 0.09307 0.02085 0.0223 0.01886 
20 
0.13068 0.05118 0.75384 0.0246 0.0397 
0.09754 0.01535 0.23845 0.00983 0.63883 
0.21269 0.34641 0.19881 0.21983 0.02226 
0.09045 0.39161 0.21861 0.25545 0.04388 
20 
0.00193 0.58598 0.13924 0.01178 0.26107 
0.00634 0.00154 0.04458 0.79602 0.15152 
0.00445 0.00177 0.00859 0.00203 0.98316 
0.05378 0.86975 9.2E-4 0.04348 0.03207 

4 
0.9897 0.0103 
0.19141 0.80859 
4 
0.58408 0.41592 
0.46821 0.53179 
4 
0.1651 0.8349 
0.27383 0.72617 

12 
0.23947 0.50108 0.25945 
0.24964 0.21105 0.53931 
0.73632 0.03584 0.22784 
0.3361 0.62087 0.04303 

12 
0.18013 0.26504 0.55483 
0.01218 0.96223 0.02559 
0.34818 0.33454 0.31728 
0.34966 0.61489 0.03545 
12 
0.04982 0.42916 0.52102 
0.22901 0.36633 0.40466 
0.7938 0.09958 0.10662 
0.48665 0.12823 0.38512 
12 
0.04905 0.868 0.08295 
0.42704 0.35004 0.22292 
0.89426 0.08275 0.02299 
0.84079 0.15221 0.007 
12 
0.03717 0.86981 0.09302 
8.8E-4 1.9E-4 0.99893 
0.91845 0.02606 0.05549 
0.00414 0.21218 0.78368 
12 
0.3246 0.10225 0.57315 
0.16839 0.5797 0.25191 
0.18271 0.66001 0.15728 
0.85247 0.12718 0.02035 
12 
0.30845 0.02887 0.66268 
0.76641 0.17627 0.05732 
0.09728 0.34363 0.55909 
0.20502 0.63032 0.16466 
12 
0.22267 0.54941 0.22792 
0.34575 0.04847 0.60578 
0.8052 0.13097 0.06383 
0.26304 0.06516 0.6718 
12 
0.16363 0.51906 0.31731 
0.4621 0.13077 0.40713 
0.6601 0.00105 0.33885 
0.53492 0.18434 0.28074 
12 
0.16068 0.58051 0.25881 
0.35629 0.26665 0.37706 
0.71206 0.22767 0.06027 
0.85154 0.03429 0.11417 
12 
0.54582 0.23274 0.22144 
0.00976 0.07546 0.91478 
0.20372 0.68235 0.11393 
0.03853 0.00617 0.9553 

12 
0.6482 0.03874 0.31306 
0.84612 0.03376 0.12012 
0.52973 0.41868 0.05159 
0.71228 0.01647 0.27125 
12 
0.61714 0.15999 0.22287 
0.9568 0.0071 0.0361 
0.18819 0.44729 0.36452 
0.28256 0.53586 0.18158 
12 
0.43488 0.2254 0.33972 
0.09213 0.7955 0.11237 
0.11315 0.8622 0.02465 
0.21425 0.74205 0.0437 
12 
0.05138 0.00899 0.93963 
0.54362 0.11432 0.34206 
0.04462 0.05568 0.8997 
0.5199 0.41374 0.06636 
12 
0.8035 0.12715 0.06935 
0.37272 0.35697 0.27031 
0.47499 0.07773 0.44728 
0.16493 0.12783 0.70724 
12 
0.10535 0.58179 0.31286 
0.72416 0.2409 0.03494 
0.18748 0.4262 0.38632 
0.92235 0.06211 0.01554 

12 
0.10419 0.03788 0.85793 
0.02479 0.04569 0.92952 
0.23082 0.71646 0.05272 
0.55804 0.22146 0.2205 
12 
0.32686 0.03802 0.63512 
0.57807 0.40364 0.01829 
0.10593 0.64476 0.24931 
0.65472 0.26869 0.07659 
12 
0.11591 0.54707 0.33702 
0.5555 0.32393 0.12057 
0.39146 0.33489 0.27365 
0.79855 0.0725 0.12895 
12 
0.05695 0.92082 0.02223 
0.1282 0.43591 0.43589 
0.18732 0.20048 0.6122 
0.14753 0.49751 0.35496 

16 
0.17781 0.00706 0.00487 0.81026 
0.08472 0.08037 0.80115 0.03376 
0.05802 0.74091 0.17277 0.0283 
0.02332 0.00676 0.41637 0.55355 
16 
0.2428 0.37916 0.37177 0.00627 
0.29532 0.03081 0.66003 0.01384 
0.81858 0.02424 0.09919 0.05799 
0.06998 0.67502 0.0849 0.1701 
16 
0.07485 0.07807 0.65338 0.1937 
0.03954 0.41649 0.02903 0.51494 
0.10781 0.46099 0.1374 0.2938 
0.27646 0.16346 0.00661 0.55347 
16 
0.43437 0.20804 0.21185 0.14574 
0.00845 0.92455 0.05051 0.01649 
0.99132 0.0012 0.00719 2.9E-4 
0.10231 0.32352 0.20513 0.36904 

20 
0.00415 0.96882 0.01642 0.0053 0.00531 
0.29531 0.00654 0.02049 5.4E-4 0.67712 
0.21407 0.27101 0.04888 0.15739 0.30865 
0.17587 0.65321 0.16288 0.00238 0.00566 
