V-CREDAL
8
3 2 3 4 2 3 3 2
8
2 1 0
2 3 1
3 5 7 2
1 3
2 3 4
1 5
2 5 6
2 3 7

12
0.172 0.178 0.65
0.222 0.554 0.224
0.065 0.526 0.409
0.123 0.721 0.156
12
0.387 0.16 0.453
0.488 0.069 0.443
0.357 0.431 0.212
0.392 0.516 0.092

4
0.357 0.643
0.772 0.228
4
0.413 0.587
0.005 0.995
4
0.535 0.465
0.157 0.843
4
0.918 0.082
0.129 0.871

12
0.183 0.55 0.267
0.271 0.255 0.474
0.116 0.425 0.459
0.668 0.143 0.189
12
0.853 0.101 0.046
0.161 0.022 0.817
0.083 0.236 0.681
0.578 0.322 0.1
12
0.186 0.623 0.191
0.341 0.467 0.192
0.246 0.132 0.622
0.171 0.021 0.808
12
0.273 0.242 0.485
0.398 0.035 0.567
0.004 0.984 0.012
0.304 0.437 0.259
12
0.003 0.791 0.206
0.278 0.04 0.682
0.709 0.168 0.123
0.233 0.631 0.136
12
0.025 0.058 0.917
0.598 0.09 0.312
0.143 0.672 0.185
0.179 0.815 0.006

16
0.005 0.684 0.307 0.004
0.47 0.062 0.141 0.327
0.141 0.038 0.77 0.051
0.068 0.043 0.088 0.801

4
0.524 0.476
0.503 0.497
4
0.924 0.076
0.377 0.623
4
0.402 0.598
0.37 0.63
4
0.999 0.001
0.801 0.199

12
0.445 0.519 0.036
0.569 0.361 0.07
0.262 0.276 0.462
0.419 0.264 0.317

12
0.159 0.164 0.677
0.789 0.181 0.03
0.304 0.427 0.269
0.068 0.46 0.472
12
0.246 0.752 0.002
0.236 0.003 0.761
0.85 0.059 0.091
0.207 0.554 0.239
12
0.858 0.134 0.008
0.069 0.841 0.09
0.627 0.214 0.159
0.163 0.524 0.313

4
0.647 0.353
0.335 0.665
4
0.825 0.175
0.565 0.435
4
0.402 0.598
0.7 0.3
4
0.572 0.428
0.686 0.314
