V-CREDAL
5
3 2 4 3 4
5
3 1 3 0
1 1
2 3 2
1 3
2 3 4

12
0.246 0.487 0.267
0.142 0.346 0.512
0.593 0.071 0.336
0.297 0.028 0.675
12
0.612 0.025 0.363
0.208 0.246 0.546
0.044 0.831 0.125
0.458 0.332 0.21
12
0.798 0.098 0.104
0.107 0.633 0.26
0.21 0.335 0.455
0.058 0.564 0.378
12
0.007 0.976 0.017
0.425 0.532 0.043
0.019 0.293 0.688
0.599 0.072 0.329
12
0.217 0.167 0.616
0.566 0.375 0.059
0.318 0.03 0.652
0.735 0.017 0.248
12
0.494 0.368 0.138
0.531 0.359 0.11
0.808 0.1 0.092
0.024 0.364 0.612

4
0.773 0.227
0.811 0.189

16
0.256 0.392 0.193 0.159
0.388 0.044 0.36 0.208
0.006 0.02 0.197 0.777
0.648 0.162 0.14 0.05
16
0.228 0.044 0.411 0.317
0.151 0.129 0.018 0.702
0.365 0.357 0.17 0.108
0.042 0.924 0.033 0.001
16
0.3 0.498 0.032 0.17
0.961 0.013 0.003 0.023
0.501 0.488 0.008 0.003
0.018 0.002 0.706 0.274

12
0.882 0.054 0.064
0.735 0.238 0.027
0.012 0.056 0.932
0.333 0.233 0.434

16
0.378 0.137 0.291 0.194
0.442 0.171 0.342 0.045
0.233 0.003 0.735 0.029
0.836 0.073 0.042 0.049
16
0.432 0.235 0.246 0.087
0.809 0.01 0.118 0.063
0.243 0.01 0.747 0.0
0.018 0.215 0.188 0.579
16
0.062 0.071 0.07 0.797
0.107 0.567 0.205 0.121
0.298 0.126 0.528 0.048
0.01 0.173 0.775 0.042
