V-CREDAL
7
4 2 2 4 4 4 3
7
1 0
2 6 1
2 5 2
2 5 3
1 4
3 0 1 5
2 4 6

16
0.051 0.447 0.269 0.233
0.64 0.149 0.089 0.122
0.003 0.003 0.954 0.04
0.999 0.0 0.001 0.0

4
0.033 0.967
0.607 0.393
4
0.958 0.042
0.188 0.812
4
0.095 0.905
0.752 0.248

4
0.422 0.578
0.369 0.631
4
0.004 0.996
0.781 0.219
4
0.037 0.963
0.345 0.655
4
0.707 0.293
0.874 0.126

16
0.043 0.483 0.443 0.031
0.26 0.112 0.504 0.124
0.639 0.028 0.205 0.128
0.035 0.162 0.51 0.293
16
0.428 0.489 0.006 0.077
0.313 0.68 0.005 0.002
0.107 0.607 0.015 0.271
0.433 0.281 0.013 0.273
16
0.691 0.002 0.13 0.177
0.346 0.455 0.059 0.14
0.997 0.0 0.002 0.001
0.435 0.197 0.073 0.295
16
0.41 0.38 0.028 0.182
0.017 0.63 0.003 0.35
0.875 0.001 0.0 0.124
0.029 0.355 0.014 0.602

16
0.077 0.138 0.381 0.404
0.01 0.923 0.008 0.059
0.006 0.882 0.041 0.071
0.663 0.078 0.139 0.12

16
0.11 0.235 0.101 0.554
0.208 0.253 0.33 0.209
0.034 0.095 0.77 0.101
0.68 0.182 0.031 0.107
16
0.009 0.225 0.004 0.762
0.563 0.196 0.156 0.085
0.058 0.144 0.009 0.789
0.647 0.074 0.196 0.083
16
0.348 0.234 0.166 0.252
0.646 0.063 0.148 0.143
0.563 0.001 0.379 0.057
0.513 0.098 0.154 0.235
16
0.142 0.01 0.834 0.014
0.121 0.517 0.285 0.077
0.056 0.078 0.025 0.841
0.187 0.282 0.415 0.116
16
0.284 0.105 0.012 0.599
0.673 0.28 0.018 0.029
0.09 0.049 0.305 0.556
0.065 0.548 0.021 0.366
16
0.374 0.195 0.358 0.073
0.031 0.614 0.168 0.187
0.057 0.471 0.456 0.016
0.181 0.245 0.005 0.569
16
0.235 0.331 0.297 0.137
0.019 0.958 0.012 0.011
0.724 0.008 0.094 0.174
0.203 0.135 0.207 0.455
16
0.433 0.056 0.437 0.074
0.589 0.1 0.061 0.25
0.346 0.435 0.103 0.116
0.173 0.142 0.557 0.128

12
0.73 0.143 0.127
0.07 0.101 0.829
0.06 0.579 0.361
0.196 0.754 0.05
12
0.097 0.278 0.625
0.738 0.009 0.253
0.172 0.544 0.284
0.488 0.253 0.259
12
0.024 0.321 0.655
0.916 0.012 0.072
0.12 0.539 0.341
0.035 0.019 0.946
12
0.961 0.011 0.028
0.03 0.093 0.877
0.065 0.039 0.896
0.188 0.763 0.049
