V-CREDAL 
4 
4 2 4 2 
4 
1 0 
2 2 1 
2 0 2 
2 2 3 

16 
0.30153 0.68915 0.00187 0.00745 
0.96626 0.03359 7.0E-5 8.0E-5 
0.09384 0.01696 0.04782 0.84138 
0.14027 0.0335 0.59937 0.22686 

4 
0.54956 0.45044 
0.28574 0.71426 
4 
0.75497 0.24503 
0.05706 0.94294 
4 
0.28842 0.71158 
0.99138 0.00862 
4 
0.62013 0.37987 
0.09887 0.90113 

16 
0.89933 0.0349 0.00307 0.0627 
0.00122 0.90193 0.0023 0.09455 
0.95358 0.00655 0.0366 0.00327 
0.73901 0.05782 0.08888 0.11429 
16 
0.19691 0.22625 0.48469 0.09215 
0.94124 0.04787 0.00129 0.0096 
0.00961 0.14088 0.84204 0.00747 
0.02195 0.08413 0.5923 0.30162 
16 
0.12942 0.13648 0.36033 0.37377 
0.1871 0.64706 0.06795 0.09789 
0.01281 0.18268 0.72766 0.07685 
0.42468 0.3211 0.05567 0.19855 
16 
0.26402 0.02867 0.00671 0.7006 
0.23416 0.26571 0.26054 0.23959 
0.00297 0.29852 0.69316 0.00535 
0.02415 0.92991 0.037 0.00894 

4 
0.0993 0.9007 
0.03581 0.96419 
4 
0.40721 0.59279 
0.71976 0.28024 
4 
0.24694 0.75306 
0.56936 0.43064 
4 
0.06626 0.93374 
0.77736 0.22264 
