V-CREDAL 
10 
4 4 3 2 4 4 2 3 2 2 
10 
1 0 
2 0 1 
2 1 2 
2 2 3 
2 3 4 
2 4 5 
2 5 6 
2 6 7 
2 7 8 
2 8 9 

24 
0.88646 0.05527 0.01769 0.04058 
0.30349 0.26897 0.14527 0.28227 
0.43224 0.01587 0.08708 0.46481 
0.26314 0.15674 0.55966 0.02046 
0.02319 0.05099 0.8249 0.10092 
0.13904 0.09135 0.02239 0.74722 

24 
0.14796 0.36232 0.07678 0.41294 
0.03092 0.19176 0.19367 0.58365 
0.07519 0.35639 0.30402 0.2644 
0.77223 0.1509 0.07089 0.00598 
0.19135 0.02635 0.18433 0.59797 
0.65331 0.0681 0.07543 0.20316 
24 
0.05444 0.06378 0.49657 0.38521 
0.39975 0.18389 0.38239 0.03397 
0.78388 0.04975 0.11244 0.05393 
0.56709 0.34125 0.06146 0.0302 
0.0512 0.35079 0.06047 0.53754 
0.06591 0.67678 0.04261 0.2147 
24 
0.6175 0.0489 0.2993 0.0343 
0.0326 0.24433 0.49814 0.22493 
0.28478 0.12261 0.59089 0.00172 
0.89928 0.04326 0.00842 0.04904 
0.28311 0.24463 0.14005 0.33221 
0.29633 0.58832 0.02638 0.08897 
24 
0.04822 0.77023 0.0563 0.12525 
0.09194 0.01172 0.16893 0.72741 
0.01899 0.63515 0.2944 0.05146 
0.27736 0.22269 0.03825 0.4617 
0.06131 0.00911 0.79852 0.13106 
0.18468 0.77763 0.03687 8.2E-4 

18 
0.11434 0.66428 0.22138 
0.90224 0.08376 0.014 
0.89299 0.09083 0.01618 
0.00651 0.00794 0.98555 
0.53097 0.36749 0.10154 
0.00151 0.51634 0.48215 
18 
0.19836 0.79926 0.00238 
0.32232 0.54243 0.13525 
0.1401 0.07239 0.78751 
0.05914 0.90699 0.03387 
0.098 0.23567 0.66633 
0.0029 0.86341 0.13369 
18 
0.97058 0.01096 0.01846 
0.02146 0.96829 0.01025 
0.01851 0.96086 0.02063 
0.00281 0.00112 0.99607 
9.2E-4 0.1017 0.89738 
0.72301 0.00132 0.27567 
18 
0.0667 0.02215 0.91115 
0.72959 0.1432 0.12721 
0.06319 0.87196 0.06485 
0.39931 0.51379 0.0869 
0.03911 0.79183 0.16906 
0.03593 0.15824 0.80583 

4 
0.65585 0.34415 
0.6501 0.3499 
4 
0.05924 0.94076 
0.1591 0.8409 
4 
0.99068 0.00932 
0.32298 0.67702 

24 
0.06295 0.72466 0.00395 0.20844 
0.40365 0.31362 0.17941 0.10332 
0.42764 0.03974 0.49076 0.04186 
0.00546 0.31297 0.02196 0.65961 
0.68507 0.05411 0.07886 0.18196 
0.01327 0.02321 0.9621 0.00142 
24 
0.00307 0.41633 0.03409 0.54651 
0.22944 0.05388 0.68174 0.03494 
0.08839 0.43713 0.01581 0.45867 
0.90096 0.00211 0.07468 0.02225 
0.21664 0.1208 0.61872 0.04384 
0.83025 0.01746 0.03081 0.12148 

24 
0.13863 0.01716 0.58953 0.25468 
0.55708 5.0E-4 0.08313 0.35929 
0.34724 0.1701 0.31015 0.17251 
0.06267 0.16628 0.1748 0.59625 
0.14872 0.12134 0.67543 0.05451 
0.00969 0.09452 0.45907 0.43672 
24 
0.09564 0.50082 0.18011 0.22343 
0.07466 0.47801 0.15506 0.29227 
0.42018 0.00201 2.3E-4 0.57758 
0.73383 0.25791 2.1E-4 0.00805 
0.21283 0.447 0.04842 0.29175 
0.01214 0.15664 0.78337 0.04785 
24 
0.14656 0.40605 0.10885 0.33854 
0.04792 0.01566 0.01363 0.92279 
0.53373 0.00732 0.09884 0.36011 
0.10283 0.04383 0.33547 0.51787 
0.15004 0.37422 0.29062 0.18512 
0.11437 0.40271 0.18664 0.29628 
24 
0.11719 0.28125 0.35731 0.24425 
0.36812 0.26887 0.23761 0.1254 
0.71663 0.03468 0.13185 0.11684 
0.12063 0.51453 0.30396 0.06088 
0.29251 0.11258 0.55752 0.03739 
0.49195 0.03047 0.28976 0.18782 

4 
0.82637 0.17363 
0.64777 0.35223 
4 
0.99987 1.3E-4 
0.21493 0.78507 
4 
0.5865 0.4135 
0.43462 0.56538 
4 
0.35357 0.64643 
0.33694 0.66306 

18 
0.00746 0.12259 0.86995 
0.73947 0.20048 0.06005 
0.83537 0.00303 0.1616 
8.8E-4 0.993 0.00612 
0.28203 0.71629 0.00168 
0.1042 0.06701 0.82879 
18 
0.95194 0.00452 0.04354 
0.04262 0.00946 0.94792 
0.03706 0.8602 0.10274 
0.01773 0.62197 0.3603 
0.32505 0.62061 0.05434 
0.96299 0.01777 0.01924 

4 
0.37253 0.62747 
0.05793 0.94207 
4 
0.25333 0.74667 
0.51335 0.48665 
4 
0.86129 0.13871 
0.60923 0.39077 

4 
0.43198 0.56802 
0.01881 0.98119 
4 
0.79424 0.20576 
0.57942 0.42058 
