V-CREDAL 
6 
2 4 4 4 2 2 
6 
2 2 0 
2 5 1 
2 5 2 
2 1 3 
2 1 4 
1 5 

4 
0.492 0.508 
0.581 0.419 
4 
0.756 0.244 
0.07 0.93 
4 
0.082 0.918 
0.4 0.6 
4 
0.473 0.527 
0.622 0.378 

24 
0.311 0.039 0.579 0.071 
0.014 0.804 0.076 0.106 
0.02 0.007 0.965 0.008 
0.68 0.131 0.135 0.054 
0.067 0.045 0.021 0.867 
0.002 0.172 0.001 0.825 
24 
0.306 0.503 0.13 0.061 
0.068 0.192 0.594 0.146 
0.977 0.005 0.007 0.011 
0.001 0.074 0.177 0.748 
0.04 0.006 0.944 0.01 
0.009 0.098 0.481 0.412 

24 
0.082 0.54 0.134 0.244 
0.224 0.122 0.381 0.273 
0.581 0.037 0.03 0.352 
0.623 0.181 0.093 0.103 
0.048 0.305 0.486 0.161 
0.109 0.078 0.798 0.015 
24 
0.193 0.002 0.129 0.676 
0.888 0.054 0.008 0.05 
0.115 0.081 0.746 0.058 
0.041 0.594 0.207 0.158 
0.168 0.653 0.105 0.074 
0.267 0.259 0.097 0.377 

24 
0.428 0.049 0.024 0.499 
0.031 0.228 0.737 0.004 
0.581 0.229 0.119 0.071 
0.116 0.015 0.519 0.35 
0.007 0.022 0.042 0.929 
0.071 0.509 0.347 0.073 
24 
0.029 0.115 0.562 0.294 
0.314 0.645 0.026 0.015 
0.006 0.013 0.025 0.956 
0.642 0.189 0.032 0.137 
0.343 0.161 0.339 0.157 
0.021 0.008 0.515 0.456 
24 
0.639 0.198 0.016 0.147 
0.108 0.664 0.111 0.117 
0.014 0.831 0.061 0.094 
0.154 0.68 0.026 0.14 
0.252 0.394 0.108 0.246 
0.495 0.41 0.055 0.04 
24 
0.258 0.199 0.427 0.116 
0.061 0.025 0.004 0.91 
0.372 0.17 0.399 0.059 
0.522 0.107 0.026 0.345 
0.43 0.302 0.09 0.178 
0.001 0.021 0.974 0.004 

4 
0.73 0.27 
0.237 0.763 
4 
0.659 0.341 
0.46 0.54 
4 
0.461 0.539 
0.9 0.1 
4 
0.548 0.452 
0.442 0.558 

4 
0.95 0.05 
0.166 0.834 
