V-CREDAL
10
2 4 2 3 4 2 2 4 2 4
10
2 2 0
2 8 1
2 7 2
1 3
2 5 4
2 2 5
2 5 6
2 8 7
1 8
3 3 4 9

4
0.027 0.973
0.426 0.574
4
0.533 0.467
0.462 0.538

24
0.434 0.453 0.022 0.091
0.482 0.05 0.002 0.466
0.233 0.039 0.67 0.058
0.238 0.077 0.303 0.382
0.057 0.834 0.004 0.105
0.133 0.118 0.211 0.538
24
0.227 0.219 0.185 0.369
0.445 0.026 0.429 0.1
0.06 0.811 0.106 0.023
0.085 0.895 0.011 0.009
0.039 0.825 0.004 0.132
0.252 0.001 0.021 0.726

4
0.151 0.849
0.793 0.207
4
0.464 0.536
0.037 0.963
4
0.728 0.272
0.091 0.909
4
0.132 0.868
0.366 0.634

18
0.409 0.564 0.027
0.102 0.514 0.384
0.089 0.82 0.091
0.562 0.015 0.423
0.609 0.229 0.162
0.366 0.018 0.616

24
0.226 0.02 0.427 0.327
0.015 0.913 0.052 0.02
0.166 0.796 0.004 0.034
0.016 0.624 0.239 0.121
0.144 0.558 0.292 0.006
0.521 0.004 0.473 0.002
24
0.173 0.328 0.375 0.124
0.106 0.58 0.26 0.054
0.465 0.016 0.036 0.483
0.052 0.009 0.291 0.648
0.069 0.177 0.004 0.75
0.352 0.008 0.59 0.05

4
0.486 0.514
0.337 0.663
4
0.526 0.474
0.013 0.987

4
0.961 0.039
0.681 0.319
4
0.171 0.829
0.805 0.195

24
0.002 0.408 0.59 0.0
0.227 0.045 0.642 0.086
0.604 0.001 0.007 0.388
0.843 0.093 0.034 0.03
0.003 0.0 0.006 0.991
0.53 0.197 0.201 0.072
24
0.171 0.747 0.071 0.011
0.004 0.065 0.162 0.769
0.539 0.162 0.05 0.249
0.111 0.418 0.423 0.048
0.157 0.012 0.013 0.818
0.159 0.047 0.083 0.711

4
0.918 0.082
0.305 0.695

24
0.032 0.644 0.252 0.072
0.054 0.791 0.137 0.018
0.103 0.854 0.009 0.034
0.06 0.299 0.168 0.473
0.013 0.016 0.051 0.92
0.923 0.016 0.01 0.051
24
0.045 0.11 0.014 0.831
0.117 0.768 0.114 0.001
0.076 0.034 0.013 0.877
0.22 0.096 0.581 0.103
0.001 0.182 0.796 0.021
0.488 0.057 0.396 0.059
24
0.02 0.145 0.236 0.599
0.553 0.341 0.089 0.017
0.005 0.717 0.006 0.272
0.199 0.141 0.169 0.491
0.0 0.023 0.948 0.029
0.627 0.189 0.048 0.136
24
0.036 0.105 0.287 0.572
0.123 0.517 0.332 0.028
0.045 0.097 0.739 0.119
0.311 0.227 0.352 0.11
0.061 0.841 0.082 0.016
0.193 0.043 0.023 0.741
24
0.183 0.046 0.041 0.73
0.108 0.093 0.087 0.712
0.024 0.564 0.053 0.359
0.575 0.025 0.398 0.002
0.0 0.042 0.406 0.552
0.368 0.016 0.007 0.609
24
0.013 0.725 0.006 0.256
0.04 0.117 0.265 0.578
0.433 0.162 0.393 0.012
0.209 0.632 0.102 0.057
0.392 0.217 0.361 0.03
0.245 0.236 0.256 0.263
24
0.566 0.146 0.076 0.212
0.051 0.32 0.483 0.146
0.345 0.068 0.569 0.018
0.085 0.045 0.028 0.842
0.003 0.915 0.078 0.004
0.123 0.731 0.144 0.002
24
0.051 0.944 0.001 0.004
0.045 0.012 0.907 0.036
0.169 0.116 0.3 0.415
0.171 0.294 0.0 0.535
0.062 0.86 0.016 0.062
0.626 0.029 0.043 0.302
24
0.075 0.107 0.2 0.618
0.022 0.932 0.006 0.04
0.023 0.027 0.031 0.919
0.685 0.169 0.106 0.04
0.221 0.275 0.449 0.055
0.545 0.132 0.129 0.194
24
0.208 0.064 0.247 0.481
0.151 0.062 0.698 0.089
0.169 0.681 0.143 0.007
0.003 0.03 0.76 0.207
0.217 0.157 0.536 0.09
0.003 0.975 0.021 0.001
24
0.312 0.01 0.551 0.127
0.041 0.122 0.837 0.0
0.059 0.511 0.282 0.148
0.131 0.531 0.125 0.213
0.169 0.808 0.002 0.021
0.451 0.043 0.458 0.048
24
0.238 0.164 0.526 0.072
0.004 0.059 0.886 0.051
0.478 0.18 0.036 0.306
0.012 0.187 0.024 0.777
0.056 0.028 0.695 0.221
0.164 0.122 0.636 0.078
