V-CREDAL
4
2 3 3 2
4
3 1 3 0
2 2 1
1 2
1 3

4
0.05 0.95
0.886 0.114
4
0.49 0.51
0.458 0.542
4
0.223 0.777
0.858 0.142
4
0.025 0.975
0.798 0.202
4
0.067 0.933
0.571 0.429
4
0.448 0.552
0.459 0.541

18
0.134 0.81 0.056
0.216 0.066 0.718
0.089 0.078 0.833
0.615 0.321 0.064
0.664 0.195 0.141
0.058 0.538 0.404
18
0.048 0.182 0.77
0.036 0.797 0.167
0.064 0.929 0.007
0.664 0.009 0.327
0.87 0.007 0.123
0.009 0.395 0.596
18
0.536 0.462 0.002
0.023 0.963 0.014
0.877 0.021 0.102
0.289 0.018 0.693
0.012 0.133 0.855
0.951 0.027 0.022

18
0.177 0.69 0.133
0.003 0.064 0.933
0.019 0.001 0.98
0.967 0.017 0.016
0.056 0.771 0.173
0.811 0.171 0.018

4
0.827 0.173
0.66 0.34
