V-CREDAL
9
3 2 4 2 2 4 3 3 3
9
1 0
2 0 1
2 1 2
2 2 3
2 3 4
2 4 5
2 5 6
2 6 7
2 7 8

12
0.391 0.462 0.147
0.017 0.939 0.044
0.289 0.01 0.701
0.202 0.126 0.672

4
0.052 0.948
0.967 0.033
4
0.372 0.628
0.503 0.497
4
0.092 0.908
0.186 0.814

16
0.005 0.004 0.6 0.391
0.683 0.162 0.122 0.033
0.129 0.004 0.862 0.005
0.094 0.048 0.699 0.159
16
0.019 0.006 0.822 0.153
0.62 0.124 0.068 0.188
0.291 0.177 0.487 0.045
0.021 0.027 0.019 0.933

4
0.192 0.808
0.195 0.805
4
0.419 0.581
0.698 0.302
4
0.642 0.358
0.108 0.892
4
0.894 0.106
0.64 0.36

4
0.14 0.86
0.574 0.426
4
0.428 0.572
0.466 0.534

16
0.148 0.249 0.122 0.481
0.336 0.055 0.461 0.148
0.398 0.038 0.126 0.438
0.767 0.015 0.147 0.071
16
0.0 0.998 0.002 0.0
0.072 0.034 0.857 0.037
0.732 0.121 0.036 0.111
0.221 0.188 0.515 0.076

12
0.741 0.239 0.02
0.593 0.049 0.358
0.073 0.898 0.029
0.024 0.728 0.248
12
0.002 0.677 0.321
0.13 0.805 0.065
0.473 0.503 0.024
0.523 0.418 0.059
12
0.7 0.016 0.284
0.719 0.124 0.157
0.054 0.524 0.422
0.51 0.03 0.46
12
0.392 0.436 0.172
0.213 0.001 0.786
0.149 0.07 0.781
0.001 0.989 0.01

12
0.796 0.098 0.106
0.485 0.193 0.322
0.021 0.027 0.952
0.427 0.038 0.535
12
0.017 0.375 0.608
0.268 0.319 0.413
0.468 0.342 0.19
0.156 0.372 0.472
12
0.089 0.776 0.135
0.106 0.034 0.86
0.009 0.553 0.438
0.031 0.314 0.655

12
0.023 0.005 0.972
0.088 0.887 0.025
0.986 0.013 0.001
0.168 0.824 0.008
12
0.935 0.042 0.023
0.189 0.601 0.21
0.032 0.094 0.874
0.152 0.069 0.779
12
0.289 0.382 0.329
0.506 0.352 0.142
0.368 0.327 0.305
0.632 0.249 0.119
