V-CREDAL 
10 
3 3 5 2 5 3 2 4 4 4 
10 
1 0 
2 0 1 
2 1 2 
2 2 3 
2 3 4 
2 4 5 
2 5 6 
2 6 7 
2 7 8 
2 8 9 

18 
0.96388 0.02606 0.01006 
0.09724 0.76121 0.14155 
0.65407 0.00985 0.33608 
0.12523 0.12303 0.75174 
0.9823 0.00129 0.01641 
0.18961 0.75103 0.05936 

18 
0.08155 0.50576 0.41269 
0.75129 0.23397 0.01474 
0.02178 0.27604 0.70218 
0.14853 0.00253 0.84894 
0.93413 0.04844 0.01743 
0.02869 0.02714 0.94417 
18 
0.75882 0.1402 0.10098 
0.72544 0.02667 0.24789 
0.00204 0.3073 0.69066 
0.84746 0.07029 0.08225 
0.08497 0.01553 0.8995 
0.05395 0.59003 0.35602 
18 
0.0945 0.8372 0.0683 
0.45457 0.44573 0.0997 
0.12168 0.85619 0.02213 
0.00802 0.17193 0.82005 
0.04949 0.74789 0.20262 
0.36144 0.27742 0.36114 

30 
0.08519 0.03824 0.06874 0.72481 0.08302 
1.6E-4 0.04634 0.00447 0.78097 0.16806 
0.00378 0.06134 0.83575 0.00575 0.09338 
0.01287 0.04126 0.10077 0.81374 0.03136 
0.01609 0.16804 0.02437 1.0E-4 0.7914 
0.03469 0.00367 0.14868 0.76053 0.05243 
30 
0.96532 0.00823 5.0E-4 0.02452 0.00143 
0.04973 0.09705 0.28437 0.52469 0.04416 
0.25804 0.6584 0.03907 0.0051 0.03939 
0.54516 0.20285 0.14863 0.03952 0.06384 
0.89636 5.7E-4 0.00199 0.07581 0.02527 
0.25107 0.31512 0.15981 0.27205 0.00195 
30 
0.28326 0.03709 0.13513 0.23072 0.3138 
0.42604 0.02697 0.05394 7.0E-5 0.49298 
0.15643 0.04302 0.41779 0.16897 0.21379 
0.00249 0.0186 0.06438 0.06013 0.8544 
0.03235 0.59463 0.10953 0.22156 0.04193 
0.27367 0.01026 0.49926 0.03688 0.17993 

4 
0.08945 0.91055 
0.22741 0.77259 
4 
0.95678 0.04322 
0.97485 0.02515 
4 
0.84144 0.15856 
0.23991 0.76009 
4 
0.61613 0.38387 
0.23428 0.76572 
4 
0.44943 0.55057 
0.28532 0.71468 

30 
9.0E-4 0.00684 0.04819 0.80708 0.13699 
0.00391 0.32855 0.00404 0.56703 0.09647 
0.93152 0.00525 0.03571 0.01412 0.0134 
0.19959 0.37784 0.163 0.21687 0.0427 
0.02677 7.2E-4 0.0023 0.96485 0.00536 
0.01555 0.08733 0.88664 6.3E-4 0.00985 
30 
0.24524 0.00232 0.10741 0.01034 0.63469 
0.88056 0.00884 0.10504 0.0051 4.6E-4 
0.22756 0.04015 0.06048 0.44277 0.22904 
0.79073 0.05901 0.00455 0.03575 0.10996 
0.04228 0.7706 0.00117 0.1702 0.01575 
0.00115 0.00874 1.7E-4 0.00107 0.98887 

18 
0.15868 0.31148 0.52984 
0.00817 0.13599 0.85584 
0.84975 0.03639 0.11386 
0.00878 0.17347 0.81775 
0.03521 0.0598 0.90499 
0.77428 0.22366 0.00206 
18 
0.11839 0.42758 0.45403 
0.36634 0.16485 0.46881 
0.34367 0.34747 0.30886 
0.59454 0.12623 0.27923 
0.87399 0.10531 0.0207 
0.75669 0.16998 0.07333 
18 
0.72695 0.1066 0.16645 
0.42811 0.52011 0.05178 
0.23531 0.32352 0.44117 
0.09527 0.86712 0.03761 
0.08391 0.40348 0.51261 
0.01672 0.67491 0.30837 
18 
4.5E-4 0.97228 0.02727 
0.93852 0.00926 0.05222 
3.5E-4 4.8E-4 0.99917 
0.65538 0.33245 0.01217 
0.94927 0.02614 0.02459 
0.17407 6.9E-4 0.82524 
18 
0.95314 0.04657 2.9E-4 
0.15402 0.63137 0.21461 
0.35725 0.51975 0.123 
0.05473 0.00384 0.94143 
0.00884 0.51622 0.47494 
0.44544 0.01695 0.53761 

4 
0.17644 0.82356 
0.72713 0.27287 
4 
0.02496 0.97504 
0.25297 0.74703 
4 
0.73749 0.26251 
0.51952 0.48048 

24 
0.18444 0.5774 0.19586 0.0423 
0.13156 0.02825 0.14754 0.69265 
0.01964 0.94943 0.0117 0.01923 
0.05379 0.03502 0.07546 0.83573 
0.82877 0.04517 0.11347 0.01259 
0.00321 0.83497 0.00884 0.15298 
24 
0.09386 0.11622 0.15469 0.63523 
0.52771 0.00516 0.45568 0.01145 
0.33822 0.17227 0.23004 0.25947 
0.10265 0.59863 0.24669 0.05203 
0.30104 0.14308 0.49292 0.06296 
0.27237 0.36603 0.05661 0.30499 

24 
0.44421 0.12034 0.16997 0.26548 
0.03264 0.02817 0.9351 0.00409 
0.20589 0.57845 0.12803 0.08763 
0.15592 0.04078 0.46277 0.34053 
0.64669 0.19362 0.08555 0.07414 
0.16799 0.3249 0.04655 0.46056 
24 
0.23431 0.31546 0.00975 0.44048 
0.00179 0.28938 0.41822 0.29061 
0.00168 0.01727 0.97768 0.00337 
0.03109 0.13389 0.7806 0.05442 
0.41404 0.48046 0.09504 0.01046 
0.03544 0.15376 0.16497 0.64583 
24 
0.4099 0.3421 0.23648 0.01152 
0.02238 0.04901 0.08155 0.84706 
0.34238 0.17775 0.31913 0.16074 
0.0614 0.43866 0.38598 0.11396 
0.26762 0.49141 0.07355 0.16742 
0.67563 0.30893 0.01353 0.00191 
24 
0.01705 0.03377 0.5286 0.42058 
0.42051 0.12504 0.43857 0.01588 
0.03992 0.00473 0.00266 0.95269 
0.44777 0.18053 0.30427 0.06743 
0.01616 0.00427 0.40852 0.57105 
0.96714 0.00484 0.00198 0.02604 

24 
0.58681 0.06451 0.21487 0.13381 
0.57451 0.26631 0.09384 0.06534 
0.15077 0.28852 0.09458 0.46613 
0.19188 0.06066 0.67428 0.07318 
0.02343 0.01384 0.00457 0.95816 
0.46976 0.19398 0.06766 0.2686 
24 
0.13352 0.0383 0.75438 0.0738 
0.24637 0.00614 0.19053 0.55696 
0.12879 0.21651 0.02109 0.63361 
0.13227 0.16478 0.38946 0.31349 
0.06991 0.14314 0.70345 0.0835 
0.58224 0.00496 0.04471 0.36809 
24 
0.82704 0.0699 0.06317 0.03989 
0.15265 0.10849 0.72537 0.01349 
0.16598 0.24943 0.39819 0.1864 
0.01898 0.33151 0.64052 0.00899 
0.76597 0.07558 0.07426 0.08419 
0.50626 0.03505 0.44272 0.01597 
24 
0.34145 0.30476 0.25678 0.09701 
0.80967 0.01321 0.17595 0.00117 
0.51729 0.04182 0.1365 0.30439 
0.26357 0.18655 0.2037 0.34618 
0.04391 0.01487 0.74589 0.19533 
0.78155 0.03752 0.15417 0.02676 
