V-CREDAL 
8 
3 3 5 4 3 5 4 3 
8 
3 5 7 0 
1 1 
2 5 2 
3 1 4 3 
1 4 
1 5 
3 0 1 6 
1 7 

18 
0.18333 0.64491 0.17176 
0.4501 0.50336 0.04654 
0.53233 0.20179 0.26588 
0.64636 0.11213 0.24151 
0.00495 0.99426 7.9E-4 
0.36697 0.36544 0.26759 
18 
0.01842 0.5944 0.38718 
0.99101 0.00698 0.00201 
0.20869 0.07676 0.71455 
0.55052 0.43768 0.0118 
0.1013 0.87176 0.02694 
0.01914 0.4589 0.52196 
18 
0.21763 0.30875 0.47362 
0.26474 0.69805 0.03721 
0.71504 0.01633 0.26863 
0.97063 0.01469 0.01468 
0.28833 0.08996 0.62171 
0.23465 0.72255 0.0428 
18 
0.76217 0.14852 0.08931 
0.53409 0.03747 0.42844 
0.07112 0.91064 0.01824 
0.77056 0.1907 0.03874 
0.02304 0.03363 0.94333 
0.01608 0.93533 0.04859 
18 
0.5215 0.46378 0.01472 
0.89588 6.5E-4 0.10347 
0.00366 0.00138 0.99496 
0.03055 0.54094 0.42851 
0.47103 0.50524 0.02373 
0.91234 0.04847 0.03919 
18 
0.00943 0.02963 0.96094 
0.82453 0.06352 0.11195 
0.01007 0.41584 0.57409 
0.2181 0.45781 0.32409 
0.54558 0.30965 0.14477 
0.66096 0.04122 0.29782 
18 
0.8868 0.02572 0.08748 
0.02726 0.97041 0.00233 
0.00218 0.88072 0.1171 
0.03821 0.00815 0.95364 
0.02208 0.01401 0.96391 
0.19179 0.80006 0.00815 
18 
0.94901 0.03423 0.01676 
0.01838 0.96428 0.01734 
0.00364 0.09678 0.89958 
0.9159 0.02838 0.05572 
0.6568 0.32927 0.01393 
0.00574 0.93208 0.06218 
18 
0.63148 0.12787 0.24065 
0.00284 0.96247 0.03469 
0.05458 0.91951 0.02591 
0.25135 0.73461 0.01404 
3.7E-4 0.00299 0.99664 
0.68548 0.24558 0.06894 
18 
0.23065 0.69327 0.07608 
0.39411 0.14621 0.45968 
0.01794 0.92657 0.05549 
0.01897 0.20347 0.77756 
0.1862 0.00982 0.80398 
0.36818 0.37172 0.2601 
18 
0.12806 0.80461 0.06733 
0.15969 0.83189 0.00842 
0.89145 0.10318 0.00537 
0.12754 0.03494 0.83752 
0.11567 0.05124 0.83309 
0.96054 0.0039 0.03556 
18 
0.10946 0.41647 0.47407 
0.30652 0.11359 0.57989 
0.10066 0.73032 0.16902 
0.81216 0.05727 0.13057 
0.05303 0.71163 0.23534 
0.16775 0.32649 0.50576 
18 
0.80364 0.06653 0.12983 
0.07384 0.00669 0.91947 
0.01126 0.95806 0.03068 
0.41201 0.52552 0.06247 
0.21418 0.012 0.77382 
0.7585 0.03671 0.20479 
18 
0.04597 0.01278 0.94125 
0.06174 0.82514 0.11312 
0.56573 0.34536 0.08891 
0.03817 0.78489 0.17694 
0.70929 0.04952 0.24119 
0.03708 0.23535 0.72757 
18 
0.14526 0.6927 0.16204 
0.72901 0.25806 0.01293 
0.0638 0.93285 0.00335 
0.41491 0.38507 0.20002 
0.51821 0.32838 0.15341 
0.04975 0.90841 0.04184 

18 
0.22285 0.10016 0.67699 
0.38408 0.01362 0.6023 
0.23223 0.34302 0.42475 
0.11944 0.30377 0.57679 
0.56505 0.32424 0.11071 
0.72306 0.12673 0.15021 

30 
0.05357 0.00787 0.01145 0.14124 0.78587 
0.11063 8.0E-4 0.0117 0.18723 0.68964 
0.008 0.85049 0.02542 0.04866 0.06743 
0.02277 0.04782 0.30715 0.0185 0.60376 
0.34057 0.02281 0.56683 0.03943 0.03036 
0.34162 0.25606 0.0419 0.3488 0.01162 
30 
0.01573 0.02666 0.02338 0.5621 0.37213 
0.1434 0.05113 0.49413 0.03577 0.27557 
0.81745 0.03839 0.02848 0.01152 0.10416 
0.08672 0.14017 0.14817 0.01461 0.61033 
0.19394 0.43646 0.08761 0.11361 0.16838 
0.39068 0.02011 0.49569 0.02428 0.06924 
30 
0.07187 0.51645 0.07355 0.13889 0.19924 
0.50742 0.03739 0.12204 0.33139 0.00176 
0.02603 0.01513 0.05892 0.82477 0.07515 
0.07063 0.00894 0.53147 0.00599 0.38297 
0.66675 0.12281 0.0021 0.16654 0.0418 
0.00156 0.29054 0.09806 0.52522 0.08462 
30 
0.35054 0.20495 0.10126 0.3154 0.02785 
0.58837 0.10606 0.0132 0.09461 0.19776 
0.01267 0.12506 0.03933 0.8214 0.00154 
0.00717 9.2E-4 0.00818 0.05424 0.92949 
0.64517 0.00392 0.01188 0.00304 0.33599 
0.04675 0.91759 7.4E-4 3.4E-4 0.03458 
30 
0.00123 0.55701 0.40844 0.03229 0.00103 
0.06646 6.0E-5 0.93199 5.0E-5 0.00144 
0.73961 0.07605 0.02187 0.15855 0.00392 
0.08213 0.00903 0.81011 0.02313 0.0756 
0.03821 0.13474 0.76586 0.03507 0.02612 
0.41103 0.03051 0.32002 0.03284 0.2056 

24 
0.03356 0.21548 0.63847 0.11249 
0.06608 0.0193 0.14967 0.76495 
0.09215 0.00485 0.88808 0.01492 
0.00305 0.96937 0.01482 0.01276 
0.69708 0.03757 0.02085 0.2445 
0.00849 0.81072 0.01505 0.16574 
24 
0.17146 0.11425 0.2188 0.49549 
0.8447 0.02576 0.05469 0.07485 
0.20553 0.66035 0.03052 0.1036 
0.65332 0.24833 0.01949 0.07886 
0.25053 0.05695 0.06046 0.63206 
0.4716 0.1334 0.32739 0.06761 
24 
0.02248 0.07962 0.2633 0.6346 
0.42698 0.2287 0.10875 0.23557 
0.00574 0.02195 0.27152 0.70079 
0.31731 0.11863 0.35409 0.20997 
0.14995 0.12521 0.47441 0.25043 
0.14921 0.07197 0.14606 0.63276 
24 
0.07073 0.0162 0.02361 0.88946 
0.01415 0.24707 0.66513 0.07365 
0.01196 0.01626 0.40712 0.56466 
0.39785 0.3277 0.02399 0.25046 
3.8E-4 0.03327 0.93218 0.03417 
0.00907 0.42571 0.01682 0.5484 
24 
0.43352 0.30226 0.2352 0.02902 
0.32537 0.62772 0.03848 0.00843 
0.00971 0.0024 0.74935 0.23854 
0.05121 0.19606 0.67776 0.07497 
0.00344 0.01044 0.10442 0.8817 
0.00402 0.01916 0.95614 0.02068 
24 
0.24256 0.11149 0.02238 0.62357 
0.38321 0.27341 0.1934 0.14998 
0.06538 0.03966 0.06501 0.82995 
0.31241 0.00843 0.42723 0.25193 
0.03401 0.94589 0.01191 0.00819 
0.06304 0.84176 0.07616 0.01904 
24 
0.15121 0.67746 0.1142 0.05713 
0.63001 0.19261 0.12768 0.0497 
0.62568 0.10405 0.02555 0.24472 
0.1687 2.0E-5 0.83072 5.6E-4 
0.14608 0.12088 0.11696 0.61608 
0.80004 0.04216 0.08751 0.07029 
24 
0.03098 0.03582 0.81462 0.11858 
0.34577 0.04415 0.1668 0.44328 
0.34719 0.54239 0.05191 0.05851 
0.18954 0.01134 0.06787 0.73125 
0.68795 0.25642 0.01454 0.04109 
0.02445 0.87049 0.01726 0.0878 
24 
0.24959 0.33231 0.13259 0.28551 
0.02476 0.69122 0.09667 0.18735 
0.05997 0.48337 0.13024 0.32642 
0.42708 0.04303 0.02 0.50989 
0.7735 0.05742 0.10381 0.06527 
0.69736 0.18404 0.06319 0.05541 

18 
0.63122 0.10138 0.2674 
0.01119 0.87139 0.11742 
0.6408 0.33295 0.02625 
0.70583 0.1401 0.15407 
0.00532 0.78048 0.2142 
0.00989 0.32219 0.66792 

30 
0.14729 0.01991 0.42996 0.17646 0.22638 
0.03183 0.19564 0.04884 0.10232 0.62137 
0.1153 0.32736 0.03719 0.11809 0.40206 
0.41062 0.03422 0.13169 0.36267 0.0608 
0.0018 0.36123 0.60834 0.00808 0.02055 
0.02467 0.08801 0.00844 0.01838 0.8605 

24 
0.1152 0.11583 0.63313 0.13584 
0.54814 0.15894 0.05295 0.23997 
0.48472 0.22285 0.00142 0.29101 
0.01873 0.02527 0.08895 0.86705 
0.72427 0.04074 0.00847 0.22652 
0.29163 0.1392 0.55281 0.01636 
24 
0.07487 0.76977 0.09803 0.05733 
0.0456 0.03003 0.00401 0.92036 
0.75738 0.12153 0.1004 0.02069 
0.47566 0.44637 0.00727 0.0707 
8.9E-4 0.00432 0.97036 0.02443 
0.57395 0.07572 0.30292 0.04741 
24 
0.04387 0.55268 0.21838 0.18507 
0.21664 0.60709 0.10471 0.07156 
0.22924 0.45045 0.0174 0.30291 
0.48135 0.30246 0.13586 0.08033 
0.0488 0.89818 0.0059 0.04712 
0.84617 0.02929 0.06993 0.05461 
24 
0.2754 0.04822 0.28937 0.38701 
0.98098 0.0031 0.00949 0.00643 
0.06774 0.14347 0.37255 0.41624 
0.06899 0.10667 0.14408 0.68026 
0.09052 0.33281 0.16806 0.40861 
0.11844 0.50059 0.27596 0.10501 
24 
0.32548 0.02748 0.44737 0.19967 
0.11551 0.53204 0.18644 0.16601 
0.01532 0.19544 0.78215 0.00709 
0.00832 0.93095 0.02973 0.031 
0.57367 0.13043 0.16865 0.12725 
0.049 0.1639 0.77862 0.00848 
24 
0.51801 0.11396 0.12936 0.23867 
0.05099 0.0707 0.06902 0.80929 
0.01926 0.22055 0.7581 0.00209 
0.31308 0.36026 0.05006 0.2766 
0.2013 0.35727 0.33522 0.10621 
0.23072 0.1151 0.62396 0.03022 
24 
1.2E-4 0.99641 0.00262 8.5E-4 
0.52669 0.21155 0.11671 0.14505 
0.0937 0.87006 0.00326 0.03298 
0.19766 0.42641 0.1858 0.19013 
0.01667 0.02522 0.01816 0.93995 
0.49945 0.07947 0.06445 0.35663 
24 
0.03772 0.43232 0.50503 0.02493 
0.01849 0.31193 0.26578 0.4038 
0.83979 0.076 7.4E-4 0.08347 
0.0275 0.18013 0.66292 0.12945 
0.65757 0.09986 0.00984 0.23273 
0.04516 0.01046 0.79947 0.14491 
24 
0.92942 0.02069 0.04458 0.00531 
0.00245 0.04757 0.92067 0.02931 
0.09054 0.00905 0.883 0.01741 
0.06706 0.9044 0.02018 0.00836 
0.07694 0.22896 0.06119 0.63291 
0.09107 0.12694 0.00903 0.77296 

18 
0.66868 0.03377 0.29755 
0.15244 0.53949 0.30807 
0.82041 0.02754 0.15205 
0.26728 0.6945 0.03822 
0.16681 0.11812 0.71507 
0.63923 0.35084 0.00993 
