V-CREDAL
10
2 3 4 3 4 4 2 2 4 4
10
1 0
2 0 1
2 1 2
2 2 3
2 3 4
2 4 5
2 5 6
2 6 7
2 7 8
2 8 9

4
0.78 0.22
0.324 0.676

18
0.266 0.701 0.033
0.018 0.277 0.705
0.577 0.419 0.004
0.053 0.89 0.057
0.011 0.463 0.526
0.145 0.297 0.558
18
0.226 0.353 0.421
0.889 0.006 0.105
0.924 0.067 0.009
0.382 0.168 0.45
0.011 0.981 0.008
0.257 0.271 0.472

24
0.096 0.277 0.441 0.186
0.156 0.093 0.115 0.636
0.298 0.014 0.327 0.361
0.941 0.001 0.007 0.051
0.052 0.24 0.331 0.377
0.008 0.987 0.002 0.003
24
0.476 0.141 0.106 0.277
0.289 0.617 0.024 0.07
0.27 0.206 0.108 0.416
0.583 0.143 0.271 0.003
0.353 0.6 0.014 0.033
0.119 0.718 0.141 0.022
24
0.005 0.035 0.95 0.01
0.854 0.009 0.01 0.127
0.026 0.855 0.092 0.027
0.263 0.405 0.1 0.232
0.121 0.134 0.272 0.473
0.658 0.07 0.24 0.032

18
0.703 0.008 0.289
0.039 0.432 0.529
0.529 0.448 0.023
0.052 0.008 0.94
0.208 0.779 0.013
0.026 0.858 0.116
18
0.428 0.435 0.137
0.411 0.533 0.056
0.24 0.305 0.455
0.07 0.493 0.437
0.008 0.754 0.238
0.137 0.83 0.033
18
0.066 0.272 0.662
0.035 0.902 0.063
0.841 0.037 0.122
0.728 0.239 0.033
0.237 0.075 0.688
0.171 0.808 0.021
18
0.133 0.031 0.836
0.899 0.062 0.039
0.181 0.785 0.034
0.018 0.052 0.93
0.022 0.909 0.069
0.871 0.026 0.103

24
0.727 0.007 0.048 0.218
0.451 0.012 0.519 0.018
0.025 0.277 0.16 0.538
0.004 0.031 0.628 0.337
0.004 0.004 0.003 0.989
0.048 0.055 0.857 0.04
24
0.452 0.374 0.009 0.165
0.035 0.153 0.071 0.741
0.167 0.55 0.162 0.121
0.21 0.72 0.019 0.051
0.085 0.002 0.111 0.802
0.591 0.095 0.172 0.142
24
0.873 0.06 0.038 0.029
0.025 0.002 0.966 0.007
0.004 0.001 0.019 0.976
0.26 0.64 0.086 0.014
0.196 0.681 0.077 0.046
0.002 0.011 0.126 0.861

24
0.966 0.002 0.025 0.007
0.917 0.026 0.013 0.044
0.014 0.184 0.373 0.429
0.712 0.004 0.001 0.283
0.848 0.006 0.092 0.054
0.209 0.351 0.408 0.032
24
0.076 0.842 0.052 0.03
0.52 0.348 0.019 0.113
0.519 0.187 0.234 0.06
0.084 0.075 0.761 0.08
0.389 0.356 0.083 0.172
0.142 0.044 0.767 0.047
24
0.085 0.395 0.047 0.473
0.085 0.294 0.588 0.033
0.067 0.672 0.032 0.229
0.153 0.787 0.012 0.048
0.083 0.041 0.825 0.051
0.004 0.853 0.12 0.023
24
0.026 0.019 0.015 0.94
0.092 0.451 0.233 0.224
0.684 0.27 0.003 0.043
0.05 0.003 0.012 0.935
0.066 0.361 0.01 0.563
0.6 0.085 0.028 0.287

4
0.506 0.494
0.338 0.662
4
0.425 0.575
0.667 0.333
4
0.037 0.963
0.531 0.469
4
0.297 0.703
0.733 0.267

4
0.559 0.441
0.261 0.739
4
0.65 0.35
0.416 0.584

24
0.161 0.132 0.641 0.066
0.808 0.031 0.15 0.011
0.183 0.027 0.005 0.785
0.418 0.024 0.517 0.041
0.137 0.518 0.255 0.09
0.363 0.032 0.579 0.026
24
0.223 0.109 0.255 0.413
0.05 0.38 0.372 0.198
0.5 0.234 0.091 0.175
0.001 0.243 0.737 0.019
0.277 0.365 0.264 0.094
0.222 0.151 0.571 0.056

24
0.28 0.252 0.342 0.126
0.868 0.004 0.002 0.126
0.035 0.273 0.113 0.579
0.092 0.013 0.837 0.058
0.445 0.015 0.098 0.442
0.747 0.053 0.172 0.028
24
0.035 0.179 0.286 0.5
0.37 0.385 0.18 0.065
0.478 0.154 0.348 0.02
0.056 0.349 0.164 0.431
0.009 0.005 0.651 0.335
0.011 0.448 0.002 0.539
24
0.134 0.215 0.04 0.611
0.67 0.079 0.073 0.178
0.051 0.495 0.191 0.263
0.052 0.778 0.033 0.137
0.291 0.114 0.116 0.479
0.028 0.611 0.345 0.016
24
0.142 0.079 0.489 0.29
0.009 0.879 0.04 0.072
0.007 0.775 0.197 0.021
0.222 0.117 0.598 0.063
0.873 0.042 0.068 0.017
0.706 0.007 0.21 0.077
