V-CREDAL 
6 
4 3 3 4 2 4 
6 
1 0 
2 0 1 
2 1 2 
2 2 3 
2 3 4 
2 4 5 

24 
0.00429 0.00138 0.00639 0.98794 
0.09883 0.42978 0.05693 0.41446 
0.07693 0.00933 0.01001 0.90373 
0.51251 0.14403 0.02275 0.32071 
0.12744 0.59768 0.1695 0.10538 
0.10794 0.15108 0.05714 0.68384 

18 
4.9E-4 0.75497 0.24454 
0.00357 0.34497 0.65146 
0.62208 0.26688 0.11104 
0.36334 0.02581 0.61085 
0.57904 0.0102 0.41076 
0.60511 0.36149 0.0334 
18 
0.70206 0.16748 0.13046 
0.18069 0.23883 0.58048 
0.67772 0.02414 0.29814 
0.24899 0.1284 0.62261 
0.05309 0.74636 0.20055 
0.11824 0.47098 0.41078 
18 
0.00106 0.98521 0.01373 
0.04624 0.18575 0.76801 
0.8157 0.01839 0.16591 
0.07279 0.02184 0.90537 
0.42944 0.55461 0.01595 
0.60446 0.33217 0.06337 
18 
0.96489 0.01422 0.02089 
0.01561 0.92755 0.05684 
0.11961 0.02791 0.85248 
0.31642 0.68356 2.0E-5 
0.0255 0.35392 0.62058 
0.97624 0.01931 0.00445 

18 
0.33672 0.21615 0.44713 
0.01346 0.14209 0.84445 
0.28411 0.56929 0.1466 
0.20072 0.78045 0.01883 
0.15921 0.07623 0.76456 
0.0291 0.08165 0.88925 
18 
0.25055 0.38442 0.36503 
0.75803 0.23971 0.00226 
0.8908 0.05677 0.05243 
0.05633 0.79514 0.14853 
0.25107 0.67964 0.06929 
0.60763 0.05408 0.33829 
18 
0.14804 0.28458 0.56738 
0.17598 0.81486 0.00916 
0.08886 0.51567 0.39547 
0.41921 0.2429 0.33789 
0.00874 0.98037 0.01089 
0.60392 0.37421 0.02187 

24 
0.11297 0.10728 0.60973 0.17002 
0.13175 0.70749 0.06951 0.09125 
0.84253 0.00973 0.11924 0.0285 
0.16103 0.02397 0.79096 0.02404 
0.07898 0.04344 0.35555 0.52203 
0.0548 0.81755 0.11453 0.01312 
24 
0.04933 0.38586 0.38609 0.17872 
0.04168 0.75195 0.02894 0.17743 
0.07462 0.12813 0.71636 0.08089 
0.46974 0.052 0.13788 0.34038 
0.09016 0.14815 0.53642 0.22527 
0.00866 0.05876 0.83832 0.09426 
24 
0.08818 0.61692 0.15998 0.13492 
0.00477 0.00187 0.08039 0.91297 
0.14092 0.74565 0.00947 0.10396 
0.15148 0.35804 0.1363 0.35418 
0.06239 0.3367 0.59187 0.00904 
0.02343 0.0612 0.67384 0.24153 

4 
0.90009 0.09991 
0.94418 0.05582 
4 
0.27222 0.72778 
0.33337 0.66663 
4 
0.36498 0.63502 
0.82681 0.17319 
4 
0.56807 0.43193 
0.45568 0.54432 

24 
0.38156 0.03967 0.48666 0.09211 
0.00267 0.04332 0.92266 0.03135 
0.61498 0.2662 0.10019 0.01863 
0.05607 0.0859 0.60687 0.25116 
0.63439 0.03293 0.13371 0.19897 
0.74833 0.05428 0.0038 0.19359 
24 
0.25556 0.72535 0.00818 0.01091 
0.19483 7.0E-4 0.66143 0.14304 
0.26788 0.70076 0.02805 0.00331 
0.05414 0.62486 0.17904 0.14196 
0.23935 0.25214 0.2233 0.28521 
0.00571 0.53457 0.43433 0.02539 
