V-CREDAL 
10 
3 3 5 2 5 3 2 4 4 4 
10 
1 0 
2 0 1 
2 1 2 
2 2 3 
2 3 4 
2 4 5 
2 5 6 
2 6 7 
2 7 8 
2 8 9 

12 
0.02267 0.06926 0.90807 
0.07522 0.56095 0.36383 
0.12726 0.10285 0.76989 
0.27715 0.35168 0.37117 

12 
0.31946 0.60564 0.0749 
0.19672 0.08991 0.71337 
0.06509 0.68884 0.24607 
0.07627 0.61618 0.30755 
12 
0.00941 0.97326 0.01733 
0.32429 0.17801 0.4977 
0.38547 0.27478 0.33975 
0.08156 0.35213 0.56631 
12 
0.84214 0.07316 0.0847 
0.05337 0.02104 0.92559 
0.15763 0.78727 0.0551 
0.6113 0.37124 0.01746 

20 
0.66616 0.01764 0.00306 0.02017 0.29297 
0.46405 0.00404 0.48852 0.02601 0.01738 
0.0718 0.18951 0.42476 0.29116 0.02277 
0.04814 9.0E-4 0.32399 0.61819 0.00878 
20 
0.27058 0.04129 0.00608 0.04285 0.6392 
0.02098 0.00372 0.66129 6.6E-4 0.31335 
0.51717 0.43717 0.00767 0.02517 0.01282 
0.01129 0.74169 0.08017 0.00967 0.15718 
20 
0.12298 0.81056 0.03453 0.00381 0.02812 
0.01546 0.21397 0.02627 0.68653 0.05777 
0.07861 0.30027 0.04064 0.03673 0.54375 
0.52153 0.011 0.06483 0.29053 0.11211 

4 
0.99255 0.00745 
0.69298 0.30702 
4 
0.19465 0.80535 
0.48782 0.51218 
4 
0.99483 0.00517 
0.60275 0.39725 
4 
0.33237 0.66763 
0.79522 0.20478 
4 
0.13696 0.86304 
0.67352 0.32648 

20 
0.06474 0.01651 0.0634 0.78947 0.06588 
0.01265 0.02538 0.06527 0.05693 0.83977 
7.9E-4 0.00564 0.00478 0.17038 0.81841 
0.00244 0.00117 0.0227 0.84678 0.12691 
20 
0.03006 0.07818 0.06385 0.00487 0.82304 
6.0E-4 0.03025 0.45728 0.27343 0.23844 
0.5883 1.0E-5 0.40812 0.00147 0.0021 
0.41552 0.09797 0.021 0.37581 0.0897 

12 
0.5748 0.02965 0.39555 
0.98466 0.01256 0.00278 
0.03705 0.72673 0.23622 
0.17228 0.07615 0.75157 
12 
0.28941 0.59187 0.11872 
0.59999 0.17213 0.22788 
0.30924 0.03578 0.65498 
0.04823 0.45351 0.49826 
12 
0.73749 0.04885 0.21366 
0.22171 0.06939 0.7089 
0.00136 0.99269 0.00595 
0.38284 0.60429 0.01287 
12 
0.12671 0.1159 0.75739 
0.9381 0.03002 0.03188 
0.03558 0.42195 0.54247 
0.04992 0.24797 0.70211 
12 
0.0189 0.08221 0.89889 
0.47771 0.14245 0.37984 
0.2109 0.32862 0.46048 
0.19296 0.00896 0.79808 

4 
0.13057 0.86943 
0.83798 0.16202 
4 
0.23671 0.76329 
0.73416 0.26584 
4 
0.71495 0.28505 
0.97777 0.02223 

16 
0.54826 0.00288 0.17526 0.2736 
0.13346 0.01481 0.68146 0.17027 
0.00136 0.06649 0.04637 0.88578 
0.04117 0.00634 0.54578 0.40671 
16 
0.19702 0.47506 0.31293 0.01499 
0.15426 0.2103 0.1251 0.51034 
0.03945 0.02729 0.21267 0.72059 
0.26194 0.11202 0.59947 0.02657 

16 
0.03056 0.0836 0.86941 0.01643 
0.12346 0.02381 0.66708 0.18565 
0.0801 0.61886 0.12551 0.17553 
0.20513 0.41005 0.34339 0.04143 
16 
0.30011 0.11758 0.15765 0.42466 
0.02848 0.873 0.02362 0.0749 
0.96692 0.00752 0.00957 0.01599 
0.02538 0.005 0.9552 0.01442 
16 
0.02787 0.02137 0.9047 0.04606 
0.23201 0.36224 0.08001 0.32574 
0.2258 0.42142 0.23652 0.11626 
0.35613 0.11642 0.49684 0.03061 
16 
0.08103 0.25701 0.3911 0.27086 
0.19739 0.34071 0.03048 0.43142 
0.00301 0.04047 0.88069 0.07583 
0.10007 0.58627 0.06546 0.2482 

16 
0.99882 2.0E-5 6.4E-4 5.2E-4 
0.47626 0.06583 0.01113 0.44678 
0.14153 0.02065 0.00457 0.83325 
0.05764 0.47759 0.04668 0.41809 
16 
0.08258 0.32469 0.35504 0.23769 
0.82006 0.03243 0.08036 0.06715 
0.73833 0.01204 0.06037 0.18926 
0.47976 0.06693 0.09301 0.3603 
16 
0.00486 0.5288 0.17562 0.29072 
0.34363 0.23934 0.09588 0.32115 
0.53155 0.06276 0.32736 0.07833 
0.38057 0.292 0.0439 0.28353 
16 
0.0272 0.29211 0.61559 0.0651 
0.01261 0.02903 0.13042 0.82794 
0.21548 0.57223 0.20757 0.00472 
0.35987 0.1333 0.19247 0.31436 
