V-CREDAL
8
4 3 2 4 2 2 4 3
8
1 0
2 0 1
2 1 2
2 2 3
2 3 4
2 4 5
2 5 6
2 6 7

24
0.855 0.076 0.065 0.004
0.039 0.712 0.169 0.08
0.06 0.815 0.107 0.018
0.002 0.069 0.048 0.881
0.042 0.008 0.943 0.007
0.019 0.015 0.942 0.024

18
0.003 0.996 0.001
0.938 0.046 0.016
0.913 0.031 0.056
0.059 0.009 0.932
0.007 0.017 0.976
0.002 0.985 0.013
18
0.379 0.082 0.539
0.07 0.036 0.894
0.47 0.142 0.388
0.382 0.507 0.111
0.062 0.908 0.03
0.02 0.738 0.242
18
0.382 0.605 0.013
0.009 0.988 0.003
0.142 0.007 0.851
0.012 0.009 0.979
0.724 0.095 0.181
0.712 0.043 0.245
18
0.045 0.521 0.434
0.002 0.045 0.953
0.272 0.539 0.189
0.129 0.618 0.253
0.329 0.262 0.409
0.333 0.294 0.373

4
0.252 0.748
0.931 0.069
4
0.689 0.311
0.276 0.724
4
0.09 0.91
0.449 0.551

24
0.025 0.341 0.598 0.036
0.198 0.528 0.021 0.253
0.009 0.358 0.01 0.623
0.46 0.062 0.143 0.335
0.558 0.192 0.173 0.077
0.024 0.922 0.008 0.046
24
0.011 0.012 0.001 0.976
0.257 0.404 0.231 0.108
0.095 0.285 0.573 0.047
0.044 0.924 0.01 0.022
0.24 0.016 0.019 0.725
0.369 0.007 0.586 0.038

4
0.466 0.534
0.336 0.664
4
0.004 0.996
0.565 0.435
4
0.192 0.808
0.744 0.256
4
0.444 0.556
0.891 0.109

4
0.751 0.249
0.646 0.354
4
0.885 0.115
0.578 0.422

24
0.197 0.12 0.068 0.615
0.121 0.01 0.067 0.802
0.061 0.205 0.633 0.101
0.091 0.481 0.245 0.183
0.13 0.306 0.139 0.425
0.194 0.123 0.003 0.68
24
0.378 0.017 0.184 0.421
0.637 0.202 0.129 0.032
0.495 0.458 0.004 0.043
0.032 0.125 0.075 0.768
0.184 0.062 0.005 0.749
0.07 0.903 0.013 0.014

18
0.097 0.52 0.383
0.736 0.161 0.103
0.363 0.49 0.147
0.598 0.055 0.347
0.052 0.608 0.34
0.57 0.072 0.358
18
0.747 0.085 0.168
0.082 0.036 0.882
0.081 0.874 0.045
0.694 0.178 0.128
0.005 0.257 0.738
0.007 0.817 0.176
18
0.072 0.919 0.009
0.593 0.379 0.028
0.049 0.666 0.285
0.622 0.133 0.245
0.303 0.291 0.406
0.039 0.497 0.464
18
0.946 0.025 0.029
0.006 0.01 0.984
0.024 0.974 0.002
0.847 0.152 0.001
0.741 0.005 0.254
0.905 0.016 0.079
