V-CREDAL 
10 
4 4 2 4 3 2 4 4 4 2 
10 
1 0 
2 0 1 
2 1 2 
2 2 3 
2 3 4 
2 4 5 
2 5 6 
2 6 7 
2 7 8 
2 8 9 

24 
0.24 0.408 0.349 0.003 
0.537 0.134 0.264 0.065 
0.33 0.212 0.355 0.103 
0.192 0.487 0.242 0.079 
0.026 0.421 0.546 0.007 
0.713 0.121 0.14 0.026 

24 
0.701 0.016 0.261 0.022 
0.011 0.986 0.002 0.001 
0.119 0.116 0.59 0.175 
0.252 0.135 0.589 0.024 
0.158 0.03 0.054 0.758 
0.022 0.872 0.048 0.058 
24 
0.008 0.009 0.469 0.514 
0.229 0.415 0.27 0.086 
0.036 0.327 0.24 0.397 
0.239 0.718 0.027 0.016 
0.918 0.059 0.007 0.016 
0.058 0.169 0.213 0.56 
24 
0.252 0.614 0.092 0.042 
0.767 0.041 0.053 0.139 
0.809 0.109 0.026 0.056 
0.093 0.16 0.338 0.409 
0.301 0.148 0.111 0.44 
0.255 0.737 0.003 0.005 
24 
0.073 0.844 0.003 0.08 
0.168 0.565 0.226 0.041 
0.002 0.002 0.001 0.995 
0.002 0.958 0.039 0.001 
0.411 0.006 0.043 0.54 
0.003 0.004 0.003 0.99 

4 
0.101 0.899 
0.65 0.35 
4 
0.45 0.55 
0.52 0.48 
4 
0.398 0.602 
0.755 0.245 
4 
0.947 0.053 
0.957 0.043 

24 
0.335 0.017 0.647 0.001 
0.382 0.236 0.149 0.233 
0.048 0.336 0.447 0.169 
0.801 0.065 0.031 0.103 
0.074 0.058 0.753 0.115 
0.003 0.079 0.347 0.571 
24 
0.029 0.055 0.807 0.109 
0.129 0.004 0.373 0.494 
0.013 0.014 0.921 0.052 
0.307 0.26 0.335 0.098 
0.314 0.127 0.434 0.125 
0.02 0.181 0.006 0.793 

18 
0.702 0.238 0.06 
0.645 0.335 0.02 
0.337 0.169 0.494 
0.314 0.336 0.35 
0.677 0.292 0.031 
0.01 0.225 0.765 
18 
0.031 0.918 0.051 
0.008 0.051 0.941 
0.002 0.869 0.129 
0.962 0.014 0.024 
0.019 0.02 0.961 
0.491 0.491 0.018 
18 
0.026 0.968 0.006 
0.705 0.051 0.244 
0.127 0.067 0.806 
0.57 0.423 0.007 
0.039 0.677 0.284 
0.61 0.005 0.385 
18 
0.396 0.446 0.158 
0.025 0.965 0.01 
0.448 0.006 0.546 
0.59 0.132 0.278 
0.173 0.611 0.216 
0.523 0.258 0.219 

4 
0.433 0.567 
0.089 0.911 
4 
0.889 0.111 
0.663 0.337 
4 
0.305 0.695 
0.573 0.427 

24 
0.006 0.274 0.567 0.153 
0.238 0.355 0.254 0.153 
0.007 0.972 0.017 0.004 
0.055 0.04 0.833 0.072 
0.36 0.014 0.231 0.395 
0.022 0.003 0.964 0.011 
24 
0.722 0.035 0.22 0.023 
0.232 0.482 0.05 0.236 
0.081 0.21 0.388 0.321 
0.471 0.035 0.025 0.469 
0.177 0.752 0.018 0.053 
0.155 0.078 0.243 0.524 

24 
0.669 0.133 0.004 0.194 
0.864 0.083 0.013 0.04 
0.004 0.979 0.004 0.013 
0.428 0.095 0.012 0.465 
0.28 0.053 0.292 0.375 
0.128 0.288 0.07 0.514 
24 
0.43 0.036 0.402 0.132 
0.525 0.002 0.008 0.465 
0.009 0.274 0.587 0.13 
0.098 0.497 0.259 0.146 
0.724 0.035 0.043 0.198 
0.197 0.503 0.139 0.161 
24 
0.096 0.46 0.321 0.123 
0.026 0.02 0.703 0.251 
0.104 0.002 0.823 0.071 
0.413 0.012 0.032 0.543 
0.567 0.109 0.278 0.046 
0.555 0.093 0.25 0.102 
24 
0.464 0.316 0.056 0.164 
0.227 0.01 0.051 0.712 
0.03 0.867 0.092 0.011 
0.198 0.713 0.064 0.025 
0.73 0.027 0.182 0.061 
0.004 0.06 0.444 0.492 

24 
0.054 0.134 0.141 0.671 
0.038 0.244 0.013 0.705 
0.329 0.235 0.15 0.286 
0.002 0.053 0.315 0.63 
0.054 0.003 0.941 0.002 
0.025 0.954 0.014 0.007 
24 
0.062 0.348 0.123 0.467 
0.854 0.018 0.011 0.117 
0.738 0.184 0.065 0.013 
0.004 0.874 0.12 0.002 
0.137 0.092 0.399 0.372 
0.028 0.173 0.629 0.17 
24 
0.252 0.171 0.568 0.009 
0.058 0.358 0.225 0.359 
0.01 0.007 0.953 0.03 
0.538 0.078 0.121 0.263 
0.054 0.339 0.411 0.196 
0.238 0.525 0.119 0.118 
24 
0.991 0.002 0.006 0.001 
0.115 0.232 0.042 0.611 
0.059 0.048 0.824 0.069 
0.306 0.021 0.029 0.644 
0.135 0.462 0.001 0.402 
0.003 0.65 0.343 0.004 

4 
0.694 0.306 
0.735 0.265 
4 
0.736 0.264 
0.134 0.866 
4 
0.618 0.382 
0.212 0.788 
4 
0.306 0.694 
0.096 0.904 
