V-CREDAL 
4 
2 5 3 4 
4 
2 1 0 
2 2 1 
1 2 
2 1 3 

4 
0.42301 0.57699 
0.34836 0.65164 
4 
0.5672 0.4328 
0.1298 0.8702 
4 
0.17994 0.82006 
0.09549 0.90451 
4 
0.25462 0.74538 
0.92351 0.07649 
4 
0.96366 0.03634 
0.69753 0.30247 

20 
0.09333 0.09026 0.37165 0.31064 0.13412 
0.52782 0.06052 0.37611 0.00979 0.02576 
0.05044 0.66475 0.18085 0.08747 0.01649 
0.40376 0.00358 0.16142 0.40748 0.02376 
20 
0.03064 0.01051 0.26228 0.06338 0.63319 
1.0E-5 0.89794 0.0745 0.02404 0.00351 
0.00107 0.87841 0.08414 0.03032 0.00606 
0.07927 0.13763 0.76904 0.01347 5.9E-4 
20 
0.0012 3.0E-5 0.84806 0.00493 0.14578 
0.1365 0.3034 0.05412 0.14427 0.36171 
0.62732 0.18103 0.04993 0.05463 0.08709 
6.7E-4 0.1327 0.34206 0.26798 0.25659 

12 
0.64344 0.29329 0.06327 
0.22543 0.15499 0.61958 
0.79226 0.07154 0.1362 
0.18202 0.33573 0.48225 

16 
0.00309 0.19883 0.0058 0.79228 
0.07115 0.22112 0.15594 0.55179 
0.38065 0.10831 0.4048 0.10624 
0.03915 0.72708 0.10316 0.13061 
16 
0.5269 0.06696 0.32177 0.08437 
0.25044 0.37102 0.00806 0.37048 
0.37415 0.54449 0.07732 0.00404 
0.56388 0.33506 0.00364 0.09742 
16 
0.03109 0.02213 0.07333 0.87345 
0.06372 0.47487 0.24448 0.21693 
0.027 0.54369 0.00824 0.42107 
0.06174 0.16418 0.41479 0.35929 
16 
0.04604 0.42048 0.47242 0.06106 
0.26234 0.1541 0.32061 0.26295 
5.3E-4 9.8E-4 0.45201 0.54648 
0.03435 0.19409 0.14123 0.63033 
16 
0.14756 0.49483 0.17243 0.18518 
0.01495 0.93652 8.0E-4 0.04773 
0.50342 0.02077 0.14847 0.32734 
0.01726 0.13567 0.751 0.09607 
