V-CREDAL
4
4 4 3 2
4
1 0
1 1
2 1 2
3 0 2 3

24
0.028 0.208 0.686 0.078
0.344 0.625 0.018 0.013
0.187 0.018 0.756 0.039
0.339 0.586 0.049 0.026
0.004 0.002 0.042 0.952
0.086 0.606 0.254 0.054

24
0.015 0.023 0.195 0.767
0.337 0.002 0.66 0.001
0.484 0.063 0.191 0.262
0.138 0.341 0.517 0.004
0.294 0.027 0.015 0.664
0.06 0.125 0.675 0.14

18
0.049 0.223 0.728
0.544 0.323 0.133
0.03 0.017 0.953
0.515 0.022 0.463
0.085 0.51 0.405
0.266 0.668 0.066
18
0.065 0.452 0.483
0.019 0.236 0.745
0.315 0.052 0.633
0.957 0.016 0.027
0.204 0.592 0.204
0.922 0.074 0.004
18
0.957 0.008 0.035
0.118 0.879 0.003
0.16 0.117 0.723
0.866 0.117 0.017
0.341 0.025 0.634
0.137 0.481 0.382
18
0.038 0.456 0.506
0.259 0.682 0.059
0.09 0.1 0.81
0.646 0.277 0.077
0.44 0.018 0.542
0.097 0.085 0.818

4
0.502 0.498
0.31 0.69
4
0.691 0.309
0.13 0.87
4
0.185 0.815
0.387 0.613
4
0.092 0.908
0.234 0.766
4
0.551 0.449
0.107 0.893
4
0.647 0.353
0.48 0.52
4
0.398 0.602
0.763 0.237
4
0.551 0.449
0.081 0.919
4
0.375 0.625
0.84 0.16
4
0.062 0.938
0.986 0.014
4
0.392 0.608
0.568 0.432
4
0.442 0.558
0.651 0.349
