V-CREDAL 
8 
4 4 2 2 2 3 4 4 
8 
2 6 0 
1 1 
3 0 1 2 
1 3 
3 3 6 4 
3 0 7 5 
1 6 
1 7 

24 
0.16955 0.20929 0.59053 0.03063 
0.04233 0.01642 0.21874 0.72251 
0.00232 0.98953 6.0E-5 0.00809 
0.58273 0.06329 0.013 0.34098 
3.9E-4 0.15318 0.66553 0.1809 
0.3452 0.4689 0.15342 0.03248 
24 
0.41565 0.01397 0.02064 0.54974 
0.20084 0.13954 0.35231 0.30731 
0.12018 0.00818 0.45529 0.41635 
0.28623 0.08328 0.32866 0.30183 
0.36264 0.02837 0.05777 0.55122 
0.16432 0.61779 0.10573 0.11216 
24 
0.10873 0.01288 0.58889 0.2895 
0.06424 0.09832 0.02748 0.80996 
0.01028 0.01255 0.97572 0.00145 
0.64021 0.04964 0.13449 0.17566 
0.41807 0.42603 0.00478 0.15112 
0.04895 0.51934 0.00104 0.43067 
24 
0.51223 0.117 0.05461 0.31616 
0.39374 0.35539 0.01346 0.23741 
0.08219 0.30642 0.22612 0.38527 
0.06641 0.28844 0.59301 0.05214 
0.42252 0.2309 0.10759 0.23899 
0.07565 0.56296 0.102 0.25939 

24 
0.09795 0.01182 0.11856 0.77167 
0.15449 0.18077 0.12964 0.5351 
0.09248 0.49205 0.31158 0.10389 
0.21864 0.25635 0.30973 0.21528 
0.14576 0.70734 0.11608 0.03082 
0.13712 0.13976 0.69405 0.02907 

4 
0.11786 0.88214 
0.82933 0.17067 
4 
0.38971 0.61029 
0.96407 0.03593 
4 
0.5552 0.4448 
0.21523 0.78477 
4 
0.93074 0.06926 
0.76456 0.23544 
4 
0.93294 0.06706 
0.68931 0.31069 
4 
0.69292 0.30708 
0.32865 0.67135 
4 
0.78842 0.21158 
0.96534 0.03466 
4 
0.65961 0.34039 
0.40086 0.59914 
4 
0.77185 0.22815 
0.97489 0.02511 
4 
0.91834 0.08166 
0.35103 0.64897 
4 
0.92912 0.07088 
0.07231 0.92769 
4 
0.31698 0.68302 
0.8131 0.1869 
4 
0.51921 0.48079 
0.34323 0.65677 
4 
0.23605 0.76395 
0.2572 0.7428 
4 
0.60868 0.39132 
0.84385 0.15615 
4 
0.47884 0.52116 
0.67175 0.32825 

4 
0.46504 0.53496 
0.84397 0.15603 

4 
0.96811 0.03189 
0.90703 0.09297 
4 
0.00965 0.99035 
0.26224 0.73776 
4 
0.93445 0.06555 
0.23192 0.76808 
4 
0.57376 0.42624 
0.23942 0.76058 
4 
0.24949 0.75051 
0.54012 0.45988 
4 
0.37979 0.62021 
0.76808 0.23192 
4 
0.96524 0.03476 
0.96516 0.03484 
4 
0.79357 0.20643 
0.20179 0.79821 

18 
0.28356 0.71308 0.00336 
0.05664 0.71663 0.22673 
0.94768 0.01949 0.03283 
0.01509 0.01625 0.96866 
0.11124 0.00491 0.88385 
0.13731 0.7823 0.08039 
18 
0.02417 0.48609 0.48974 
0.56073 0.35434 0.08493 
0.07342 0.92511 0.00147 
0.05035 0.01814 0.93151 
0.42229 0.5551 0.02261 
0.515 0.02972 0.45528 
18 
0.0024 0.25568 0.74192 
0.07838 0.13351 0.78811 
0.05797 0.84424 0.09779 
0.39763 0.34646 0.25591 
0.21998 0.04002 0.74 
0.55144 0.09541 0.35315 
18 
0.22608 0.76969 0.00423 
0.83194 0.03765 0.13041 
0.31481 0.2822 0.40299 
0.03724 0.65727 0.30549 
0.41379 0.19443 0.39178 
0.98899 0.0096 0.00141 
18 
0.0399 0.05756 0.90254 
0.02531 0.6524 0.32229 
0.00349 0.15145 0.84506 
0.79144 0.14134 0.06722 
0.32391 0.54339 0.1327 
0.20766 0.05458 0.73776 
18 
0.67664 0.21382 0.10954 
0.34894 0.33466 0.3164 
0.11474 0.34626 0.539 
0.18531 0.04254 0.77215 
0.90425 0.0196 0.07615 
0.02599 0.30644 0.66757 
18 
0.01233 0.60192 0.38575 
0.38778 0.00479 0.60743 
0.03147 0.94105 0.02748 
0.78972 0.13513 0.07515 
0.65206 0.30742 0.04052 
0.01398 0.0012 0.98482 
18 
0.0167 0.00183 0.98147 
0.00222 0.74843 0.24935 
0.85208 0.08746 0.06046 
0.4115 0.02424 0.56426 
0.09413 0.74776 0.15811 
0.2471 0.01127 0.74163 
18 
0.12842 0.05946 0.81212 
0.56157 0.43036 0.00807 
0.61216 0.31157 0.07627 
0.24954 0.59232 0.15814 
0.38799 0.12946 0.48255 
0.16072 0.41873 0.42055 
18 
0.03537 0.90051 0.06412 
0.30128 0.66617 0.03255 
0.44243 0.3158 0.24177 
0.08975 0.3263 0.58395 
0.37687 0.12419 0.49894 
0.52934 0.02105 0.44961 
18 
0.63633 0.35564 0.00803 
0.00137 0.37386 0.62477 
0.73038 0.2021 0.06752 
0.0048 0.96775 0.02745 
0.0038 0.02221 0.97399 
0.22985 0.03002 0.74013 
18 
0.56985 0.40451 0.02564 
0.19192 0.18155 0.62653 
0.16836 0.20695 0.62469 
0.6231 0.25779 0.11911 
0.02508 0.96707 0.00785 
0.54502 0.00276 0.45222 
18 
0.65054 0.08279 0.26667 
0.66345 0.24958 0.08697 
0.02942 0.03734 0.93324 
0.4432 0.51389 0.04291 
0.00268 0.97812 0.0192 
0.1855 0.01799 0.79651 
18 
0.01183 0.83502 0.15315 
0.81657 0.16088 0.02255 
0.48957 0.45198 0.05845 
0.05135 0.0385 0.91015 
0.77057 0.20243 0.027 
0.02659 0.0912 0.88221 
18 
0.06857 0.55643 0.375 
0.0954 0.6638 0.2408 
0.21181 0.01101 0.77718 
0.91932 0.07046 0.01022 
0.60816 0.30353 0.08831 
0.92349 0.00251 0.074 
18 
0.18288 0.81039 0.00673 
0.22311 0.04602 0.73087 
0.88296 0.04955 0.06749 
0.02299 0.53946 0.43755 
0.07221 0.73827 0.18952 
0.05475 0.08848 0.85677 

24 
0.87196 0.00185 0.11808 0.00811 
0.0161 0.00638 0.94192 0.0356 
0.02592 0.00395 0.19556 0.77457 
0.52265 0.01509 0.44784 0.01442 
0.11648 0.37717 0.4472 0.05915 
0.27749 0.25909 0.17738 0.28604 

24 
0.13798 0.02742 0.49434 0.34026 
0.24006 0.63913 0.00289 0.11792 
0.00391 0.04301 0.91892 0.03416 
0.01532 0.0063 0.01001 0.96837 
0.12201 0.50041 0.26021 0.11737 
0.4797 0.24922 0.19256 0.07852 
