V-CREDAL 
8 
3 3 2 3 3 2 3 3 
8 
2 3 0 
1 1 
1 2 
2 5 3 
2 6 4 
2 4 5 
2 1 6 
3 2 6 7 

12 
0.51684 0.23515 0.24801 
0.07131 0.90549 0.0232 
0.11883 0.0877 0.79347 
0.10106 0.3128 0.58614 
12 
0.32236 0.1396 0.53804 
0.29462 0.2674 0.43798 
0.11273 0.43347 0.4538 
0.08642 0.07178 0.8418 
12 
0.18931 0.23883 0.57186 
0.08089 0.10288 0.81623 
0.08425 0.30454 0.61121 
0.00561 0.13214 0.86225 

12 
0.12324 0.47637 0.40039 
0.20637 0.61108 0.18255 
0.9323 0.00738 0.06032 
0.8194 0.15195 0.02865 

4 
0.23038 0.76962 
0.94911 0.05089 

12 
0.01175 0.97993 0.00832 
0.02309 0.00732 0.96959 
0.76444 0.07711 0.15845 
0.47722 0.42539 0.09739 
12 
0.02445 0.69354 0.28201 
0.59381 0.35064 0.05555 
0.22837 0.48109 0.29054 
0.65292 0.06733 0.27975 

12 
0.90625 0.04413 0.04962 
0.07256 0.07838 0.84906 
0.51875 0.00557 0.47568 
0.148 0.51442 0.33758 
12 
0.35508 0.22778 0.41714 
0.10264 0.06621 0.83115 
0.68298 0.26103 0.05599 
0.59018 0.32815 0.08167 
12 
0.38399 0.47362 0.14239 
0.03701 0.05516 0.90783 
0.47193 0.19871 0.32936 
0.16228 0.09639 0.74133 

4 
0.03679 0.96321 
0.78174 0.21826 
4 
0.89019 0.10981 
0.83407 0.16593 
4 
0.56002 0.43998 
0.66545 0.33455 

12 
0.21657 0.77175 0.01168 
0.41887 0.39773 0.1834 
0.61838 0.36705 0.01457 
0.18166 0.44403 0.37431 
12 
0.16322 0.01369 0.82309 
0.92973 0.04605 0.02422 
0.59828 0.16775 0.23397 
0.00786 0.12209 0.87005 
12 
0.71349 0.01939 0.26712 
0.36026 0.63356 0.00618 
0.42195 0.41203 0.16602 
0.55033 0.18794 0.26173 

12 
0.0044 0.44667 0.54893 
0.4054 0.07292 0.52168 
0.09259 0.87941 0.028 
0.80512 0.05816 0.13672 
12 
0.57964 0.12923 0.29113 
0.05256 0.88739 0.06005 
0.15984 0.27674 0.56342 
0.04164 0.37452 0.58384 
12 
0.5296 0.21617 0.25423 
0.19901 0.10751 0.69348 
0.13735 0.6095 0.25315 
0.13561 0.43597 0.42842 
12 
0.01602 0.98024 0.00374 
7.9E-4 5.0E-5 0.99916 
0.24104 0.0378 0.72116 
0.43724 0.45608 0.10668 
12 
0.79425 0.17997 0.02578 
0.70408 0.27062 0.0253 
0.33171 0.25147 0.41682 
0.8679 0.06952 0.06258 
12 
0.24425 0.72083 0.03492 
0.07704 0.77229 0.15067 
0.07094 0.51931 0.40975 
0.42821 0.33104 0.24075 
