V-CREDAL
8
4 3 3 4 3 4 3 2
8
1 0
2 0 1
2 1 2
2 2 3
2 3 4
2 4 5
2 5 6
2 6 7

24
0.341 0.363 0.265 0.031
0.158 0.1 0.719 0.023
0.011 0.041 0.147 0.801
0.01 0.104 0.013 0.873
0.907 0.023 0.062 0.008
0.412 0.385 0.111 0.092

18
0.002 0.966 0.032
0.744 0.253 0.003
0.001 0.087 0.912
0.074 0.07 0.856
0.935 0.037 0.028
0.828 0.17 0.002
18
0.166 0.805 0.029
0.183 0.614 0.203
0.456 0.282 0.262
0.341 0.401 0.258
0.259 0.739 0.002
0.634 0.325 0.041
18
0.773 0.064 0.163
0.265 0.686 0.049
0.725 0.052 0.223
0.367 0.595 0.038
0.055 0.183 0.762
0.094 0.765 0.141
18
0.975 0.023 0.002
0.751 0.236 0.013
0.043 0.88 0.077
0.202 0.081 0.717
0.295 0.027 0.678
0.09 0.846 0.064

18
0.769 0.14 0.091
0.021 0.059 0.92
0.189 0.63 0.181
0.601 0.397 0.002
0.35 0.606 0.044
0.135 0.635 0.23
18
0.15 0.134 0.716
0.036 0.76 0.204
0.912 0.087 0.001
0.016 0.201 0.783
0.757 0.069 0.174
0.166 0.818 0.016
18
0.598 0.123 0.279
0.108 0.767 0.125
0.392 0.502 0.106
0.11 0.785 0.105
0.201 0.058 0.741
0.164 0.095 0.741

24
0.003 0.006 0.966 0.025
0.107 0.517 0.079 0.297
0.623 0.013 0.017 0.347
0.002 0.012 0.371 0.615
0.244 0.014 0.05 0.692
0.194 0.742 0.029 0.035
24
0.111 0.842 0.041 0.006
0.096 0.215 0.146 0.543
0.262 0.474 0.144 0.12
0.012 0.169 0.05 0.769
0.276 0.404 0.162 0.158
0.105 0.24 0.608 0.047
24
0.286 0.667 0.018 0.029
0.162 0.121 0.004 0.713
0.019 0.084 0.061 0.836
0.298 0.119 0.32 0.263
0.413 0.498 0.008 0.081
0.054 0.517 0.106 0.323

18
0.089 0.8 0.111
0.044 0.063 0.893
0.621 0.019 0.36
0.242 0.031 0.727
0.024 0.591 0.385
0.13 0.041 0.829
18
0.128 0.677 0.195
0.211 0.764 0.025
0.219 0.102 0.679
0.809 0.023 0.168
0.095 0.903 0.002
0.315 0.083 0.602
18
0.843 0.118 0.039
0.748 0.039 0.213
0.479 0.106 0.415
0.23 0.492 0.278
0.042 0.398 0.56
0.472 0.399 0.129
18
0.028 0.946 0.026
0.736 0.074 0.19
0.264 0.008 0.728
0.214 0.784 0.002
0.871 0.102 0.027
0.201 0.239 0.56

24
0.094 0.378 0.355 0.173
0.57 0.112 0.06 0.258
0.248 0.001 0.611 0.14
0.986 0.011 0.002 0.001
0.001 0.99 0.007 0.002
0.104 0.029 0.381 0.486
24
0.138 0.002 0.789 0.071
0.165 0.003 0.658 0.174
0.945 0.023 0.019 0.013
0.013 0.347 0.498 0.142
0.438 0.031 0.008 0.523
0.018 0.756 0.105 0.121
24
0.153 0.086 0.1 0.661
0.025 0.123 0.46 0.392
0.008 0.011 0.193 0.788
0.517 0.171 0.147 0.165
0.36 0.267 0.141 0.232
0.203 0.146 0.536 0.115

18
0.973 0.016 0.011
0.208 0.319 0.473
0.584 0.036 0.38
0.058 0.797 0.145
0.53 0.424 0.046
0.081 0.447 0.472
18
0.001 0.024 0.975
0.993 0.003 0.004
0.01 0.884 0.106
0.018 0.971 0.011
0.002 0.312 0.686
0.302 0.015 0.683
18
0.793 0.203 0.004
0.014 0.822 0.164
0.101 0.192 0.707
0.992 0.006 0.002
0.061 0.879 0.06
0.445 0.037 0.518
18
0.799 0.196 0.005
0.338 0.176 0.486
0.02 0.52 0.46
0.742 0.047 0.211
0.043 0.839 0.118
0.476 0.093 0.431

4
0.145 0.855
0.188 0.812
4
0.634 0.366
0.606 0.394
4
0.768 0.232
0.711 0.289
