V-CREDAL 
8 
4 2 2 4 4 2 4 2 
8 
1 0 
2 0 1 
2 1 2 
2 2 3 
2 3 4 
2 4 5 
2 5 6 
2 6 7 

16 
0.43383 0.04998 0.23391 0.28228 
0.76017 0.07514 0.0765 0.08819 
0.36733 0.45888 0.10882 0.06497 
2.4E-4 0.00476 0.99437 6.3E-4 

4 
0.74388 0.25612 
0.8738 0.1262 
4 
0.40162 0.59838 
0.00171 0.99829 
4 
0.18528 0.81472 
0.25634 0.74366 
4 
0.55036 0.44964 
0.13166 0.86834 

4 
0.60872 0.39128 
0.61395 0.38605 
4 
0.1614 0.8386 
0.09462 0.90538 

16 
0.19701 0.13173 0.10978 0.56148 
0.22114 0.30099 0.37727 0.1006 
0.03318 0.00802 0.92742 0.03138 
0.00908 0.81405 0.06561 0.11126 
16 
0.04127 0.21844 0.25856 0.48173 
0.83619 0.05142 0.05299 0.0594 
0.09533 0.90447 1.1E-4 9.0E-5 
0.14311 0.27818 0.05966 0.51905 

16 
0.0715 0.2274 0.55885 0.14225 
0.50476 0.04846 0.00768 0.4391 
0.28742 0.00999 0.19162 0.51097 
0.31259 0.0606 0.00684 0.61997 
16 
0.15622 0.33948 0.1669 0.3374 
0.13453 0.05325 0.07654 0.73568 
0.01737 0.05179 0.14439 0.78645 
0.00668 0.00157 0.04726 0.94449 
16 
3.0E-5 0.4962 0.50137 0.0024 
0.06818 0.07724 0.56817 0.28641 
0.20944 0.72028 0.03902 0.03126 
0.04455 0.53421 0.36531 0.05593 
16 
0.00164 0.09232 0.18521 0.72083 
0.01275 0.2096 0.76476 0.01289 
0.14623 0.03893 0.05361 0.76123 
0.97736 0.00836 0.00237 0.01191 

4 
0.34544 0.65456 
0.65713 0.34287 
4 
0.31229 0.68771 
0.72931 0.27069 
4 
0.35284 0.64716 
0.93233 0.06767 
4 
0.05465 0.94535 
0.91062 0.08938 

16 
0.30835 0.39643 0.03245 0.26277 
0.4263 0.07538 0.12697 0.37135 
0.04005 0.77971 0.17537 0.00487 
0.594 0.02908 0.14311 0.23381 
16 
0.11601 0.20119 0.0065 0.6763 
0.00373 0.02663 0.62517 0.34447 
0.12516 0.03162 0.80138 0.04184 
0.51082 0.35344 0.08884 0.0469 

4 
0.6564 0.3436 
0.41753 0.58247 
4 
0.26366 0.73634 
0.30537 0.69463 
4 
0.49351 0.50649 
0.46328 0.53672 
4 
0.6254 0.3746 
0.42642 0.57358 
