V-CREDAL 
10 
5 5 5 3 4 3 5 2 3 4 
10 
1 0 
2 0 1 
2 1 2 
2 2 3 
2 3 4 
2 4 5 
2 5 6 
2 6 7 
2 7 8 
2 8 9 

20 
0.01239 7.3E-4 0.00714 0.42561 0.55413 
0.25862 0.15517 0.27269 0.11895 0.19457 
0.0517 0.10169 0.00761 0.0867 0.7523 
0.00189 0.07065 0.90886 0.00669 0.01191 

20 
0.15933 0.50931 0.03038 0.08918 0.2118 
0.38592 0.55498 0.00802 0.03397 0.01711 
0.20309 0.77305 0.00287 0.01616 0.00483 
0.08974 0.20652 0.64489 1.5E-4 0.0587 
20 
0.07188 0.01017 0.75498 0.14626 0.01671 
0.66647 3.1E-4 0.0379 0.20158 0.09374 
0.12598 0.11691 0.70664 0.04571 0.00476 
0.13101 0.35387 0.23601 0.01074 0.26837 
20 
0.55908 0.1283 0.13476 0.13503 0.04283 
0.09366 0.55208 0.29813 0.03346 0.02267 
0.04781 0.89921 0.01421 0.0385 2.7E-4 
0.03976 0.24332 0.03024 0.02695 0.65973 
20 
0.26932 0.08065 0.04759 0.04712 0.55532 
0.0192 0.00635 0.06897 0.90329 0.00219 
0.46429 0.12697 0.1176 0.01039 0.28075 
0.26287 0.02734 0.3968 0.08679 0.2262 
20 
0.01522 0.41239 0.10163 0.11132 0.35944 
0.01864 0.03115 0.31682 0.4383 0.19509 
0.71973 0.01699 0.02742 0.21821 0.01765 
0.00142 0.42249 0.01359 0.01519 0.54731 

20 
0.30468 0.1495 0.24279 0.19576 0.10727 
0.0854 0.0295 0.04214 0.01142 0.83154 
0.63525 0.23948 0.0464 0.05437 0.0245 
0.11715 0.00552 0.81313 0.05572 0.00848 
20 
0.01998 0.09332 0.63942 0.21724 0.03004 
0.0397 0.32281 0.01157 0.51768 0.10824 
0.25223 0.03161 0.03146 0.01503 0.66967 
0.03019 0.13789 0.49041 0.03107 0.31044 
20 
0.55945 0.0469 2.0E-4 0.34273 0.05072 
0.08822 0.05708 0.69483 0.1594 4.7E-4 
0.07086 0.0174 0.8618 0.00821 0.04173 
0.00218 0.00456 0.98399 0.00836 9.1E-4 
20 
0.34113 0.11377 0.44615 0.04583 0.05312 
0.05289 0.53842 0.0804 0.1279 0.20039 
0.06663 0.17209 0.03626 0.07614 0.64888 
0.38829 0.11067 0.04291 0.45584 0.00229 
20 
0.07218 0.03471 0.05548 0.00523 0.8324 
0.04423 0.2653 0.36075 0.04507 0.28465 
0.05601 0.09001 1.0E-4 0.8486 0.00528 
0.43903 0.13355 0.27091 0.14665 0.00986 

12 
0.3587 0.60267 0.03863 
0.36767 0.53422 0.09811 
0.6181 0.00354 0.37836 
0.61426 0.10276 0.28298 
12 
0.18607 0.05438 0.75955 
0.10094 0.46762 0.43144 
0.63892 0.25535 0.10573 
0.08377 0.11725 0.79898 
12 
8.2E-4 0.1393 0.85988 
0.30165 0.16352 0.53483 
0.25852 0.63198 0.1095 
0.01983 0.01515 0.96502 
12 
0.86818 0.01065 0.12117 
0.72078 0.07877 0.20045 
0.90522 0.04384 0.05094 
0.76978 0.07332 0.1569 
12 
0.27779 0.18635 0.53586 
0.30697 0.4448 0.24823 
0.05424 0.79195 0.15381 
0.06543 0.35474 0.57983 

16 
0.4743 0.02848 0.25776 0.23946 
0.07184 0.01606 0.60614 0.30596 
0.97791 0.00469 0.00724 0.01016 
0.28502 0.14913 0.26733 0.29852 
16 
0.07555 0.86766 0.04492 0.01187 
0.04381 0.70578 0.24427 0.00614 
6.1E-4 8.0E-5 0.99928 3.0E-5 
0.1548 0.73161 0.04221 0.07138 
16 
0.38459 0.02036 0.57086 0.02419 
0.08755 0.08732 0.27877 0.54636 
0.24399 0.41626 0.14071 0.19904 
0.09635 0.48864 0.15617 0.25884 

12 
0.82872 0.03094 0.14034 
0.07884 0.66592 0.25524 
0.4355 0.13346 0.43104 
0.98001 0.01762 0.00237 
12 
0.05411 0.20305 0.74284 
0.32517 0.12865 0.54618 
0.51233 0.37425 0.11342 
0.0144 0.12821 0.85739 
12 
0.02375 0.91405 0.0622 
0.11967 0.00873 0.8716 
0.49256 0.23267 0.27477 
0.0499 0.09282 0.85728 
12 
0.23804 0.59011 0.17185 
0.05968 0.1355 0.80482 
0.78588 0.13019 0.08393 
0.01202 0.6893 0.29868 

20 
0.56149 0.00792 0.03655 0.08158 0.31246 
0.27526 0.03064 0.51109 0.04913 0.13388 
0.38133 0.17302 0.00802 0.24916 0.18847 
0.05187 0.15738 0.62574 0.10142 0.06359 
20 
0.16305 0.32845 0.11653 0.20408 0.18789 
0.00163 0.05826 0.92934 0.00116 0.00961 
0.24508 0.23674 0.34878 0.09617 0.07323 
0.12257 0.31731 0.39863 0.00211 0.15938 
20 
0.15549 0.02916 0.43692 0.00968 0.36875 
0.00781 0.20256 0.17171 0.00266 0.61526 
0.01437 0.31794 0.18055 0.09707 0.39007 
0.68101 0.16405 0.03302 0.10679 0.01513 

4 
0.20528 0.79472 
0.1872 0.8128 
4 
0.02492 0.97508 
0.08715 0.91285 
4 
0.6279 0.3721 
0.63869 0.36131 
4 
0.83438 0.16562 
0.39948 0.60052 
4 
0.19666 0.80334 
0.11964 0.88036 

12 
0.3455 0.30788 0.34662 
0.03903 0.14598 0.81499 
0.88081 0.00844 0.11075 
0.68065 0.00268 0.31667 
12 
0.17878 0.41141 0.40981 
0.718 0.20591 0.07609 
0.11254 0.40977 0.47769 
0.91117 0.00406 0.08477 

16 
0.04769 0.0136 0.01546 0.92325 
0.6054 0.06355 0.20061 0.13044 
0.69138 0.0819 0.04376 0.18296 
0.33503 0.00956 0.01012 0.64529 
16 
0.00223 0.55288 0.21991 0.22498 
0.39365 0.56311 0.03812 0.00512 
0.04365 0.00344 0.01884 0.93407 
0.53731 0.02963 0.21098 0.22208 
16 
0.00136 0.19892 0.67 0.12972 
0.53514 0.07505 0.23849 0.15132 
0.00217 0.21669 0.21055 0.57059 
0.13677 0.14704 0.36497 0.35122 
