V-CREDAL
6
4 2 3 2 3 4
6
1 0
2 0 1
2 1 2
2 2 3
2 3 4
2 4 5

24
0.002 0.285 0.687 0.026
0.22 0.249 0.385 0.146
0.007 0.391 0.154 0.448
0.306 0.158 0.262 0.274
0.026 0.004 0.399 0.571
0.252 0.045 0.088 0.615

4
0.311 0.689
0.389 0.611
4
0.222 0.778
0.265 0.735
4
0.012 0.988
0.678 0.322
4
0.746 0.254
0.71 0.29

18
0.232 0.011 0.757
0.463 0.114 0.423
0.688 0.244 0.068
0.046 0.119 0.835
0.01 0.973 0.017
0.265 0.004 0.731
18
0.634 0.07 0.296
0.025 0.376 0.599
0.079 0.232 0.689
0.154 0.67 0.176
0.237 0.694 0.069
0.597 0.21 0.193

4
0.698 0.302
0.666 0.334
4
0.151 0.849
0.404 0.596
4
0.963 0.037
0.377 0.623

18
0.158 0.322 0.52
0.766 0.193 0.041
0.351 0.577 0.072
0.032 0.537 0.431
0.752 0.234 0.014
0.733 0.116 0.151
18
0.571 0.239 0.19
0.075 0.878 0.047
0.095 0.086 0.819
0.114 0.842 0.044
0.291 0.618 0.091
0.058 0.815 0.127

24
0.709 0.054 0.213 0.024
0.651 0.156 0.073 0.12
0.048 0.102 0.2 0.65
0.165 0.071 0.382 0.382
0.032 0.588 0.265 0.115
0.98 0.004 0.003 0.013
24
0.646 0.004 0.261 0.089
0.001 0.0 0.389 0.61
0.305 0.294 0.266 0.135
0.42 0.211 0.231 0.138
0.222 0.022 0.609 0.147
0.716 0.036 0.163 0.085
24
0.0 0.0 0.999 0.001
0.035 0.748 0.199 0.018
0.187 0.536 0.09 0.187
0.005 0.001 0.09 0.904
0.636 0.12 0.035 0.209
0.3 0.635 0.052 0.013
