V-CREDAL 
8 
4 5 3 4 3 2 5 4 
8 
2 2 0 
1 1 
1 2 
1 3 
2 0 4 
2 7 5 
2 5 6 
4 1 2 3 7 

24 
0.29281 0.10283 0.02526 0.5791 
8.0E-5 0.66624 4.0E-5 0.33364 
0.33979 0.26325 0.35605 0.04091 
0.14476 0.31989 0.02493 0.51042 
0.61533 0.0353 0.05462 0.29475 
0.42369 0.12445 0.3098 0.14206 
24 
0.17779 0.16537 0.25695 0.39989 
0.24942 0.26411 0.20651 0.27996 
0.90951 0.00315 0.04808 0.03926 
0.11133 0.18543 0.11271 0.59053 
0.01549 0.26874 0.49929 0.21648 
0.55096 0.27462 0.04464 0.12978 
24 
0.71126 0.2775 0.01026 9.8E-4 
0.10463 0.08459 0.05713 0.75365 
0.01446 0.90786 0.03429 0.04339 
0.02612 0.07092 0.73449 0.16847 
0.00242 0.17921 0.72329 0.09508 
0.01206 0.04884 0.34354 0.59556 

30 
0.08049 0.18236 0.13242 0.5808 0.02393 
8.9E-4 0.40553 0.44801 0.09497 0.0506 
0.15605 0.00381 0.41847 0.33366 0.08801 
0.03128 0.00284 0.21626 0.0152 0.73442 
0.9506 0.03428 0.0081 0.00632 7.0E-4 
0.04818 0.10496 0.08476 0.74138 0.02072 

18 
0.81593 0.17175 0.01232 
0.68958 0.1053 0.20512 
0.13285 0.07377 0.79338 
0.43259 0.54082 0.02659 
0.06558 0.148 0.78642 
0.2077 0.65028 0.14202 

24 
0.80589 0.00398 0.03723 0.1529 
0.05406 0.01839 0.26605 0.6615 
0.15611 0.41745 0.16939 0.25705 
0.02635 0.02339 0.24073 0.70953 
0.24263 0.03589 0.06138 0.6601 
0.70513 0.27194 0.00716 0.01577 

18 
0.05235 0.9302 0.01745 
0.03641 0.70522 0.25837 
0.72951 0.01087 0.25962 
0.01843 0.08083 0.90074 
0.97547 0.01283 0.0117 
0.06003 0.0124 0.92757 
18 
0.02711 0.92998 0.04291 
0.04302 0.22031 0.73667 
0.15667 0.01001 0.83332 
0.15965 0.83631 0.00404 
0.42531 0.3426 0.23209 
0.14374 0.02429 0.83197 
18 
0.69211 0.10224 0.20565 
0.14472 0.63426 0.22102 
0.25943 0.72471 0.01586 
0.17487 0.51911 0.30602 
0.3132 0.20352 0.48328 
0.46472 0.00781 0.52747 
18 
0.34423 0.24148 0.41429 
0.53048 0.33385 0.13567 
0.00499 0.97588 0.01913 
0.24364 0.69872 0.05764 
0.5207 0.05124 0.42806 
0.70042 0.07857 0.22101 

4 
0.71151 0.28849 
0.4936 0.5064 
4 
0.84728 0.15272 
0.61653 0.38347 
4 
0.17178 0.82822 
0.85751 0.14249 
4 
0.90615 0.09385 
0.57143 0.42857 

30 
0.12522 0.64772 0.03655 0.01131 0.1792 
0.18728 0.07031 0.65834 0.061 0.02307 
0.00885 0.01911 0.02565 0.94516 0.00123 
0.03622 0.28678 0.25916 0.1968 0.22104 
0.14331 0.17185 0.0924 0.24012 0.35232 
0.03697 0.62563 0.21511 0.10991 0.01238 
30 
0.00361 0.00103 0.41196 0.58256 8.4E-4 
0.00271 0.72846 0.00284 0.25019 0.0158 
0.2995 0.46896 0.12601 0.08711 0.01842 
0.01465 0.48708 0.00574 0.42026 0.07227 
0.06027 0.26323 0.05906 0.02872 0.58872 
0.60566 4.3E-4 0.00836 0.25059 0.13496 

24 
0.72031 0.12172 0.12696 0.03101 
0.46584 0.14833 0.15807 0.22776 
0.16913 0.14644 0.6619 0.02253 
0.15672 0.34565 0.3844 0.11323 
0.31918 0.55421 0.05834 0.06827 
0.76356 0.045 0.0382 0.15324 
24 
0.37795 0.17505 0.43753 0.00947 
0.25979 0.3397 0.1156 0.28491 
0.0686 0.83516 4.1E-4 0.09583 
0.70628 0.03038 0.01795 0.24539 
0.02546 0.61666 0.32713 0.03075 
5.0E-5 0.02157 0.8721 0.10628 
24 
0.05324 0.10739 0.061 0.77837 
0.61275 0.00781 0.11288 0.26656 
0.22583 0.04836 0.71613 0.00968 
0.61551 0.35764 0.0122 0.01465 
0.40167 0.58122 0.00956 0.00755 
0.15165 0.04424 0.78061 0.0235 
24 
9.0E-5 0.03459 0.32795 0.63737 
0.00819 0.0015 0.66503 0.32528 
0.43781 0.25321 0.16401 0.14497 
0.4037 0.00122 0.49162 0.10346 
0.97673 0.00254 0.00132 0.01941 
0.32612 0.23473 0.11505 0.3241 
24 
0.53182 0.29437 0.00509 0.16872 
0.05849 0.14072 0.08372 0.71707 
0.09219 0.50172 0.40101 0.00508 
0.03082 0.14641 0.78754 0.03523 
0.28356 0.11869 0.49603 0.10172 
0.1145 0.01341 0.06692 0.80517 
24 
0.06024 0.28186 0.13968 0.51822 
0.18371 0.13765 0.674 0.00464 
0.44069 0.13086 0.03363 0.39482 
0.06701 0.27905 0.5983 0.05564 
0.26174 0.00233 0.73011 0.00582 
0.30912 0.17091 0.44229 0.07768 
24 
0.11039 0.76957 0.08013 0.03991 
0.65218 0.27547 0.02029 0.05206 
0.11051 0.17984 0.17754 0.53211 
0.32458 0.10977 0.53785 0.0278 
0.88459 0.00611 0.08082 0.02848 
0.20054 0.0544 0.63936 0.1057 
24 
0.21974 0.64306 0.0875 0.0497 
0.1298 0.11016 0.01647 0.74357 
0.23402 0.02934 0.23363 0.50301 
0.00946 0.00273 0.91343 0.07438 
0.01158 0.2925 0.03193 0.66399 
0.06 0.02275 0.80613 0.11112 
24 
0.09022 0.61112 0.14953 0.14913 
0.02095 0.82747 0.03356 0.11802 
0.17915 0.59637 0.04812 0.17636 
0.01347 0.01439 0.39064 0.5815 
0.91466 0.00937 0.00158 0.07439 
0.00274 0.03837 0.34511 0.61378 
24 
0.26982 0.58772 0.01305 0.12941 
0.54275 0.1767 0.02238 0.25817 
0.40346 0.38894 0.0948 0.1128 
0.0257 0.46744 0.01326 0.4936 
0.1394 0.10596 0.25589 0.49875 
0.80611 0.03885 0.02486 0.13018 
24 
0.14271 0.14779 0.68643 0.02307 
0.0661 0.00969 0.15964 0.76457 
0.9156 0.00616 0.07823 1.0E-5 
0.0094 0.61677 0.1076 0.26623 
0.34908 0.64995 5.3E-4 4.4E-4 
0.01803 0.20682 0.30486 0.47029 
24 
0.29604 0.07585 0.10335 0.52476 
0.93295 0.05076 0.00849 0.0078 
0.28749 0.09414 0.42556 0.19281 
0.11923 0.05257 0.35189 0.47631 
0.43828 0.01163 0.05625 0.49384 
0.52605 0.07337 0.39382 0.00676 
24 
0.64001 0.03755 0.00372 0.31872 
0.4247 0.02614 0.47369 0.07547 
9.6E-4 0.4134 0.00347 0.58217 
0.01774 0.00365 0.74375 0.23486 
0.04784 0.05469 0.06592 0.83155 
0.05347 0.49671 0.29705 0.15277 
24 
0.12251 0.06942 0.67761 0.13046 
0.00191 0.59378 0.38105 0.02326 
0.06866 0.72073 0.0786 0.13201 
0.04976 0.77248 0.01858 0.15918 
0.05082 0.02953 0.35491 0.56474 
0.12875 0.0018 0.86294 0.00651 
24 
0.45837 0.01857 0.23571 0.28735 
0.23836 0.18648 0.48573 0.08943 
0.09664 0.105 0.04864 0.74972 
4.0E-5 0.06638 0.08701 0.84657 
0.60809 0.07356 0.13946 0.17889 
0.25475 0.44814 0.05802 0.23909 
24 
0.02788 0.06858 0.76754 0.136 
0.58672 0.01532 0.27691 0.12105 
0.09965 0.02494 0.87262 0.00279 
0.01092 0.01083 0.00897 0.96928 
0.05908 0.35048 0.00412 0.58632 
0.012 0.02004 0.1381 0.82986 
24 
0.22295 0.05903 0.2885 0.42952 
0.04405 0.37924 0.10622 0.47049 
0.00171 0.95685 0.0386 0.00284 
0.01606 0.64783 0.2991 0.03701 
0.14318 0.11152 0.63533 0.10997 
0.05909 0.88184 0.01481 0.04426 
24 
0.02491 0.95911 0.01103 0.00495 
0.08007 0.69578 0.01889 0.20526 
9.0E-5 2.6E-4 0.99915 5.0E-4 
0.46584 0.28814 0.06672 0.1793 
0.24252 0.24145 0.16933 0.3467 
0.0863 0.40919 0.11475 0.38976 
24 
0.03212 0.00528 0.89293 0.06967 
0.00247 0.89652 0.00683 0.09418 
0.1745 0.00103 0.01307 0.8114 
0.9098 0.02522 0.00286 0.06212 
0.28449 0.05188 0.59655 0.06708 
0.00801 0.03313 0.57385 0.38501 
24 
0.05799 0.04618 0.81193 0.0839 
0.10976 0.06219 0.04173 0.78632 
0.14074 0.82683 0.02079 0.01164 
0.52518 0.40959 0.05926 0.00597 
0.01712 0.55825 0.07504 0.34959 
0.1391 0.26305 0.0251 0.57275 
24 
0.04297 0.60922 0.03959 0.30822 
0.90172 0.02517 7.2E-4 0.07239 
0.75546 0.05098 0.18625 0.00731 
0.00412 0.00168 0.00632 0.98788 
0.05979 0.01427 0.85333 0.07261 
0.00624 0.00413 0.61861 0.37102 
24 
0.21705 0.37905 0.28641 0.11749 
0.01815 0.08463 0.74268 0.15454 
0.18242 0.01487 0.20017 0.60254 
0.49164 0.14653 0.17887 0.18296 
0.10421 0.02902 0.72304 0.14373 
0.05283 0.30622 0.56236 0.07859 
24 
0.68296 0.24925 0.02393 0.04386 
0.13539 0.24045 0.2795 0.34466 
0.01311 0.56448 0.05046 0.37195 
0.01394 0.05936 0.80517 0.12153 
0.51809 0.00315 0.46833 0.01043 
0.0958 0.44989 0.2248 0.22951 
24 
0.33388 0.37552 0.03506 0.25554 
0.3558 0.00805 0.41562 0.22053 
0.00189 0.01371 0.28219 0.70221 
0.02136 0.05654 0.06237 0.85973 
0.27044 0.69461 0.00601 0.02894 
0.01359 0.70591 0.2099 0.0706 
24 
0.06621 0.18395 0.70872 0.04112 
0.04396 0.80157 0.14306 0.01141 
0.57257 0.2821 0.00247 0.14286 
0.01101 0.00116 2.3E-4 0.9876 
0.15466 0.06562 0.02319 0.75653 
0.1336 0.12831 0.48778 0.25031 
24 
0.03019 0.02564 0.35581 0.58836 
0.19102 0.44688 0.02999 0.33211 
0.34712 0.09341 0.0875 0.47197 
0.31366 0.53064 0.13993 0.01577 
0.34757 0.11665 0.21653 0.31925 
0.07371 3.2E-4 3.3E-4 0.92564 
24 
0.04277 0.00268 0.48767 0.46688 
0.56013 0.19577 0.01116 0.23294 
0.64899 0.01616 0.3269 0.00795 
0.17293 0.36661 0.39937 0.06109 
0.1979 0.776 0.02254 0.00356 
0.21149 0.02026 0.00807 0.76018 
24 
0.00528 0.06805 0.9212 0.00547 
0.04525 0.18687 0.33444 0.43344 
0.37504 0.01216 0.17743 0.43537 
0.00702 0.09352 0.75515 0.14431 
0.54001 0.06339 0.05217 0.34443 
0.44513 0.15424 0.19614 0.20449 
24 
0.00387 0.28556 0.70132 0.00925 
0.20823 0.22979 0.11605 0.44593 
0.18102 0.18964 0.12399 0.50535 
0.01705 0.00686 0.94486 0.03123 
0.98852 4.0E-4 0.00962 0.00146 
0.10576 0.6026 0.28867 0.00297 
24 
0.00488 0.9244 0.00887 0.06185 
0.11113 0.2374 0.47328 0.17819 
0.02108 0.91017 0.02911 0.03964 
0.57892 0.40303 0.0028 0.01525 
0.35478 0.14315 0.047 0.45507 
0.17095 0.19814 0.20523 0.42568 
24 
0.02333 0.12524 0.07771 0.77372 
0.56016 0.43817 3.5E-4 0.00132 
0.1404 0.22245 0.04111 0.59604 
0.00343 0.87372 0.01062 0.11223 
0.02831 0.54611 0.42122 0.00436 
0.62261 0.17661 0.1085 0.09228 
24 
0.0159 0.08014 0.8434 0.06056 
0.4811 0.17629 0.21625 0.12636 
0.04835 0.14585 0.06277 0.74303 
0.02266 0.03314 0.93661 0.00759 
0.5375 0.02786 0.00705 0.42759 
0.2948 0.66286 0.01059 0.03175 
24 
0.28424 0.36005 0.1379 0.21781 
0.02611 0.06511 0.81369 0.09509 
0.74722 0.11795 0.02822 0.10661 
0.05179 0.14666 0.06128 0.74027 
0.16523 0.37696 0.20712 0.25069 
0.0022 0.14016 0.3351 0.52254 
24 
0.08741 0.25478 0.11869 0.53912 
0.8244 0.00507 0.17035 1.8E-4 
0.03644 0.07038 0.04315 0.85003 
0.00734 0.0151 0.24654 0.73102 
0.8961 0.00878 0.08905 0.00607 
0.2728 0.27109 0.28969 0.16642 
24 
0.49497 0.43399 0.05906 0.01198 
0.14299 0.02353 0.82059 0.01289 
0.00223 0.66933 0.31501 0.01343 
0.45877 0.0064 0.22634 0.30849 
0.07502 0.34674 0.09575 0.48249 
0.05652 0.81117 0.11506 0.01725 
24 
0.16219 0.467 0.12187 0.24894 
0.02598 0.03161 0.91531 0.0271 
0.2353 0.03598 0.03495 0.69377 
0.58175 0.17767 0.12052 0.12006 
0.51976 0.04116 0.07044 0.36864 
0.16996 0.35678 0.11747 0.35579 
24 
0.01183 0.21747 0.73076 0.03994 
0.22347 0.17463 0.18602 0.41588 
0.3512 0.06984 0.11134 0.46762 
0.24561 0.11538 0.43858 0.20043 
0.09495 6.8E-4 5.5E-4 0.90382 
0.00366 0.00371 0.82435 0.16828 
24 
0.02198 0.53273 0.10758 0.33771 
0.05888 0.04254 0.01824 0.88034 
0.89477 0.0267 0.03167 0.04686 
6.8E-4 0.98113 0.01732 8.7E-4 
0.00498 0.18834 0.80179 0.00489 
0.04963 0.03393 0.21161 0.70483 
24 
0.38127 0.03372 0.1849 0.40011 
0.08332 0.64921 0.23729 0.03018 
0.20491 0.15581 0.14255 0.49673 
0.74987 0.01433 0.23549 3.1E-4 
0.39536 0.57593 0.02389 0.00482 
0.50443 0.42824 0.02785 0.03948 
24 
0.67047 0.28485 7.1E-4 0.04397 
0.40144 0.08122 0.01645 0.50089 
0.17574 0.04464 0.02887 0.75075 
0.19588 0.32973 0.06787 0.40652 
0.34307 0.17612 0.45945 0.02136 
0.18274 0.24792 0.55679 0.01255 
24 
0.60457 0.17654 0.1164 0.10249 
0.64321 0.12952 0.00164 0.22563 
0.00569 0.00693 0.65955 0.32783 
0.01719 0.53959 0.43535 0.00787 
0.69945 0.00462 0.10552 0.19041 
0.05629 0.02143 0.02468 0.8976 
24 
0.71009 0.0356 0.15914 0.09517 
0.00934 0.44813 0.42054 0.12199 
0.35126 0.02584 0.55353 0.06937 
0.10857 0.67761 0.08796 0.12586 
0.73931 0.2283 7.9E-4 0.0316 
1.1E-4 0.01448 4.1E-4 0.985 
24 
0.43746 0.01707 0.09649 0.44898 
0.29548 0.35822 0.25217 0.09413 
0.05272 0.32644 0.44278 0.17806 
0.05959 0.02 0.00542 0.91499 
0.01426 0.02679 0.01591 0.94304 
0.12119 0.02286 0.67782 0.17813 
24 
0.06162 0.28979 0.03458 0.61401 
0.5074 0.39007 0.00357 0.09896 
0.43918 0.38087 0.07806 0.10189 
0.1625 0.20391 0.11073 0.52286 
0.11343 0.50721 0.12325 0.25611 
0.11015 0.0816 0.2351 0.57315 
24 
0.14974 0.18679 0.56151 0.10196 
0.27752 0.03057 0.01525 0.67666 
0.1343 0.20406 0.28406 0.37758 
0.49019 0.42626 0.01246 0.07109 
0.22203 0.04379 0.21755 0.51663 
0.42389 0.4668 0.05227 0.05704 
24 
0.3496 0.17901 0.3194 0.15199 
0.00175 0.01642 0.14691 0.83492 
5.5E-4 0.97614 0.0048 0.01851 
0.45062 6.0E-5 0.00501 0.54431 
0.20623 0.04131 0.74561 0.00685 
0.21584 0.71423 0.01186 0.05807 
24 
0.83345 0.02513 0.13274 0.00868 
0.91063 0.02756 0.04538 0.01643 
0.00367 0.7765 0.17008 0.04975 
0.19406 0.09023 0.20277 0.51294 
0.02772 0.02518 0.00897 0.93813 
0.31622 0.00778 0.29277 0.38323 
24 
0.44129 0.20376 0.18738 0.16757 
0.10278 0.05943 0.00266 0.83513 
0.04315 0.68763 0.07422 0.195 
8.8E-4 0.03518 0.35767 0.60627 
0.17354 0.77541 0.02444 0.02661 
0.10605 0.15557 0.4967 0.24168 
24 
0.00908 0.00672 0.95457 0.02963 
0.00908 0.02569 0.19959 0.76564 
0.08988 0.80973 0.04888 0.05151 
0.70745 0.16857 0.05457 0.06941 
0.55383 0.2063 0.00754 0.23233 
0.2191 0.0208 0.20894 0.55116 
24 
0.13057 0.01328 0.5065 0.34965 
0.22621 0.06242 0.00547 0.7059 
0.00679 0.55923 0.01186 0.42212 
0.01831 0.18581 0.74584 0.05004 
0.0161 0.76398 0.04114 0.17878 
0.06628 0.23397 0.05346 0.64629 
24 
0.35845 0.02511 0.52658 0.08986 
0.55543 0.10266 0.30255 0.03936 
0.47078 0.27501 0.01125 0.24296 
0.35614 0.00942 0.5326 0.10184 
0.27597 0.05216 0.46579 0.20608 
0.23343 0.13062 0.4126 0.22335 
24 
0.1491 0.08783 0.43198 0.33109 
0.16797 0.30598 0.48565 0.0404 
0.12645 0.00473 0.05578 0.81304 
0.01238 0.36633 0.47388 0.14741 
0.32777 0.14568 0.02972 0.49683 
0.54177 7.3E-4 0.09296 0.36454 
24 
0.12067 0.83846 0.03447 0.0064 
0.00243 0.07579 0.92174 4.0E-5 
0.74157 0.24312 0.00179 0.01352 
0.07952 0.45913 0.14345 0.3179 
0.56452 0.03931 0.10944 0.28673 
0.20839 0.19225 0.03944 0.55992 
24 
0.04682 0.89676 0.01549 0.04093 
0.00542 0.0029 0.04379 0.94789 
0.60531 0.36733 0.01071 0.01665 
0.00207 0.01986 0.7435 0.23457 
0.72607 0.06276 0.11676 0.09441 
0.82339 0.09037 0.07378 0.01246 
24 
0.99616 0.0024 8.0E-5 0.00136 
0.02439 0.31632 0.22084 0.43845 
0.59444 0.26537 0.02033 0.11986 
0.47798 0.2749 0.18996 0.05716 
0.3513 0.23727 0.21778 0.19365 
0.11839 0.18576 0.0221 0.67375 
24 
0.36518 0.03013 0.08893 0.51576 
0.13665 0.62434 0.05213 0.18688 
0.00492 0.00144 0.01679 0.97685 
0.04464 0.03934 0.70282 0.2132 
0.03366 0.24204 0.69299 0.03131 
0.43531 0.07714 0.1711 0.31645 
24 
0.01542 0.00241 0.39006 0.59211 
0.64206 0.09466 0.06548 0.1978 
0.05332 0.01513 0.14341 0.78814 
0.07288 0.25402 0.58123 0.09187 
0.06828 0.35661 0.28346 0.29165 
0.01376 0.04628 0.01481 0.92515 
24 
0.09455 0.71536 0.13032 0.05977 
0.3991 0.02543 0.55237 0.0231 
0.01908 0.02781 0.60686 0.34625 
0.0069 0.36808 0.05061 0.57441 
0.03194 0.02777 0.32575 0.61454 
0.11614 1.9E-4 0.08634 0.79733 
24 
0.42218 0.44357 0.06535 0.0689 
0.04412 0.51882 0.42928 0.00778 
0.21111 0.40862 0.17148 0.20879 
0.23808 0.13329 0.06543 0.5632 
5.2E-4 6.3E-4 0.23017 0.76868 
0.94324 0.00974 0.01659 0.03043 
24 
0.62344 0.32537 0.00303 0.04816 
0.99744 9.6E-4 2.0E-4 0.0014 
0.05366 0.26745 0.3608 0.31809 
0.34191 0.0126 0.10021 0.54528 
0.17515 0.06112 0.2158 0.54793 
0.09696 0.10923 0.08441 0.7094 
