V-CREDAL
10
3 3 2 4 4 3 2 3 3 3
10
2 4 0
1 1
2 5 2
3 0 9 3
2 8 4
2 0 5
2 0 6
2 6 7
1 8
2 1 9

18
0.366 0.008 0.626
0.954 0.027 0.019
0.231 0.027 0.742
0.009 0.096 0.895
0.014 0.959 0.027
0.173 0.039 0.788
18
0.105 0.895 0.0
0.971 0.002 0.027
0.048 0.506 0.446
0.089 0.026 0.885
0.055 0.327 0.618
0.068 0.862 0.07
18
0.01 0.009 0.981
0.146 0.846 0.008
0.002 0.91 0.088
0.006 0.072 0.922
0.954 0.015 0.031
0.221 0.002 0.777
18
0.233 0.052 0.715
0.034 0.762 0.204
0.174 0.153 0.673
0.893 0.09 0.017
0.12 0.779 0.101
0.093 0.457 0.45

18
0.299 0.028 0.673
0.091 0.077 0.832
0.761 0.016 0.223
0.068 0.932 0.0
0.003 0.961 0.036
0.379 0.615 0.006

4
0.938 0.062
0.161 0.839
4
0.491 0.509
0.737 0.263
4
0.421 0.579
0.501 0.499

24
0.142 0.699 0.079 0.08
0.718 0.238 0.033 0.011
0.084 0.038 0.073 0.805
0.067 0.148 0.054 0.731
0.293 0.094 0.586 0.027
0.439 0.159 0.049 0.353
24
0.308 0.038 0.111 0.543
0.513 0.385 0.077 0.025
0.864 0.001 0.119 0.016
0.215 0.038 0.469 0.278
0.039 0.526 0.278 0.157
0.289 0.055 0.043 0.613
24
0.167 0.38 0.412 0.041
0.082 0.429 0.302 0.187
0.247 0.105 0.251 0.397
0.876 0.06 0.034 0.03
0.422 0.11 0.373 0.095
0.275 0.067 0.469 0.189
24
0.011 0.019 0.95 0.02
0.246 0.117 0.342 0.295
0.966 0.019 0.015 0.0
0.043 0.048 0.874 0.035
0.056 0.044 0.3 0.6
0.126 0.118 0.698 0.058
24
0.096 0.661 0.004 0.239
0.221 0.0 0.035 0.744
0.03 0.969 0.001 0.0
0.005 0.847 0.116 0.032
0.022 0.01 0.023 0.945
0.186 0.48 0.322 0.012
24
0.927 0.028 0.01 0.035
0.264 0.384 0.321 0.031
0.0 0.207 0.573 0.22
0.179 0.003 0.695 0.123
0.171 0.009 0.789 0.031
0.06 0.039 0.085 0.816
24
0.338 0.199 0.019 0.444
0.01 0.601 0.327 0.062
0.344 0.037 0.097 0.522
0.766 0.165 0.015 0.054
0.329 0.491 0.073 0.107
0.106 0.02 0.871 0.003
24
0.146 0.578 0.03 0.246
0.066 0.509 0.271 0.154
0.17 0.189 0.636 0.005
0.397 0.597 0.006 0.0
0.009 0.136 0.002 0.853
0.462 0.04 0.007 0.491
24
0.067 0.716 0.163 0.054
0.752 0.13 0.01 0.108
0.024 0.013 0.903 0.06
0.008 0.004 0.02 0.968
0.134 0.094 0.706 0.066
0.011 0.459 0.334 0.196

24
0.035 0.021 0.926 0.018
0.025 0.886 0.073 0.016
0.824 0.099 0.05 0.027
0.141 0.422 0.153 0.284
0.158 0.575 0.044 0.223
0.009 0.091 0.876 0.024
24
0.003 0.996 0.001 0.0
0.131 0.167 0.688 0.014
0.367 0.1 0.013 0.52
0.001 0.187 0.55 0.262
0.829 0.039 0.055 0.077
0.019 0.093 0.772 0.116
24
0.116 0.233 0.103 0.548
0.011 0.151 0.76 0.078
0.146 0.671 0.018 0.165
0.003 0.029 0.868 0.1
0.585 0.015 0.386 0.014
0.048 0.344 0.107 0.501

18
0.944 0.0 0.056
0.363 0.627 0.01
0.162 0.788 0.05
0.073 0.418 0.509
0.03 0.004 0.966
0.139 0.803 0.058
18
0.229 0.065 0.706
0.623 0.376 0.001
0.012 0.511 0.477
0.021 0.944 0.035
0.995 0.0 0.005
0.482 0.51 0.008
18
0.034 0.108 0.858
0.896 0.1 0.004
0.504 0.034 0.462
0.783 0.209 0.008
0.554 0.402 0.044
0.105 0.051 0.844

4
0.701 0.299
0.651 0.349
4
0.929 0.071
0.533 0.467
4
0.215 0.785
0.922 0.078

18
0.204 0.015 0.781
0.132 0.861 0.007
0.026 0.041 0.933
0.234 0.755 0.011
0.377 0.129 0.494
0.043 0.747 0.21
18
0.125 0.101 0.774
0.007 0.991 0.002
0.475 0.044 0.481
0.654 0.171 0.175
0.105 0.888 0.007
0.002 0.224 0.774

18
0.17 0.018 0.812
0.002 0.901 0.097
0.843 0.119 0.038
0.15 0.804 0.046
0.007 0.035 0.958
0.751 0.049 0.2

18
0.005 0.994 0.001
0.013 0.208 0.779
0.53 0.441 0.029
0.299 0.691 0.01
0.591 0.04 0.369
0.003 0.274 0.723
18
0.658 0.269 0.073
0.186 0.598 0.216
0.003 0.04 0.957
0.082 0.021 0.897
0.822 0.071 0.107
0.136 0.487 0.377
18
0.087 0.314 0.599
0.155 0.582 0.263
0.882 0.018 0.1
0.883 0.103 0.014
0.171 0.14 0.689
0.347 0.622 0.031
