V-CREDAL 
10 
2 5 5 3 2 2 4 2 5 4 
10 
1 0 
2 0 1 
2 1 2 
2 2 3 
2 3 4 
2 4 5 
2 5 6 
2 6 7 
2 7 8 
2 8 9 

4 
0.29224 0.70776 
0.6982 0.3018 

20 
0.79862 0.01063 0.01493 0.15251 0.02331 
0.0136 0.16604 0.00197 0.53525 0.28314 
0.22697 0.10773 0.55545 0.09071 0.01914 
0.02026 0.00729 0.62382 0.04699 0.30164 
20 
0.02398 0.12166 0.48793 0.22624 0.14019 
0.09171 0.3551 0.11921 0.19338 0.2406 
0.43215 0.17197 0.15536 0.20837 0.03215 
0.03472 0.06086 0.65056 0.20602 0.04784 

20 
0.97157 0.0011 0.01921 4.7E-4 0.00765 
0.41198 0.00881 0.1663 0.14193 0.27098 
0.46656 0.45637 0.01312 0.0263 0.03765 
0.02735 0.00558 0.09673 0.72037 0.14997 
20 
0.08534 0.16313 0.25854 0.27046 0.22253 
0.32299 0.30918 0.11166 0.10989 0.14628 
0.44674 0.02021 0.21688 0.19396 0.12221 
0.5384 0.18975 0.00335 0.02152 0.24698 
20 
0.15125 0.36845 0.39847 0.03145 0.05038 
0.05246 0.01866 0.7836 0.12115 0.02413 
0.03231 0.33497 0.00174 0.0074 0.62358 
0.25258 0.13276 0.0321 0.55922 0.02334 
20 
0.02638 0.10433 0.0476 0.64366 0.17803 
0.04524 0.06738 0.05749 0.69047 0.13942 
0.11395 0.38985 0.01598 0.14683 0.33339 
0.03281 0.25255 0.12769 0.13047 0.45648 
20 
0.64193 0.00771 0.11759 0.01331 0.21946 
0.24243 0.20638 0.49117 0.04593 0.01409 
0.01579 0.09644 0.02765 0.57149 0.28863 
0.92381 0.04241 0.00409 0.00447 0.02522 

12 
0.10807 0.75912 0.13281 
0.04251 0.02138 0.93611 
0.07544 0.10755 0.81701 
0.01438 0.9534 0.03222 
12 
0.35241 0.62783 0.01976 
0.09068 0.49931 0.41001 
0.42447 0.49352 0.08201 
0.01283 0.05627 0.9309 
12 
0.20739 0.166 0.62661 
0.11732 0.088 0.79468 
0.4148 0.01722 0.56798 
0.93382 0.06049 0.00569 
12 
0.63361 0.22058 0.14581 
0.6988 0.19535 0.10585 
0.14319 0.84416 0.01265 
0.57977 0.28392 0.13631 
12 
0.12575 0.09215 0.7821 
0.03649 0.93623 0.02728 
0.68121 0.05392 0.26487 
0.00588 0.13823 0.85589 

4 
0.56674 0.43326 
0.05068 0.94932 
4 
0.12253 0.87747 
0.40106 0.59894 
4 
0.6635 0.3365 
0.54758 0.45242 

4 
0.18748 0.81252 
0.70243 0.29757 
4 
0.44995 0.55005 
0.46174 0.53826 

16 
0.03018 0.06756 0.33338 0.56888 
0.00277 0.00489 0.47856 0.51378 
0.10894 0.84972 4.5E-4 0.04089 
0.04212 0.09902 0.1061 0.75276 
16 
0.24724 0.06276 0.60951 0.08049 
0.10263 0.03733 0.16038 0.69966 
0.01828 0.87623 0.09453 0.01096 
0.2318 0.21834 0.40985 0.14001 

4 
0.81356 0.18644 
0.90307 0.09693 
4 
0.04909 0.95091 
0.32757 0.67243 
4 
0.0501 0.9499 
0.64925 0.35075 
4 
0.9982 0.0018 
0.65625 0.34375 

20 
0.0014 0.00388 0.21145 0.08996 0.69331 
0.00984 0.6915 3.5E-4 0.25193 0.04638 
0.17744 0.11524 0.00654 0.06007 0.64071 
0.80865 0.00692 0.05228 0.10409 0.02806 
20 
0.07973 0.00727 0.02177 0.85068 0.04055 
0.21563 0.32217 0.12385 0.24028 0.09807 
0.63726 0.07002 0.01582 0.15102 0.12588 
0.30532 0.48416 0.12188 0.05829 0.03035 

16 
0.42811 0.13353 0.42492 0.01344 
0.15258 0.68427 0.03668 0.12647 
0.48151 0.00212 0.0705 0.44587 
0.11258 0.72506 0.11472 0.04764 
16 
1.4E-4 1.3E-4 3.0E-5 0.9997 
0.03551 0.57998 0.10532 0.27919 
0.14097 0.50483 0.02739 0.32681 
0.27607 0.39582 0.01096 0.31715 
16 
0.00307 0.32981 0.60404 0.06308 
0.8657 0.06542 0.0209 0.04798 
0.02645 0.03627 0.00549 0.93179 
0.42375 0.06398 0.3653 0.14697 
16 
0.04143 0.12888 0.72115 0.10854 
0.01296 0.0137 0.03377 0.93957 
0.28885 0.26611 0.09416 0.35088 
0.38744 0.003 0.04044 0.56912 
16 
0.00484 0.91622 0.02881 0.05013 
0.02003 0.72861 0.08177 0.16959 
0.07701 0.88425 0.03036 0.00838 
0.48527 0.10725 0.17794 0.22954 
