V-CREDAL
8
2 4 4 4 3 4 2 4
8
1 0
1 1
1 2
2 1 3
2 3 4
3 0 2 5
3 0 4 6
2 3 7

4
0.203 0.797
0.999 0.001

24
0.143 0.811 0.045 0.001
0.391 0.156 0.321 0.132
0.327 0.002 0.635 0.036
0.361 0.017 0.225 0.397
0.005 0.992 0.002 0.001
0.111 0.27 0.236 0.383

24
0.011 0.02 0.968 0.001
0.231 0.059 0.641 0.069
0.167 0.635 0.198 0.0
0.032 0.054 0.12 0.794
0.057 0.025 0.199 0.719
0.376 0.343 0.274 0.007

24
0.176 0.308 0.036 0.48
0.366 0.53 0.017 0.087
0.581 0.104 0.214 0.101
0.466 0.474 0.047 0.013
0.987 0.001 0.002 0.01
0.059 0.043 0.01 0.888
24
0.842 0.107 0.017 0.034
0.077 0.194 0.617 0.112
0.027 0.329 0.61 0.034
0.048 0.238 0.532 0.182
0.189 0.502 0.29 0.019
0.2 0.024 0.498 0.278
24
0.124 0.052 0.665 0.159
0.325 0.158 0.05 0.467
0.808 0.005 0.003 0.184
0.312 0.122 0.234 0.332
0.48 0.051 0.126 0.343
0.009 0.113 0.684 0.194
24
0.247 0.364 0.041 0.348
0.911 0.003 0.052 0.034
0.208 0.431 0.123 0.238
0.011 0.119 0.855 0.015
0.004 0.004 0.009 0.983
0.951 0.036 0.002 0.011

18
0.894 0.058 0.048
0.083 0.368 0.549
0.265 0.18 0.555
0.006 0.894 0.1
0.374 0.109 0.517
0.032 0.965 0.003
18
0.368 0.485 0.147
0.438 0.266 0.296
0.127 0.679 0.194
0.3 0.553 0.147
0.508 0.26 0.232
0.23 0.463 0.307
18
0.028 0.949 0.023
0.544 0.072 0.384
0.873 0.119 0.008
0.064 0.924 0.012
0.003 0.002 0.995
0.004 0.95 0.046
18
0.029 0.732 0.239
0.135 0.719 0.146
0.02 0.045 0.935
0.685 0.263 0.052
0.621 0.011 0.368
0.294 0.629 0.077

24
0.066 0.616 0.11 0.208
0.889 0.075 0.018 0.018
0.074 0.007 0.917 0.002
0.039 0.055 0.77 0.136
0.453 0.243 0.077 0.227
0.237 0.025 0.233 0.505
24
0.07 0.439 0.277 0.214
0.393 0.004 0.602 0.001
0.556 0.306 0.094 0.044
0.474 0.125 0.262 0.139
0.169 0.031 0.469 0.331
0.48 0.233 0.137 0.15
24
0.929 0.019 0.049 0.003
0.153 0.033 0.698 0.116
0.114 0.401 0.036 0.449
0.121 0.527 0.22 0.132
0.008 0.038 0.004 0.95
0.316 0.001 0.249 0.434
24
0.128 0.049 0.607 0.216
0.011 0.039 0.448 0.502
0.052 0.559 0.178 0.211
0.059 0.059 0.009 0.873
0.19 0.084 0.031 0.695
0.73 0.024 0.185 0.061
24
0.428 0.032 0.45 0.09
0.501 0.178 0.216 0.105
0.526 0.351 0.077 0.046
0.461 0.217 0.175 0.147
0.105 0.659 0.117 0.119
0.67 0.259 0.065 0.006
24
0.965 0.006 0.015 0.014
0.005 0.096 0.002 0.897
0.451 0.104 0.223 0.222
0.144 0.02 0.277 0.559
0.075 0.747 0.081 0.097
0.143 0.039 0.165 0.653
24
0.479 0.243 0.018 0.26
0.016 0.023 0.734 0.227
0.026 0.165 0.038 0.771
0.018 0.001 0.979 0.002
0.375 0.108 0.375 0.142
0.549 0.13 0.09 0.231
24
0.045 0.733 0.208 0.014
0.975 0.001 0.009 0.015
0.299 0.504 0.089 0.108
0.151 0.004 0.268 0.577
0.438 0.074 0.443 0.045
0.204 0.031 0.69 0.075

4
0.477 0.523
0.79 0.21
4
0.982 0.018
0.086 0.914
4
0.61 0.39
0.083 0.917
4
0.392 0.608
0.154 0.846
4
0.972 0.028
0.753 0.247
4
0.443 0.557
0.887 0.113

24
0.433 0.083 0.093 0.391
0.156 0.013 0.007 0.824
0.239 0.557 0.119 0.085
0.189 0.009 0.053 0.749
0.892 0.098 0.003 0.007
0.225 0.191 0.164 0.42
24
0.137 0.334 0.184 0.345
0.051 0.122 0.005 0.822
0.007 0.17 0.742 0.081
0.542 0.207 0.002 0.249
0.001 0.042 0.002 0.955
0.754 0.086 0.018 0.142
24
0.015 0.025 0.857 0.103
0.03 0.455 0.489 0.026
0.519 0.153 0.007 0.321
0.344 0.331 0.108 0.217
0.007 0.223 0.741 0.029
0.182 0.238 0.089 0.491
24
0.524 0.029 0.088 0.359
0.396 0.146 0.018 0.44
0.897 0.021 0.034 0.048
0.31 0.135 0.526 0.029
0.049 0.032 0.771 0.148
0.541 0.226 0.217 0.016
