V-CREDAL
7
4 2 4 2 4 4 2
7
2 2 0
2 5 1
1 2
2 5 3
2 3 4
2 6 5
2 0 6

16
0.932 0.059 0.004 0.005
0.092 0.007 0.067 0.834
0.001 0.442 0.47 0.087
0.099 0.005 0.703 0.193
16
0.079 0.426 0.388 0.107
0.066 0.459 0.386 0.089
0.314 0.115 0.425 0.146
0.002 0.01 0.896 0.092
16
0.32 0.139 0.396 0.145
0.335 0.481 0.112 0.072
0.103 0.235 0.259 0.403
0.012 0.012 0.938 0.038
16
0.888 0.001 0.079 0.032
0.694 0.148 0.072 0.086
0.018 0.006 0.0 0.976
0.268 0.289 0.008 0.435

4
0.626 0.374
0.635 0.365
4
0.295 0.705
0.104 0.896
4
0.728 0.272
0.144 0.856
4
0.537 0.463
0.396 0.604

16
0.196 0.203 0.353 0.248
0.618 0.183 0.082 0.117
0.586 0.008 0.39 0.016
0.363 0.198 0.373 0.066

4
0.284 0.716
0.6 0.4
4
0.31 0.69
0.8 0.2
4
0.816 0.184
0.894 0.106
4
0.77 0.23
0.527 0.473

16
0.115 0.036 0.707 0.142
0.077 0.751 0.026 0.146
0.968 0.026 0.003 0.003
0.026 0.054 0.037 0.883
16
0.06 0.467 0.335 0.138
0.034 0.704 0.256 0.006
0.08 0.067 0.77 0.083
0.006 0.354 0.089 0.551

16
0.295 0.423 0.235 0.047
0.144 0.036 0.151 0.669
0.146 0.457 0.103 0.294
0.428 0.347 0.115 0.11
16
0.939 0.039 0.022 0.0
0.5 0.399 0.045 0.056
0.368 0.005 0.623 0.004
0.056 0.908 0.005 0.031

4
0.489 0.511
0.84 0.16
4
0.558 0.442
0.751 0.249
4
0.546 0.454
0.719 0.281
4
0.628 0.372
0.055 0.945
