V-CREDAL 
10 
2 2 3 3 2 2 3 3 2 3 
10 
1 0 
2 0 1 
2 1 2 
2 2 3 
2 3 4 
2 4 5 
2 5 6 
2 6 7 
2 7 8 
2 8 9 

4 
0.72324 0.27676 
0.44898 0.55102 

4 
0.319 0.681 
0.08926 0.91074 
4 
0.40727 0.59273 
0.89877 0.10123 

18 
0.03106 0.91496 0.05398 
0.97531 0.0013 0.02339 
0.00606 0.11902 0.87492 
0.14983 0.0332 0.81697 
0.75877 0.23667 0.00456 
0.04018 0.94319 0.01663 
18 
0.52303 0.2657 0.21127 
0.41479 0.54987 0.03534 
0.56115 0.12958 0.30927 
0.01486 0.96934 0.0158 
0.0335 0.00993 0.95657 
0.01687 0.23607 0.74706 

18 
0.64054 0.10178 0.25768 
0.73302 0.20385 0.06313 
0.34584 0.61037 0.04379 
0.0281 0.05779 0.91411 
0.00748 0.87543 0.11709 
0.24691 0.03535 0.71774 
18 
0.07486 0.11917 0.80597 
0.00927 0.47724 0.51349 
0.09813 0.07378 0.82809 
0.95024 0.04247 0.00729 
0.226 0.40195 0.37205 
0.63386 0.22579 0.14035 
18 
0.48791 7.7E-4 0.51132 
0.15598 0.76428 0.07974 
0.11696 0.06314 0.8199 
0.04912 0.6033 0.34758 
0.88693 0.07662 0.03645 
0.92411 0.01078 0.06511 

4 
0.78469 0.21531 
0.59886 0.40114 
4 
0.50132 0.49868 
0.27943 0.72057 
4 
0.16591 0.83409 
0.7393 0.2607 

4 
0.08406 0.91594 
0.33982 0.66018 
4 
0.33512 0.66488 
0.33696 0.66304 

18 
0.37144 0.01536 0.6132 
0.05439 0.93638 0.00923 
0.15974 0.01798 0.82228 
0.66176 0.14903 0.18921 
0.034 0.6897 0.2763 
0.70863 0.04666 0.24471 
18 
0.48334 0.06652 0.45014 
0.79192 0.18482 0.02326 
0.02221 0.10339 0.8744 
0.06135 0.35585 0.5828 
0.31918 0.06501 0.61581 
0.79983 0.14319 0.05698 

18 
0.54988 0.08846 0.36166 
0.32388 0.03881 0.63731 
0.03294 0.91872 0.04834 
0.55474 0.38051 0.06475 
0.174 0.14302 0.68298 
0.07758 0.89898 0.02344 
18 
0.25588 0.52392 0.2202 
0.74919 0.00612 0.24469 
0.60885 0.01128 0.37987 
0.0848 0.04525 0.86995 
0.67905 0.20086 0.12009 
0.12635 0.44718 0.42647 
18 
0.00638 0.9898 0.00382 
0.17455 0.00597 0.81948 
0.88707 0.07725 0.03568 
0.08608 0.02163 0.89229 
0.02052 0.22348 0.756 
0.01182 0.25631 0.73187 

4 
0.91998 0.08002 
0.18105 0.81895 
4 
0.51138 0.48862 
0.19614 0.80386 
4 
0.45976 0.54024 
0.3708 0.6292 

18 
0.00792 0.92745 0.06463 
9.6E-4 0.01005 0.98899 
0.04167 0.00283 0.9555 
0.9795 0.01816 0.00234 
0.548 0.00416 0.44784 
0.02674 0.96307 0.01019 
18 
0.82841 0.12882 0.04277 
0.69676 0.27037 0.03287 
0.56658 0.01229 0.42113 
0.02188 0.3473 0.63082 
0.0397 0.76456 0.19574 
0.1001 0.88876 0.01114 
