V-CREDAL 
8 
3 5 4 3 5 2 3 5 
8 
1 0 
2 0 1 
2 1 2 
2 2 3 
2 3 4 
2 4 5 
2 5 6 
2 6 7 

18 
5.1E-4 0.00768 0.99181 
0.77648 0.11513 0.10839 
0.60649 0.07109 0.32242 
0.23415 0.61209 0.15376 
0.03175 0.48777 0.48048 
0.38155 0.55498 0.06347 

30 
0.0694 0.89663 9.4E-4 0.00403 0.029 
0.00281 0.61222 0.27232 0.08724 0.02541 
0.08239 0.19026 0.48251 0.06427 0.18057 
0.03355 0.01332 0.02336 0.76602 0.16375 
0.14428 0.03357 0.43484 0.04193 0.34538 
0.10807 0.66083 0.14641 0.02692 0.05777 
30 
0.03463 0.00238 0.00621 0.72538 0.2314 
2.5E-4 7.0E-5 0.28513 0.56947 0.14508 
0.00316 0.15464 0.03014 0.19237 0.61969 
0.09534 0.01421 0.06627 0.00716 0.81702 
0.17306 0.12388 0.09998 0.45972 0.14336 
0.06132 0.01482 0.01958 0.02879 0.87549 
30 
0.18246 0.00768 0.00347 0.36613 0.44026 
0.00126 0.96892 0.00947 2.7E-4 0.02008 
7.9E-4 0.89009 1.0E-5 6.5E-4 0.10846 
0.16135 0.01349 0.38302 0.41808 0.02406 
0.00228 2.2E-4 0.00103 0.04831 0.94816 
0.13481 0.58657 0.04294 0.09372 0.14196 

24 
0.45568 0.00455 0.47445 0.06532 
0.02836 0.94202 0.003 0.02662 
0.94172 0.01861 0.02593 0.01374 
0.6203 0.04131 0.32139 0.017 
0.50191 0.03559 0.4417 0.0208 
0.53516 0.05981 0.35175 0.05328 
24 
0.02676 0.06105 0.7065 0.20569 
0.43359 0.00607 0.38052 0.17982 
0.05258 0.05852 0.78672 0.10218 
0.14143 0.01302 0.81132 0.03423 
0.41908 0.11531 0.06266 0.40295 
0.67963 0.0167 0.02474 0.27893 
24 
0.08306 0.4 0.0494 0.46754 
0.06696 0.09444 0.23608 0.60252 
0.10894 0.32879 0.0223 0.53997 
0.01433 0.06641 0.23336 0.6859 
0.59728 0.00944 0.19786 0.19542 
0.10288 0.63451 0.07458 0.18803 
24 
0.22559 0.17797 0.58579 0.01065 
0.46213 0.33085 0.03504 0.17198 
0.08094 0.21136 0.04626 0.66144 
0.01158 0.00183 0.88367 0.10292 
0.00141 0.94342 0.05316 0.00201 
0.31917 0.24406 0.07049 0.36628 
24 
0.22304 0.19386 0.00992 0.57318 
0.53265 0.4064 0.04252 0.01843 
0.25278 0.00817 0.0592 0.67985 
0.26222 0.12954 0.57946 0.02878 
0.00321 0.29103 0.03463 0.67113 
0.77849 0.09563 0.05852 0.06736 

18 
0.1099 0.49238 0.39772 
0.0082 0.18014 0.81166 
0.24484 0.70743 0.04773 
0.74934 0.12115 0.12951 
0.58633 0.31404 0.09963 
0.69839 0.10299 0.19862 
18 
0.06978 0.57761 0.35261 
0.28625 0.00211 0.71164 
0.24138 0.71116 0.04746 
0.36253 0.10685 0.53062 
0.21409 0.16168 0.62423 
0.00316 0.89244 0.1044 
18 
0.53933 0.01087 0.4498 
0.49946 0.37156 0.12898 
0.54552 0.14714 0.30734 
0.10032 0.01991 0.87977 
0.09302 0.53608 0.3709 
0.30596 0.00163 0.69241 
18 
0.41417 0.49722 0.08861 
0.21155 0.0018 0.78665 
0.46341 0.08696 0.44963 
0.23783 0.72937 0.0328 
0.11212 0.82073 0.06715 
0.0355 0.83583 0.12867 

30 
0.12317 0.03672 0.34656 0.10873 0.38482 
0.43882 0.02903 0.48118 0.04955 0.00142 
0.80408 0.00822 0.01621 0.14865 0.02284 
0.65475 0.05061 0.01888 0.0391 0.23666 
0.56031 0.06419 0.07286 0.07237 0.23027 
0.04309 0.05803 0.87662 0.00101 0.02125 
30 
0.1055 0.50897 0.19722 0.17565 0.01266 
0.02575 0.72163 0.05105 0.00756 0.19401 
0.17332 0.11266 0.19913 0.12414 0.39075 
0.01233 0.04831 0.86288 0.01512 0.06136 
0.15196 0.09765 0.70534 0.04459 4.6E-4 
0.32935 0.01607 0.04654 0.00954 0.5985 
30 
0.1207 0.1658 0.0807 0.56404 0.06876 
0.04134 0.01027 0.51679 0.09937 0.33223 
0.02854 0.03296 0.00762 0.908 0.02288 
0.22628 0.25086 0.07774 0.14963 0.29549 
0.26646 0.00635 0.03046 0.35028 0.34645 
0.04903 0.02755 0.83775 0.01382 0.07185 

4 
0.40654 0.59346 
0.29388 0.70612 
4 
0.68787 0.31213 
0.84029 0.15971 
4 
0.62336 0.37664 
0.06862 0.93138 
4 
0.11324 0.88676 
0.54525 0.45475 
4 
0.03452 0.96548 
0.81293 0.18707 

18 
0.09348 0.75439 0.15213 
0.71051 0.25402 0.03547 
0.23931 0.00848 0.75221 
0.87318 0.05519 0.07163 
0.43712 7.1E-4 0.56217 
0.4714 0.45121 0.07739 
18 
0.71118 0.14219 0.14663 
0.50244 0.44076 0.0568 
0.09348 0.52725 0.37927 
0.30016 0.17735 0.52249 
0.11198 0.75821 0.12981 
0.8343 0.13521 0.03049 

30 
0.24236 0.17582 0.18839 0.08367 0.30976 
0.52908 0.17254 0.0724 0.20977 0.01621 
4.4E-4 0.00175 0.03619 0.96078 8.4E-4 
0.00193 0.07396 5.0E-4 0.00268 0.92093 
0.01374 0.1259 0.54614 0.19105 0.12317 
0.00144 0.25398 0.73151 0.00114 0.01193 
30 
0.06582 0.67349 0.03038 0.10197 0.12834 
0.11564 0.00897 3.1E-4 0.05358 0.8215 
0.39208 0.08774 0.09042 0.28051 0.14925 
0.26303 1.0E-4 7.2E-4 0.67681 0.05934 
0.10048 0.00402 0.156 0.72701 0.01249 
0.00149 0.15514 0.02001 0.69721 0.12615 
30 
0.0284 0.027 0.5987 0.02453 0.32137 
8.1E-4 0.00161 2.1E-4 0.75115 0.24622 
0.00936 8.5E-4 0.03318 0.10848 0.84813 
0.05861 0.0466 0.00985 0.46986 0.41508 
0.01485 0.07103 0.00306 0.15796 0.7531 
0.25689 0.06543 0.1437 0.2768 0.25718 
