V-CREDAL 
8 
3 2 3 2 3 2 3 2 
8 
2 5 0 
3 5 6 1 
1 2 
1 3 
2 0 4 
1 5 
3 2 3 6 
2 2 7 

12 
0.7411 0.06445 0.19445 
0.45365 0.4006 0.14575 
0.7043 0.16698 0.12872 
0.1282 0.82325 0.04855 
12 
0.06235 0.49419 0.44346 
0.34461 0.20255 0.45284 
0.28358 0.30741 0.40901 
0.01997 0.40743 0.5726 

4 
0.36671 0.63329 
0.56148 0.43852 
4 
0.63173 0.36827 
0.08075 0.91925 
4 
0.48543 0.51457 
0.46753 0.53247 
4 
0.49178 0.50822 
0.48803 0.51197 
4 
0.89906 0.10094 
0.67574 0.32426 
4 
0.89316 0.10684 
0.3299 0.6701 

12 
0.51414 0.06259 0.42327 
0.18161 0.683 0.13539 
0.34974 0.34331 0.30695 
0.59707 0.02059 0.38234 

4 
0.74514 0.25486 
0.51605 0.48395 

12 
0.00542 0.99198 0.0026 
0.02256 0.19473 0.78271 
0.74303 0.08776 0.16921 
0.7463 0.16146 0.09224 
12 
0.00862 0.80032 0.19106 
0.11168 0.40106 0.48726 
0.06327 0.43357 0.50316 
0.26845 0.44752 0.28403 
12 
0.15802 0.67549 0.16649 
0.43654 0.08081 0.48265 
0.03973 0.95078 0.00949 
0.1715 0.75607 0.07243 

4 
0.38189 0.61811 
0.18767 0.81233 

12 
0.35456 0.14098 0.50446 
0.26794 0.66826 0.0638 
0.6247 0.20244 0.17286 
0.47881 0.44418 0.07701 
12 
0.45612 0.45375 0.09013 
0.78403 0.16463 0.05134 
0.40681 0.55814 0.03505 
0.82332 0.09948 0.0772 
12 
0.36544 0.5383 0.09626 
0.05474 0.21908 0.72618 
0.55783 0.12415 0.31802 
0.23339 0.50035 0.26626 
12 
0.16815 0.68326 0.14859 
0.9072 0.06748 0.02532 
0.00734 0.55074 0.44192 
0.10771 0.0432 0.84909 
12 
0.21187 0.49932 0.28881 
0.65243 0.03641 0.31116 
0.38302 0.42333 0.19365 
0.07834 0.4047 0.51696 
12 
0.11371 0.83426 0.05203 
0.01398 0.07588 0.91014 
0.33134 0.1917 0.47696 
0.15159 0.81899 0.02942 

4 
0.57679 0.42321 
0.38701 0.61299 
4 
0.27384 0.72616 
0.96772 0.03228 
4 
0.45819 0.54181 
0.67348 0.32652 
