V-CREDAL
10
2 2 4 4 4 4 2 3 3 4
10
2 1 0
2 8 1
3 6 9 2
1 3
3 5 6 4
1 5
2 1 6
2 3 7
2 7 8
1 9

4
0.146 0.854
0.046 0.954
4
0.979 0.021
0.316 0.684

4
0.645 0.355
0.12 0.88
4
0.147 0.853
0.788 0.212
4
0.213 0.787
0.976 0.024

16
0.009 0.041 0.019 0.931
0.143 0.083 0.014 0.76
0.102 0.378 0.484 0.036
0.281 0.352 0.316 0.051
16
0.028 0.653 0.069 0.25
0.025 0.036 0.008 0.931
0.011 0.106 0.207 0.676
0.001 0.086 0.251 0.662
16
0.07 0.017 0.803 0.11
0.26 0.021 0.533 0.186
0.214 0.279 0.492 0.015
0.31 0.028 0.556 0.106
16
0.55 0.147 0.08 0.223
0.217 0.105 0.226 0.452
0.16 0.627 0.003 0.21
0.237 0.699 0.048 0.016
16
0.083 0.502 0.374 0.041
0.368 0.121 0.008 0.503
0.036 0.112 0.582 0.27
0.242 0.068 0.06 0.63
16
0.093 0.08 0.089 0.738
0.268 0.297 0.311 0.124
0.545 0.044 0.083 0.328
0.985 0.013 0.0 0.002
16
0.159 0.564 0.179 0.098
0.475 0.01 0.22 0.295
0.254 0.007 0.454 0.285
0.003 0.534 0.46 0.003
16
0.272 0.092 0.012 0.624
0.199 0.195 0.276 0.33
0.0 0.981 0.004 0.015
0.498 0.133 0.216 0.153

16
0.105 0.034 0.023 0.838
0.21 0.022 0.121 0.647
0.082 0.473 0.117 0.328
0.267 0.383 0.224 0.126

16
0.003 0.008 0.958 0.031
0.623 0.076 0.007 0.294
0.001 0.192 0.152 0.655
0.894 0.006 0.082 0.018
16
0.01 0.126 0.359 0.505
0.049 0.084 0.296 0.571
0.256 0.054 0.658 0.032
0.332 0.554 0.081 0.033
16
0.005 0.0 0.182 0.813
0.003 0.012 0.92 0.065
0.034 0.001 0.141 0.824
0.002 0.087 0.003 0.908
16
0.134 0.074 0.237 0.555
0.111 0.646 0.077 0.166
0.532 0.043 0.024 0.401
0.071 0.461 0.214 0.254
16
0.362 0.173 0.389 0.076
0.166 0.284 0.421 0.129
0.053 0.169 0.257 0.521
0.003 0.167 0.073 0.757
16
0.755 0.108 0.1 0.037
0.238 0.628 0.113 0.021
0.255 0.255 0.384 0.106
0.21 0.217 0.544 0.029
16
0.003 0.001 0.025 0.971
0.466 0.405 0.068 0.061
0.061 0.03 0.135 0.774
0.428 0.112 0.142 0.318
16
0.118 0.29 0.452 0.14
0.007 0.006 0.962 0.025
0.027 0.559 0.402 0.012
0.215 0.017 0.26 0.508

16
0.028 0.553 0.182 0.237
0.31 0.078 0.283 0.329
0.042 0.131 0.477 0.35
0.252 0.381 0.083 0.284

4
0.061 0.939
0.196 0.804
4
0.126 0.874
0.714 0.286

12
0.191 0.336 0.473
0.04 0.695 0.265
0.121 0.737 0.142
0.487 0.452 0.061
12
0.007 0.042 0.951
0.203 0.775 0.022
0.426 0.047 0.527
0.741 0.134 0.125
12
0.402 0.506 0.092
0.017 0.804 0.179
0.963 0.031 0.006
0.249 0.395 0.356
12
0.112 0.102 0.786
0.98 0.001 0.019
0.014 0.935 0.051
0.007 0.758 0.235

12
0.961 0.0 0.039
0.009 0.026 0.965
0.101 0.822 0.077
0.838 0.142 0.02
12
0.013 0.021 0.966
0.854 0.13 0.016
0.113 0.75 0.137
0.302 0.645 0.053
12
0.336 0.639 0.025
0.543 0.015 0.442
0.298 0.049 0.653
0.25 0.302 0.448

16
0.014 0.4 0.244 0.342
0.049 0.893 0.009 0.049
0.011 0.866 0.019 0.104
0.178 0.002 0.004 0.816
