V-CREDAL
4
3 4 4 4
4
1 0
2 0 1
2 1 2
2 2 3

18
0.699 0.036 0.265
0.102 0.601 0.297
0.28 0.03 0.69
0.697 0.052 0.251
0.087 0.605 0.308
0.348 0.009 0.643

24
0.153 0.301 0.064 0.482
0.05 0.642 0.277 0.031
0.038 0.159 0.621 0.182
0.173 0.033 0.354 0.44
0.376 0.026 0.205 0.393
0.42 0.034 0.483 0.063
24
0.679 0.023 0.269 0.029
0.025 0.104 0.299 0.572
0.142 0.321 0.084 0.453
0.012 0.003 0.9 0.085
0.915 0.019 0.066 0.0
0.485 0.125 0.099 0.291
24
0.123 0.489 0.05 0.338
0.053 0.91 0.015 0.022
0.16 0.037 0.562 0.241
0.561 0.253 0.103 0.083
0.023 0.013 0.795 0.169
0.103 0.014 0.425 0.458

24
0.541 0.418 0.036 0.005
0.322 0.02 0.457 0.201
0.011 0.478 0.472 0.039
0.11 0.27 0.255 0.365
0.577 0.091 0.168 0.164
0.513 0.156 0.307 0.024
24
0.858 0.052 0.055 0.035
0.101 0.894 0.003 0.002
0.871 0.074 0.002 0.053
0.115 0.013 0.867 0.005
0.183 0.596 0.218 0.003
0.001 0.06 0.105 0.834
24
0.001 0.999 0.0 0.0
0.202 0.162 0.547 0.089
0.554 0.125 0.067 0.254
0.071 0.566 0.082 0.281
0.534 0.003 0.361 0.102
0.001 0.0 0.645 0.354
24
0.31 0.316 0.339 0.035
0.48 0.061 0.066 0.393
0.031 0.253 0.391 0.325
0.008 0.38 0.34 0.272
0.254 0.026 0.617 0.103
0.032 0.453 0.071 0.444

24
0.131 0.718 0.078 0.073
0.109 0.056 0.768 0.067
0.293 0.518 0.067 0.122
0.012 0.007 0.258 0.723
0.848 0.015 0.084 0.053
0.069 0.438 0.002 0.491
24
0.669 0.054 0.062 0.215
0.34 0.468 0.119 0.073
0.003 0.022 0.073 0.902
0.056 0.032 0.016 0.896
0.401 0.462 0.063 0.074
0.165 0.136 0.205 0.494
24
0.008 0.157 0.029 0.806
0.05 0.201 0.14 0.609
0.79 0.017 0.048 0.145
0.347 0.061 0.192 0.4
0.331 0.266 0.353 0.05
0.326 0.174 0.164 0.336
24
0.043 0.014 0.933 0.01
0.174 0.606 0.121 0.099
0.222 0.016 0.28 0.482
0.326 0.087 0.363 0.224
0.143 0.348 0.021 0.488
0.071 0.214 0.447 0.268
