V-CREDAL 
10 
4 5 5 2 3 3 3 3 4 5 
10 
1 0 
1 1 
3 1 9 2 
2 4 3 
1 4 
3 3 9 5 
3 3 7 6 
2 8 7 
2 0 8 
1 9 

24 
0.01428 0.00933 0.83407 0.14232 
0.13106 0.65746 0.13109 0.08039 
0.80076 0.14634 0.04366 0.00924 
0.16276 0.59905 0.21183 0.02636 
0.00366 0.04736 0.21331 0.73567 
0.142 0.10544 0.68532 0.06724 

30 
0.74001 0.02857 0.17824 0.04563 0.00755 
0.02633 0.0477 0.04403 0.86605 0.01589 
0.00545 0.64544 0.03604 0.29855 0.01452 
0.26591 0.62798 0.00734 0.0191 0.07967 
0.01061 0.11557 0.25366 0.56882 0.05134 
0.08556 0.08243 0.12171 0.32409 0.38621 

30 
0.31954 0.01731 0.52107 0.06539 0.07669 
0.0021 0.00813 0.04563 0.01926 0.92488 
0.18543 0.42006 0.16088 0.20812 0.02551 
0.01602 0.55062 0.26235 0.04008 0.13093 
0.73681 0.11381 0.08981 0.04276 0.01681 
0.00214 0.25307 0.13176 0.05565 0.55738 
30 
0.35304 0.05481 0.12862 0.30434 0.15919 
0.73669 0.00553 5.4E-4 0.25638 8.6E-4 
0.85707 0.11109 0.0064 0.01444 0.011 
0.01176 0.02773 0.05037 0.58217 0.32797 
0.61304 0.04746 0.04673 0.20634 0.08643 
0.48445 0.30595 0.01485 0.16596 0.02879 
30 
0.00915 0.34872 0.57646 0.00887 0.0568 
0.08297 0.10762 0.29522 0.32008 0.19411 
0.00123 0.73879 0.04188 0.14847 0.06963 
1.2E-4 0.98402 0.00558 0.00882 0.00146 
0.00123 0.00226 4.4E-4 0.99462 0.00145 
0.26365 0.07167 0.00442 0.65763 0.00263 
30 
0.75922 0.01747 0.06427 0.02936 0.12968 
0.05122 0.06888 0.03954 0.0499 0.79046 
0.01184 0.02355 0.9475 0.00908 0.00803 
0.00799 0.00684 0.03327 0.94066 0.01124 
0.7103 0.01209 0.19179 0.02042 0.0654 
0.21079 0.64819 0.12016 0.0028 0.01806 
30 
0.57621 0.40629 9.1E-4 0.0014 0.01519 
0.06486 0.01875 0.02871 0.75718 0.1305 
0.0073 0.00106 0.08624 0.18615 0.71925 
0.2683 0.04212 0.00152 0.68413 0.00393 
0.09594 0.18421 0.23539 0.45604 0.02842 
0.0027 0.17248 1.0E-5 0.82479 2.0E-5 
30 
0.00774 0.08234 0.00782 0.00124 0.90086 
0.14399 0.45002 0.15156 0.03159 0.22284 
0.28277 0.09054 0.03 0.185 0.41169 
0.00468 0.92877 0.00118 0.06513 2.4E-4 
0.10155 0.15522 0.25599 0.10857 0.37867 
0.01322 0.02233 0.96248 0.00167 3.0E-4 
30 
0.4784 0.00649 0.07609 0.40725 0.03177 
0.12468 0.66913 0.04244 0.06247 0.10128 
0.01589 0.35072 0.17457 0.44926 0.00956 
0.35484 0.04928 0.02555 0.5164 0.05393 
5.5E-4 0.0299 0.34738 0.62113 0.00104 
0.00524 0.06754 0.01398 0.22342 0.68982 
30 
0.10253 0.61987 0.03684 0.07289 0.16787 
0.01455 0.34152 0.04336 0.48779 0.11278 
0.17875 0.0079 8.7E-4 9.1E-4 0.81157 
0.01483 0.05594 0.54012 0.09758 0.29153 
0.21176 0.2516 0.34446 0.09507 0.09711 
0.01872 4.0E-5 5.0E-5 0.00334 0.97785 
30 
0.88429 0.00616 0.0016 9.9E-4 0.10696 
0.10457 0.08688 0.37505 0.27652 0.15698 
0.00463 0.09073 0.23678 0.4459 0.22196 
0.45843 0.03698 0.07286 0.29212 0.13961 
0.01274 0.89473 0.01489 0.02254 0.0551 
0.0623 0.292 0.38866 0.12612 0.13092 
30 
0.01531 0.50831 0.15687 0.05559 0.26392 
0.03556 0.02875 0.01086 0.31864 0.60619 
0.27463 0.05172 0.0746 0.45701 0.14204 
0.00341 0.91059 1.8E-4 0.04757 0.03825 
0.31709 0.03641 0.28228 0.27323 0.09099 
0.04141 0.07959 0.218 0.48509 0.17591 
30 
0.02698 0.27284 0.30446 0.3022 0.09352 
0.01864 0.07737 0.09188 0.02204 0.79007 
0.00613 0.70728 0.20718 0.04361 0.0358 
0.16841 0.00202 0.18468 0.35551 0.28938 
0.01383 0.16948 0.43364 0.04091 0.34214 
0.0446 0.03403 0.72841 0.17692 0.01604 
30 
0.00522 0.10175 0.12844 0.43979 0.3248 
0.20613 0.05697 0.44356 0.22628 0.06706 
0.64546 0.11693 0.04414 0.03054 0.16293 
8.0E-5 0.00178 2.3E-4 9.0E-5 0.99782 
0.53464 0.22188 0.11764 0.00308 0.12276 
0.0213 0.41109 8.1E-4 0.03111 0.53569 
30 
0.07188 0.27531 0.4388 0.13314 0.08087 
0.42673 0.16297 0.26909 0.11698 0.02423 
0.31719 0.02982 0.33664 0.13325 0.1831 
0.04967 0.58346 0.15663 0.09332 0.11692 
0.01691 9.5E-4 0.29287 0.6748 0.01447 
2.0E-4 0.00901 3.0E-5 0.98828 0.00248 
30 
0.1173 0.26235 0.00318 0.55132 0.06585 
0.20962 0.5691 0.20572 9.6E-4 0.0146 
0.05221 0.75817 0.01031 1.0E-5 0.1793 
0.03653 0.0497 0.52689 0.00509 0.38179 
0.02426 0.00772 0.557 0.01346 0.39756 
0.60606 0.01696 0.32266 0.01211 0.04221 
30 
0.14799 0.05408 0.06032 0.73577 0.00184 
0.34484 0.37446 0.10875 0.14429 0.02766 
0.00633 0.0131 0.00321 0.9674 0.00996 
0.01871 0.03708 0.07603 0.01054 0.85764 
0.02428 0.03675 0.00851 0.02847 0.90199 
6.0E-5 0.95654 6.0E-4 0.03371 0.00909 
30 
0.04947 0.0023 0.17318 0.77448 5.7E-4 
0.83675 0.00736 0.08026 0.00523 0.0704 
0.0558 0.1442 0.75576 0.0374 0.00684 
0.00369 0.06529 0.03171 0.81331 0.086 
0.01761 0.11982 0.13788 0.55133 0.17336 
0.68618 0.01256 0.04873 0.01563 0.2369 
30 
0.12765 0.00772 0.00425 0.00291 0.85747 
3.6E-4 0.01738 0.00316 0.00218 0.97692 
0.02744 0.05906 0.10288 0.09343 0.71719 
0.04506 0.01736 0.73387 0.2 0.00371 
0.06205 0.56178 0.00323 0.31359 0.05935 
0.03614 0.37163 0.00869 0.01186 0.57168 
30 
0.01926 0.30163 0.17229 0.01228 0.49454 
0.01988 0.97538 7.8E-4 0.00132 0.00264 
0.35435 0.01993 0.03032 0.15124 0.44416 
0.00795 0.1079 0.07311 0.3151 0.49594 
0.01492 0.47815 0.02363 0.02897 0.45433 
2.0E-5 0.97194 3.1E-4 1.4E-4 0.02759 
30 
0.14315 0.04087 0.51548 0.01694 0.28356 
0.03705 0.08834 0.01107 0.76714 0.0964 
0.2922 0.11503 0.45618 0.04625 0.09034 
0.12322 0.22579 0.18857 0.39797 0.06445 
0.20983 0.05821 0.50745 2.4E-4 0.22427 
0.03915 0.00304 0.1719 0.13 0.65591 
30 
0.39126 0.09657 0.06701 0.16882 0.27634 
0.1479 0.05489 0.26298 0.27092 0.26331 
0.00316 0.00158 0.84823 0.01884 0.12819 
0.17721 0.67433 0.02169 0.11697 0.0098 
0.62241 0.00224 0.00147 0.12709 0.24679 
0.04624 0.32108 0.11813 0.49009 0.02446 
30 
0.51905 0.29401 0.05921 0.12482 0.00291 
0.96557 0.01248 8.7E-4 7.2E-4 0.02036 
0.00326 0.234 7.5E-4 2.1E-4 0.76178 
0.0129 0.03951 0.34232 0.4272 0.17807 
0.02854 0.8664 0.04396 0.04163 0.01947 
0.61241 0.34313 0.02183 0.01782 0.00481 
30 
0.02497 0.23886 0.71105 0.00867 0.01645 
0.00423 0.00513 0.11149 0.0612 0.81795 
3.5E-4 5.0E-5 1.3E-4 7.9E-4 0.99868 
0.11777 0.03227 0.73602 0.00694 0.107 
0.35338 0.02008 0.29841 0.2897 0.03843 
0.17784 0.02327 0.00474 0.78764 0.00651 
30 
0.0549 0.03911 0.6303 0.26955 0.00614 
0.13516 0.74072 0.11419 0.00735 0.00258 
0.05639 3.4E-4 0.91645 0.02496 0.00186 
0.22302 0.04032 0.13315 0.19504 0.40847 
0.02272 0.00524 0.39772 0.35492 0.2194 
0.49947 0.34478 0.01174 0.0663 0.07771 
30 
0.02975 0.09586 0.11372 0.27605 0.48462 
0.00978 0.34807 0.33191 0.02146 0.28878 
0.18685 0.70406 0.0756 0.02186 0.01163 
0.10755 0.02334 0.57516 0.23856 0.05539 
0.22039 0.44032 0.10395 0.00273 0.23261 
0.00666 0.00201 0.08702 0.27141 0.6329 
30 
0.38816 1.1E-4 0.51249 0.04421 0.05503 
0.03201 0.26749 0.00939 0.12432 0.56679 
0.16946 4.0E-4 1.0E-4 0.82974 3.0E-4 
0.23068 0.14837 0.57236 0.03677 0.01182 
0.07432 0.035 0.04303 0.81288 0.03477 
0.65863 1.1E-4 4.8E-4 0.27892 0.06186 

4 
0.42818 0.57182 
0.30067 0.69933 
4 
0.09618 0.90382 
0.59087 0.40913 
4 
0.31045 0.68955 
0.04809 0.95191 

18 
0.91173 0.01054 0.07773 
0.01479 0.57947 0.40574 
0.02782 0.08858 0.8836 
0.01395 0.0912 0.89485 
0.80622 0.19211 0.00167 
0.91869 0.06841 0.0129 

18 
0.00931 0.95646 0.03423 
0.02464 0.94661 0.02875 
0.18566 0.08578 0.72856 
0.74414 0.06014 0.19572 
0.81793 0.12216 0.05991 
0.0012 0.90437 0.09443 
18 
0.02918 0.80662 0.1642 
0.4026 0.56866 0.02874 
0.12235 0.04374 0.83391 
0.03368 0.85859 0.10773 
0.82737 0.0616 0.11103 
0.04579 0.9289 0.02531 
18 
0.05571 0.10468 0.83961 
0.60896 0.34287 0.04817 
0.01889 0.67389 0.30722 
0.16457 0.02426 0.81117 
0.99738 1.6E-4 0.00246 
0.67139 0.00902 0.31959 
18 
0.06046 0.68207 0.25747 
0.22638 0.68081 0.09281 
0.35478 0.04322 0.602 
0.05558 0.55286 0.39156 
0.3588 0.08258 0.55862 
0.08206 0.30332 0.61462 
18 
0.06201 0.93342 0.00457 
0.9583 0.02554 0.01616 
0.0135 0.18793 0.79857 
0.50825 0.04837 0.44338 
0.12296 0.15314 0.7239 
0.01664 0.93551 0.04785 
18 
0.10539 0.12672 0.76789 
0.98338 0.00861 0.00801 
0.11014 0.66557 0.22429 
0.0998 0.58714 0.31306 
0.32906 0.02897 0.64197 
0.62682 0.27914 0.09404 
18 
0.62706 0.35239 0.02055 
0.07067 0.85539 0.07394 
0.11838 0.00381 0.87781 
0.81702 0.16479 0.01819 
0.07121 0.74506 0.18373 
0.08462 0.87073 0.04465 
18 
0.03454 0.84899 0.11647 
0.11358 0.41154 0.47488 
0.52579 0.33043 0.14378 
0.61015 0.11256 0.27729 
0.20636 0.11562 0.67802 
0.0594 0.84367 0.09693 
18 
0.00249 0.01154 0.98597 
7.0E-4 0.99726 0.00204 
0.91264 0.00899 0.07837 
0.59141 0.40288 0.00571 
0.59986 0.00225 0.39789 
0.02522 0.0106 0.96418 
18 
0.10835 0.04384 0.84781 
0.09405 0.90026 0.00569 
0.96957 0.00708 0.02335 
0.028 0.43895 0.53305 
0.02708 0.7995 0.17342 
0.04247 0.09046 0.86707 

18 
0.08825 0.06088 0.85087 
0.4059 0.08699 0.50711 
0.24319 0.45904 0.29777 
0.55986 0.40318 0.03696 
0.05338 0.17632 0.7703 
0.62237 0.33017 0.04746 
18 
0.07271 0.91736 0.00993 
0.90462 0.03223 0.06315 
0.00249 0.77225 0.22526 
0.71243 0.03453 0.25304 
0.03155 0.6672 0.30125 
0.44493 0.07228 0.48279 
18 
9.0E-5 0.00622 0.99369 
0.42289 0.51817 0.05894 
0.61292 0.18277 0.20431 
0.27968 0.05378 0.66654 
0.0272 0.96929 0.00351 
0.01155 0.98306 0.00539 
18 
0.6383 0.02887 0.33283 
0.06592 0.3141 0.61998 
0.74866 0.04254 0.2088 
0.14286 0.08325 0.77389 
0.1932 0.04097 0.76583 
0.03465 0.64145 0.3239 
18 
0.01456 0.03491 0.95053 
0.001 0.1906 0.8084 
0.00684 0.9926 5.6E-4 
0.7401 0.23904 0.02086 
0.59707 0.18085 0.22208 
0.34842 0.64222 0.00936 
18 
0.12513 0.01717 0.8577 
0.143 0.80202 0.05498 
0.06132 0.4631 0.47558 
0.04042 0.03046 0.92912 
0.77981 0.11504 0.10515 
0.02527 0.17492 0.79981 

18 
0.08924 0.24971 0.66105 
0.01049 0.05687 0.93264 
0.26165 0.37522 0.36313 
0.42716 0.11494 0.4579 
0.02774 0.05016 0.9221 
0.29557 0.38938 0.31505 
18 
0.3646 0.41319 0.22221 
0.05308 0.04221 0.90471 
0.0811 0.36749 0.55141 
0.43205 0.04976 0.51819 
0.03706 0.04276 0.92018 
0.777 0.1725 0.0505 
18 
0.06015 0.85425 0.0856 
0.1137 0.50504 0.38126 
0.65989 0.14308 0.19703 
0.57592 0.01935 0.40473 
0.6367 0.2158 0.1475 
0.05524 0.70239 0.24237 
18 
0.69438 0.24554 0.06008 
0.08819 0.00264 0.90917 
0.03379 0.08598 0.88023 
0.04295 0.9514 0.00565 
0.83972 0.05451 0.10577 
0.02605 0.10516 0.86879 

24 
0.03028 0.48133 0.12078 0.36761 
0.00672 3.2E-4 0.99021 0.00275 
0.46127 0.15812 0.15192 0.22869 
0.01906 0.045 8.4E-4 0.9351 
0.12124 0.04323 0.62867 0.20686 
0.27879 0.51753 0.17651 0.02717 
24 
0.50651 0.40165 0.02778 0.06406 
0.04732 0.0601 0.8729 0.01968 
0.03746 0.62181 0.21426 0.12647 
0.00454 0.04303 0.01374 0.93869 
2.9E-4 0.16223 0.82289 0.01459 
0.84718 0.01198 0.018 0.12284 
24 
0.12711 0.46768 0.19642 0.20879 
0.05608 9.3E-4 0.00388 0.93911 
0.01128 0.02225 0.0057 0.96077 
0.08711 0.44846 0.43425 0.03018 
0.61888 0.01536 0.20695 0.15881 
0.24145 0.09407 0.44889 0.21559 
24 
0.31861 0.30284 0.15773 0.22082 
0.16649 0.6691 0.01938 0.14503 
0.16723 0.23671 0.16037 0.43569 
0.13521 0.08924 0.3768 0.39875 
0.3276 0.06032 0.38613 0.22595 
0.10103 0.70376 0.066 0.12921 

30 
0.32307 0.01678 0.10343 0.00145 0.55527 
0.00151 0.9793 0.005 0.007 0.00719 
0.92918 0.01188 0.00674 4.3E-4 0.05177 
0.07249 0.19078 0.42026 0.05614 0.26033 
0.00819 0.01615 0.75198 0.16152 0.06216 
0.08943 0.01606 0.05449 0.3397 0.50032 
