V-CREDAL
4
4 3 2 3
4
1 0
2 0 1
2 1 2
2 2 3

24
0.021 0.507 0.099 0.373
0.046 0.847 0.044 0.063
0.003 0.151 0.537 0.309
0.262 0.653 0.011 0.074
0.316 0.426 0.185 0.073
0.224 0.111 0.577 0.088

18
0.963 0.004 0.033
0.102 0.862 0.036
0.039 0.556 0.405
0.037 0.159 0.804
0.538 0.013 0.449
0.041 0.842 0.117
18
0.951 0.046 0.003
0.066 0.085 0.849
0.196 0.51 0.294
0.005 0.315 0.68
0.116 0.018 0.866
0.266 0.489 0.245
18
0.573 0.425 0.002
0.104 0.881 0.015
0.405 0.018 0.577
0.02 0.049 0.931
0.931 0.043 0.026
0.022 0.945 0.033
18
0.908 0.015 0.077
0.077 0.727 0.196
0.016 0.006 0.978
0.012 0.587 0.401
0.396 0.471 0.133
0.892 0.065 0.043

4
0.931 0.069
0.748 0.252
4
0.282 0.718
0.867 0.133
4
0.774 0.226
0.077 0.923

18
0.898 0.052 0.05
0.048 0.905 0.047
0.057 0.019 0.924
0.01 0.022 0.968
0.922 0.004 0.074
0.031 0.851 0.118
18
0.005 0.979 0.016
0.004 0.963 0.033
0.002 0.002 0.996
0.986 0.001 0.013
0.012 0.976 0.012
0.887 0.108 0.005
