V-CREDAL 
8 
3 5 5 3 5 2 5 4 
8 
1 0 
1 1 
2 3 2 
2 6 3 
2 1 4 
2 4 5 
2 1 6 
3 0 3 7 

12 
0.21544 0.26019 0.52437 
0.95784 0.00476 0.0374 
0.60701 0.2126 0.18039 
0.11961 0.3001 0.58029 

20 
0.00204 0.25247 0.27556 0.46699 0.00294 
0.0185 0.60076 0.00653 0.35657 0.01764 
0.02109 0.48756 0.43188 0.02541 0.03406 
0.01779 0.02337 0.00911 0.93431 0.01542 

20 
0.12112 0.01713 0.19458 0.65994 0.00723 
0.02315 0.71215 0.01306 0.00486 0.24678 
0.00106 0.02803 0.13681 0.29541 0.53869 
0.95276 0.00227 0.03644 0.00324 0.00529 
20 
0.01281 0.15138 0.01313 0.49745 0.32523 
0.02215 0.38013 0.36157 0.21598 0.02017 
0.31787 0.17172 0.18579 0.0776 0.24702 
0.02823 0.70032 0.23319 0.0345 0.00376 
20 
0.02463 0.04319 0.00171 0.08718 0.84329 
0.2682 0.36619 0.14136 0.02655 0.1977 
6.9E-4 0.06741 0.79166 0.13004 0.0102 
0.08107 0.84116 0.02131 0.00773 0.04873 

12 
0.54847 0.25763 0.1939 
0.45588 0.03437 0.50975 
0.12365 0.30442 0.57193 
0.01308 0.09778 0.88914 
12 
0.74252 0.08297 0.17451 
0.00228 0.64961 0.34811 
0.25172 0.69245 0.05583 
0.48296 0.09762 0.41942 
12 
0.62503 0.02804 0.34693 
0.07988 0.31927 0.60085 
0.04407 0.05099 0.90494 
0.70163 0.28698 0.01139 
12 
0.34751 0.12948 0.52301 
0.34253 0.61657 0.0409 
0.99064 0.00249 0.00687 
0.04141 0.89816 0.06043 
12 
0.49546 0.36467 0.13987 
0.24155 0.63336 0.12509 
0.1575 0.06219 0.78031 
0.1234 0.51282 0.36378 

20 
0.90079 0.00833 0.0132 0.06664 0.01104 
8.1E-4 0.08317 0.06247 0.02106 0.83249 
0.00613 0.12488 0.01296 0.32731 0.52872 
0.38157 0.05798 0.13653 0.22116 0.20276 
20 
0.69724 6.0E-4 0.00738 0.29254 0.00224 
0.29269 0.30814 0.15678 0.01889 0.2235 
0.01202 0.48221 0.153 0.35133 0.00144 
0.0373 0.1248 0.05902 0.07612 0.70276 
20 
0.00292 0.87493 0.04953 0.02178 0.05084 
0.34299 0.45835 0.0675 0.0253 0.10586 
0.00926 0.01327 0.92055 0.02563 0.03129 
0.28284 0.00464 0.66695 0.00648 0.03909 
20 
0.84962 0.0349 0.00514 0.00112 0.10922 
0.07319 0.59434 0.02956 0.04615 0.25676 
0.15226 0.32392 0.18617 0.13575 0.2019 
0.01519 0.0266 0.02977 0.7252 0.20324 
20 
0.03369 0.00157 0.95793 0.00217 0.00464 
0.02308 0.00171 0.00149 0.01512 0.9586 
0.03659 0.03176 0.00328 0.03132 0.89705 
0.30576 0.00947 0.08738 0.00408 0.59331 

4 
0.95929 0.04071 
0.33051 0.66949 
4 
0.34911 0.65089 
0.53139 0.46861 
4 
0.94088 0.05912 
0.11489 0.88511 
4 
0.53518 0.46482 
0.04445 0.95555 
4 
0.77286 0.22714 
0.24685 0.75315 

20 
0.0153 8.8E-4 0.47189 0.00373 0.5082 
0.02349 0.09674 0.62548 0.06689 0.1874 
0.12115 0.00913 0.366 0.15268 0.35104 
0.30208 0.57557 0.02642 0.04265 0.05328 
20 
0.12958 0.03683 0.32403 0.00788 0.50168 
0.51111 0.02643 0.43131 0.01936 0.01179 
0.02833 0.52814 0.0062 5.4E-4 0.43679 
0.46384 0.27711 0.01849 0.23474 0.00582 
20 
0.11237 0.14755 0.08904 0.16602 0.48502 
0.3979 0.30688 0.03027 0.10677 0.15818 
0.09052 0.30561 0.08663 0.44305 0.07419 
0.16324 0.10595 0.65578 0.05196 0.02307 
20 
5.7E-4 0.77077 0.00688 0.21994 0.00184 
0.00394 0.18608 0.03468 0.71422 0.06108 
0.95852 0.00401 0.0332 3.6E-4 0.00391 
0.17861 0.42783 0.03601 0.08094 0.27661 
20 
0.44968 0.03566 0.03835 0.22212 0.25419 
0.27066 0.09205 0.21764 0.41509 0.00456 
0.02879 0.93175 0.0246 8.7E-4 0.01399 
0.05758 0.00191 0.52031 0.02004 0.40016 

16 
0.00117 0.57662 0.36256 0.05965 
0.29778 0.06552 0.55732 0.07938 
0.0045 0.36898 0.54407 0.08245 
0.03438 0.87704 0.05167 0.03691 
16 
0.90977 0.00146 0.00936 0.07941 
0.03145 0.37408 0.44148 0.15299 
0.08752 0.03448 0.66701 0.21099 
0.15191 0.42605 0.42059 0.00145 
16 
0.00174 0.02795 0.00554 0.96477 
0.39564 0.2516 0.02721 0.32555 
0.3851 0.44041 0.16506 0.00943 
0.01188 0.96166 0.0124 0.01406 
16 
0.27824 0.34247 0.06058 0.31871 
0.01785 0.03448 0.24654 0.70113 
0.77274 0.00291 0.20781 0.01654 
0.27232 0.30833 0.10778 0.31157 
16 
0.62241 0.12375 0.14229 0.11155 
0.07747 0.06981 0.8273 0.02542 
0.26711 0.08305 0.45948 0.19036 
0.00592 0.99084 6.6E-4 0.00258 
16 
0.48993 0.13221 0.30524 0.07262 
0.00415 0.01795 0.31196 0.66594 
0.05761 0.03492 0.49488 0.41259 
0.20125 0.4162 0.21043 0.17212 
16 
0.63085 0.01069 0.0483 0.31016 
0.06954 0.06034 0.33055 0.53957 
0.81135 0.03189 0.0338 0.12296 
0.16137 0.00351 0.56007 0.27505 
16 
0.02276 0.04228 0.30848 0.62648 
6.6E-4 0.04186 0.13212 0.82536 
0.13738 0.10684 0.42415 0.33163 
0.8294 0.15915 0.01111 3.4E-4 
16 
0.12187 0.54627 0.29587 0.03599 
0.55787 0.14991 0.09749 0.19473 
0.12241 0.76168 0.06688 0.04903 
0.19173 0.3432 0.25201 0.21306 
