V-CREDAL 
6 
2 4 4 2 3 3 
6 
1 0 
2 0 1 
2 1 2 
2 2 3 
2 3 4 
2 4 5 

4 
0.615 0.385 
0.299 0.701 

16 
0.016 0.075 0.702 0.207 
0.414 0.095 0.437 0.054 
0.145 0.093 0.368 0.394 
0.36 0.328 0.14 0.172 
16 
0.085 0.873 0.013 0.029 
0.071 0.048 0.056 0.825 
0.405 0.114 0.032 0.449 
0.49 0.002 0.507 0.001 

16 
0.221 0.195 0.462 0.122 
0.09 0.544 0.3 0.066 
0.095 0.173 0.432 0.3 
0.308 0.008 0.651 0.033 
16 
0.022 0.041 0.595 0.342 
0.158 0.017 0.143 0.682 
0.003 0.033 0.956 0.008 
0.025 0.013 0.949 0.013 
16 
0.029 0.939 0.027 0.005 
0.069 0.003 0.866 0.062 
0.428 0.244 0.303 0.025 
0.318 0.035 0.28 0.367 
16 
0.084 0.059 0.346 0.511 
0.213 0.013 0.757 0.017 
0.406 0.414 0.149 0.031 
0.392 0.455 0.011 0.142 

4 
0.044 0.956 
0.934 0.066 
4 
0.332 0.668 
0.689 0.311 
4 
0.106 0.894 
0.626 0.374 
4 
0.226 0.774 
0.844 0.156 

12 
0.469 0.363 0.168 
0.022 0.591 0.387 
0.021 0.601 0.378 
0.304 0.317 0.379 
12 
0.27 0.123 0.607 
0.002 0.888 0.11 
0.593 0.089 0.318 
0.755 0.11 0.135 

12 
0.218 0.009 0.773 
0.826 0.116 0.058 
0.062 0.664 0.274 
0.784 0.18 0.036 
12 
0.789 0.003 0.208 
0.316 0.019 0.665 
0.358 0.518 0.124 
0.511 0.439 0.05 
12 
0.36 0.428 0.212 
0.595 0.301 0.104 
0.111 0.403 0.486 
0.8 0.128 0.072 
