V-CREDAL
10
4 3 4 3 3 4 4 3 3 4
10
1 0
2 0 1
2 1 2
2 2 3
2 3 4
2 4 5
2 5 6
2 6 7
2 7 8
2 8 9

16
0.189 0.272 0.14 0.399
0.122 0.363 0.51 0.005
0.086 0.628 0.165 0.121
0.436 0.204 0.345 0.015

12
0.001 0.99 0.009
0.057 0.053 0.89
0.779 0.018 0.203
0.565 0.296 0.139
12
0.013 0.002 0.985
0.101 0.885 0.014
0.89 0.091 0.019
0.73 0.065 0.205
12
0.305 0.036 0.659
0.001 0.0 0.999
0.211 0.757 0.032
0.046 0.005 0.949
12
0.209 0.019 0.772
0.755 0.196 0.049
0.409 0.579 0.012
0.171 0.316 0.513

16
0.895 0.025 0.019 0.061
0.026 0.4 0.565 0.009
0.422 0.479 0.009 0.09
0.251 0.045 0.47 0.234
16
0.216 0.52 0.079 0.185
0.535 0.015 0.152 0.298
0.224 0.075 0.403 0.298
0.298 0.068 0.275 0.359
16
0.767 0.025 0.099 0.109
0.591 0.045 0.04 0.324
0.039 0.576 0.323 0.062
0.171 0.447 0.277 0.105

12
0.039 0.944 0.017
0.089 0.742 0.169
0.181 0.62 0.199
0.241 0.717 0.042
12
0.391 0.373 0.236
0.303 0.541 0.156
0.554 0.054 0.392
0.059 0.433 0.508
12
0.056 0.256 0.688
0.626 0.171 0.203
0.409 0.516 0.075
0.082 0.675 0.243
12
0.115 0.002 0.883
0.106 0.152 0.742
0.019 0.011 0.97
0.46 0.478 0.062

12
0.185 0.12 0.695
0.161 0.786 0.053
0.823 0.038 0.139
0.214 0.107 0.679
12
0.089 0.523 0.388
0.018 0.678 0.304
0.324 0.56 0.116
0.127 0.78 0.093
12
0.03 0.012 0.958
0.197 0.681 0.122
0.075 0.313 0.612
0.871 0.068 0.061

16
0.433 0.165 0.199 0.203
0.056 0.052 0.082 0.81
0.217 0.066 0.044 0.673
0.051 0.019 0.778 0.152
16
0.744 0.085 0.036 0.135
0.148 0.818 0.02 0.014
0.221 0.709 0.042 0.028
0.656 0.079 0.212 0.053
16
0.144 0.258 0.33 0.268
0.336 0.028 0.57 0.066
0.063 0.86 0.044 0.033
0.428 0.067 0.314 0.191

16
0.243 0.023 0.128 0.606
0.746 0.142 0.07 0.042
0.14 0.012 0.285 0.563
0.209 0.1 0.268 0.423
16
0.911 0.052 0.014 0.023
0.009 0.057 0.292 0.642
0.52 0.384 0.002 0.094
0.158 0.061 0.595 0.186
16
0.471 0.113 0.288 0.128
0.533 0.117 0.275 0.075
0.378 0.59 0.024 0.008
0.519 0.452 0.014 0.015
16
0.234 0.075 0.333 0.358
0.078 0.293 0.112 0.517
0.055 0.731 0.142 0.072
0.02 0.884 0.014 0.082

12
0.242 0.348 0.41
0.03 0.061 0.909
0.571 0.246 0.183
0.697 0.302 0.001
12
0.198 0.028 0.774
0.637 0.003 0.36
0.056 0.924 0.02
0.083 0.142 0.775
12
0.098 0.89 0.012
0.062 0.49 0.448
0.022 0.858 0.12
0.771 0.201 0.028
12
0.21 0.695 0.095
0.281 0.091 0.628
0.094 0.25 0.656
0.425 0.202 0.373

12
0.306 0.084 0.61
0.471 0.271 0.258
0.132 0.591 0.277
0.045 0.069 0.886
12
0.309 0.242 0.449
0.264 0.66 0.076
0.043 0.64 0.317
0.059 0.843 0.098
12
0.265 0.594 0.141
0.066 0.078 0.856
0.978 0.022 0.0
0.192 0.005 0.803

16
0.139 0.051 0.013 0.797
0.151 0.484 0.061 0.304
0.452 0.014 0.264 0.27
0.239 0.525 0.096 0.14
16
0.724 0.058 0.076 0.142
0.049 0.273 0.202 0.476
0.54 0.265 0.116 0.079
0.129 0.577 0.055 0.239
16
0.635 0.1 0.051 0.214
0.325 0.116 0.053 0.506
0.209 0.684 0.056 0.051
0.007 0.277 0.636 0.08
