V-CREDAL 
4 
2 3 2 4 
4 
1 0 
2 0 1 
2 1 2 
2 2 3 

4 
0.65927 0.34073 
0.77684 0.22316 

12 
0.30242 0.6818 0.01578 
0.46255 0.05096 0.48649 
0.01468 0.13331 0.85201 
0.73066 0.20417 0.06517 
12 
0.01829 0.15946 0.82225 
0.94509 0.02802 0.02689 
0.00154 0.87171 0.12675 
0.02751 0.87994 0.09255 

4 
0.9517 0.0483 
0.48518 0.51482 
4 
0.22495 0.77505 
0.02068 0.97932 
4 
0.41686 0.58314 
0.75274 0.24726 

16 
0.38337 0.02225 0.3593 0.23508 
0.97315 0.00937 7.4E-4 0.01674 
0.3584 0.01919 0.2636 0.35881 
0.7132 0.01547 0.26737 0.00396 
16 
0.16388 0.71236 0.12223 0.00153 
0.22412 0.23639 0.50481 0.03468 
0.51931 0.30179 0.0473 0.1316 
0.23519 0.05079 0.36999 0.34403 
