V-CREDAL 
6 
5 2 2 2 3 4 
6 
1 0 
2 0 1 
2 1 2 
2 2 3 
2 3 4 
2 4 5 

30 
0.17264 0.09765 0.02758 0.13809 0.56404 
0.03419 0.89709 0.01675 0.04724 0.00473 
0.00202 5.4E-4 0.01502 0.26425 0.71817 
0.04321 0.7106 0.2076 0.03157 0.00702 
0.06035 0.05528 0.06156 0.00794 0.81487 
0.12603 0.27216 0.00849 0.00228 0.59104 

4 
0.09949 0.90051 
0.68994 0.31006 
4 
0.28462 0.71538 
0.85814 0.14186 
4 
0.86345 0.13655 
0.60425 0.39575 
4 
0.25833 0.74167 
0.77571 0.22429 
4 
0.25375 0.74625 
0.74538 0.25462 

4 
0.24373 0.75627 
0.71937 0.28063 
4 
0.92557 0.07443 
0.40858 0.59142 

4 
0.57058 0.42942 
0.87338 0.12662 
4 
0.3408 0.6592 
0.25913 0.74087 

18 
0.88274 0.11565 0.00161 
0.01075 0.69278 0.29647 
0.42957 0.45679 0.11364 
0.15965 0.1473 0.69305 
0.35851 0.0289 0.61259 
0.05355 0.23119 0.71526 
18 
0.99634 0.00253 0.00113 
0.10477 0.47472 0.42051 
0.06928 0.91419 0.01653 
0.20067 0.07579 0.72354 
0.96427 0.03514 5.9E-4 
0.65441 0.01119 0.3344 

24 
0.06879 0.05933 0.04857 0.82331 
0.09414 0.08122 0.34369 0.48095 
0.02973 0.85597 0.05864 0.05566 
0.42983 0.00954 0.49474 0.06589 
0.02231 0.15496 0.13284 0.68989 
0.1977 0.00441 0.76916 0.02873 
24 
0.37657 0.16917 0.43747 0.01679 
0.67068 0.00195 0.10011 0.22726 
0.32847 0.19906 0.11228 0.36019 
0.71297 0.02991 0.1921 0.06502 
0.4893 0.36394 0.02432 0.12244 
0.08053 0.57663 0.1394 0.20344 
24 
0.44611 0.52949 0.02389 5.1E-4 
0.01828 0.17462 0.05562 0.75148 
0.13333 0.35682 0.41662 0.09323 
0.32708 0.12672 0.35192 0.19428 
0.38992 0.24994 0.16447 0.19567 
0.30769 0.00793 0.09584 0.58854 
