V-CREDAL
7
2 3 3 4 2 3 3
7
2 4 0
1 1
1 2
3 0 1 3
1 4
2 1 5
3 2 4 6

4
0.384 0.616
0.78 0.22
4
0.188 0.812
0.528 0.472

18
0.989 0.007 0.004
0.012 0.019 0.969
0.001 0.998 0.001
0.003 0.519 0.478
0.015 0.985 0.0
0.322 0.678 0.0

18
0.0 0.01 0.99
0.961 0.032 0.007
0.013 0.754 0.233
0.12 0.876 0.004
0.439 0.003 0.558
0.025 0.899 0.076

24
0.108 0.423 0.128 0.341
0.056 0.334 0.5 0.11
0.847 0.099 0.03 0.024
0.532 0.273 0.025 0.17
0.018 0.011 0.042 0.929
0.044 0.013 0.653 0.29
24
0.174 0.163 0.417 0.246
0.148 0.034 0.086 0.732
0.272 0.054 0.414 0.26
0.484 0.386 0.098 0.032
0.013 0.029 0.143 0.815
0.131 0.464 0.13 0.275
24
0.105 0.026 0.137 0.732
0.248 0.223 0.52 0.009
0.01 0.011 0.04 0.939
0.467 0.049 0.407 0.077
0.255 0.012 0.012 0.721
0.005 0.617 0.07 0.308
24
0.16 0.548 0.241 0.051
0.817 0.041 0.013 0.129
0.32 0.016 0.523 0.141
0.076 0.876 0.013 0.035
0.225 0.021 0.236 0.518
0.673 0.178 0.021 0.128
24
0.701 0.015 0.062 0.222
0.003 0.827 0.138 0.032
0.001 0.898 0.015 0.086
0.178 0.05 0.199 0.573
0.088 0.283 0.022 0.607
0.863 0.134 0.002 0.001
24
0.076 0.151 0.712 0.061
0.162 0.336 0.123 0.379
0.082 0.105 0.233 0.58
0.463 0.088 0.274 0.175
0.031 0.96 0.002 0.007
0.302 0.066 0.182 0.45

4
0.355 0.645
0.778 0.222

18
0.111 0.74 0.149
0.239 0.003 0.758
0.483 0.253 0.264
0.035 0.549 0.416
0.021 0.837 0.142
0.097 0.259 0.644
18
0.377 0.489 0.134
0.19 0.615 0.195
0.211 0.122 0.667
0.381 0.228 0.391
0.134 0.162 0.704
0.074 0.517 0.409
18
0.004 0.034 0.962
0.079 0.308 0.613
0.607 0.378 0.015
0.328 0.029 0.643
0.735 0.178 0.087
0.233 0.363 0.404

18
0.008 0.079 0.913
0.951 0.02 0.029
0.127 0.871 0.002
0.468 0.002 0.53
0.002 0.916 0.082
0.075 0.054 0.871
18
0.457 0.011 0.532
0.336 0.649 0.015
0.049 0.605 0.346
0.924 0.03 0.046
0.172 0.797 0.031
0.244 0.025 0.731
18
0.005 0.993 0.002
0.013 0.81 0.177
0.499 0.483 0.018
0.913 0.037 0.05
0.384 0.064 0.552
0.335 0.135 0.53
18
0.021 0.463 0.516
0.958 0.04 0.002
0.002 0.998 0.0
0.85 0.018 0.132
0.044 0.125 0.831
0.121 0.038 0.841
18
0.956 0.003 0.041
0.039 0.953 0.008
0.049 0.087 0.864
0.246 0.037 0.717
0.0 0.595 0.405
0.035 0.091 0.874
18
0.001 0.964 0.035
0.089 0.102 0.809
0.743 0.174 0.083
0.348 0.043 0.609
0.133 0.002 0.865
0.028 0.97 0.002
