V-CREDAL
4
4 2 2 3
4
1 0
2 0 1
2 1 2
2 2 3

24
0.876 0.118 0.005 0.001
0.278 0.087 0.606 0.029
0.037 0.057 0.89 0.016
0.19 0.188 0.612 0.01
0.011 0.429 0.04 0.52
0.145 0.375 0.154 0.326

4
0.755 0.245
0.283 0.717
4
0.129 0.871
0.352 0.648
4
0.567 0.433
0.417 0.583
4
0.301 0.699
0.279 0.721

4
0.152 0.848
0.581 0.419
4
0.339 0.661
0.31 0.69

18
0.08 0.025 0.895
0.024 0.037 0.939
0.027 0.513 0.46
0.778 0.107 0.115
0.642 0.247 0.111
0.238 0.523 0.239
18
0.15 0.25 0.6
0.206 0.044 0.75
0.044 0.687 0.269
0.965 0.028 0.007
0.027 0.96 0.013
0.008 0.971 0.021
