V-CREDAL
7
2 2 4 3 2 2 2
7
1 0
2 0 1
2 1 2
2 2 3
2 3 4
2 4 5
2 5 6

4
0.568 0.432
0.914 0.086

4
0.755 0.245
0.504 0.496
4
0.549 0.451
0.9 0.1

16
0.296 0.085 0.479 0.14
0.15 0.178 0.253 0.419
0.366 0.08 0.205 0.349
0.131 0.019 0.331 0.519
16
0.022 0.02 0.953 0.005
0.704 0.001 0.005 0.29
0.252 0.335 0.365 0.048
0.236 0.018 0.04 0.706

12
0.197 0.532 0.271
0.213 0.06 0.727
0.203 0.701 0.096
0.444 0.244 0.312
12
0.772 0.169 0.059
0.62 0.077 0.303
0.046 0.66 0.294
0.387 0.02 0.593
12
0.357 0.041 0.602
0.329 0.239 0.432
0.281 0.14 0.579
0.248 0.673 0.079
12
0.381 0.39 0.229
0.386 0.151 0.463
0.394 0.199 0.407
0.006 0.546 0.448

4
0.003 0.997
0.131 0.869
4
0.493 0.507
0.521 0.479
4
0.566 0.434
0.58 0.42

4
0.58 0.42
0.771 0.229
4
0.759 0.241
0.49 0.51

4
0.562 0.438
0.898 0.102
4
0.6 0.4
0.813 0.187
