V-CREDAL 
4 
2 3 2 3 
4 
1 0 
2 0 1 
2 1 2 
2 2 3 

4 
0.04845 0.95155 
0.29979 0.70021 

18 
0.20404 0.02141 0.77455 
0.09356 0.67468 0.23176 
0.0484 0.62156 0.33004 
0.16772 0.62375 0.20853 
0.42187 0.4478 0.13033 
0.62424 0.02214 0.35362 
18 
0.23514 0.05493 0.70993 
0.79519 0.12728 0.07753 
0.77218 0.00156 0.22626 
0.58812 0.39013 0.02175 
0.41615 0.49759 0.08626 
0.20391 0.09787 0.69822 

4 
0.09856 0.90144 
0.84571 0.15429 
4 
0.49972 0.50028 
0.63189 0.36811 
4 
0.87708 0.12292 
0.79958 0.20042 

18 
0.45353 0.04634 0.50013 
0.50563 0.03634 0.45803 
0.79603 0.20322 7.5E-4 
0.03925 0.9323 0.02845 
0.95925 0.00233 0.03842 
0.04248 0.85397 0.10355 
18 
0.33736 0.05515 0.60749 
0.66673 0.24313 0.09014 
0.66245 0.08613 0.25142 
0.07345 0.41825 0.5083 
0.23619 0.19132 0.57249 
0.00682 0.93569 0.05749 
