V-CREDAL 
10 
2 3 2 2 3 3 3 3 3 3 
10 
1 0 
2 0 1 
2 1 2 
2 2 3 
2 3 4 
2 4 5 
2 5 6 
2 6 7 
2 7 8 
2 8 9 

4 
0.1176 0.8824 
0.44181 0.55819 

12 
0.3304 0.02384 0.64576 
0.55696 0.41511 0.02793 
0.09446 0.64377 0.26177 
0.55238 0.44133 0.00629 
12 
0.25288 0.63489 0.11223 
0.09756 0.89541 0.00703 
0.44446 0.07671 0.47883 
0.02846 0.01341 0.95813 

4 
0.99357 0.00643 
0.08548 0.91452 
4 
0.317 0.683 
0.17625 0.82375 
4 
0.59802 0.40198 
0.70043 0.29957 

4 
0.21182 0.78818 
0.55553 0.44447 
4 
0.42793 0.57207 
0.44401 0.55599 

12 
0.16019 0.04613 0.79368 
0.83442 0.12594 0.03964 
0.46512 0.42052 0.11436 
0.16324 0.06378 0.77298 
12 
0.3222 0.59404 0.08376 
0.54684 0.04289 0.41027 
0.89719 0.08088 0.02193 
0.10957 0.44842 0.44201 

12 
0.13503 0.14953 0.71544 
0.90394 0.02371 0.07235 
0.88855 0.041 0.07045 
0.63874 0.22092 0.14034 
12 
0.00638 0.00263 0.99099 
0.6737 0.01203 0.31427 
0.07888 0.87253 0.04859 
0.86043 0.0279 0.11167 
12 
0.16798 0.42124 0.41078 
0.01512 0.12006 0.86482 
0.06156 0.82316 0.11528 
0.18551 0.09727 0.71722 

12 
0.55182 0.14561 0.30257 
0.0428 0.024 0.9332 
0.36681 0.48321 0.14998 
0.32871 0.00341 0.66788 
12 
0.025 0.52896 0.44604 
0.56764 0.11161 0.32075 
0.11088 0.21843 0.67069 
0.50718 0.02104 0.47178 
12 
0.37089 0.25374 0.37537 
0.16641 0.63849 0.1951 
0.25895 0.5664 0.17465 
0.21056 0.4757 0.31374 

12 
0.00408 0.07841 0.91751 
0.13642 0.84058 0.023 
0.95049 0.00155 0.04796 
0.88755 0.10192 0.01053 
12 
0.02207 0.04503 0.9329 
0.97957 0.01904 0.00139 
0.18841 0.5652 0.24639 
0.64835 0.02033 0.33132 
12 
0.92729 0.05026 0.02245 
0.11198 0.14112 0.7469 
0.67719 0.00203 0.32078 
0.17663 0.16697 0.6564 

12 
0.23072 0.60512 0.16416 
0.43334 0.08283 0.48383 
0.02407 0.76889 0.20704 
0.09883 0.05123 0.84994 
12 
0.6641 0.04887 0.28703 
0.00215 0.97354 0.02431 
0.23445 0.0243 0.74125 
0.09342 0.51767 0.38891 
12 
0.1085 0.33833 0.55317 
0.61112 0.15634 0.23254 
0.14992 0.08636 0.76372 
0.54958 0.21769 0.23273 

12 
0.03756 0.6322 0.33024 
0.37123 0.32358 0.30519 
0.39025 0.07626 0.53349 
0.03327 0.91283 0.0539 
12 
0.38282 0.50285 0.11433 
0.1644 0.19547 0.64013 
0.13623 0.66721 0.19656 
0.21784 0.00793 0.77423 
12 
0.05831 0.89478 0.04691 
0.05363 0.11226 0.83411 
0.91606 0.0262 0.05774 
0.86597 0.08078 0.05325 
