V-CREDAL
4
4 3 3 3
4
2 3 0
2 2 1
2 3 2
1 3

16
0.212 0.113 0.617 0.058
0.259 0.085 0.181 0.475
0.379 0.051 0.459 0.111
0.041 0.613 0.015 0.331
16
0.026 0.008 0.343 0.623
0.178 0.353 0.335 0.134
0.524 0.124 0.036 0.316
0.181 0.486 0.137 0.196
16
0.783 0.099 0.056 0.062
0.048 0.035 0.202 0.715
0.158 0.164 0.438 0.24
0.027 0.027 0.758 0.188

12
0.016 0.066 0.918
0.93 0.032 0.038
0.871 0.111 0.018
0.644 0.204 0.152
12
0.011 0.037 0.952
0.147 0.597 0.256
0.25 0.593 0.157
0.223 0.18 0.597
12
0.705 0.036 0.259
0.006 0.625 0.369
0.019 0.361 0.62
0.238 0.727 0.035

12
0.101 0.127 0.772
0.76 0.005 0.235
0.099 0.187 0.714
0.356 0.566 0.078
12
0.074 0.342 0.584
0.23 0.532 0.238
0.131 0.599 0.27
0.0 0.325 0.675
12
0.585 0.083 0.332
0.265 0.588 0.147
0.507 0.12 0.373
0.59 0.351 0.059

12
0.62 0.379 0.001
0.343 0.071 0.586
0.383 0.243 0.374
0.351 0.047 0.602
