V-CREDAL 
10 
4 3 3 3 2 3 3 4 2 2 
10 
1 0 
2 0 1 
2 1 2 
2 2 3 
2 3 4 
2 4 5 
2 5 6 
2 6 7 
2 7 8 
2 8 9 

24 
0.63523 0.18844 0.07935 0.09698 
0.01565 0.93 0.01243 0.04192 
0.32942 0.14894 0.5129 0.00874 
0.41014 0.05995 0.00971 0.5202 
0.29262 0.02074 0.21284 0.4738 
0.04774 0.02208 0.89441 0.03577 

18 
0.87407 0.02617 0.09976 
0.04689 0.90122 0.05189 
0.78024 0.0123 0.20746 
0.26094 0.03297 0.70609 
0.17308 0.09925 0.72767 
0.66289 0.0135 0.32361 
18 
0.28476 0.28306 0.43218 
0.22238 0.38828 0.38934 
0.49664 0.38681 0.11655 
0.85263 0.02021 0.12716 
0.72887 0.0644 0.20673 
0.9816 0.01577 0.00263 
18 
0.69205 0.14131 0.16664 
0.0955 0.84921 0.05529 
0.51737 0.06191 0.42072 
0.2249 0.76474 0.01036 
0.244 0.07459 0.68141 
0.062 0.57357 0.36443 
18 
0.06581 0.09971 0.83448 
0.5897 0.39381 0.01649 
0.11779 0.61134 0.27087 
0.08313 0.02641 0.89046 
0.88487 0.01549 0.09964 
0.16578 0.7317 0.10252 

18 
0.42659 0.5365 0.03691 
0.1481 0.30976 0.54214 
0.05621 0.9029 0.04089 
0.40674 0.03686 0.5564 
0.52104 0.09566 0.3833 
0.32138 0.12508 0.55354 
18 
0.0264 0.95588 0.01772 
0.02516 0.00734 0.9675 
0.71973 0.0929 0.18737 
0.01081 0.03158 0.95761 
0.67394 0.27618 0.04988 
0.54628 0.41476 0.03896 
18 
0.82528 0.01661 0.15811 
0.00818 0.98643 0.00539 
1.7E-4 0.10559 0.89424 
0.07117 0.02114 0.90769 
0.56032 0.39641 0.04327 
0.78991 0.08127 0.12882 

18 
0.35035 0.49879 0.15086 
0.55561 0.12766 0.31673 
0.0503 0.50382 0.44588 
0.146 0.79332 0.06068 
0.19461 0.04663 0.75876 
0.05672 0.89596 0.04732 
18 
0.34795 0.04999 0.60206 
0.93881 0.03754 0.02365 
0.06884 0.83126 0.0999 
0.00357 0.4579 0.53853 
0.04674 0.07726 0.876 
0.46672 0.48826 0.04502 
18 
0.82275 0.05615 0.1211 
0.296 0.33289 0.37111 
0.80532 0.09623 0.09845 
0.33073 0.31309 0.35618 
0.28805 0.56824 0.14371 
0.26965 0.48122 0.24913 

4 
0.57279 0.42721 
0.62428 0.37572 
4 
0.41876 0.58124 
0.79378 0.20622 
4 
0.91571 0.08429 
0.30914 0.69086 

18 
0.03743 0.74579 0.21678 
0.68046 0.25768 0.06186 
0.20031 0.77746 0.02223 
0.01221 0.00325 0.98454 
0.76974 0.09092 0.13934 
0.0013 0.00277 0.99593 
18 
0.00269 0.55575 0.44156 
0.63569 0.305 0.05931 
0.25699 0.31989 0.42312 
0.48864 0.10983 0.40153 
0.79706 0.16347 0.03947 
0.06224 0.60902 0.32874 

18 
0.082 0.48633 0.43167 
0.27465 0.66495 0.0604 
0.35966 0.11782 0.52252 
0.14269 0.61004 0.24727 
0.70902 0.27113 0.01985 
0.05589 0.20726 0.73685 
18 
0.91093 0.03111 0.05796 
0.1117 0.8248 0.0635 
0.5953 0.00484 0.39986 
0.20584 0.03781 0.75635 
0.04258 0.77758 0.17984 
0.03188 0.90264 0.06548 
18 
0.02336 0.96365 0.01299 
0.09388 0.24633 0.65979 
0.25098 0.10663 0.64239 
0.63927 0.34987 0.01086 
0.53848 0.46077 7.5E-4 
0.58141 0.20457 0.21402 

24 
0.227 0.25204 0.4444 0.07656 
0.55115 0.23051 0.01167 0.20667 
0.16394 0.23353 0.44376 0.15877 
0.78638 0.04701 0.16263 0.00398 
0.02832 0.63524 0.18301 0.15343 
0.1753 0.30528 0.21403 0.30539 
24 
0.04291 0.47233 0.14162 0.34314 
0.04231 0.29281 0.13599 0.52889 
0.07521 0.13075 0.7717 0.02234 
0.04963 0.78113 0.1349 0.03434 
0.9731 0.00396 0.00339 0.01955 
0.30477 0.20422 0.07941 0.4116 
24 
0.0017 0.23906 0.00141 0.75783 
0.22708 0.01803 0.20777 0.54712 
0.08861 0.08485 0.61566 0.21088 
0.11046 0.03088 0.12773 0.73093 
0.39035 0.08178 0.28253 0.24534 
0.15846 0.20463 0.05052 0.58639 

4 
0.2984 0.7016 
0.77522 0.22478 
4 
0.74944 0.25056 
0.49617 0.50383 
4 
0.13922 0.86078 
0.68777 0.31223 
4 
0.89732 0.10268 
0.54257 0.45743 

4 
0.14648 0.85352 
0.96402 0.03598 
4 
0.48958 0.51042 
0.90881 0.09119 
