V-CREDAL
6
4 4 3 4 4 2
6
1 0
2 0 1
2 1 2
2 2 3
2 3 4
2 4 5

24
0.175 0.088 0.381 0.356
0.01 0.022 0.344 0.624
0.331 0.097 0.06 0.512
0.184 0.049 0.204 0.563
0.082 0.299 0.035 0.584
0.471 0.469 0.057 0.003

24
0.079 0.835 0.043 0.043
0.03 0.023 0.567 0.38
0.209 0.162 0.006 0.623
0.072 0.75 0.166 0.012
0.393 0.466 0.047 0.094
0.038 0.016 0.669 0.277
24
0.75 0.006 0.044 0.2
0.206 0.072 0.268 0.454
0.009 0.831 0.063 0.097
0.248 0.198 0.55 0.004
0.001 0.92 0.002 0.077
0.084 0.137 0.011 0.768
24
0.015 0.201 0.766 0.018
0.166 0.194 0.605 0.035
0.029 0.861 0.107 0.003
0.202 0.212 0.531 0.055
0.008 0.121 0.789 0.082
0.189 0.441 0.21 0.16
24
0.079 0.283 0.17 0.468
0.024 0.036 0.004 0.936
0.004 0.048 0.051 0.897
0.088 0.811 0.01 0.091
0.526 0.323 0.005 0.146
0.002 0.772 0.209 0.017

18
0.853 0.005 0.142
0.229 0.09 0.681
0.072 0.84 0.088
0.571 0.023 0.406
0.684 0.265 0.051
0.773 0.162 0.065
18
0.0 0.001 0.999
0.001 0.999 0.0
0.996 0.004 0.0
0.007 0.0 0.993
0.583 0.0 0.417
0.0 0.996 0.004
18
0.733 0.018 0.249
0.205 0.771 0.024
0.196 0.082 0.722
0.985 0.015 0.0
0.255 0.066 0.679
0.008 0.511 0.481
18
0.747 0.059 0.194
0.032 0.731 0.237
0.157 0.015 0.828
0.252 0.721 0.027
0.063 0.031 0.906
0.003 0.296 0.701

24
0.056 0.037 0.042 0.865
0.108 0.765 0.06 0.067
0.155 0.105 0.417 0.323
0.025 0.193 0.677 0.105
0.005 0.986 0.003 0.006
0.348 0.279 0.368 0.005
24
0.436 0.117 0.407 0.04
0.016 0.755 0.006 0.223
0.214 0.064 0.424 0.298
0.159 0.466 0.249 0.126
0.015 0.42 0.001 0.564
0.042 0.082 0.677 0.199
24
0.041 0.025 0.839 0.095
0.044 0.539 0.085 0.332
0.946 0.002 0.033 0.019
0.447 0.258 0.126 0.169
0.213 0.112 0.039 0.636
0.481 0.1 0.337 0.082

24
0.011 0.055 0.022 0.912
0.014 0.052 0.466 0.468
0.753 0.028 0.019 0.2
0.013 0.056 0.692 0.239
0.04 0.948 0.0 0.012
0.041 0.595 0.352 0.012
24
0.005 0.033 0.002 0.96
0.887 0.062 0.015 0.036
0.032 0.01 0.916 0.042
0.031 0.715 0.229 0.025
0.716 0.003 0.24 0.041
0.041 0.013 0.185 0.761
24
0.447 0.241 0.086 0.226
0.081 0.692 0.173 0.054
0.226 0.347 0.088 0.339
0.006 0.004 0.548 0.442
0.5 0.093 0.209 0.198
0.735 0.105 0.128 0.032
24
0.002 0.038 0.104 0.856
0.225 0.19 0.099 0.486
0.002 0.002 0.843 0.153
0.051 0.016 0.148 0.785
0.041 0.583 0.289 0.087
0.305 0.018 0.164 0.513

4
0.984 0.016
0.799 0.201
4
0.758 0.242
0.609 0.391
4
0.9 0.1
0.343 0.657
4
0.443 0.557
0.7 0.3
