V-CREDAL 
6 
2 2 3 2 2 3 
6 
2 4 0 
2 5 1 
2 0 2 
2 2 3 
1 4 
2 3 5 

4 
0.47305 0.52695 
0.33126 0.66874 
4 
0.57402 0.42598 
0.36992 0.63008 

4 
0.29005 0.70995 
0.87106 0.12894 
4 
0.54038 0.45962 
0.59803 0.40197 
4 
0.02814 0.97186 
0.13303 0.86697 

12 
0.03834 0.06441 0.89725 
0.06066 0.26281 0.67653 
0.49626 0.20638 0.29736 
0.8303 0.12988 0.03982 
12 
0.4684 0.1126 0.419 
0.09708 0.69736 0.20556 
0.67991 0.07439 0.2457 
0.41793 0.4858 0.09627 

4 
0.02091 0.97909 
0.28923 0.71077 
4 
0.70985 0.29015 
0.53051 0.46949 
4 
0.24894 0.75106 
0.98122 0.01878 

4 
0.67595 0.32405 
0.11199 0.88801 

12 
0.12522 0.84273 0.03205 
0.63889 0.23937 0.12174 
0.04886 0.71791 0.23323 
0.00846 0.94562 0.04592 
12 
0.2652 0.08257 0.65223 
0.64336 0.17015 0.18649 
0.3405 0.20953 0.44997 
0.7665 0.1412 0.0923 
