V-CREDAL
9
2 3 3 2 2 2 3 4 3
9
3 2 6 0
2 3 1
2 7 2
1 3
2 6 4
2 8 5
1 6
1 7
3 0 1 8

4
0.257 0.743
0.048 0.952
4
0.108 0.892
0.639 0.361
4
0.846 0.154
0.196 0.804
4
0.016 0.984
0.733 0.267
4
0.821 0.179
0.985 0.015
4
0.775 0.225
0.322 0.678
4
0.557 0.443
0.646 0.354
4
0.759 0.241
0.491 0.509
4
0.498 0.502
0.358 0.642

12
0.287 0.448 0.265
0.383 0.03 0.587
0.661 0.093 0.246
0.738 0.204 0.058
12
0.538 0.189 0.273
0.028 0.79 0.182
0.158 0.136 0.706
0.504 0.236 0.26

12
0.59 0.083 0.327
0.539 0.46 0.001
0.009 0.928 0.063
0.56 0.308 0.132
12
0.169 0.23 0.601
0.973 0.011 0.016
0.85 0.04 0.11
0.194 0.669 0.137
12
0.061 0.812 0.127
0.087 0.049 0.864
0.399 0.182 0.419
0.551 0.375 0.074
12
0.054 0.006 0.94
0.059 0.884 0.057
0.037 0.695 0.268
0.626 0.263 0.111

4
0.506 0.494
0.682 0.318

4
0.852 0.148
0.595 0.405
4
0.938 0.062
0.44 0.56
4
0.185 0.815
0.956 0.044

4
0.171 0.829
0.847 0.153
4
0.33 0.67
0.032 0.968
4
0.722 0.278
0.826 0.174

12
0.705 0.248 0.047
0.112 0.769 0.119
0.626 0.223 0.151
0.429 0.552 0.019

16
0.547 0.297 0.013 0.143
0.222 0.178 0.145 0.455
0.012 0.013 0.015 0.96
0.001 0.739 0.229 0.031

12
0.393 0.586 0.021
0.312 0.029 0.659
0.412 0.278 0.31
0.024 0.104 0.872
12
0.576 0.266 0.158
0.003 0.312 0.685
0.2 0.784 0.016
0.117 0.086 0.797
12
0.84 0.099 0.061
0.61 0.039 0.351
0.24 0.471 0.289
0.051 0.746 0.203
12
0.0 0.444 0.556
0.93 0.067 0.003
0.294 0.376 0.33
0.166 0.152 0.682
12
0.002 0.001 0.997
0.179 0.789 0.032
0.017 0.283 0.7
0.617 0.187 0.196
12
0.103 0.791 0.106
0.603 0.152 0.245
0.12 0.748 0.132
0.414 0.14 0.446
