V-CREDAL
10
2 3 3 2 3 2 3 4 2 3
10
4 1 4 5 0
2 6 1
1 2
1 3
1 4
3 2 3 5
1 6
2 0 7
2 0 8
2 4 9

4
0.12 0.88
0.041 0.959
4
0.841 0.159
0.01 0.99
4
0.77 0.23
0.777 0.223
4
0.479 0.521
0.314 0.686
4
0.618 0.382
0.505 0.495
4
0.575 0.425
0.432 0.568
4
0.911 0.089
0.171 0.829
4
0.547 0.453
0.387 0.613
4
0.072 0.928
0.342 0.658
4
0.896 0.104
0.565 0.435
4
0.814 0.186
0.497 0.503
4
0.367 0.633
0.381 0.619
4
0.899 0.101
0.338 0.662
4
0.495 0.505
0.642 0.358
4
0.518 0.482
0.799 0.201
4
0.073 0.927
0.617 0.383
4
0.641 0.359
0.156 0.844
4
0.426 0.574
0.652 0.348

18
0.033 0.098 0.869
0.336 0.651 0.013
0.011 0.759 0.23
0.848 0.032 0.12
0.092 0.824 0.084
0.691 0.258 0.051
18
0.804 0.002 0.194
0.112 0.2 0.688
0.124 0.121 0.755
0.363 0.518 0.119
0.831 0.169 0.0
0.202 0.498 0.3
18
0.011 0.002 0.987
0.053 0.934 0.013
0.632 0.024 0.344
0.903 0.06 0.037
0.003 0.699 0.298
0.115 0.879 0.006

18
0.033 0.104 0.863
0.014 0.764 0.222
0.802 0.159 0.039
0.218 0.012 0.77
0.716 0.033 0.251
0.057 0.896 0.047

4
0.698 0.302
0.988 0.012

18
0.107 0.185 0.708
0.069 0.261 0.67
0.022 0.551 0.427
0.164 0.109 0.727
0.989 0.001 0.01
0.177 0.633 0.19

4
0.505 0.495
0.005 0.995
4
0.782 0.218
0.22 0.78
4
0.793 0.207
0.818 0.182
4
0.567 0.433
0.759 0.241
4
0.406 0.594
0.661 0.339
4
0.013 0.987
0.079 0.921

18
0.069 0.103 0.828
0.134 0.856 0.01
0.004 0.556 0.44
0.937 0.023 0.04
0.745 0.038 0.217
0.045 0.2 0.755

24
0.031 0.087 0.237 0.645
0.089 0.004 0.859 0.048
0.921 0.015 0.005 0.059
0.029 0.068 0.754 0.149
0.111 0.078 0.65 0.161
0.084 0.001 0.5 0.415
24
0.08 0.051 0.086 0.783
0.328 0.05 0.047 0.575
0.008 0.052 0.877 0.063
0.969 0.004 0.01 0.017
0.769 0.004 0.086 0.141
0.014 0.042 0.821 0.123

4
0.971 0.029
0.956 0.044
4
0.468 0.532
0.658 0.342

18
0.874 0.082 0.044
0.033 0.552 0.415
0.179 0.268 0.553
0.146 0.561 0.293
0.862 0.067 0.071
0.686 0.238 0.076
18
0.138 0.782 0.08
0.183 0.005 0.812
0.741 0.195 0.064
0.14 0.121 0.739
0.584 0.406 0.01
0.455 0.021 0.524
18
0.963 0.004 0.033
0.908 0.072 0.02
0.007 0.991 0.002
0.02 0.457 0.523
0.073 0.064 0.863
0.002 0.931 0.067
