V-CREDAL
4
4 3 3 2
4
2 2 0
3 2 3 1
1 2
1 3

24
0.053 0.232 0.707 0.008
0.156 0.096 0.124 0.624
0.176 0.577 0.057 0.19
0.14 0.133 0.607 0.12
0.02 0.848 0.05 0.082
0.25 0.688 0.043 0.019
24
0.554 0.034 0.119 0.293
0.004 0.015 0.389 0.592
0.445 0.137 0.269 0.149
0.194 0.225 0.294 0.287
0.183 0.173 0.057 0.587
0.021 0.054 0.003 0.922
24
0.074 0.103 0.815 0.008
0.648 0.021 0.048 0.283
0.002 0.807 0.027 0.164
0.169 0.047 0.434 0.35
0.245 0.2 0.04 0.515
0.309 0.473 0.143 0.075

18
0.025 0.168 0.807
0.92 0.063 0.017
0.246 0.548 0.206
0.011 0.029 0.96
0.933 0.005 0.062
0.706 0.228 0.066
18
0.427 0.228 0.345
0.091 0.697 0.212
0.257 0.335 0.408
0.626 0.339 0.035
0.252 0.703 0.045
0.326 0.644 0.03
18
0.052 0.63 0.318
0.109 0.019 0.872
0.063 0.777 0.16
0.801 0.005 0.194
0.752 0.238 0.01
0.131 0.746 0.123
18
0.004 0.742 0.254
0.027 0.968 0.005
0.089 0.019 0.892
0.848 0.136 0.016
0.011 0.981 0.008
0.916 0.054 0.03
18
0.131 0.193 0.676
0.463 0.055 0.482
0.727 0.234 0.039
0.044 0.629 0.327
0.387 0.456 0.157
0.878 0.008 0.114
18
0.777 0.207 0.016
0.032 0.921 0.047
0.002 0.006 0.992
0.144 0.853 0.003
0.102 0.002 0.896
0.522 0.005 0.473

18
0.015 0.255 0.73
0.694 0.304 0.002
0.031 0.136 0.833
0.889 0.009 0.102
0.894 0.049 0.057
0.152 0.003 0.845

4
0.168 0.832
0.782 0.218
