V-CREDAL 
4 
5 5 3 5 
4 
1 0 
2 0 1 
2 1 2 
2 2 3 

30 
0.3746 0.1772 0.18002 0.13961 0.12857 
0.00461 0.88092 0.05044 0.01137 0.05266 
0.17643 0.23805 0.0101 0.55594 0.01948 
7.0E-5 2.1E-4 0.99203 8.0E-5 0.00761 
0.07626 0.45916 0.09969 0.24047 0.12442 
0.10927 0.22153 0.00394 8.5E-4 0.66441 

30 
0.00925 0.0266 0.00165 0.00319 0.95931 
0.6308 0.03255 0.05246 0.25836 0.02583 
0.63749 0.19125 0.00692 0.1336 0.03074 
0.19854 0.24218 0.11078 0.12586 0.32264 
0.88319 0.0769 0.0296 0.00576 0.00455 
0.04255 0.02265 0.03696 0.0361 0.86174 
30 
0.01452 0.03885 0.25644 0.34071 0.34948 
0.52013 0.12918 0.06188 0.15219 0.13662 
4.1E-4 0.02786 0.02223 0.00622 0.94328 
0.22694 0.52587 0.01826 0.12788 0.10105 
0.00602 0.34202 0.55835 0.00886 0.08475 
0.04514 0.03499 0.10561 0.19183 0.62243 
30 
0.00386 0.38778 0.02587 0.56974 0.01275 
0.06781 0.13372 0.22426 0.04072 0.53349 
0.0022 0.87924 0.02943 0.00673 0.0824 
0.04091 0.00214 0.00135 0.07754 0.87806 
0.04147 0.00499 0.50837 0.03946 0.40571 
0.34871 0.24111 0.12846 0.00113 0.28059 
30 
0.88708 0.10771 0.00407 3.1E-4 8.3E-4 
0.0553 0.06396 0.30098 0.4044 0.17536 
0.00876 0.06796 0.45563 0.42777 0.03988 
0.02051 0.04258 0.01225 0.06034 0.86432 
0.09331 0.19127 0.63991 0.04709 0.02842 
0.22942 0.02957 0.04701 0.00851 0.68549 
30 
0.01387 0.01978 0.34849 0.12043 0.49743 
0.00543 0.46592 0.00155 0.52685 2.5E-4 
0.75351 0.01671 0.01024 0.19856 0.02098 
0.50439 0.08865 0.26435 0.07648 0.06613 
0.58939 0.02332 0.13958 0.05721 0.1905 
0.00927 0.59053 7.6E-4 0.02083 0.37861 

18 
0.16557 0.06997 0.76446 
0.07694 0.51521 0.40785 
0.08442 0.87084 0.04474 
0.72175 0.23314 0.04511 
0.08967 0.19856 0.71177 
0.5428 0.02132 0.43588 
18 
0.61776 0.05146 0.33078 
0.29448 0.6313 0.07422 
0.19994 0.39093 0.40913 
0.94294 0.04576 0.0113 
0.05872 0.71971 0.22157 
0.37437 0.06903 0.5566 
18 
0.91754 2.5E-4 0.08221 
0.00259 0.13826 0.85915 
0.92829 0.06245 0.00926 
0.01424 0.97372 0.01204 
0.56875 0.04276 0.38849 
0.1648 0.09527 0.73993 
18 
0.99765 9.1E-4 0.00144 
0.08092 0.00246 0.91662 
0.00516 0.98658 0.00826 
0.00605 0.21079 0.78316 
0.12399 0.8758 2.1E-4 
0.00397 0.64262 0.35341 
18 
0.0299 0.01293 0.95717 
0.0818 0.86777 0.05043 
0.00426 0.45709 0.53865 
0.91435 0.08151 0.00414 
0.12588 0.87028 0.00384 
0.91641 0.05969 0.0239 

30 
0.11448 0.02491 0.63233 0.19076 0.03752 
0.00139 0.99341 0.00366 7.5E-4 7.9E-4 
0.00258 0.00503 0.00165 0.02407 0.96667 
0.01651 0.00905 0.03664 0.25148 0.68632 
0.07327 0.0242 0.61627 0.25337 0.03289 
0.01964 0.07737 0.09524 0.20235 0.6054 
30 
2.6E-4 0.03394 0.59743 0.24869 0.11968 
0.00776 0.00589 0.45003 0.30942 0.2269 
0.03712 0.10747 0.71097 0.14341 0.00103 
0.79886 0.02641 0.00628 0.1543 0.01415 
0.60334 0.14355 0.22215 0.00914 0.02182 
0.05211 0.00251 0.89452 0.0149 0.03596 
30 
0.00133 0.11955 0.81931 0.05265 0.00716 
0.33017 0.42653 0.01404 0.15529 0.07397 
7.0E-5 0.00291 0.86427 0.10126 0.03149 
0.03019 0.05304 0.43023 0.01833 0.46821 
0.51225 0.45614 0.00898 0.02163 0.001 
0.49512 0.09515 0.14692 0.2153 0.04751 
