V-CREDAL
10
4 3 4 3 3 4 4 3 3 4
10
1 0
2 0 1
2 1 2
2 2 3
2 3 4
2 4 5
2 5 6
2 6 7
2 7 8
2 8 9

24
0.112 0.592 0.092 0.204
0.01 0.904 0.067 0.019
0.001 0.882 0.0 0.117
0.029 0.18 0.141 0.65
0.213 0.09 0.103 0.594
0.011 0.301 0.34 0.348

18
0.044 0.924 0.032
0.574 0.394 0.032
0.016 0.4 0.584
0.008 0.028 0.964
0.472 0.121 0.407
0.625 0.278 0.097
18
0.388 0.582 0.03
0.793 0.022 0.185
0.004 0.002 0.994
0.057 0.884 0.059
0.028 0.675 0.297
0.018 0.535 0.447
18
0.039 0.553 0.408
0.54 0.458 0.002
0.01 0.977 0.013
0.21 0.36 0.43
0.745 0.091 0.164
0.71 0.037 0.253
18
0.922 0.064 0.014
0.277 0.023 0.7
0.201 0.766 0.033
0.003 0.204 0.793
0.05 0.891 0.059
0.057 0.058 0.885

24
0.001 0.003 0.233 0.763
0.011 0.006 0.905 0.078
0.013 0.418 0.354 0.215
0.363 0.024 0.172 0.441
0.76 0.089 0.011 0.14
0.004 0.545 0.408 0.043
24
0.07 0.127 0.16 0.643
0.092 0.01 0.636 0.262
0.222 0.028 0.495 0.255
0.013 0.819 0.152 0.016
0.263 0.664 0.023 0.05
0.09 0.035 0.774 0.101
24
0.854 0.004 0.135 0.007
0.539 0.263 0.051 0.147
0.599 0.062 0.074 0.265
0.302 0.011 0.673 0.014
0.232 0.63 0.122 0.016
0.252 0.586 0.107 0.055

18
0.168 0.771 0.061
0.068 0.321 0.611
0.917 0.049 0.034
0.096 0.189 0.715
0.193 0.01 0.797
0.93 0.066 0.004
18
0.943 0.008 0.049
0.096 0.877 0.027
0.005 0.002 0.993
0.002 0.763 0.235
0.795 0.185 0.02
0.04 0.855 0.105
18
0.11 0.872 0.018
0.161 0.125 0.714
0.431 0.268 0.301
0.5 0.361 0.139
0.113 0.184 0.703
0.032 0.285 0.683
18
0.015 0.007 0.978
0.009 0.047 0.944
0.111 0.807 0.082
0.83 0.073 0.097
0.127 0.809 0.064
0.843 0.018 0.139

18
0.095 0.649 0.256
0.798 0.011 0.191
0.27 0.207 0.523
0.266 0.608 0.126
0.347 0.166 0.487
0.618 0.05 0.332
18
0.148 0.647 0.205
0.17 0.316 0.514
0.014 0.739 0.247
0.627 0.022 0.351
0.335 0.142 0.523
0.387 0.475 0.138
18
0.946 0.028 0.026
0.102 0.335 0.563
0.021 0.966 0.013
0.001 0.427 0.572
0.456 0.151 0.393
0.431 0.555 0.014

24
0.693 0.302 0.004 0.001
0.041 0.04 0.015 0.904
0.632 0.041 0.235 0.092
0.048 0.807 0.049 0.096
0.008 0.054 0.699 0.239
0.357 0.017 0.013 0.613
24
0.069 0.414 0.069 0.448
0.024 0.045 0.865 0.066
0.039 0.004 0.059 0.898
0.886 0.022 0.037 0.055
0.152 0.023 0.4 0.425
0.145 0.419 0.288 0.148
24
0.319 0.111 0.505 0.065
0.49 0.133 0.309 0.068
0.122 0.122 0.216 0.54
0.22 0.652 0.057 0.071
0.43 0.031 0.007 0.532
0.003 0.093 0.608 0.296

24
0.047 0.168 0.341 0.444
0.171 0.054 0.584 0.191
0.034 0.32 0.342 0.304
0.351 0.467 0.148 0.034
0.968 0.004 0.026 0.002
0.097 0.15 0.515 0.238
24
0.01 0.089 0.893 0.008
0.11 0.044 0.778 0.068
0.172 0.762 0.014 0.052
0.019 0.041 0.126 0.814
0.084 0.832 0.027 0.057
0.232 0.364 0.013 0.391
24
0.106 0.739 0.091 0.064
0.018 0.849 0.131 0.002
0.323 0.386 0.099 0.192
0.266 0.026 0.692 0.016
0.381 0.525 0.085 0.009
0.557 0.273 0.056 0.114
24
0.186 0.451 0.117 0.246
0.206 0.114 0.187 0.493
0.676 0.088 0.105 0.131
0.067 0.072 0.365 0.496
0.068 0.023 0.907 0.002
0.124 0.146 0.166 0.564

18
0.027 0.696 0.277
0.617 0.362 0.021
0.915 0.033 0.052
0.026 0.044 0.93
0.866 0.116 0.018
0.021 0.266 0.713
18
0.004 0.424 0.572
0.014 0.13 0.856
0.436 0.405 0.159
0.836 0.053 0.111
0.754 0.015 0.231
0.649 0.276 0.075
18
0.547 0.072 0.381
0.054 0.164 0.782
0.648 0.344 0.008
0.099 0.898 0.003
0.83 0.11 0.06
0.063 0.379 0.558
18
0.01 0.021 0.969
0.948 0.032 0.02
0.002 0.978 0.02
0.198 0.001 0.801
0.942 0.024 0.034
0.852 0.007 0.141

18
0.038 0.412 0.55
0.099 0.801 0.1
0.997 0.001 0.002
0.194 0.793 0.013
0.091 0.002 0.907
0.004 0.02 0.976
18
0.558 0.002 0.44
0.969 0.022 0.009
0.873 0.007 0.12
0.013 0.079 0.908
0.005 0.983 0.012
0.038 0.072 0.89
18
0.264 0.13 0.606
0.396 0.6 0.004
0.589 0.17 0.241
0.532 0.355 0.113
0.517 0.093 0.39
0.009 0.383 0.608

24
0.194 0.397 0.395 0.014
0.888 0.05 0.051 0.011
0.672 0.007 0.299 0.022
0.256 0.439 0.293 0.012
0.135 0.26 0.116 0.489
0.322 0.035 0.154 0.489
24
0.111 0.046 0.271 0.572
0.952 0.037 0.007 0.004
0.155 0.187 0.199 0.459
0.367 0.335 0.063 0.235
0.2 0.12 0.012 0.668
0.092 0.021 0.004 0.883
24
0.549 0.045 0.222 0.184
0.041 0.001 0.834 0.124
0.02 0.005 0.971 0.004
0.19 0.09 0.055 0.665
0.017 0.883 0.082 0.018
0.207 0.779 0.008 0.006
