V-CREDAL 
8 
2 4 2 3 3 3 4 2 
8 
1 0 
2 0 1 
2 1 2 
2 2 3 
2 3 4 
2 4 5 
2 5 6 
2 6 7 

4 
0.265 0.735 
0.493 0.507 

24 
0.556 0.089 0.072 0.283 
0.006 0.564 0.024 0.406 
0.04 0.132 0.783 0.045 
0.013 0.004 0.065 0.918 
0.009 0.941 0.023 0.027 
0.004 0.172 0.034 0.79 
24 
0.012 0.844 0.029 0.115 
0.783 0.033 0.16 0.024 
0.021 0.024 0.82 0.135 
0.068 0.412 0.02 0.5 
0.72 0.081 0.083 0.116 
0.433 0.066 0.472 0.029 

4 
0.502 0.498 
0.336 0.664 
4 
0.774 0.226 
0.68 0.32 
4 
0.584 0.416 
0.716 0.284 
4 
0.582 0.418 
0.39 0.61 

18 
0.027 0.595 0.378 
0.565 0.084 0.351 
0.664 0.247 0.089 
0.15 0.349 0.501 
0.183 0.813 0.004 
0.462 0.079 0.459 
18 
0.05 0.728 0.222 
0.176 0.82 0.004 
0.27 0.027 0.703 
0.036 0.094 0.87 
0.068 0.766 0.166 
0.503 0.264 0.233 

18 
0.001 0.006 0.993 
0.206 0.736 0.058 
0.553 0.222 0.225 
0.008 0.003 0.989 
0.237 0.017 0.746 
0.004 0.972 0.024 
18 
0.748 0.028 0.224 
0.012 0.923 0.065 
0.707 0.281 0.012 
0.555 0.061 0.384 
0.208 0.159 0.633 
0.232 0.746 0.022 
18 
0.578 0.305 0.117 
0.503 0.07 0.427 
0.236 0.729 0.035 
0.74 0.002 0.258 
0.174 0.39 0.436 
0.319 0.669 0.012 

18 
0.039 0.699 0.262 
0.488 0.057 0.455 
0.38 0.045 0.575 
0.838 0.122 0.04 
0.839 0.126 0.035 
0.096 0.693 0.211 
18 
0.165 0.269 0.566 
0.135 0.154 0.711 
0.414 0.291 0.295 
0.248 0.1 0.652 
0.781 0.194 0.025 
0.397 0.119 0.484 
18 
0.452 0.505 0.043 
0.165 0.014 0.821 
0.456 0.015 0.529 
0.01 0.148 0.842 
0.001 0.951 0.048 
0.669 0.275 0.056 

24 
0.499 0.373 0.07 0.058 
0.532 0.41 0.012 0.046 
0.066 0.183 0.228 0.523 
0.018 0.084 0.378 0.52 
0.169 0.519 0.306 0.006 
0.035 0.547 0.182 0.236 
24 
0.023 0.038 0.085 0.854 
0.026 0.642 0.189 0.143 
0.019 0.101 0.696 0.184 
0.311 0.075 0.57 0.044 
0.532 0.087 0.186 0.195 
0.413 0.151 0.325 0.111 
24 
0.112 0.065 0.626 0.197 
0.016 0.689 0.171 0.124 
0.004 0.312 0.652 0.032 
0.565 0.166 0.006 0.263 
0.58 0.317 0.087 0.016 
0.056 0.082 0.077 0.785 

4 
0.946 0.054 
0.08 0.92 
4 
0.215 0.785 
0.617 0.383 
4 
0.208 0.792 
0.293 0.707 
4 
0.431 0.569 
0.536 0.464 
