V-CREDAL 
10 
4 4 2 4 3 2 4 4 4 2 
10 
1 0 
2 0 1 
2 1 2 
2 2 3 
2 3 4 
2 4 5 
2 5 6 
2 6 7 
2 7 8 
2 8 9 

24 
0.00269 0.50641 0.2163 0.2746 
0.62126 0.11488 0.1209 0.14296 
0.86511 0.04857 0.00998 0.07634 
0.10499 0.20432 0.10409 0.5866 
0.10176 0.7829 0.0707 0.04464 
0.27426 0.24142 0.28011 0.20421 

24 
0.06024 0.9005 0.01842 0.02084 
0.57932 0.12221 0.19766 0.10081 
0.25672 0.00457 0.70884 0.02987 
0.0188 3.0E-5 0.95641 0.02476 
0.07738 0.60382 0.04482 0.27398 
0.1055 0.28724 0.00114 0.60612 
24 
0.01502 0.19998 0.26446 0.52054 
0.01764 0.07585 0.20629 0.70022 
0.10448 0.00845 0.00138 0.88569 
0.01662 0.66255 0.01602 0.30481 
0.25577 0.02326 0.49647 0.2245 
0.8727 0.01102 0.06692 0.04936 
24 
0.46244 0.00506 0.42338 0.10912 
0.37966 0.00515 0.61434 8.5E-4 
0.50512 0.06326 0.24456 0.18706 
0.12983 0.02425 0.72023 0.12569 
0.60257 0.02707 0.3653 0.00506 
0.07395 0.0845 0.33134 0.51021 
24 
0.70921 0.25888 0.01626 0.01565 
0.01209 0.96544 1.9E-4 0.02228 
0.17928 0.00658 0.75646 0.05768 
0.02547 0.68794 0.20487 0.08172 
0.0046 0.01124 0.01204 0.97212 
0.40138 0.00968 0.02596 0.56298 

4 
0.51455 0.48545 
0.90496 0.09504 
4 
0.7777 0.2223 
0.34832 0.65168 
4 
0.85772 0.14228 
0.10383 0.89617 
4 
0.37107 0.62893 
0.08867 0.91133 

24 
0.74291 0.04378 0.11267 0.10064 
0.12273 0.62144 0.09848 0.15735 
0.05746 0.72972 0.05621 0.15661 
0.37593 0.48581 0.09871 0.03955 
0.32074 0.1159 0.10377 0.45959 
0.02573 0.01799 0.35933 0.59695 
24 
0.14839 0.33357 0.05079 0.46725 
0.06573 0.28952 0.50493 0.13982 
0.19781 0.08738 0.61701 0.0978 
0.32959 0.00593 0.09686 0.56762 
0.51399 0.31554 0.14222 0.02825 
0.00956 0.04789 4.2E-4 0.94213 

18 
0.0243 0.97212 0.00358 
0.4104 0.56587 0.02373 
0.00293 0.01672 0.98035 
0.83001 0.10671 0.06328 
0.00425 0.95964 0.03611 
0.03456 0.00997 0.95547 
18 
0.91507 0.00964 0.07529 
0.11353 0.87191 0.01456 
1.1E-4 0.06709 0.9328 
0.96259 0.02431 0.0131 
0.00402 0.69777 0.29821 
0.02475 0.00721 0.96804 
18 
0.98159 0.01805 3.6E-4 
0.06171 0.6086 0.32969 
0.00457 0.05539 0.94004 
0.20392 0.79499 0.00109 
0.10504 0.79836 0.0966 
0.02129 0.00901 0.9697 
18 
0.80812 0.12492 0.06696 
0.02055 0.05595 0.9235 
0.28442 0.5741 0.14148 
0.05727 0.30863 0.6341 
0.80548 0.06687 0.12765 
0.65392 0.29334 0.05274 

4 
0.23202 0.76798 
0.1336 0.8664 
4 
0.32425 0.67575 
0.12772 0.87228 
4 
0.06095 0.93905 
0.0789 0.9211 

24 
0.09828 0.80454 0.00358 0.0936 
0.23679 0.02298 0.72786 0.01237 
0.21982 0.60011 0.06121 0.11886 
0.01135 0.03586 0.36483 0.58796 
0.45663 0.30843 0.22762 0.00732 
0.17619 0.28007 0.50814 0.0356 
24 
0.07425 0.01601 0.04617 0.86357 
0.03418 0.18995 0.05987 0.716 
0.14881 0.0777 0.62903 0.14446 
0.30712 0.11127 0.35539 0.22622 
0.08139 0.61419 0.01175 0.29267 
0.05332 0.70888 0.04578 0.19202 

24 
0.05856 0.1574 0.05262 0.73142 
0.01203 0.01786 0.77622 0.19389 
0.79162 0.04718 0.03489 0.12631 
0.25054 0.44245 0.13553 0.17148 
0.01643 0.01518 0.92194 0.04645 
0.16696 0.49801 0.12899 0.20604 
24 
0.07938 0.20699 0.45904 0.25459 
0.07503 0.04457 0.64142 0.23898 
0.11399 0.31274 0.09 0.48327 
0.0338 0.01267 0.09508 0.85845 
0.34736 0.0982 0.27974 0.2747 
0.33396 0.0669 0.10035 0.49879 
24 
0.04936 1.2E-4 0.00422 0.9463 
5.0E-5 0.01505 0.98363 0.00127 
0.01039 0.33765 0.64836 0.0036 
0.01361 0.76607 0.1664 0.05392 
0.89339 0.03048 0.00163 0.0745 
0.32158 0.01991 0.64414 0.01437 
24 
0.17248 0.00999 0.74019 0.07734 
0.75872 0.03927 0.05883 0.14318 
0.31439 0.24536 0.1578 0.28245 
0.1408 0.58556 0.06641 0.20723 
0.44303 0.13047 0.41579 0.01071 
0.93721 0.02406 0.00613 0.0326 

24 
0.08836 0.10437 0.78437 0.0229 
0.04617 0.0287 0.78592 0.13921 
0.45758 0.27174 0.24881 0.02187 
0.17826 0.2888 0.40764 0.1253 
0.18153 0.00692 0.79991 0.01164 
0.6343 0.10019 0.09532 0.17019 
24 
0.20534 0.16211 0.18661 0.44594 
0.03577 0.18861 0.55683 0.21879 
0.02868 0.37443 0.45346 0.14343 
0.00135 0.50479 0.34301 0.15085 
0.8015 5.0E-4 0.19705 9.5E-4 
0.25813 0.05058 0.46977 0.22152 
24 
0.13043 0.01429 0.60247 0.25281 
0.81194 0.00546 0.04379 0.13881 
0.96379 0.02739 0.00167 0.00715 
0.0309 0.62004 0.01677 0.33229 
1.0E-4 0.00377 0.00313 0.993 
0.00165 0.46494 0.06256 0.47085 
24 
0.51622 0.02688 0.1892 0.2677 
0.0504 0.63523 0.10695 0.20742 
0.6394 0.10373 0.10766 0.14921 
0.00975 0.03053 0.51629 0.44343 
0.24606 0.08138 0.13276 0.5398 
0.86747 0.02408 0.02413 0.08432 

4 
0.28617 0.71383 
0.57777 0.42223 
4 
0.70842 0.29158 
0.06753 0.93247 
4 
0.37827 0.62173 
0.47777 0.52223 
4 
0.95854 0.04146 
0.80175 0.19825 
