V-CREDAL
4
4 4 4 2
4
3 1 2 0
1 1
2 3 2
1 3

24
0.465 0.02 0.01 0.505
0.087 0.039 0.124 0.75
0.021 0.037 0.615 0.327
0.069 0.02 0.335 0.576
0.772 0.014 0.148 0.066
0.019 0.1 0.237 0.644
24
0.017 0.052 0.722 0.209
0.146 0.455 0.295 0.104
0.679 0.015 0.155 0.151
0.507 0.055 0.006 0.432
0.002 0.011 0.01 0.977
0.018 0.929 0.001 0.052
24
0.44 0.011 0.496 0.053
0.03 0.126 0.842 0.002
0.664 0.012 0.321 0.003
0.103 0.769 0.049 0.079
0.057 0.391 0.247 0.305
0.997 0.001 0.002 0.0
24
0.769 0.144 0.048 0.039
0.431 0.071 0.21 0.288
0.363 0.138 0.033 0.466
0.419 0.235 0.28 0.066
0.004 0.208 0.38 0.408
0.482 0.028 0.352 0.138
24
0.265 0.41 0.153 0.172
0.005 0.258 0.007 0.73
0.0 0.49 0.506 0.004
0.805 0.017 0.129 0.049
0.925 0.073 0.001 0.001
0.072 0.031 0.787 0.11
24
0.343 0.091 0.055 0.511
0.182 0.104 0.383 0.331
0.008 0.979 0.011 0.002
0.036 0.081 0.151 0.732
0.945 0.022 0.011 0.022
0.049 0.472 0.219 0.26
24
0.008 0.104 0.836 0.052
0.532 0.221 0.228 0.019
0.22 0.021 0.7 0.059
0.191 0.56 0.033 0.216
0.719 0.008 0.007 0.266
0.024 0.156 0.064 0.756
24
0.04 0.009 0.86 0.091
0.15 0.09 0.283 0.477
0.079 0.596 0.28 0.045
0.018 0.664 0.006 0.312
0.698 0.053 0.23 0.019
0.179 0.132 0.168 0.521
24
0.04 0.055 0.2 0.705
0.015 0.015 0.05 0.92
0.899 0.002 0.0 0.099
0.717 0.131 0.002 0.15
0.006 0.676 0.155 0.163
0.814 0.088 0.038 0.06
24
0.268 0.121 0.56 0.051
0.483 0.03 0.473 0.014
0.783 0.022 0.101 0.094
0.071 0.439 0.454 0.036
0.243 0.192 0.261 0.304
0.972 0.006 0.003 0.019
24
0.001 0.947 0.052 0.0
0.071 0.073 0.789 0.067
0.192 0.125 0.121 0.562
0.019 0.32 0.659 0.002
0.066 0.063 0.114 0.757
0.007 0.003 0.972 0.018
24
0.022 0.013 0.962 0.003
0.004 0.001 0.981 0.014
0.124 0.033 0.81 0.033
0.41 0.259 0.29 0.041
0.001 0.406 0.59 0.003
0.042 0.854 0.032 0.072
24
0.139 0.06 0.776 0.025
0.962 0.0 0.009 0.029
0.108 0.612 0.052 0.228
0.628 0.297 0.008 0.067
0.002 0.006 0.655 0.337
0.149 0.068 0.456 0.327
24
0.002 0.122 0.0 0.876
0.859 0.058 0.01 0.073
0.118 0.132 0.128 0.622
0.042 0.092 0.343 0.523
0.042 0.038 0.116 0.804
0.719 0.207 0.001 0.073
24
0.116 0.032 0.003 0.849
0.497 0.009 0.426 0.068
0.825 0.119 0.032 0.024
0.221 0.012 0.392 0.375
0.085 0.762 0.129 0.024
0.14 0.03 0.341 0.489
24
0.128 0.265 0.047 0.56
0.533 0.396 0.019 0.052
0.952 0.001 0.019 0.028
0.111 0.764 0.096 0.029
0.111 0.13 0.353 0.406
0.053 0.626 0.137 0.184

24
0.14 0.404 0.143 0.313
0.296 0.196 0.281 0.227
0.169 0.588 0.188 0.055
0.336 0.648 0.009 0.007
0.084 0.48 0.255 0.181
0.032 0.919 0.005 0.044

24
0.181 0.007 0.612 0.2
0.682 0.128 0.051 0.139
0.038 0.022 0.04 0.9
0.31 0.219 0.348 0.123
0.963 0.031 0.001 0.005
0.013 0.053 0.608 0.326
24
0.058 0.75 0.136 0.056
0.358 0.051 0.402 0.189
0.159 0.419 0.396 0.026
0.094 0.092 0.326 0.488
0.179 0.058 0.702 0.061
0.497 0.076 0.17 0.257

4
0.647 0.353
0.316 0.684
