V-CREDAL
6
2 2 3 3 3 3
6
3 1 3 0
1 1
3 0 5 2
1 3
1 4
2 4 5

4
0.064 0.936
0.478 0.522
4
0.273 0.727
0.829 0.171
4
0.159 0.841
0.313 0.687
4
0.932 0.068
0.858 0.142
4
0.336 0.664
0.06 0.94
4
0.376 0.624
0.532 0.468

4
0.228 0.772
0.873 0.127

18
0.236 0.737 0.027
0.41 0.035 0.555
0.733 0.025 0.242
0.077 0.247 0.676
0.113 0.151 0.736
0.048 0.463 0.489
18
0.063 0.28 0.657
0.476 0.47 0.054
0.265 0.519 0.216
0.078 0.111 0.811
0.13 0.108 0.762
0.591 0.229 0.18
18
0.559 0.281 0.16
0.04 0.362 0.598
0.073 0.819 0.108
0.292 0.001 0.707
0.094 0.08 0.826
0.473 0.446 0.081
18
0.001 0.994 0.005
0.623 0.371 0.006
0.865 0.027 0.108
0.005 0.019 0.976
0.225 0.017 0.758
0.412 0.017 0.571
18
0.379 0.611 0.01
0.015 0.854 0.131
0.103 0.11 0.787
0.435 0.006 0.559
0.802 0.036 0.162
0.009 0.923 0.068
18
0.232 0.632 0.136
0.415 0.392 0.193
0.057 0.771 0.172
0.012 0.076 0.912
0.333 0.312 0.355
0.077 0.832 0.091

18
0.525 0.047 0.428
0.93 0.006 0.064
0.005 0.965 0.03
0.08 0.161 0.759
0.047 0.324 0.629
0.921 0.019 0.06

18
0.392 0.604 0.004
0.902 0.005 0.093
0.046 0.906 0.048
0.116 0.004 0.88
0.037 0.058 0.905
0.404 0.59 0.006

18
0.017 0.547 0.436
0.105 0.049 0.846
0.957 0.038 0.005
0.007 0.363 0.63
0.543 0.402 0.055
0.175 0.521 0.304
18
0.968 0.026 0.006
0.206 0.529 0.265
0.78 0.002 0.218
0.102 0.342 0.556
0.998 0.001 0.001
0.293 0.101 0.606
18
0.23 0.76 0.01
0.077 0.342 0.581
0.012 0.113 0.875
0.588 0.368 0.044
0.697 0.227 0.076
0.028 0.02 0.952
