V-CREDAL 
6 
2 4 4 2 3 3 
6 
1 0 
2 0 1 
2 1 2 
2 2 3 
2 3 4 
2 4 5 

4 
0.67993 0.32007 
0.15119 0.84881 

24 
0.16292 0.09479 0.58657 0.15572 
0.1484 0.02013 0.62423 0.20724 
0.05656 0.28213 0.07619 0.58512 
0.10117 0.05746 0.69104 0.15033 
0.0522 0.16959 0.05645 0.72176 
0.08591 0.55174 0.21183 0.15052 
24 
0.03388 0.04636 0.25239 0.66737 
0.115 0.64056 0.19287 0.05157 
0.43505 0.22285 0.19593 0.14617 
0.11031 0.79451 0.05442 0.04076 
0.23993 0.02507 0.54087 0.19413 
0.03592 0.38107 0.27146 0.31155 

24 
0.10536 0.79328 0.08179 0.01957 
0.81539 0.17385 7.5E-4 0.01001 
0.11946 0.21975 0.38133 0.27946 
0.71992 0.02366 0.24169 0.01473 
0.00965 0.7055 0.058 0.22685 
0.33847 0.03749 0.13188 0.49216 
24 
0.01633 6.0E-4 0.46821 0.51486 
0.00115 0.00387 0.00201 0.99297 
0.53439 0.06731 0.03921 0.35909 
0.02918 0.03597 0.82029 0.11456 
0.68035 0.02475 0.11744 0.17746 
0.3843 0.00152 0.61353 6.5E-4 
24 
0.60111 0.29717 0.05766 0.04406 
0.00369 0.35995 0.10668 0.52968 
0.05591 0.21048 0.14673 0.58688 
0.82742 0.08748 0.06527 0.01983 
0.28395 0.40444 0.03907 0.27254 
0.64631 0.07237 0.21213 0.06919 
24 
0.27491 0.06096 0.21952 0.44461 
0.09499 0.09844 0.54569 0.26088 
0.41904 0.01758 0.33835 0.22503 
0.27133 0.21294 0.36752 0.14821 
0.20304 0.17236 0.2419 0.3827 
0.16299 0.13166 0.68734 0.01801 

4 
0.84197 0.15803 
0.87789 0.12211 
4 
0.30904 0.69096 
0.41795 0.58205 
4 
0.61933 0.38067 
0.51817 0.48183 
4 
0.64613 0.35387 
0.1095 0.8905 

18 
0.25754 0.18721 0.55525 
0.83093 0.12032 0.04875 
0.19028 0.47541 0.33431 
0.54313 0.36969 0.08718 
0.5547 0.0265 0.4188 
0.12122 0.32941 0.54937 
18 
0.46911 0.09128 0.43961 
0.18251 0.60297 0.21452 
0.16737 0.21415 0.61848 
0.18971 0.06113 0.74916 
0.2848 0.55033 0.16487 
0.44424 0.01542 0.54034 

18 
0.02546 0.35253 0.62201 
0.10827 0.65028 0.24145 
0.12008 0.68336 0.19656 
0.79467 0.01476 0.19057 
0.00271 0.01581 0.98148 
0.01195 0.01199 0.97606 
18 
0.82794 0.00125 0.17081 
0.6522 0.33785 0.00995 
0.0874 0.01157 0.90103 
0.05123 0.94465 0.00412 
0.82378 0.14113 0.03509 
0.00688 0.01318 0.97994 
18 
0.41913 0.48273 0.09814 
0.55 0.25964 0.19036 
0.17868 0.15338 0.66794 
0.05155 0.25199 0.69646 
0.39242 0.48055 0.12703 
0.29961 0.08161 0.61878 
