V-CREDAL
9
3 2 2 2 2 3 4 4 4
9
1 0
2 6 1
2 4 2
1 3
1 4
3 4 6 5
2 0 6
3 3 5 7
2 7 8

18
0.048 0.278 0.674
0.08 0.016 0.904
0.887 0.071 0.042
0.89 0.034 0.076
0.002 0.957 0.041
0.789 0.2 0.011

4
0.461 0.539
0.868 0.132
4
0.074 0.926
0.101 0.899
4
0.09 0.91
0.973 0.027
4
0.005 0.995
0.551 0.449

4
0.954 0.046
0.502 0.498
4
0.87 0.13
0.421 0.579

4
0.406 0.594
0.821 0.179

4
0.735 0.265
0.179 0.821

18
0.313 0.205 0.482
0.379 0.546 0.075
0.294 0.107 0.599
0.224 0.19 0.586
0.141 0.484 0.375
0.274 0.581 0.145
18
0.564 0.007 0.429
0.08 0.318 0.602
0.043 0.052 0.905
0.554 0.399 0.047
0.928 0.04 0.032
0.15 0.522 0.328
18
0.018 0.656 0.326
0.716 0.006 0.278
0.063 0.042 0.895
0.696 0.119 0.185
0.449 0.457 0.094
0.772 0.011 0.217
18
0.121 0.113 0.766
0.124 0.76 0.116
0.947 0.052 0.001
0.689 0.038 0.273
0.076 0.55 0.374
0.882 0.014 0.104
18
0.212 0.074 0.714
0.062 0.677 0.261
0.929 0.061 0.01
0.714 0.038 0.248
0.053 0.889 0.058
0.367 0.037 0.596
18
0.011 0.526 0.463
0.609 0.087 0.304
0.031 0.284 0.685
0.304 0.079 0.617
0.615 0.276 0.109
0.108 0.097 0.795
18
0.011 0.094 0.895
0.951 0.046 0.003
0.055 0.874 0.071
0.941 0.031 0.028
0.882 0.025 0.093
0.009 0.398 0.593
18
0.054 0.011 0.935
0.526 0.468 0.006
0.014 0.933 0.053
0.046 0.073 0.881
0.976 0.02 0.004
0.973 0.0 0.027

24
0.194 0.1 0.007 0.699
0.018 0.007 0.685 0.29
0.064 0.061 0.275 0.6
0.086 0.021 0.41 0.483
0.012 0.009 0.787 0.192
0.002 0.642 0.003 0.353
24
0.085 0.006 0.903 0.006
0.071 0.083 0.839 0.007
0.034 0.234 0.663 0.069
0.055 0.151 0.017 0.777
0.186 0.266 0.456 0.092
0.96 0.002 0.0 0.038
24
0.875 0.003 0.002 0.12
0.366 0.309 0.078 0.247
0.079 0.203 0.102 0.616
0.382 0.387 0.126 0.105
0.0 0.001 0.996 0.003
0.025 0.093 0.878 0.004

24
0.403 0.005 0.581 0.011
0.032 0.019 0.821 0.128
0.015 0.444 0.051 0.49
0.116 0.227 0.653 0.004
0.079 0.133 0.004 0.784
0.07 0.449 0.267 0.214
24
0.551 0.314 0.113 0.022
0.013 0.034 0.44 0.513
0.443 0.003 0.479 0.075
0.053 0.043 0.16 0.744
0.015 0.396 0.57 0.019
0.023 0.493 0.061 0.423
24
0.093 0.058 0.119 0.73
0.189 0.306 0.378 0.127
0.07 0.604 0.141 0.185
0.145 0.12 0.661 0.074
0.194 0.434 0.052 0.32
0.645 0.049 0.009 0.297
24
0.187 0.7 0.067 0.046
0.021 0.075 0.219 0.685
0.017 0.17 0.813 0.0
0.747 0.099 0.127 0.027
0.05 0.015 0.707 0.228
0.439 0.083 0.004 0.474
24
0.4 0.279 0.141 0.18
0.006 0.001 0.876 0.117
0.004 0.892 0.003 0.101
0.15 0.324 0.012 0.514
0.034 0.829 0.005 0.132
0.578 0.094 0.229 0.099
24
0.004 0.488 0.508 0.0
0.384 0.506 0.099 0.011
0.002 0.003 0.052 0.943
0.804 0.158 0.015 0.023
0.598 0.392 0.004 0.006
0.195 0.279 0.082 0.444

24
0.102 0.275 0.019 0.604
0.072 0.732 0.167 0.029
0.021 0.969 0.009 0.001
0.085 0.189 0.518 0.208
0.244 0.252 0.414 0.09
0.012 0.203 0.295 0.49
24
0.583 0.324 0.058 0.035
0.005 0.015 0.014 0.966
0.014 0.66 0.324 0.002
0.847 0.109 0.036 0.008
0.197 0.041 0.761 0.001
0.074 0.494 0.042 0.39
24
0.06 0.124 0.004 0.812
0.114 0.115 0.556 0.215
0.054 0.382 0.006 0.558
0.132 0.093 0.023 0.752
0.024 0.305 0.018 0.653
0.3 0.208 0.42 0.072
24
0.12 0.173 0.137 0.57
0.18 0.004 0.265 0.551
0.638 0.01 0.05 0.302
0.076 0.111 0.787 0.026
0.054 0.557 0.238 0.151
0.063 0.93 0.004 0.003
