V-CREDAL
8
3 4 4 2 4 2 3 4
8
1 0
3 2 5 1
2 3 2
1 3
2 3 4
1 5
3 0 1 6
2 3 7

18
0.543 0.403 0.054
0.013 0.875 0.112
0.181 0.005 0.814
0.056 0.911 0.033
0.036 0.342 0.622
0.427 0.573 0.0

24
0.002 0.374 0.617 0.007
0.002 0.032 0.002 0.964
0.079 0.006 0.466 0.449
0.141 0.119 0.099 0.641
0.32 0.0 0.571 0.109
0.452 0.035 0.258 0.255
24
0.053 0.814 0.021 0.112
0.649 0.035 0.19 0.126
0.996 0.002 0.001 0.001
0.424 0.087 0.375 0.114
0.073 0.637 0.022 0.268
0.058 0.812 0.11 0.02
24
0.165 0.506 0.324 0.005
0.114 0.304 0.017 0.565
0.001 0.776 0.223 0.0
0.141 0.117 0.166 0.576
0.015 0.019 0.544 0.422
0.075 0.142 0.756 0.027
24
0.03 0.587 0.283 0.1
0.046 0.322 0.119 0.513
0.132 0.154 0.655 0.059
0.742 0.072 0.065 0.121
0.067 0.688 0.168 0.077
0.795 0.103 0.041 0.061
24
0.708 0.1 0.122 0.07
0.05 0.093 0.652 0.205
0.908 0.011 0.068 0.013
0.034 0.266 0.109 0.591
0.464 0.058 0.445 0.033
0.01 0.184 0.141 0.665
24
0.031 0.005 0.03 0.934
0.931 0.029 0.039 0.001
0.962 0.01 0.024 0.004
0.113 0.089 0.705 0.093
0.2 0.248 0.22 0.332
0.964 0.024 0.0 0.012
24
0.299 0.115 0.58 0.006
0.026 0.555 0.134 0.285
0.33 0.123 0.54 0.007
0.661 0.336 0.0 0.003
0.031 0.01 0.03 0.929
0.069 0.046 0.701 0.184
24
0.003 0.772 0.224 0.001
0.023 0.177 0.714 0.086
0.695 0.011 0.251 0.043
0.242 0.048 0.707 0.003
0.315 0.051 0.16 0.474
0.182 0.592 0.089 0.137

24
0.05 0.01 0.913 0.027
0.002 0.024 0.268 0.706
0.904 0.003 0.014 0.079
0.128 0.529 0.297 0.046
0.342 0.337 0.057 0.264
0.009 0.372 0.325 0.294
24
0.064 0.911 0.004 0.021
0.107 0.237 0.165 0.491
0.317 0.674 0.003 0.006
0.403 0.49 0.104 0.003
0.298 0.251 0.003 0.448
0.13 0.111 0.586 0.173

4
0.861 0.139
0.37 0.63

24
0.29 0.222 0.284 0.204
0.153 0.758 0.036 0.053
0.008 0.878 0.003 0.111
0.012 0.323 0.118 0.547
0.139 0.73 0.07 0.061
0.743 0.042 0.077 0.138
24
0.104 0.361 0.025 0.51
0.036 0.872 0.088 0.004
0.103 0.094 0.77 0.033
0.161 0.785 0.005 0.049
0.102 0.049 0.75 0.099
0.195 0.558 0.14 0.107

4
0.851 0.149
0.087 0.913

18
0.007 0.992 0.001
0.878 0.074 0.048
0.09 0.119 0.791
0.037 0.302 0.661
0.748 0.035 0.217
0.797 0.03 0.173
18
0.004 0.956 0.04
0.012 0.677 0.311
0.922 0.021 0.057
0.15 0.054 0.796
0.111 0.885 0.004
0.164 0.04 0.796
18
0.943 0.032 0.025
0.052 0.417 0.531
0.039 0.948 0.013
0.094 0.092 0.814
0.686 0.021 0.293
0.932 0.054 0.014
18
0.004 0.083 0.913
0.125 0.033 0.842
0.73 0.103 0.167
0.002 0.961 0.037
0.778 0.11 0.112
0.314 0.645 0.041
18
0.155 0.073 0.772
0.399 0.008 0.593
0.286 0.614 0.1
0.485 0.326 0.189
0.133 0.825 0.042
0.096 0.221 0.683
18
0.055 0.924 0.021
0.327 0.211 0.462
0.03 0.724 0.246
0.068 0.019 0.913
0.372 0.567 0.061
0.002 0.349 0.649
18
0.116 0.556 0.328
0.001 0.0 0.999
0.016 0.195 0.789
0.977 0.022 0.001
0.309 0.669 0.022
0.299 0.674 0.027
18
0.244 0.596 0.16
0.709 0.241 0.05
0.97 0.005 0.025
0.013 0.732 0.255
0.069 0.038 0.893
0.018 0.389 0.593
18
0.066 0.734 0.2
0.226 0.709 0.065
0.09 0.581 0.329
0.634 0.249 0.117
0.234 0.15 0.616
0.201 0.21 0.589
18
0.267 0.053 0.68
0.094 0.104 0.802
0.22 0.777 0.003
0.003 0.992 0.005
0.938 0.018 0.044
0.141 0.064 0.795
18
0.126 0.701 0.173
0.743 0.108 0.149
0.166 0.701 0.133
0.205 0.008 0.787
0.754 0.051 0.195
0.045 0.001 0.954
18
0.783 0.082 0.135
0.739 0.086 0.175
0.018 0.422 0.56
0.705 0.257 0.038
0.015 0.545 0.44
0.828 0.085 0.087

24
0.008 0.016 0.006 0.97
0.37 0.352 0.038 0.24
0.316 0.238 0.097 0.349
0.633 0.212 0.143 0.012
0.985 0.001 0.001 0.013
0.427 0.087 0.007 0.479
24
0.214 0.349 0.137 0.3
0.026 0.76 0.113 0.101
0.058 0.467 0.395 0.08
0.274 0.462 0.086 0.178
0.069 0.205 0.648 0.078
0.033 0.563 0.073 0.331
