V-CREDAL
10
4 4 3 2 4 4 2 3 2 2
10
1 0
2 0 1
2 1 2
2 2 3
2 3 4
2 4 5
2 5 6
2 6 7
2 7 8
2 8 9

24
0.745 0.18 0.068 0.007
0.508 0.232 0.054 0.206
0.012 0.006 0.495 0.487
0.169 0.475 0.325 0.031
0.009 0.1 0.881 0.01
0.116 0.025 0.262 0.597

24
0.004 0.34 0.024 0.632
0.119 0.3 0.157 0.424
0.024 0.019 0.864 0.093
0.915 0.032 0.015 0.038
0.007 0.007 0.001 0.985
0.021 0.102 0.751 0.126
24
0.008 0.019 0.504 0.469
0.795 0.149 0.015 0.041
0.772 0.061 0.099 0.068
0.189 0.237 0.506 0.068
0.132 0.047 0.239 0.582
0.095 0.418 0.215 0.272
24
0.514 0.153 0.251 0.082
0.09 0.783 0.098 0.029
0.122 0.43 0.121 0.327
0.588 0.236 0.068 0.108
0.399 0.133 0.109 0.359
0.045 0.296 0.088 0.571
24
0.482 0.007 0.446 0.065
0.018 0.056 0.177 0.749
0.159 0.051 0.144 0.646
0.218 0.302 0.042 0.438
0.554 0.256 0.124 0.066
0.926 0.051 0.013 0.01

18
0.761 0.114 0.125
0.032 0.069 0.899
0.431 0.547 0.022
0.029 0.317 0.654
0.387 0.601 0.012
0.116 0.75 0.134
18
0.529 0.397 0.074
0.003 0.261 0.736
0.18 0.685 0.135
0.495 0.253 0.252
0.102 0.03 0.868
0.472 0.177 0.351
18
0.685 0.311 0.004
0.054 0.059 0.887
0.433 0.523 0.044
0.519 0.147 0.334
0.139 0.667 0.194
0.592 0.171 0.237
18
0.281 0.664 0.055
0.382 0.177 0.441
0.274 0.352 0.374
0.23 0.439 0.331
0.031 0.835 0.134
0.102 0.802 0.096

4
0.442 0.558
0.372 0.628
4
0.75 0.25
0.068 0.932
4
0.992 0.008
0.835 0.165

24
0.235 0.672 0.09 0.003
0.339 0.483 0.085 0.093
0.469 0.283 0.192 0.056
0.266 0.525 0.194 0.015
0.021 0.003 0.352 0.624
0.256 0.113 0.069 0.562
24
0.317 0.009 0.172 0.502
0.405 0.215 0.301 0.079
0.418 0.456 0.112 0.014
0.043 0.097 0.116 0.744
0.295 0.427 0.276 0.002
0.221 0.405 0.107 0.267

24
0.066 0.011 0.066 0.857
0.001 0.148 0.091 0.76
0.007 0.005 0.979 0.009
0.616 0.098 0.266 0.02
0.4 0.408 0.098 0.094
0.495 0.108 0.104 0.293
24
0.301 0.359 0.032 0.308
0.946 0.028 0.02 0.006
0.795 0.018 0.154 0.033
0.493 0.43 0.041 0.036
0.048 0.151 0.398 0.403
0.349 0.055 0.085 0.511
24
0.074 0.662 0.249 0.015
0.144 0.547 0.004 0.305
0.174 0.22 0.018 0.588
0.002 0.988 0.009 0.001
0.105 0.317 0.162 0.416
0.051 0.016 0.008 0.925
24
0.012 0.972 0.009 0.007
0.372 0.375 0.166 0.087
0.19 0.049 0.414 0.347
0.074 0.058 0.079 0.789
0.211 0.011 0.723 0.055
0.172 0.302 0.081 0.445

4
0.515 0.485
0.493 0.507
4
0.247 0.753
0.245 0.755
4
0.405 0.595
0.908 0.092
4
0.839 0.161
0.366 0.634

18
0.196 0.58 0.224
0.025 0.07 0.905
0.513 0.291 0.196
0.651 0.105 0.244
0.037 0.586 0.377
0.295 0.49 0.215
18
0.007 0.096 0.897
0.141 0.021 0.838
0.993 0.002 0.005
0.02 0.967 0.013
0.004 0.486 0.51
0.009 0.975 0.016

4
0.548 0.452
0.418 0.582
4
0.468 0.532
0.126 0.874
4
0.311 0.689
0.513 0.487

4
0.025 0.975
0.878 0.122
4
0.831 0.169
0.002 0.998
