V-CREDAL
4
3 4 3 4
4
1 0
2 0 1
2 1 2
2 2 3

18
0.047 0.159 0.794
0.732 0.005 0.263
0.704 0.256 0.04
0.0 0.672 0.328
0.082 0.871 0.047
0.243 0.718 0.039

24
0.764 0.107 0.114 0.015
0.13 0.128 0.684 0.058
0.197 0.232 0.304 0.267
0.562 0.07 0.302 0.066
0.338 0.157 0.121 0.384
0.577 0.038 0.001 0.384
24
0.368 0.16 0.322 0.15
0.893 0.023 0.03 0.054
0.384 0.19 0.348 0.078
0.134 0.842 0.023 0.001
0.708 0.176 0.035 0.081
0.763 0.026 0.196 0.015
24
0.463 0.067 0.321 0.149
0.429 0.005 0.54 0.026
0.294 0.088 0.289 0.329
0.209 0.43 0.016 0.345
0.171 0.339 0.015 0.475
0.018 0.338 0.64 0.004

18
0.217 0.759 0.024
0.906 0.068 0.026
0.107 0.053 0.84
0.782 0.054 0.164
0.112 0.248 0.64
0.172 0.779 0.049
18
0.171 0.2 0.629
0.273 0.033 0.694
0.284 0.559 0.157
0.071 0.401 0.528
0.075 0.909 0.016
0.283 0.494 0.223
18
0.296 0.1 0.604
0.129 0.838 0.033
0.548 0.386 0.066
0.042 0.066 0.892
0.648 0.15 0.202
0.478 0.495 0.027
18
0.718 0.004 0.278
0.032 0.046 0.922
0.025 0.096 0.879
0.238 0.757 0.005
0.006 0.967 0.027
0.953 0.009 0.038

24
0.024 0.023 0.939 0.014
0.167 0.067 0.073 0.693
0.624 0.097 0.253 0.026
0.487 0.509 0.003 0.001
0.016 0.0 0.961 0.023
0.061 0.933 0.006 0.0
24
0.035 0.047 0.001 0.917
0.006 0.469 0.521 0.004
0.337 0.16 0.335 0.168
0.233 0.055 0.653 0.059
0.002 0.44 0.472 0.086
0.238 0.341 0.288 0.133
24
0.066 0.005 0.864 0.065
0.024 0.829 0.001 0.146
0.878 0.017 0.051 0.054
0.078 0.124 0.016 0.782
0.019 0.02 0.794 0.167
0.609 0.042 0.019 0.33
