V-CREDAL
4
3 2 4 3
4
1 0
2 0 1
2 1 2
2 2 3

12
0.799 0.104 0.097
0.307 0.577 0.116
0.551 0.131 0.318
0.833 0.057 0.11

4
0.711 0.289
0.531 0.469
4
0.041 0.959
0.217 0.783
4
0.861 0.139
0.548 0.452

16
0.032 0.041 0.871 0.056
0.035 0.098 0.77 0.097
0.517 0.324 0.005 0.154
0.158 0.06 0.665 0.117
16
0.084 0.822 0.046 0.048
0.082 0.364 0.053 0.501
0.176 0.33 0.288 0.206
0.128 0.055 0.79 0.027

12
0.633 0.265 0.102
0.054 0.133 0.813
0.793 0.144 0.063
0.599 0.081 0.32
12
0.179 0.721 0.1
0.286 0.249 0.465
0.137 0.763 0.1
0.344 0.177 0.479
12
0.173 0.692 0.135
0.048 0.659 0.293
0.625 0.356 0.019
0.987 0.001 0.012
12
0.0 0.019 0.981
0.921 0.071 0.008
0.003 0.921 0.076
0.738 0.002 0.26
