V-CREDAL 
8 
3 3 2 3 3 2 3 3 
8 
2 3 0 
1 1 
1 2 
2 5 3 
2 6 4 
2 4 5 
2 1 6 
3 2 6 7 

18 
0.54123 0.09697 0.3618 
0.7561 0.1221 0.1218 
0.56678 0.26494 0.16828 
0.0113 0.48925 0.49945 
0.30448 0.08967 0.60585 
0.11665 0.47796 0.40539 
18 
0.00317 0.75733 0.2395 
0.16694 0.7712 0.06186 
0.5347 0.2671 0.1982 
0.11588 0.02507 0.85905 
0.56628 0.07536 0.35836 
0.00328 0.99499 0.00173 
18 
0.8582 0.00322 0.13858 
0.04046 0.57921 0.38033 
0.32955 0.02726 0.64319 
0.07368 0.07088 0.85544 
0.00706 0.16778 0.82516 
0.10204 0.85806 0.0399 

18 
0.64076 0.26287 0.09637 
0.53952 0.44794 0.01254 
0.02535 0.69458 0.28007 
0.13744 0.1094 0.75316 
0.01949 0.75999 0.22052 
0.59796 0.06114 0.3409 

4 
0.61114 0.38886 
0.85457 0.14543 

18 
0.45439 0.47688 0.06873 
0.0187 0.04909 0.93221 
0.77388 0.00144 0.22468 
0.79879 0.04021 0.161 
0.03483 0.95426 0.01091 
0.07682 0.03921 0.88397 
18 
0.49497 0.49776 0.00727 
0.9293 0.05725 0.01345 
0.06227 0.02661 0.91112 
0.37666 0.01185 0.61149 
0.00204 0.95427 0.04369 
0.93845 0.02691 0.03464 

18 
0.57938 0.27606 0.14456 
0.12165 0.00215 0.8762 
0.46959 0.20161 0.3288 
0.01608 0.93262 0.0513 
0.01684 0.88749 0.09567 
0.18686 0.03882 0.77432 
18 
0.03554 0.02282 0.94164 
0.76145 0.06646 0.17209 
0.3487 0.63822 0.01308 
0.60501 0.35811 0.03688 
0.07377 0.60318 0.32305 
0.63278 0.04607 0.32115 
18 
0.66103 0.21754 0.12143 
0.61941 0.36551 0.01508 
0.1991 0.08067 0.72023 
0.05224 0.9409 0.00686 
0.58899 0.09076 0.32025 
0.04422 0.62576 0.33002 

4 
0.78197 0.21803 
0.70754 0.29246 
4 
0.66653 0.33347 
0.31807 0.68193 
4 
0.66373 0.33627 
0.27355 0.72645 

18 
0.02742 0.96763 0.00495 
0.93153 0.01012 0.05835 
0.01846 0.01313 0.96841 
0.45321 0.52839 0.0184 
0.10222 0.00757 0.89021 
0.01095 0.75006 0.23899 
18 
0.27319 0.10621 0.6206 
0.45232 0.46746 0.08022 
0.77161 0.03963 0.18876 
0.05593 0.16372 0.78035 
0.0882 0.79749 0.11431 
0.06047 0.49013 0.4494 
18 
0.20728 0.33868 0.45404 
0.24393 0.04928 0.70679 
0.55541 0.05947 0.38512 
0.85785 0.09391 0.04824 
0.13413 0.30271 0.56316 
0.14477 0.23763 0.6176 

18 
0.62837 0.08404 0.28759 
0.3316 0.20085 0.46755 
0.06565 0.91162 0.02273 
0.09814 0.45543 0.44643 
0.70224 0.17738 0.12038 
0.67536 0.25126 0.07338 
18 
0.09937 0.33986 0.56077 
0.35186 0.53993 0.10821 
0.00618 0.2009 0.79292 
0.94464 0.02447 0.03089 
0.2381 0.05068 0.71122 
0.61684 0.03155 0.35161 
18 
0.38264 0.09548 0.52188 
0.2044 0.09616 0.69944 
0.01566 0.27397 0.71037 
0.04063 0.95638 0.00299 
0.75367 0.12439 0.12194 
0.03764 0.17474 0.78762 
18 
0.13601 0.64037 0.22362 
0.86028 0.00273 0.13699 
0.03358 0.13448 0.83194 
0.88494 0.02276 0.0923 
0.33182 0.02227 0.64591 
0.28621 0.64754 0.06625 
18 
0.12741 0.83844 0.03415 
0.00177 0.4072 0.59103 
0.29122 0.07548 0.6333 
0.99429 0.0054 3.1E-4 
0.01455 0.90155 0.0839 
0.08445 0.86387 0.05168 
18 
0.02649 0.15348 0.82003 
0.84708 0.12776 0.02516 
0.0686 0.78236 0.14904 
0.40947 0.04054 0.54999 
0.88858 0.03668 0.07474 
0.07809 0.07751 0.8444 
