V-CREDAL 
8 
3 3 2 3 2 3 3 2 
8 
1 0 
2 0 1 
2 1 2 
2 2 3 
2 3 4 
2 4 5 
2 5 6 
2 6 7 

18 
0.59209 0.03086 0.37705 
0.00552 0.9885 0.00598 
0.0596 0.25437 0.68603 
0.68857 0.03472 0.27671 
0.74501 0.16767 0.08732 
0.36794 0.05019 0.58187 

18 
0.00518 0.01403 0.98079 
0.98966 3.7E-4 0.00997 
0.01151 0.96587 0.02262 
0.00905 0.00749 0.98346 
0.89025 0.10556 0.00419 
0.0135 0.9835 0.003 
18 
0.66352 0.03185 0.30463 
0.02603 0.83352 0.14045 
0.07376 0.1876 0.73864 
0.82613 0.02194 0.15193 
0.25708 0.68002 0.0629 
0.76456 0.18559 0.04985 
18 
0.92662 0.01686 0.05652 
0.00834 0.98795 0.00371 
0.9587 0.04015 0.00115 
0.00106 0.93168 0.06726 
0.01177 0.00213 0.9861 
0.5101 0.00647 0.48343 

4 
0.8766 0.1234 
0.11055 0.88945 
4 
0.40989 0.59011 
0.51449 0.48551 
4 
0.79563 0.20437 
0.19975 0.80025 

18 
0.77922 0.03278 0.188 
0.17865 0.08521 0.73614 
0.92818 0.07039 0.00143 
0.25564 0.65484 0.08952 
0.30314 0.64944 0.04742 
0.07085 0.46405 0.4651 
18 
0.004 0.59641 0.39959 
0.53694 0.44286 0.0202 
0.0555 0.89259 0.05191 
0.97575 0.0157 0.00855 
0.04655 8.7E-4 0.95258 
0.00141 0.29575 0.70284 

4 
0.18777 0.81223 
0.90745 0.09255 
4 
0.17302 0.82698 
0.12497 0.87503 
4 
0.24903 0.75097 
0.0624 0.9376 

18 
0.02103 0.07565 0.90332 
0.87682 0.0575 0.06568 
0.16066 0.77972 0.05962 
0.3466 0.65253 8.7E-4 
0.08669 0.62416 0.28915 
0.83872 0.01017 0.15111 
18 
0.76356 0.21227 0.02417 
0.31126 0.02279 0.66595 
0.79326 0.01534 0.1914 
0.25406 0.74355 0.00239 
0.07802 0.79268 0.1293 
0.72128 0.26195 0.01677 

18 
0.33634 0.39935 0.26431 
0.91978 0.04512 0.0351 
0.32848 0.16494 0.50658 
0.93618 0.00633 0.05749 
0.38789 0.537 0.07511 
0.4812 0.0964 0.4224 
18 
0.01384 0.95998 0.02618 
0.92967 0.02697 0.04336 
0.02172 0.96321 0.01507 
0.04613 0.00977 0.9441 
0.02949 0.07788 0.89263 
0.18356 0.01228 0.80416 
18 
0.41734 0.00498 0.57768 
0.97231 0.02002 0.00767 
3.3E-4 0.99824 0.00143 
0.00818 0.04156 0.95026 
0.96955 0.01282 0.01763 
0.72422 0.00576 0.27002 

4 
0.19499 0.80501 
0.73451 0.26549 
4 
0.05082 0.94918 
0.92379 0.07621 
4 
0.59382 0.40618 
0.6929 0.3071 
