V-CREDAL
4
3 3 2 4
4
1 0
3 0 2 1
2 3 2
1 3

18
0.638 0.152 0.21
0.154 0.592 0.254
0.643 0.349 0.008
0.093 0.664 0.243
0.787 0.115 0.098
0.259 0.739 0.002

18
0.89 0.075 0.035
0.022 0.738 0.24
0.474 0.017 0.509
0.044 0.351 0.605
0.206 0.787 0.007
0.01 0.99 0.0
18
0.137 0.243 0.62
0.011 0.173 0.816
0.684 0.165 0.151
0.519 0.086 0.395
0.532 0.21 0.258
0.734 0.064 0.202
18
0.531 0.331 0.138
0.059 0.004 0.937
0.046 0.376 0.578
0.939 0.031 0.03
0.718 0.009 0.273
0.931 0.018 0.051
18
0.148 0.125 0.727
0.991 0.001 0.008
0.42 0.019 0.561
0.012 0.953 0.035
0.004 0.202 0.794
0.008 0.581 0.411
18
0.984 0.012 0.004
0.08 0.91 0.01
0.005 0.925 0.07
0.057 0.095 0.848
0.286 0.706 0.008
0.378 0.028 0.594
18
0.005 0.98 0.015
0.93 0.07 0.0
0.0 0.005 0.995
0.006 0.993 0.001
0.884 0.011 0.105
0.0 0.132 0.868

4
0.972 0.028
0.409 0.591
4
0.473 0.527
0.226 0.774
4
0.133 0.867
0.091 0.909
4
0.967 0.033
0.58 0.42

24
0.911 0.001 0.021 0.067
0.016 0.097 0.157 0.73
0.017 0.051 0.9 0.032
0.062 0.827 0.036 0.075
0.028 0.122 0.032 0.818
0.855 0.005 0.126 0.014
