V-CREDAL 
6 
3 2 2 3 3 3 
6 
1 0 
2 0 1 
2 1 2 
2 2 3 
2 3 4 
2 4 5 

18 
0.73725 0.03399 0.22876 
0.01351 0.89237 0.09412 
0.81958 0.03252 0.1479 
0.03292 0.08079 0.88629 
0.00798 0.12654 0.86548 
0.00272 0.83145 0.16583 

4 
0.53053 0.46947 
0.66626 0.33374 
4 
0.69589 0.30411 
0.08212 0.91788 
4 
0.91944 0.08056 
0.84395 0.15605 

4 
0.15867 0.84133 
0.59357 0.40643 
4 
0.24598 0.75402 
0.74304 0.25696 

18 
0.94316 0.00775 0.04909 
0.16773 0.79143 0.04084 
0.01972 0.18807 0.79221 
0.64732 0.03393 0.31875 
0.6242 0.34882 0.02698 
0.06056 0.77097 0.16847 
18 
0.03615 0.38204 0.58181 
0.03779 0.95933 0.00288 
0.61152 0.16703 0.22145 
0.0383 0.02118 0.94052 
0.59351 0.32108 0.08541 
0.49704 0.13632 0.36664 

18 
0.9507 0.00442 0.04488 
0.00515 0.96038 0.03447 
0.21822 0.06163 0.72015 
0.4373 0.55765 0.00505 
0.0471 0.22884 0.72406 
0.61269 0.38719 1.2E-4 
18 
0.0863 0.8517 0.062 
0.20747 0.13882 0.65371 
0.55119 0.18155 0.26726 
0.59467 0.20148 0.20385 
0.27638 0.69594 0.02768 
0.59543 0.22833 0.17624 
18 
0.07404 0.1282 0.79776 
0.32104 0.46108 0.21788 
0.55886 0.25856 0.18258 
0.35783 0.05518 0.58699 
0.66463 0.13387 0.2015 
0.18012 0.40517 0.41471 

18 
0.03916 0.79777 0.16307 
0.0541 0.13242 0.81348 
0.93746 0.01108 0.05146 
0.03022 0.77092 0.19886 
0.92983 0.06754 0.00263 
0.12643 0.09821 0.77536 
18 
0.05245 1.4E-4 0.94741 
0.04233 0.05357 0.9041 
0.32846 0.65527 0.01627 
0.22553 0.04876 0.72571 
0.23842 0.63184 0.12974 
0.04263 0.05034 0.90703 
18 
0.05272 0.64576 0.30152 
0.86445 0.0581 0.07745 
0.74049 0.03964 0.21987 
0.0268 0.34544 0.62776 
0.051 0.04508 0.90392 
0.11257 0.63169 0.25574 
