V-CREDAL
8
4 4 2 2 2 3 4 4
8
2 6 0
1 1
3 0 1 2
1 3
3 3 6 4
3 0 7 5
1 6
1 7

16
0.331 0.122 0.046 0.501
0.169 0.414 0.248 0.169
0.053 0.139 0.694 0.114
0.209 0.043 0.208 0.54
16
0.072 0.121 0.654 0.153
0.172 0.298 0.4 0.13
0.199 0.753 0.015 0.033
0.238 0.734 0.019 0.009
16
0.266 0.324 0.402 0.008
0.028 0.213 0.56 0.199
0.011 0.01 0.938 0.041
0.49 0.198 0.121 0.191
16
0.01 0.001 0.971 0.018
0.165 0.236 0.34 0.259
0.661 0.028 0.067 0.244
0.105 0.477 0.021 0.397

16
0.18 0.007 0.124 0.689
0.007 0.014 0.042 0.937
0.183 0.309 0.157 0.351
0.037 0.276 0.502 0.185

4
0.837 0.163
0.961 0.039
4
0.496 0.504
0.703 0.297
4
0.807 0.193
0.52 0.48
4
0.302 0.698
0.76 0.24
4
0.61 0.39
0.617 0.383
4
0.15 0.85
0.464 0.536
4
0.47 0.53
0.298 0.702
4
0.15 0.85
0.37 0.63
4
0.922 0.078
0.813 0.187
4
0.825 0.175
0.432 0.568
4
0.516 0.484
0.567 0.433
4
0.188 0.812
0.235 0.765
4
0.591 0.409
0.057 0.943
4
0.145 0.855
0.595 0.405
4
0.841 0.159
0.278 0.722
4
0.602 0.398
0.427 0.573

4
0.199 0.801
0.091 0.909

4
0.592 0.408
0.79 0.21
4
0.546 0.454
0.265 0.735
4
0.507 0.493
0.642 0.358
4
0.145 0.855
0.916 0.084
4
0.82 0.18
0.894 0.106
4
0.2 0.8
0.159 0.841
4
0.371 0.629
0.99 0.01
4
0.19 0.81
0.459 0.541

12
0.068 0.825 0.107
0.168 0.08 0.752
0.248 0.138 0.614
0.578 0.38 0.042
12
0.687 0.195 0.118
0.05 0.566 0.384
0.462 0.441 0.097
0.756 0.045 0.199
12
0.226 0.653 0.121
0.044 0.551 0.405
0.59 0.196 0.214
0.075 0.061 0.864
12
0.816 0.039 0.145
0.099 0.02 0.881
0.448 0.52 0.032
0.273 0.479 0.248
12
0.636 0.351 0.013
0.362 0.211 0.427
0.013 0.614 0.373
0.589 0.145 0.266
12
0.05 0.332 0.618
0.755 0.214 0.031
0.188 0.711 0.101
0.071 0.208 0.721
12
0.541 0.065 0.394
0.161 0.574 0.265
0.848 0.033 0.119
0.811 0.167 0.022
12
0.388 0.438 0.174
0.343 0.158 0.499
0.017 0.161 0.822
0.397 0.396 0.207
12
0.319 0.064 0.617
0.802 0.058 0.14
0.322 0.204 0.474
0.402 0.451 0.147
12
0.134 0.315 0.551
0.517 0.477 0.006
0.07 0.621 0.309
0.089 0.326 0.585
12
0.316 0.522 0.162
0.876 0.107 0.017
0.358 0.222 0.42
0.113 0.311 0.576
12
0.083 0.861 0.056
0.005 0.498 0.497
0.652 0.226 0.122
0.075 0.398 0.527
12
0.093 0.528 0.379
0.362 0.548 0.09
0.468 0.488 0.044
0.219 0.383 0.398
12
0.133 0.512 0.355
0.554 0.361 0.085
0.037 0.04 0.923
0.831 0.01 0.159
12
0.999 0.001 0.0
0.044 0.281 0.675
0.024 0.788 0.188
0.25 0.098 0.652
12
0.388 0.554 0.058
0.065 0.055 0.88
0.715 0.12 0.165
0.041 0.224 0.735

16
0.102 0.102 0.68 0.116
0.009 0.009 0.093 0.889
0.451 0.233 0.13 0.186
0.038 0.297 0.04 0.625

16
0.002 0.197 0.793 0.008
0.067 0.353 0.498 0.082
0.089 0.086 0.447 0.378
0.271 0.016 0.608 0.105
