V-CREDAL 
10 
2 2 2 2 3 2 3 3 2 2 
10 
2 8 0 
1 1 
2 7 2 
1 3 
2 7 4 
2 7 5 
3 1 7 6 
1 7 
2 4 8 
3 3 7 9 

4 
0.11755 0.88245 
0.43859 0.56141 
4 
0.44275 0.55725 
0.97193 0.02807 

4 
0.38115 0.61885 
0.80816 0.19184 

4 
0.08624 0.91376 
0.7181 0.2819 
4 
0.66622 0.33378 
0.78 0.22 
4 
0.26679 0.73321 
0.5574 0.4426 

4 
0.06144 0.93856 
0.04879 0.95121 

18 
0.98448 0.0075 0.00802 
0.05234 0.59319 0.35447 
0.00175 3.0E-4 0.99795 
0.14032 0.83848 0.0212 
0.72859 0.26254 0.00887 
0.00938 0.15612 0.8345 
18 
0.81336 0.16948 0.01716 
0.15784 0.00282 0.83934 
2.4E-4 1.3E-4 0.99963 
0.08756 0.8454 0.06704 
0.08638 0.84262 0.071 
0.06425 0.78147 0.15428 
18 
0.01215 0.98643 0.00142 
0.04883 0.03467 0.9165 
0.82171 0.17339 0.0049 
0.8913 0.00662 0.10208 
0.27079 0.00576 0.72345 
0.01735 0.59829 0.38436 

4 
0.65916 0.34084 
0.21303 0.78697 
4 
0.68015 0.31985 
0.29295 0.70705 
4 
0.16004 0.83996 
0.17919 0.82081 

18 
0.07394 0.1694 0.75666 
0.13069 0.04841 0.8209 
0.71621 0.04819 0.2356 
0.30437 0.61446 0.08117 
0.18839 0.66817 0.14344 
0.1029 0.3455 0.5516 
18 
0.04389 0.20531 0.7508 
0.98296 0.0054 0.01164 
0.86486 0.00592 0.12922 
0.13473 0.06866 0.79661 
0.04191 0.8783 0.07979 
0.18353 0.06382 0.75265 
18 
0.1713 0.12856 0.70014 
0.55191 0.41208 0.03601 
0.00274 0.06645 0.93081 
0.09141 0.82031 0.08828 
0.10213 0.09274 0.80513 
0.01885 0.85323 0.12792 
18 
0.06181 0.01136 0.92683 
0.66741 0.26291 0.06968 
0.40517 0.59002 0.00481 
0.13162 0.81781 0.05057 
0.60489 0.21701 0.1781 
0.11211 0.76225 0.12564 
18 
0.0319 0.95594 0.01216 
0.04062 0.01135 0.94803 
0.87993 0.05574 0.06433 
0.84707 0.11849 0.03444 
0.8541 0.0166 0.1293 
0.0036 0.97595 0.02045 
18 
0.02677 0.09676 0.87647 
0.01569 0.97365 0.01066 
0.19789 0.01123 0.79088 
0.95295 0.04701 4.0E-5 
0.74139 0.02886 0.22975 
0.02026 0.9725 0.00724 

18 
0.9039 0.03341 0.06269 
0.16371 0.77 0.06629 
0.13229 0.14789 0.71982 
0.03979 0.76594 0.19427 
0.41813 0.03793 0.54394 
0.76334 0.00552 0.23114 

4 
0.76108 0.23892 
0.05849 0.94151 
4 
0.67833 0.32167 
0.28757 0.71243 
4 
0.63566 0.36434 
0.23776 0.76224 

4 
0.14393 0.85607 
0.00428 0.99572 
4 
0.19302 0.80698 
0.79376 0.20624 
4 
0.07401 0.92599 
0.95483 0.04517 
4 
0.27372 0.72628 
0.15332 0.84668 
4 
0.26529 0.73471 
0.45306 0.54694 
4 
0.00145 0.99855 
0.36554 0.63446 
