V-CREDAL 
8 
3 3 3 3 2 3 2 3 
8 
2 4 0 
3 0 7 1 
1 2 
2 6 3 
2 5 4 
1 5 
2 2 6 
2 3 7 

18 
0.30996 0.34639 0.34365 
0.93894 0.01483 0.04623 
0.39947 0.51637 0.08416 
0.15553 0.73744 0.10703 
0.0313 0.62625 0.34245 
0.1207 0.76227 0.11703 
18 
0.08219 0.86663 0.05118 
0.02955 0.01685 0.9536 
0.47742 0.49738 0.0252 
0.79576 0.11237 0.09187 
0.03322 0.25337 0.71341 
0.19498 0.76162 0.0434 

18 
0.04483 0.457 0.49817 
0.815 0.05975 0.12525 
0.42091 0.56687 0.01222 
0.09017 0.07898 0.83085 
0.17398 0.56569 0.26033 
0.03776 0.39473 0.56751 
18 
0.88111 0.10351 0.01538 
7.1E-4 0.00776 0.99153 
0.00169 0.9248 0.07351 
0.6801 0.00801 0.31189 
0.62588 0.36669 0.00743 
0.29641 0.00118 0.70241 
18 
0.27203 0.05429 0.67368 
0.16996 0.21042 0.61962 
0.45075 0.54274 0.00651 
0.98616 4.5E-4 0.01339 
0.0359 0.94889 0.01521 
0.98074 4.6E-4 0.0188 
18 
0.04269 0.51506 0.44225 
0.1332 0.28544 0.58136 
0.05001 0.78534 0.16465 
0.25343 0.66112 0.08545 
0.27707 0.10624 0.61669 
0.37216 0.08372 0.54412 
18 
0.09684 0.51047 0.39269 
0.07089 0.03782 0.89129 
0.62706 0.34299 0.02995 
0.16157 0.7141 0.12433 
0.70705 0.09304 0.19991 
0.27129 0.72002 0.00869 
18 
0.68091 0.13835 0.18074 
0.03769 0.47967 0.48264 
0.03655 0.48843 0.47502 
0.20818 0.3591 0.43272 
0.0585 0.91781 0.02369 
0.52532 0.19708 0.2776 
18 
0.8888 0.07056 0.04064 
0.41354 0.00147 0.58499 
0.00938 0.99039 2.3E-4 
0.17616 0.18372 0.64012 
0.02338 0.37759 0.59903 
0.90294 0.01909 0.07797 
18 
0.10557 0.47693 0.4175 
0.95572 0.01377 0.03051 
0.88908 0.01414 0.09678 
0.00603 0.99301 9.6E-4 
0.28367 0.07102 0.64531 
0.19556 0.14884 0.6556 
18 
0.70574 0.02529 0.26897 
0.00851 0.98052 0.01097 
0.03721 0.0656 0.89719 
0.95698 0.03271 0.01031 
0.00334 0.0952 0.90146 
0.86453 0.12717 0.0083 

18 
0.00709 0.986 0.00691 
0.14334 0.15775 0.69891 
0.2548 0.0175 0.7277 
0.98084 0.0101 0.00906 
0.01124 0.87378 0.11498 
0.03616 0.67095 0.29289 

18 
0.09927 0.62182 0.27891 
0.88726 0.05169 0.06105 
0.11436 0.72518 0.16046 
0.49919 0.00489 0.49592 
0.6968 0.02864 0.27456 
0.26489 0.67669 0.05842 
18 
0.09474 0.86437 0.04089 
0.00334 0.08011 0.91655 
0.09202 0.04649 0.86149 
0.50581 0.21962 0.27457 
0.04264 0.92992 0.02744 
0.49455 0.20816 0.29729 

4 
0.54466 0.45534 
0.96769 0.03231 
4 
0.00227 0.99773 
0.89882 0.10118 
4 
0.92305 0.07695 
0.93731 0.06269 

18 
0.38345 0.00598 0.61057 
6.5E-4 0.67318 0.32617 
0.92352 0.05048 0.026 
0.88353 0.03601 0.08046 
0.03028 0.45724 0.51248 
0.027 0.88999 0.08301 

4 
0.64912 0.35088 
0.26816 0.73184 
4 
0.15939 0.84061 
0.51024 0.48976 
4 
0.02639 0.97361 
0.45467 0.54533 

18 
0.27041 0.62614 0.10345 
0.31996 0.5541 0.12594 
0.00772 0.2914 0.70088 
0.0511 0.92859 0.02031 
0.51694 0.23507 0.24799 
0.00555 0.0853 0.90915 
18 
0.0931 0.02676 0.88014 
0.74551 0.12484 0.12965 
0.01244 0.98298 0.00458 
0.0294 0.11636 0.85424 
0.75141 0.05962 0.18897 
0.14851 0.00567 0.84582 
18 
0.46668 0.4775 0.05582 
0.19544 0.69961 0.10495 
0.00302 0.0702 0.92678 
0.71638 0.05967 0.22395 
0.45802 0.05697 0.48501 
0.72411 0.14999 0.1259 
