V-CREDAL 
6 
3 3 3 2 3 4 
6 
2 5 0 
2 0 1 
1 2 
1 3 
2 5 4 
3 2 3 5 

12 
0.643 0.027 0.33 
0.248 0.691 0.061 
0.059 0.01 0.931 
0.049 0.11 0.841 
12 
0.071 0.521 0.408 
0.532 0.297 0.171 
0.068 0.415 0.517 
0.644 0.342 0.014 
12 
0.006 0.291 0.703 
0.412 0.39 0.198 
0.169 0.427 0.404 
0.368 0.22 0.412 
12 
0.917 0.015 0.068 
0.069 0.923 0.008 
0.027 0.019 0.954 
0.034 0.782 0.184 

12 
0.18 0.004 0.816 
0.844 0.06 0.096 
0.724 0.019 0.257 
0.032 0.072 0.896 
12 
0.13 0.019 0.851 
0.188 0.331 0.481 
0.085 0.092 0.823 
0.087 0.022 0.891 
12 
0.09 0.105 0.805 
0.009 0.006 0.985 
0.114 0.709 0.177 
0.079 0.544 0.377 

12 
0.29 0.038 0.672 
0.484 0.122 0.394 
0.473 0.438 0.089 
0.122 0.654 0.224 

4 
0.439 0.561 
0.189 0.811 

12 
0.139 0.531 0.33 
0.364 0.609 0.027 
0.761 0.155 0.084 
0.753 0.017 0.23 
12 
0.005 0.368 0.627 
0.579 0.227 0.194 
0.416 0.578 0.006 
0.118 0.782 0.1 
12 
0.031 0.309 0.66 
0.111 0.227 0.662 
0.167 0.511 0.322 
0.268 0.659 0.073 
12 
0.235 0.44 0.325 
0.121 0.014 0.865 
0.302 0.052 0.646 
0.064 0.061 0.875 

16 
0.472 0.014 0.357 0.157 
0.958 0.001 0.014 0.027 
0.122 0.506 0.334 0.038 
0.418 0.367 0.178 0.037 
16 
0.496 0.185 0.303 0.016 
0.457 0.095 0.222 0.226 
0.017 0.014 0.028 0.941 
0.319 0.259 0.044 0.378 
16 
0.233 0.359 0.221 0.187 
0.002 0.001 0.002 0.995 
0.079 0.269 0.369 0.283 
0.004 0.001 0.032 0.963 
16 
0.784 0.042 0.078 0.096 
0.752 0.113 0.127 0.008 
0.045 0.078 0.668 0.209 
0.275 0.012 0.016 0.697 
16 
0.116 0.285 0.585 0.014 
0.002 0.602 0.01 0.386 
0.57 0.139 0.164 0.127 
0.253 0.209 0.221 0.317 
16 
0.059 0.116 0.787 0.038 
0.036 0.025 0.184 0.755 
0.223 0.542 0.025 0.21 
0.971 0.003 0.001 0.025 
