V-CREDAL 
8 
4 3 2 4 2 2 4 3 
8 
1 0 
2 0 1 
2 1 2 
2 2 3 
2 3 4 
2 4 5 
2 5 6 
2 6 7 

16 
0.08149 0.89232 0.00694 0.01925 
0.32996 0.64381 0.01392 0.01231 
0.39581 0.17886 0.21614 0.20919 
0.01675 0.69391 0.05157 0.23777 

12 
0.02795 0.07097 0.90108 
0.99937 7.0E-5 5.6E-4 
0.7949 0.1862 0.0189 
0.49445 0.36897 0.13658 
12 
0.28306 0.37712 0.33982 
0.65698 0.21622 0.1268 
0.59405 0.27235 0.1336 
0.42272 0.27922 0.29806 
12 
0.0321 0.9539 0.014 
0.07233 0.00987 0.9178 
0.19779 0.80111 0.0011 
0.08714 0.01188 0.90098 
12 
0.00724 0.01154 0.98122 
0.47988 0.48381 0.03631 
0.2751 0.42944 0.29546 
0.60286 0.30279 0.09435 

4 
0.02554 0.97446 
0.39513 0.60487 
4 
0.59938 0.40062 
0.21432 0.78568 
4 
0.33378 0.66622 
0.14951 0.85049 

16 
0.00693 0.1693 0.80158 0.02219 
0.82803 0.05664 0.08682 0.02851 
0.28397 0.01333 0.04146 0.66124 
0.96261 0.00616 0.01431 0.01692 
16 
0.02924 0.00219 0.95281 0.01576 
0.01999 0.05774 0.02689 0.89538 
0.13821 0.68062 0.09781 0.08336 
0.94762 0.00819 0.02186 0.02233 

4 
0.52625 0.47375 
0.26574 0.73426 
4 
0.10492 0.89508 
0.41413 0.58587 
4 
0.2984 0.7016 
0.12605 0.87395 
4 
0.19308 0.80692 
0.36338 0.63662 

4 
0.72083 0.27917 
0.03884 0.96116 
4 
0.557 0.443 
0.8032 0.1968 

16 
0.0042 0.09628 0.43331 0.46621 
0.01589 0.5792 0.37748 0.02743 
0.64223 0.01022 0.26864 0.07891 
0.05402 0.73052 0.04832 0.16714 
16 
0.03816 0.01201 0.45778 0.49205 
0.39978 0.24463 0.1112 0.24439 
0.48841 0.01394 0.17771 0.31994 
0.13988 0.1873 0.29081 0.38201 

12 
0.34235 0.62583 0.03182 
0.14457 0.18972 0.66571 
0.28566 0.03185 0.68249 
0.10989 0.67604 0.21407 
12 
0.84679 0.1451 0.00811 
0.31682 0.10773 0.57545 
0.20701 0.58362 0.20937 
0.16929 0.40802 0.42269 
12 
0.3035 0.5348 0.1617 
0.12406 0.10957 0.76637 
0.49087 0.25068 0.25845 
0.49029 0.11043 0.39928 
12 
0.47712 0.36996 0.15292 
0.22628 0.49758 0.27614 
0.80986 0.05053 0.13961 
0.09499 0.68006 0.22495 
