V-CREDAL 
8 
2 3 2 4 3 2 2 3 
8 
1 0 
4 4 6 7 1 
1 2 
2 0 3 
1 4 
2 2 5 
2 0 6 
2 5 7 

4 
0.29906 0.70094 
0.87526 0.12474 

12 
0.06077 0.72559 0.21364 
0.08268 0.79044 0.12688 
0.12414 0.48933 0.38653 
0.6024 0.07711 0.32049 
12 
0.00176 0.01755 0.98069 
0.59827 0.081 0.32073 
0.04834 0.78429 0.16737 
0.42821 0.4549 0.11689 
12 
0.13376 0.63583 0.23041 
0.21681 0.60416 0.17903 
0.1234 0.37417 0.50243 
0.73852 0.16208 0.0994 
12 
0.03895 0.25965 0.7014 
0.00508 0.99167 0.00325 
0.61132 0.13405 0.25463 
0.55257 0.30799 0.13944 
12 
0.40916 0.20424 0.3866 
0.8159 0.01533 0.16877 
0.36743 0.61261 0.01996 
0.59088 0.0955 0.31362 
12 
0.0154 0.04367 0.94093 
0.09063 0.84436 0.06501 
0.90921 0.08298 0.00781 
0.8562 0.03877 0.10503 
12 
0.24786 0.66296 0.08918 
0.69048 0.01209 0.29743 
0.28619 0.53508 0.17873 
0.55379 0.06284 0.38337 
12 
0.04048 0.78916 0.17036 
0.10043 0.08728 0.81229 
0.5982 0.34118 0.06062 
0.67598 0.16306 0.16096 
12 
0.27842 0.61275 0.10883 
0.09096 0.21211 0.69693 
0.42962 0.21031 0.36007 
0.01507 0.00307 0.98186 
12 
0.51041 0.34091 0.14868 
0.01202 0.6959 0.29208 
0.47088 0.07215 0.45697 
0.03465 0.74701 0.21834 
12 
0.48343 0.42373 0.09284 
0.10964 0.01979 0.87057 
0.48606 0.11851 0.39543 
0.01339 0.84026 0.14635 
12 
0.6377 0.27854 0.08376 
0.24271 0.22663 0.53066 
0.14496 0.02685 0.82819 
0.84818 0.00506 0.14676 
12 
0.11459 0.63597 0.24944 
0.48641 0.00517 0.50842 
0.28573 0.66105 0.05322 
0.67747 0.19637 0.12616 
12 
0.50375 0.26857 0.22768 
0.51777 0.38025 0.10198 
0.28566 0.52447 0.18987 
0.05054 0.88741 0.06205 
12 
0.02784 0.81026 0.1619 
0.76238 0.13415 0.10347 
0.28532 0.2319 0.48278 
0.10162 0.78638 0.112 
12 
0.47202 0.39825 0.12973 
0.81946 0.02335 0.15719 
0.6361 0.09598 0.26792 
0.05509 0.41548 0.52943 
12 
0.00208 0.94131 0.05661 
0.69697 0.30223 8.0E-4 
0.2731 0.11731 0.60959 
0.03361 0.75326 0.21313 
12 
0.10255 0.73833 0.15912 
0.98637 0.00762 0.00601 
0.09778 0.38514 0.51708 
0.61149 0.32365 0.06486 

4 
0.22193 0.77807 
0.41888 0.58112 

16 
0.02754 0.12676 0.00807 0.83763 
0.75002 0.03275 0.14219 0.07504 
0.2814 0.2591 0.3761 0.0834 
0.00311 4.7E-4 0.68043 0.31599 
16 
0.32629 0.18559 0.43231 0.05581 
0.10953 0.5668 0.07968 0.24399 
0.14184 0.02093 0.14264 0.69459 
0.96317 0.00487 0.01508 0.01688 

12 
0.45787 0.10724 0.43489 
0.89175 0.096 0.01225 
0.28795 0.41942 0.29263 
0.23748 0.644 0.11852 

4 
0.98873 0.01127 
0.58512 0.41488 
4 
0.96718 0.03282 
0.14742 0.85258 

4 
0.59811 0.40189 
0.98309 0.01691 
4 
0.71503 0.28497 
0.61282 0.38718 

12 
0.12906 0.27006 0.60088 
0.3282 0.52655 0.14525 
0.31088 0.5452 0.14392 
0.00239 0.48761 0.51 
12 
0.932 0.02788 0.04012 
0.33519 0.0218 0.64301 
0.2985 0.68138 0.02012 
0.31201 0.33179 0.3562 
