V-CREDAL 
10 
3 4 3 4 2 3 3 2 2 2 
10 
2 4 0 
2 3 1 
2 7 2 
1 3 
3 1 2 4 
2 9 5 
2 4 6 
1 7 
2 5 8 
2 7 9 

18 
0.001 0.837 0.162 
0.137 0.025 0.838 
0.814 0.018 0.168 
0.072 0.028 0.9 
0.665 0.011 0.324 
0.29 0.636 0.074 
18 
0.89 0.103 0.007 
0.394 0.073 0.533 
0.481 0.47 0.049 
0.085 0.818 0.097 
0.11 0.614 0.276 
0.345 0.136 0.519 

24 
0.241 0.03 0.278 0.451 
0.135 0.471 0.393 0.001 
0.044 0.303 0.18 0.473 
0.866 0.112 0.003 0.019 
0.07 0.13 0.782 0.018 
0.917 0.057 0.021 0.005 
24 
0.017 0.109 0.705 0.169 
0.662 0.083 0.248 0.007 
0.073 0.519 0.068 0.34 
0.422 0.104 0.064 0.41 
0.675 0.268 0.054 0.003 
0.775 0.126 0.051 0.048 
24 
0.662 0.043 0.237 0.058 
0.433 0.074 0.439 0.054 
0.105 0.602 0.031 0.262 
0.111 0.461 0.069 0.359 
0.514 0.456 0.016 0.014 
0.498 0.11 0.074 0.318 
24 
0.078 0.665 0.157 0.1 
0.048 0.007 0.313 0.632 
0.236 0.719 0.036 0.009 
0.359 0.192 0.356 0.093 
0.002 0.8 0.011 0.187 
0.253 0.479 0.119 0.149 

18 
0.005 0.994 0.001 
0.961 0.019 0.02 
0.528 0.036 0.436 
0.238 0.129 0.633 
0.262 0.096 0.642 
0.081 0.71 0.209 
18 
0.317 0.623 0.06 
0.188 0.726 0.086 
0.192 0.265 0.543 
0.588 0.372 0.04 
0.573 0.063 0.364 
0.434 0.06 0.506 

24 
0.377 0.508 0.097 0.018 
0.271 0.641 0.019 0.069 
0.001 0.037 0.957 0.005 
0.13 0.01 0.621 0.239 
0.342 0.487 0.011 0.16 
0.274 0.101 0.032 0.593 

4 
0.487 0.513 
0.678 0.322 
4 
0.533 0.467 
0.286 0.714 
4 
0.15 0.85 
0.163 0.837 
4 
0.064 0.936 
0.248 0.752 
4 
0.231 0.769 
0.928 0.072 
4 
0.287 0.713 
0.024 0.976 
4 
0.301 0.699 
0.334 0.666 
4 
0.792 0.208 
0.041 0.959 
4 
0.942 0.058 
0.81 0.19 
4 
0.231 0.769 
0.408 0.592 
4 
0.376 0.624 
0.913 0.087 
4 
0.483 0.517 
0.54 0.46 

18 
0.711 0.173 0.116 
0.011 0.003 0.986 
0.728 0.248 0.024 
0.067 0.883 0.05 
0.618 0.053 0.329 
0.288 0.004 0.708 
18 
0.036 0.434 0.53 
0.661 0.096 0.243 
0.096 0.606 0.298 
0.84 0.11 0.05 
0.37 0.597 0.033 
0.166 0.235 0.599 

18 
0.074 0.064 0.862 
0.65 0.118 0.232 
0.543 0.096 0.361 
0.626 0.276 0.098 
0.124 0.858 0.018 
0.114 0.811 0.075 
18 
0.163 0.198 0.639 
0.046 0.375 0.579 
0.858 0.135 0.007 
0.016 0.93 0.054 
0.058 0.902 0.04 
0.651 0.099 0.25 

4 
0.345 0.655 
0.963 0.037 

4 
0.116 0.884 
0.787 0.213 
4 
0.355 0.645 
0.744 0.256 
4 
0.85 0.15 
0.851 0.149 

4 
0.457 0.543 
0.047 0.953 
4 
0.175 0.825 
0.861 0.139 
