V-CREDAL 
4 
3 4 3 4 
4 
1 0 
2 0 1 
2 1 2 
2 2 3 

12 
0.0808 0.79335 0.12585 
0.3815 0.60228 0.01622 
0.07225 0.33864 0.58911 
0.25895 0.32069 0.42036 

16 
0.02157 0.91074 0.00293 0.06476 
0.00856 0.03468 0.93911 0.01765 
0.53189 0.00734 0.40519 0.05558 
0.58417 0.02313 0.15044 0.24226 
16 
0.00683 0.13524 0.09478 0.76315 
0.17244 0.05686 0.0757 0.695 
0.22469 0.48942 0.20623 0.07966 
0.05264 0.25724 0.14356 0.54656 
16 
0.12112 0.40971 0.36835 0.10082 
0.92546 0.03329 0.01005 0.0312 
0.00162 0.03643 0.82676 0.13519 
0.03998 0.00422 0.0183 0.9375 

12 
0.76919 0.12188 0.10893 
0.03517 0.95395 0.01088 
0.36265 0.1875 0.44985 
0.09688 0.78194 0.12118 
12 
0.34592 0.23272 0.42136 
0.08574 0.37293 0.54133 
0.52294 0.22125 0.25581 
0.08022 0.57281 0.34697 
12 
0.04052 0.95005 0.00943 
0.98375 0.00754 0.00871 
0.01975 0.02502 0.95523 
0.01096 0.05831 0.93073 
12 
0.21631 0.20342 0.58027 
0.00822 0.52395 0.46783 
0.39946 0.36531 0.23523 
0.43843 0.15693 0.40464 

16 
0.70945 0.00285 0.27991 0.00779 
0.8276 0.02751 0.13028 0.01461 
0.16644 0.40965 0.09145 0.33246 
0.83409 0.00523 0.01919 0.14149 
16 
0.00527 0.9717 0.02249 5.4E-4 
0.52227 0.01572 0.38227 0.07974 
0.29219 0.45706 0.13176 0.11899 
0.75452 0.00571 0.02942 0.21035 
16 
0.03198 0.02179 0.94298 0.00325 
0.09337 0.29006 0.38675 0.22982 
0.14601 0.01201 0.83239 0.00959 
0.00178 0.99729 5.6E-4 3.7E-4 
