V-CREDAL 
8 
3 2 2 2 3 3 4 4 
8 
1 0 
2 0 1 
2 1 2 
2 2 3 
2 3 4 
2 4 5 
2 5 6 
2 6 7 

18 
0.2414 0.73846 0.02014 
0.79601 0.17862 0.02537 
0.04014 0.36859 0.59127 
0.31453 0.18221 0.50326 
0.80012 0.00393 0.19595 
0.11258 0.75223 0.13519 

4 
0.44259 0.55741 
0.12816 0.87184 
4 
0.28078 0.71922 
0.10485 0.89515 
4 
0.50813 0.49187 
0.5665 0.4335 

4 
0.62849 0.37151 
0.16454 0.83546 
4 
0.3525 0.6475 
0.70102 0.29898 

4 
0.10464 0.89536 
0.22772 0.77228 
4 
0.21894 0.78106 
0.2033 0.7967 

18 
0.9845 0.00161 0.01389 
0.05991 0.90641 0.03368 
0.0848 0.02968 0.88552 
0.03325 0.39616 0.57059 
0.03805 0.71554 0.24641 
0.09186 8.0E-4 0.90734 
18 
0.56213 0.38348 0.05439 
0.57877 0.1577 0.26353 
0.66551 0.2068 0.12769 
0.03384 0.26408 0.70208 
0.09923 0.10187 0.7989 
0.27901 0.02302 0.69797 

18 
0.92038 0.06484 0.01478 
0.00773 0.119 0.87327 
0.00506 0.97695 0.01799 
0.62279 0.04494 0.33227 
0.03866 0.10323 0.85811 
0.81247 0.05091 0.13662 
18 
0.71138 0.24732 0.0413 
0.69769 0.28302 0.01929 
0.32738 0.07733 0.59529 
0.01519 0.01662 0.96819 
0.34569 0.64088 0.01343 
0.37092 0.09084 0.53824 
18 
0.23971 0.04834 0.71195 
0.90851 0.05123 0.04026 
0.22714 0.59713 0.17573 
0.57773 0.02989 0.39238 
0.02716 0.6526 0.32024 
0.06729 0.7046 0.22811 

24 
0.01329 0.00195 0.00884 0.97592 
0.11441 0.34751 0.52512 0.01296 
0.05028 0.10167 0.72836 0.11969 
0.22436 0.46132 0.3033 0.01102 
0.65841 0.26459 0.07221 0.00479 
0.0209 0.73457 0.10557 0.13896 
24 
0.07705 0.00382 0.91778 0.00135 
0.22932 0.30944 0.45343 0.00781 
0.07406 0.05271 0.0309 0.84233 
0.11439 0.73052 0.10817 0.04692 
0.53935 0.31215 0.01678 0.13172 
0.47592 0.2317 0.11289 0.17949 
24 
0.22557 0.04321 0.58219 0.14903 
0.00383 0.00387 0.00152 0.99078 
0.07448 0.47377 0.38875 0.063 
0.00406 0.16856 0.51471 0.31267 
0.85705 0.01339 0.05867 0.07089 
0.03777 0.1 0.73238 0.12985 

24 
0.47703 0.00577 0.4573 0.0599 
0.12292 0.17802 0.47363 0.22543 
0.14116 0.5372 0.12526 0.19638 
0.001 3.5E-4 0.97216 0.02649 
0.01532 0.01849 0.70577 0.26042 
0.02011 0.82476 0.15355 0.00158 
24 
0.74326 0.01668 0.20739 0.03267 
0.01593 0.02395 0.95402 0.0061 
0.08453 0.78621 0.0708 0.05846 
0.7551 0.15076 0.07214 0.022 
0.22271 0.24276 0.08555 0.44898 
0.27798 0.18084 0.08006 0.46112 
24 
0.5016 0.01134 0.48617 8.9E-4 
0.16365 0.06679 0.68558 0.08398 
0.02577 0.04039 0.92631 0.00753 
0.47214 0.1686 0.05422 0.30504 
0.82631 0.1593 0.01041 0.00398 
0.16371 0.03193 0.77128 0.03308 
24 
0.11381 0.70935 0.05372 0.12312 
0.28483 0.0334 0.56255 0.11922 
0.02997 0.09475 0.84435 0.03093 
0.00121 5.2E-4 0.52247 0.4758 
0.08968 0.55329 0.32203 0.035 
0.70233 0.10504 0.15554 0.03709 
