V-CREDAL
7
3 4 3 4 2 2 2
7
1 0
2 0 1
2 1 2
2 2 3
2 3 4
2 4 5
2 5 6

18
0.337 0.629 0.034
0.018 0.813 0.169
0.492 0.487 0.021
0.263 0.41 0.327
0.006 0.645 0.349
0.013 0.411 0.576

24
0.039 0.02 0.81 0.131
0.41 0.038 0.14 0.412
0.62 0.119 0.074 0.187
0.372 0.185 0.421 0.022
0.089 0.045 0.039 0.827
0.243 0.339 0.024 0.394
24
0.034 0.946 0.005 0.015
0.301 0.416 0.224 0.059
0.009 0.082 0.11 0.799
0.046 0.941 0.006 0.007
0.489 0.052 0.214 0.245
0.033 0.036 0.009 0.922
24
0.419 0.288 0.032 0.261
0.005 0.631 0.348 0.016
0.167 0.34 0.38 0.113
0.008 0.384 0.024 0.584
0.394 0.172 0.329 0.105
0.207 0.2 0.248 0.345

18
0.404 0.068 0.528
0.296 0.673 0.031
0.331 0.128 0.541
0.714 0.228 0.058
0.475 0.504 0.021
0.181 0.263 0.556
18
0.519 0.339 0.142
0.085 0.297 0.618
0.375 0.011 0.614
0.066 0.003 0.931
0.79 0.081 0.129
0.78 0.111 0.109
18
0.012 0.984 0.004
0.007 0.261 0.732
0.118 0.07 0.812
0.727 0.127 0.146
0.009 0.926 0.065
0.706 0.059 0.235
18
0.113 0.118 0.769
0.087 0.486 0.427
0.103 0.772 0.125
0.283 0.197 0.52
0.375 0.563 0.062
0.167 0.06 0.773

24
0.024 0.972 0.004 0.0
0.062 0.634 0.096 0.208
0.003 0.017 0.925 0.055
0.952 0.017 0.02 0.011
0.951 0.042 0.005 0.002
0.276 0.138 0.408 0.178
24
0.539 0.312 0.11 0.039
0.024 0.144 0.596 0.236
0.274 0.061 0.623 0.042
0.926 0.036 0.013 0.025
0.106 0.058 0.053 0.783
0.739 0.177 0.037 0.047
24
0.42 0.309 0.184 0.087
0.493 0.323 0.028 0.156
0.138 0.381 0.246 0.235
0.827 0.14 0.019 0.014
0.027 0.257 0.043 0.673
0.005 0.773 0.199 0.023

4
0.75 0.25
0.684 0.316
4
0.14 0.86
0.379 0.621
4
0.015 0.985
0.863 0.137
4
0.08 0.92
0.708 0.292

4
0.725 0.275
0.559 0.441
4
0.962 0.038
0.484 0.516

4
0.856 0.144
0.228 0.772
4
0.03 0.97
0.732 0.268
