V-CREDAL 
8 
3 5 4 3 5 2 3 5 
8 
1 0 
2 0 1 
2 1 2 
2 2 3 
2 3 4 
2 4 5 
2 5 6 
2 6 7 

12 
0.89036 0.07953 0.03011 
0.05957 0.06457 0.87586 
0.14226 0.83657 0.02117 
0.82173 0.03762 0.14065 

20 
0.45384 0.00424 0.06739 0.04736 0.42717 
0.41228 0.14747 0.03557 0.22468 0.18 
0.41666 0.17552 0.04625 0.00384 0.35773 
0.01535 0.93585 0.02276 0.0031 0.02294 
20 
8.2E-4 0.00308 0.01471 0.97964 0.00175 
0.02132 0.01291 0.9355 0.01707 0.0132 
0.00644 0.0465 0.80916 0.12782 0.01008 
0.72216 8.1E-4 0.19906 0.07349 0.00448 
20 
9.8E-4 0.00396 0.73356 0.16579 0.09571 
0.80412 0.00577 0.11046 0.00544 0.07421 
0.01813 0.18849 0.08398 0.61444 0.09496 
0.024 0.02416 0.07275 0.82909 0.05 

16 
0.21026 0.10346 0.06868 0.6176 
0.0362 0.56546 0.31928 0.07906 
0.03482 0.30051 0.06093 0.60374 
0.01874 0.02002 0.36352 0.59772 
16 
0.9967 4.3E-4 0.00244 4.3E-4 
0.68509 0.01807 0.01317 0.28367 
0.20184 0.22849 0.38155 0.18812 
0.0074 0.00862 0.9038 0.08018 
16 
0.72863 0.01385 0.01193 0.24559 
0.06497 0.33689 0.0812 0.51694 
0.39105 0.04441 0.18631 0.37823 
0.3735 1.5E-4 0.00155 0.6248 
16 
0.04765 0.35385 0.37619 0.22231 
0.43773 0.13883 0.10601 0.31743 
0.03279 0.83691 0.03534 0.09496 
0.61541 0.01585 0.3508 0.01794 
16 
0.74431 0.03589 0.13589 0.08391 
0.5562 0.29458 0.07259 0.07663 
0.02431 0.96641 0.00286 0.00642 
0.15245 0.04362 0.23352 0.57041 

12 
0.69128 0.01007 0.29865 
0.18482 0.56767 0.24751 
0.23791 0.35427 0.40782 
0.37505 0.36683 0.25812 
12 
0.37142 0.28183 0.34675 
0.11436 0.5909 0.29474 
0.20508 0.3093 0.48562 
0.03128 0.91001 0.05871 
12 
0.09597 0.03299 0.87104 
0.37762 0.51723 0.10515 
0.33982 0.11288 0.5473 
0.02256 0.32801 0.64943 
12 
0.21243 0.0093 0.77827 
0.96833 0.02231 0.00936 
0.06549 0.64136 0.29315 
0.91478 0.06961 0.01561 

20 
0.10176 0.12558 0.29011 0.44538 0.03717 
2.2E-4 0.00113 0.00398 0.99381 8.6E-4 
0.15915 0.06483 0.33655 0.24672 0.19275 
0.32437 0.03876 0.05733 0.17371 0.40583 
20 
0.013 0.88612 0.07265 0.0115 0.01673 
0.02306 0.00646 0.6161 0.16717 0.18721 
0.66656 0.02015 0.18736 0.01472 0.11121 
0.38894 0.11275 0.21039 0.18032 0.1076 
20 
0.03143 0.1844 0.58245 0.11239 0.08933 
0.08679 0.01285 0.68097 0.21809 0.0013 
0.02716 0.01263 0.18399 0.76774 0.00848 
0.02237 0.00779 0.1834 0.04439 0.74205 

4 
0.75649 0.24351 
0.8887 0.1113 
4 
0.37586 0.62414 
0.35258 0.64742 
4 
0.49758 0.50242 
0.80548 0.19452 
4 
0.44403 0.55597 
0.41171 0.58829 
4 
0.32844 0.67156 
0.41077 0.58923 

12 
0.52609 0.03895 0.43496 
0.00539 0.20423 0.79038 
0.7615 0.09621 0.14229 
0.07315 0.79572 0.13113 
12 
0.87396 0.03403 0.09201 
0.27461 0.69916 0.02623 
0.25524 0.28447 0.46029 
0.00373 0.99563 6.4E-4 

20 
0.0431 0.05368 0.00828 0.33072 0.56422 
4.2E-4 0.89506 0.00125 0.00238 0.10089 
0.32623 0.02336 3.0E-5 0.65035 3.0E-5 
0.00266 0.22687 0.06446 0.01917 0.68684 
20 
0.9722 1.3E-4 0.00245 0.02458 6.4E-4 
0.05773 0.08737 0.82967 0.02347 0.00176 
0.01367 0.00391 0.96537 0.01648 5.7E-4 
4.2E-4 0.57238 0.36424 0.06278 1.8E-4 
20 
0.01863 0.00591 0.00236 0.0112 0.9619 
0.58703 0.22684 0.00663 0.00295 0.17655 
0.08363 0.4614 0.03518 0.39505 0.02474 
0.04619 0.01572 0.10547 0.8054 0.02722 
