V-CREDAL
4
4 3 2 3
4
1 0
2 0 1
2 1 2
2 2 3

16
0.2 0.059 0.521 0.22
0.063 0.193 0.026 0.718
0.228 0.02 0.465 0.287
0.119 0.416 0.245 0.22

12
0.522 0.009 0.469
0.049 0.799 0.152
0.504 0.313 0.183
0.412 0.468 0.12
12
0.054 0.556 0.39
0.884 0.021 0.095
0.005 0.013 0.982
0.157 0.571 0.272
12
0.075 0.64 0.285
0.014 0.917 0.069
0.092 0.865 0.043
0.811 0.178 0.011
12
0.185 0.391 0.424
0.073 0.879 0.048
0.704 0.026 0.27
0.406 0.571 0.023

4
0.457 0.543
0.25 0.75
4
0.802 0.198
0.75 0.25
4
0.269 0.731
0.967 0.033

12
0.677 0.108 0.215
0.426 0.227 0.347
0.024 0.176 0.8
0.041 0.358 0.601
12
0.448 0.31 0.242
0.453 0.442 0.105
0.157 0.761 0.082
0.019 0.975 0.006
