V-CREDAL 
8 
3 3 5 2 3 5 3 4 
8 
1 0 
2 6 1 
1 2 
1 3 
3 3 7 4 
3 2 4 5 
1 6 
3 0 1 7 

18 
0.1302 0.1317 0.7381 
0.15653 0.80355 0.03992 
0.93169 0.02408 0.04423 
0.87864 0.11702 0.00434 
0.06957 0.7556 0.17483 
0.31332 0.01315 0.67353 

18 
0.98432 0.00741 0.00827 
0.32203 0.63405 0.04392 
0.08808 0.25378 0.65814 
0.00529 0.89269 0.10202 
0.42673 0.54208 0.03119 
0.46732 0.04187 0.49081 
18 
0.13299 4.1E-4 0.8666 
0.05459 0.73115 0.21426 
0.77306 0.19138 0.03556 
0.63873 0.0199 0.34137 
0.06758 0.02977 0.90265 
0.82781 0.05924 0.11295 
18 
0.04357 0.95564 7.9E-4 
0.75773 0.18448 0.05779 
0.12386 0.10705 0.76909 
0.52646 0.06791 0.40563 
0.21947 0.06603 0.7145 
0.04154 0.54253 0.41593 

30 
0.07208 0.00539 0.12806 0.22907 0.5654 
0.87063 0.02352 0.00128 0.04676 0.05781 
0.0451 0.15766 0.11195 0.04954 0.63575 
0.08862 0.01187 0.20015 0.08163 0.61773 
0.4407 0.03866 0.20167 0.08047 0.2385 
0.03312 0.03911 0.30559 0.00753 0.61465 

4 
0.71819 0.28181 
0.79417 0.20583 

18 
0.38398 0.61299 0.00303 
0.8564 0.09654 0.04706 
0.02889 0.78614 0.18497 
0.59303 0.17615 0.23082 
0.02338 0.97577 8.5E-4 
0.8935 0.03013 0.07637 
18 
0.80015 0.03265 0.1672 
0.961 0.03843 5.7E-4 
0.31174 0.17557 0.51269 
0.0126 0.56542 0.42198 
0.32838 0.48177 0.18985 
0.45942 0.02278 0.5178 
18 
0.99776 8.1E-4 0.00143 
5.8E-4 0.61589 0.38353 
0.0018 0.01487 0.98333 
6.3E-4 0.99749 0.00188 
0.15558 0.00519 0.83923 
0.01242 0.00613 0.98145 
18 
0.0619 0.84387 0.09423 
0.22786 0.75362 0.01852 
0.01696 0.14265 0.84039 
0.0944 0.8719 0.0337 
0.70128 0.13008 0.16864 
0.08672 0.13336 0.77992 
18 
0.93293 0.03139 0.03568 
0.59622 0.3802 0.02358 
0.55005 0.00698 0.44297 
0.21313 0.08816 0.69871 
0.28499 0.69561 0.0194 
0.00382 0.14737 0.84881 
18 
0.00331 0.00156 0.99513 
0.55833 0.04877 0.3929 
0.02923 0.65146 0.31931 
0.01374 0.50485 0.48141 
0.13961 0.59972 0.26067 
0.57504 0.09428 0.33068 
18 
0.14028 0.14338 0.71634 
0.80442 0.0912 0.10438 
0.07472 0.17196 0.75332 
0.76845 0.02235 0.2092 
0.10883 0.29347 0.5977 
0.00592 0.30699 0.68709 
18 
0.97961 0.01728 0.00311 
7.4E-4 0.00775 0.99151 
0.02158 0.96322 0.0152 
0.99618 2.7E-4 0.00355 
0.01536 0.00245 0.98219 
0.26879 0.0012 0.73001 

30 
8.4E-4 2.7E-4 0.99706 2.0E-4 0.00163 
0.04531 0.4588 0.0241 0.3443 0.12749 
0.95331 0.00296 0.00106 0.03471 0.00796 
0.40655 0.04354 0.00183 0.00103 0.54705 
0.70559 0.05091 0.046 0.12088 0.07662 
0.43915 0.04005 0.38835 0.01591 0.11654 
30 
0.00941 0.38705 0.10012 0.42111 0.08231 
0.85023 0.02069 0.05851 0.04981 0.02076 
0.00222 0.00303 0.2957 0.16294 0.53611 
0.18983 0.05787 0.04022 0.19383 0.51825 
0.73775 0.1956 0.05477 0.0019 0.00998 
0.38592 0.0083 0.5961 0.00568 0.004 
30 
0.30709 0.18171 0.0192 0.49116 8.4E-4 
0.03069 0.52317 0.03649 0.38427 0.02538 
0.67364 0.06841 0.13394 0.00634 0.11767 
0.48227 0.08728 0.14676 0.21574 0.06795 
0.99878 6.6E-4 5.0E-5 3.4E-4 1.7E-4 
0.00603 0.02311 0.04505 0.8457 0.08011 
30 
0.181 0.0533 0.06574 0.05908 0.64088 
5.0E-5 0.05787 0.88363 0.01817 0.04028 
0.00774 0.11638 0.01357 0.82159 0.04072 
0.24107 0.27424 0.31978 0.07118 0.09373 
0.01045 0.0042 0.06582 0.04466 0.87487 
0.00274 0.96834 0.01701 0.00228 0.00963 
30 
0.03551 0.112 0.01392 0.68935 0.14922 
0.03364 0.00686 0.82476 0.07166 0.06308 
0.30932 0.19767 0.07896 0.0826 0.33145 
0.00464 0.06874 0.37027 0.0055 0.55085 
0.05255 0.0144 0.02351 0.01366 0.89588 
0.03929 0.01825 0.73518 0.00324 0.20404 
30 
0.23378 0.04101 0.05561 0.1889 0.4807 
0.01532 0.34416 0.00114 0.06923 0.57015 
6.0E-5 1.9E-4 1.6E-4 0.9692 0.03039 
0.00495 0.95905 0.00622 0.00427 0.02551 
0.03895 0.00471 0.65988 0.24987 0.04659 
0.00472 9.3E-4 0.13541 0.85832 6.2E-4 
30 
0.11938 0.23588 0.16205 0.38369 0.099 
0.43578 2.4E-4 0.17873 0.01701 0.36824 
0.00973 0.04895 0.01831 0.90242 0.02059 
0.78652 0.09406 0.09135 0.00179 0.02628 
0.09576 0.01154 0.61504 0.24369 0.03397 
0.12829 0.04806 0.43576 0.2114 0.17649 
30 
0.00803 0.07104 0.68239 0.23736 0.00118 
0.04256 0.03394 0.57264 0.26116 0.0897 
0.00839 0.01254 0.01805 0.95988 0.00114 
0.61634 0.10483 0.10088 0.05024 0.12771 
0.02892 0.69928 0.01726 0.1901 0.06444 
0.00245 0.19676 0.46771 0.32566 0.00742 
30 
0.0066 0.05211 0.39639 0.22072 0.32418 
0.02607 0.00477 0.07569 0.00129 0.89218 
0.00765 0.11919 0.0425 1.0E-4 0.83056 
0.00602 0.90544 0.08202 0.00143 0.00509 
0.01566 0.20211 0.46312 0.26668 0.05243 
0.29797 0.65411 0.00822 0.00767 0.03203 
30 
0.34493 0.11961 0.07422 0.02027 0.44097 
0.17349 0.60276 0.17659 2.2E-4 0.04694 
0.07203 0.38704 0.00325 0.53575 0.00193 
0.00779 0.04712 0.76882 0.12674 0.04953 
0.84754 0.0079 0.12894 0.01352 0.0021 
0.08789 0.69648 0.05122 0.06686 0.09755 
30 
8.1E-4 3.1E-4 2.0E-5 0.82061 0.17825 
0.07769 0.59715 0.13184 0.16508 0.02824 
1.7E-4 0.00555 0.01258 0.02123 0.96047 
0.06664 0.0015 0.00762 0.91759 0.00665 
0.02403 0.60793 0.1802 0.17211 0.01573 
0.01729 0.14396 0.77387 0.03473 0.03015 
30 
0.00227 0.98842 9.6E-4 0.00366 0.00469 
5.7E-4 3.3E-4 0.75839 0.24016 5.5E-4 
0.08227 0.67571 0.00254 0.0989 0.14058 
0.0185 0.02354 0.06937 0.11634 0.77225 
0.24106 0.14034 0.14253 0.42229 0.05378 
0.36149 0.12571 0.42851 0.08206 0.00223 
30 
0.83126 0.02159 0.13163 0.00479 0.01073 
0.05075 0.70306 0.10723 0.07797 0.06099 
0.28463 0.01576 0.49596 0.12713 0.07652 
0.13384 0.30489 0.20873 0.09873 0.25381 
0.03289 0.03465 0.06039 0.86043 0.01164 
0.00666 0.03215 0.51539 0.42751 0.01829 
30 
0.36095 0.04717 0.02861 0.49685 0.06642 
0.37799 0.03799 0.09547 0.0681 0.42045 
0.27063 0.37028 0.07794 0.25376 0.02739 
0.36806 0.0982 0.08838 0.3745 0.07086 
0.12298 0.77416 0.01054 0.04183 0.05049 
0.15594 0.42538 0.16289 0.0874 0.16839 
30 
0.40889 0.26329 0.1876 0.09777 0.04245 
0.14764 0.06557 0.69542 0.07932 0.01205 
8.1E-4 0.01186 0.85878 1.6E-4 0.12839 
0.5514 0.198 0.03814 0.18664 0.02582 
0.64221 0.00101 0.18735 0.01139 0.15804 
0.42353 0.01998 0.06882 0.33528 0.15239 

18 
0.24343 0.70442 0.05215 
0.53428 0.00953 0.45619 
0.95003 4.0E-4 0.04957 
0.00831 0.4412 0.55049 
0.14277 0.1251 0.73213 
0.00514 0.91144 0.08342 

24 
0.24647 0.28534 0.20123 0.26696 
0.06458 0.64714 0.15614 0.13214 
0.02285 0.9707 9.0E-5 0.00636 
0.47356 0.27357 0.09394 0.15893 
0.08543 0.17684 0.65761 0.08012 
0.38787 0.0789 0.19737 0.33586 
24 
0.00896 0.01467 0.76566 0.21071 
0.26278 0.30116 0.13016 0.3059 
0.00215 0.95719 0.03135 0.00931 
0.23942 0.07951 0.45946 0.22161 
0.30235 0.68849 0.0084 7.6E-4 
0.12471 0.65696 0.03825 0.18008 
24 
0.07603 0.5425 0.05004 0.33143 
0.3782 0.36951 0.04895 0.20334 
0.27988 0.48849 0.16138 0.07025 
0.07048 0.57314 0.0165 0.33988 
0.52294 0.19 0.17718 0.10988 
0.02106 0.3617 0.07993 0.53731 
24 
0.06066 0.55841 0.09721 0.28372 
0.03761 0.22022 0.65194 0.09023 
0.41701 0.05317 0.25431 0.27551 
0.13845 0.10007 0.71043 0.05105 
0.40476 0.07419 0.20557 0.31548 
0.02617 0.01397 0.7402 0.21966 
24 
0.618 0.18415 0.02096 0.17689 
0.08327 0.45474 0.3222 0.13979 
0.07813 0.11365 0.67797 0.13025 
0.24862 0.00273 0.3343 0.41435 
0.04066 0.00251 0.94773 0.0091 
0.38555 0.1649 0.09761 0.35194 
24 
0.04541 0.03428 0.00788 0.91243 
0.18902 0.01333 0.79081 0.00684 
0.08425 0.01933 0.89154 0.00488 
0.37592 0.10899 0.3827 0.13239 
0.02159 0.78265 0.15567 0.04009 
0.21315 0.0606 0.32375 0.4025 
24 
0.20803 0.12562 0.08283 0.58352 
0.04644 0.83275 0.10012 0.02069 
0.25732 0.29616 0.19639 0.25013 
0.03909 0.24829 0.19774 0.51488 
0.01939 0.85441 0.03184 0.09436 
0.03731 0.08475 0.09451 0.78343 
24 
0.81261 0.07644 0.10893 0.00202 
0.64165 0.30983 0.00682 0.0417 
0.00308 0.12691 0.00485 0.86516 
0.00485 0.54888 0.04411 0.40216 
0.08379 0.56345 0.24788 0.10488 
0.11698 0.65902 0.17782 0.04618 
24 
0.00867 0.93351 0.03827 0.01955 
0.83973 0.03723 0.09436 0.02868 
0.00325 0.65116 0.14067 0.20492 
0.00945 0.91196 0.07293 0.00566 
0.32774 0.05287 0.52943 0.08996 
0.06404 0.52675 0.39936 0.00985 
