V-CREDAL 
6 
2 2 2 3 2 4 
6 
1 0 
2 0 1 
2 1 2 
2 2 3 
2 3 4 
2 4 5 

4 
0.643 0.357 
0.949 0.051 

4 
0.44 0.56 
0.291 0.709 
4 
0.839 0.161 
0.545 0.455 

4 
0.649 0.351 
0.526 0.474 
4 
0.865 0.135 
0.201 0.799 

12 
0.208 0.519 0.273 
0.814 0.165 0.021 
0.118 0.248 0.634 
0.628 0.17 0.202 
12 
0.54 0.175 0.285 
0.135 0.847 0.018 
0.264 0.103 0.633 
0.075 0.344 0.581 

4 
0.572 0.428 
0.532 0.468 
4 
0.196 0.804 
0.351 0.649 
4 
0.155 0.845 
0.415 0.585 

16 
0.615 0.109 0.239 0.037 
0.038 0.072 0.038 0.852 
0.154 0.191 0.472 0.183 
0.746 0.02 0.218 0.016 
16 
0.491 0.153 0.056 0.3 
0.085 0.768 0.094 0.053 
0.44 0.103 0.392 0.065 
0.073 0.215 0.171 0.541 
