V-CREDAL
10
2 3 4 3 4 4 2 2 4 4
10
1 0
2 0 1
2 1 2
2 2 3
2 3 4
2 4 5
2 5 6
2 6 7
2 7 8
2 8 9

4
0.78 0.22
0.324 0.676

18
0.091 0.415 0.494
0.917 0.061 0.022
0.001 0.117 0.882
0.767 0.047 0.186
0.351 0.616 0.033
0.677 0.308 0.015
18
0.455 0.175 0.37
0.511 0.013 0.476
0.313 0.123 0.564
0.019 0.692 0.289
0.284 0.656 0.06
0.046 0.353 0.601

24
0.065 0.533 0.353 0.049
0.992 0.002 0.002 0.004
0.027 0.043 0.051 0.879
0.12 0.073 0.034 0.773
0.18 0.41 0.006 0.404
0.127 0.024 0.126 0.723
24
0.22 0.384 0.005 0.391
0.13 0.074 0.697 0.099
0.759 0.002 0.003 0.236
0.328 0.348 0.312 0.012
0.005 0.066 0.025 0.904
0.146 0.497 0.301 0.056
24
0.147 0.671 0.025 0.157
0.897 0.009 0.094 0.0
0.706 0.033 0.077 0.184
0.018 0.839 0.142 0.001
0.609 0.165 0.021 0.205
0.096 0.062 0.839 0.003

18
0.309 0.686 0.005
0.036 0.385 0.579
0.3 0.156 0.544
0.159 0.818 0.023
0.661 0.06 0.279
0.219 0.767 0.014
18
0.016 0.768 0.216
0.209 0.687 0.104
0.041 0.233 0.726
0.407 0.459 0.134
0.222 0.011 0.767
0.331 0.118 0.551
18
0.839 0.134 0.027
0.257 0.422 0.321
0.122 0.286 0.592
0.313 0.022 0.665
0.139 0.306 0.555
0.576 0.371 0.053
18
0.164 0.701 0.135
0.063 0.032 0.905
0.021 0.235 0.744
0.963 0.004 0.033
0.745 0.209 0.046
0.04 0.346 0.614

24
0.179 0.463 0.28 0.078
0.108 0.076 0.67 0.146
0.207 0.16 0.058 0.575
0.088 0.201 0.076 0.635
0.617 0.098 0.074 0.211
0.088 0.533 0.099 0.28
24
0.235 0.146 0.002 0.617
0.173 0.519 0.103 0.205
0.094 0.056 0.782 0.068
0.108 0.262 0.592 0.038
0.069 0.009 0.615 0.307
0.032 0.097 0.849 0.022
24
0.91 0.024 0.041 0.025
0.073 0.069 0.012 0.846
0.005 0.002 0.057 0.936
0.371 0.027 0.205 0.397
0.839 0.076 0.041 0.044
0.013 0.078 0.468 0.441

24
0.01 0.554 0.139 0.297
0.144 0.323 0.342 0.191
0.385 0.296 0.026 0.293
0.176 0.493 0.257 0.074
0.699 0.219 0.068 0.014
0.067 0.34 0.047 0.546
24
0.346 0.141 0.473 0.04
0.373 0.143 0.033 0.451
0.103 0.015 0.851 0.031
0.002 0.016 0.834 0.148
0.913 0.03 0.043 0.014
0.667 0.028 0.175 0.13
24
0.044 0.371 0.056 0.529
0.219 0.28 0.305 0.196
0.629 0.34 0.009 0.022
0.601 0.09 0.24 0.069
0.002 0.142 0.001 0.855
0.006 0.29 0.357 0.347
24
0.248 0.09 0.305 0.357
0.306 0.011 0.517 0.166
0.128 0.237 0.151 0.484
0.005 0.021 0.014 0.96
0.088 0.008 0.082 0.822
0.039 0.011 0.007 0.943

4
0.836 0.164
0.98 0.02
4
0.402 0.598
0.756 0.244
4
0.642 0.358
0.031 0.969
4
0.41 0.59
0.696 0.304

4
0.85 0.15
0.803 0.197
4
0.456 0.544
0.584 0.416

24
0.992 0.0 0.002 0.006
0.112 0.009 0.419 0.46
0.146 0.186 0.532 0.136
0.051 0.352 0.228 0.369
0.0 0.058 0.006 0.936
0.216 0.506 0.108 0.17
24
0.181 0.165 0.133 0.521
0.133 0.279 0.333 0.255
0.009 0.038 0.675 0.278
0.041 0.019 0.563 0.377
0.02 0.152 0.6 0.228
0.035 0.856 0.107 0.002

24
0.11 0.019 0.87 0.001
0.175 0.634 0.161 0.03
0.297 0.612 0.074 0.017
0.152 0.104 0.704 0.04
0.134 0.34 0.336 0.19
0.073 0.016 0.874 0.037
24
0.043 0.009 0.888 0.06
0.902 0.0 0.004 0.094
0.129 0.078 0.77 0.023
0.014 0.297 0.357 0.332
0.396 0.077 0.185 0.342
0.018 0.778 0.113 0.091
24
0.008 0.026 0.026 0.94
0.113 0.437 0.162 0.288
0.276 0.113 0.231 0.38
0.793 0.053 0.154 0.0
0.22 0.6 0.125 0.055
0.718 0.005 0.062 0.215
24
0.326 0.473 0.032 0.169
0.471 0.248 0.09 0.191
0.036 0.585 0.006 0.373
0.682 0.096 0.036 0.186
0.187 0.62 0.004 0.189
0.605 0.146 0.098 0.151
