V-CREDAL 
8 
4 3 4 4 4 3 4 4 
8 
1 0 
2 0 1 
2 1 2 
2 2 3 
2 3 4 
2 4 5 
2 5 6 
2 6 7 

16 
0.011 0.204 0.209 0.576 
0.022 0.092 0.425 0.461 
0.645 0.172 0.057 0.126 
0.036 0.027 0.187 0.75 

12 
0.172 0.357 0.471 
0.681 0.258 0.061 
0.084 0.078 0.838 
0.354 0.387 0.259 
12 
0.124 0.465 0.411 
0.08 0.158 0.762 
0.687 0.225 0.088 
0.476 0.051 0.473 
12 
0.189 0.389 0.422 
0.6 0.034 0.366 
0.32 0.472 0.208 
0.082 0.267 0.651 
12 
0.142 0.037 0.821 
0.696 0.152 0.152 
0.765 0.227 0.008 
0.067 0.883 0.05 

16 
0.21 0.526 0.038 0.226 
0.037 0.04 0.041 0.882 
0.323 0.019 0.04 0.618 
0.005 0.265 0.017 0.713 
16 
0.179 0.031 0.479 0.311 
0.038 0.871 0.086 0.005 
0.094 0.223 0.045 0.638 
0.012 0.368 0.379 0.241 
16 
0.107 0.27 0.282 0.341 
0.117 0.006 0.848 0.029 
0.27 0.062 0.416 0.252 
0.571 0.023 0.021 0.385 

16 
0.273 0.198 0.46 0.069 
0.727 0.129 0.051 0.093 
0.285 0.015 0.297 0.403 
0.089 0.721 0.102 0.088 
16 
0.674 0.025 0.282 0.019 
0.008 0.09 0.721 0.181 
0.085 0.04 0.037 0.838 
0.003 0.993 0.002 0.002 
16 
0.004 0.738 0.003 0.255 
0.065 0.118 0.298 0.519 
0.021 0.191 0.666 0.122 
0.625 0.316 0.009 0.05 
16 
0.156 0.096 0.646 0.102 
0.013 0.661 0.242 0.084 
0.424 0.154 0.18 0.242 
0.008 0.669 0.009 0.314 

16 
0.178 0.38 0.433 0.009 
0.451 0.062 0.033 0.454 
0.037 0.267 0.539 0.157 
0.126 0.008 0.33 0.536 
16 
0.23 0.204 0.007 0.559 
0.245 0.212 0.324 0.219 
0.271 0.048 0.587 0.094 
0.062 0.002 0.001 0.935 
16 
0.039 0.292 0.629 0.04 
0.404 0.095 0.129 0.372 
0.075 0.696 0.07 0.159 
0.591 0.004 0.36 0.045 
16 
0.05 0.315 0.5 0.135 
0.011 0.011 0.018 0.96 
0.362 0.626 0.006 0.006 
0.159 0.664 0.165 0.012 

12 
0.134 0.265 0.601 
0.481 0.137 0.382 
0.915 0.082 0.003 
0.88 0.05 0.07 
12 
0.263 0.555 0.182 
0.114 0.724 0.162 
0.881 0.065 0.054 
0.22 0.706 0.074 
12 
0.301 0.176 0.523 
0.023 0.738 0.239 
0.299 0.085 0.616 
0.061 0.028 0.911 
12 
0.144 0.318 0.538 
0.327 0.433 0.24 
0.221 0.078 0.701 
0.289 0.252 0.459 

16 
0.098 0.792 0.053 0.057 
0.013 0.009 0.977 0.001 
0.025 0.462 0.444 0.069 
0.01 0.002 0.191 0.797 
16 
0.055 0.09 0.172 0.683 
0.349 0.399 0.178 0.074 
0.983 0.007 0.008 0.002 
0.069 0.353 0.38 0.198 
16 
0.083 0.716 0.172 0.029 
0.195 0.667 0.106 0.032 
0.41 0.043 0.161 0.386 
0.164 0.304 0.172 0.36 

16 
0.467 0.136 0.341 0.056 
0.03 0.144 0.64 0.186 
0.25 0.14 0.424 0.186 
0.273 0.042 0.039 0.646 
16 
0.164 0.806 0.009 0.021 
0.282 0.232 0.002 0.484 
0.153 0.55 0.094 0.203 
0.02 0.044 0.843 0.093 
16 
0.854 0.002 0.106 0.038 
0.242 0.545 0.181 0.032 
0.136 0.088 0.702 0.074 
0.405 0.046 0.007 0.542 
16 
0.028 0.204 0.005 0.763 
0.067 0.519 0.365 0.049 
0.014 0.295 0.002 0.689 
0.109 0.779 0.104 0.008 
