V-CREDAL
4
2 4 2 4
4
1 0
2 0 1
2 1 2
2 2 3

4
0.816 0.184
0.501 0.499

16
0.11 0.66 0.127 0.103
0.886 0.055 0.014 0.045
0.001 0.0 0.989 0.01
0.45 0.309 0.227 0.014
16
0.062 0.415 0.229 0.294
0.727 0.009 0.216 0.048
0.139 0.327 0.197 0.337
0.137 0.227 0.237 0.399

4
0.132 0.868
0.364 0.636
4
0.396 0.604
0.386 0.614
4
0.631 0.369
0.347 0.653
4
0.425 0.575
0.533 0.467

16
0.298 0.117 0.417 0.168
0.082 0.216 0.12 0.582
0.002 0.024 0.115 0.859
0.007 0.724 0.014 0.255
16
0.111 0.152 0.074 0.663
0.144 0.068 0.758 0.03
0.066 0.801 0.006 0.127
0.082 0.902 0.015 0.001
