V-CREDAL
4
3 3 3 3
4
2 2 0
2 0 1
1 2
2 1 3

18
0.783 0.006 0.211
0.235 0.736 0.029
0.005 0.954 0.041
0.838 0.03 0.132
0.045 0.08 0.875
0.48 0.487 0.033
18
0.958 0.028 0.014
0.605 0.026 0.369
0.222 0.469 0.309
0.149 0.629 0.222
0.692 0.268 0.04
0.147 0.654 0.199
18
0.014 0.965 0.021
0.031 0.969 0.0
0.842 0.143 0.015
0.04 0.026 0.934
0.791 0.019 0.19
0.005 0.926 0.069

18
0.854 0.101 0.045
0.001 0.687 0.312
0.161 0.653 0.186
0.109 0.002 0.889
0.847 0.041 0.112
0.21 0.003 0.787
18
0.601 0.392 0.007
0.034 0.518 0.448
0.841 0.131 0.028
0.194 0.058 0.748
0.899 0.01 0.091
0.354 0.007 0.639
18
0.007 0.182 0.811
0.191 0.758 0.051
0.932 0.029 0.039
0.031 0.602 0.367
0.86 0.109 0.031
0.575 0.418 0.007

18
0.173 0.682 0.145
0.975 0.007 0.018
0.106 0.603 0.291
0.097 0.1 0.803
0.026 0.43 0.544
0.023 0.158 0.819

18
0.939 0.005 0.056
0.036 0.141 0.823
0.988 0.012 0.0
0.076 0.601 0.323
0.213 0.78 0.007
0.252 0.023 0.725
18
0.012 0.039 0.949
0.86 0.04 0.1
0.13 0.864 0.006
0.105 0.006 0.889
0.587 0.007 0.406
0.87 0.028 0.102
18
0.58 0.017 0.403
0.52 0.451 0.029
0.689 0.213 0.098
0.042 0.924 0.034
0.126 0.287 0.587
0.082 0.522 0.396
