V-CREDAL 
8 
3 2 2 3 3 3 2 2 
8 
2 2 0 
2 6 1 
1 2 
1 3 
1 4 
3 1 3 5 
2 4 6 
3 0 6 7 

18 
5.0E-4 0.99924 2.6E-4 
0.93897 0.01597 0.04506 
8.4E-4 8.8E-4 0.99828 
0.02634 0.97355 1.1E-4 
0.5723 0.00332 0.42438 
0.92098 0.04354 0.03548 
18 
0.91166 0.00194 0.0864 
0.09509 0.78882 0.11609 
0.01695 0.01286 0.97019 
0.88426 0.10914 0.0066 
0.2337 0.00729 0.75901 
0.38466 0.57333 0.04201 

4 
0.45434 0.54566 
0.12388 0.87612 
4 
0.89775 0.10225 
0.62544 0.37456 

4 
0.06571 0.93429 
0.62461 0.37539 

18 
0.09485 0.88558 0.01957 
0.16983 0.46612 0.36405 
0.79193 0.1983 0.00977 
0.06514 0.9101 0.02476 
0.27168 0.10253 0.62579 
0.22516 0.24612 0.52872 

18 
0.33659 0.01349 0.64992 
0.16975 0.10832 0.72193 
0.00912 0.97017 0.02071 
0.01902 0.33473 0.64625 
0.45278 0.0211 0.52612 
0.48481 0.09984 0.41535 

18 
0.75591 0.23186 0.01223 
0.49121 0.09207 0.41672 
0.02348 0.01281 0.96371 
0.0081 0.72133 0.27057 
0.78934 0.14875 0.06191 
0.00267 0.5666 0.43073 
18 
0.86842 0.12785 0.00373 
0.48614 0.50404 0.00982 
0.13222 0.69091 0.17687 
0.61214 0.0128 0.37506 
0.10377 0.01709 0.87914 
0.83666 0.06613 0.09721 
18 
0.27694 0.22518 0.49788 
0.05077 0.91575 0.03348 
0.41855 0.29015 0.2913 
0.05853 0.73003 0.21144 
0.11159 0.45105 0.43736 
0.43737 0.21924 0.34339 
18 
0.85506 0.04314 0.1018 
0.31463 0.47588 0.20949 
4.1E-4 0.00253 0.99706 
0.70472 0.03552 0.25976 
0.03586 0.60568 0.35846 
0.88536 0.06201 0.05263 
18 
0.56128 0.30593 0.13279 
0.37026 0.60649 0.02325 
0.09445 0.64912 0.25643 
0.04587 0.16792 0.78621 
0.51528 0.20868 0.27604 
0.21563 0.01939 0.76498 
18 
0.89884 0.07655 0.02461 
0.68844 0.03606 0.2755 
0.38235 0.02776 0.58989 
0.11088 0.6811 0.20802 
0.04897 0.9366 0.01443 
0.02207 0.95742 0.02051 

4 
0.45061 0.54939 
0.38513 0.61487 
4 
0.55 0.45 
0.38189 0.61811 
4 
0.00704 0.99296 
0.2083 0.7917 

4 
0.44577 0.55423 
0.87017 0.12983 
4 
0.81864 0.18136 
0.72058 0.27942 
4 
0.95772 0.04228 
0.83795 0.16205 
4 
0.4984 0.5016 
0.84091 0.15909 
4 
0.4734 0.5266 
0.99707 0.00293 
4 
0.9634 0.0366 
0.34396 0.65604 
