V-CREDAL
8
3 4 4 3 3 3 2 3
8
1 0
2 0 1
2 1 2
2 2 3
2 3 4
2 4 5
2 5 6
2 6 7

12
0.717 0.21 0.073
0.112 0.082 0.806
0.034 0.955 0.011
0.767 0.071 0.162

16
0.005 0.938 0.053 0.004
0.401 0.001 0.002 0.596
0.022 0.455 0.464 0.059
0.636 0.006 0.139 0.219
16
0.005 0.088 0.863 0.044
0.332 0.107 0.33 0.231
0.196 0.754 0.018 0.032
0.613 0.027 0.102 0.258
16
0.092 0.004 0.009 0.895
0.856 0.002 0.006 0.136
0.264 0.361 0.265 0.11
0.594 0.079 0.32 0.007

16
0.005 0.016 0.005 0.974
0.259 0.319 0.307 0.115
0.196 0.031 0.493 0.28
0.959 0.026 0.002 0.013
16
0.376 0.209 0.212 0.203
0.076 0.123 0.027 0.774
0.488 0.225 0.05 0.237
0.763 0.087 0.047 0.103
16
0.982 0.001 0.007 0.01
0.045 0.731 0.012 0.212
0.21 0.055 0.729 0.006
0.28 0.056 0.23 0.434
16
0.731 0.072 0.048 0.149
0.243 0.562 0.133 0.062
0.075 0.036 0.001 0.888
0.044 0.017 0.004 0.935

12
0.174 0.529 0.297
0.668 0.015 0.317
0.416 0.318 0.266
0.352 0.206 0.442
12
0.376 0.266 0.358
0.876 0.009 0.115
0.232 0.641 0.127
0.19 0.51 0.3
12
0.192 0.356 0.452
0.094 0.284 0.622
0.058 0.001 0.941
0.49 0.07 0.44
12
0.57 0.019 0.411
0.118 0.383 0.499
0.867 0.03 0.103
0.379 0.478 0.143

12
0.171 0.722 0.107
0.737 0.226 0.037
0.832 0.016 0.152
0.236 0.06 0.704
12
0.884 0.037 0.079
0.091 0.765 0.144
0.296 0.665 0.039
0.018 0.017 0.965
12
0.118 0.148 0.734
0.646 0.138 0.216
0.841 0.11 0.049
0.179 0.075 0.746

12
0.171 0.006 0.823
0.041 0.298 0.661
0.498 0.387 0.115
0.935 0.051 0.014
12
0.002 0.003 0.995
0.171 0.738 0.091
0.07 0.738 0.192
0.083 0.127 0.79
12
0.043 0.789 0.168
0.975 0.008 0.017
0.075 0.096 0.829
0.259 0.069 0.672

4
0.78 0.22
0.486 0.514
4
0.196 0.804
0.24 0.76
4
0.054 0.946
0.899 0.101

12
0.587 0.17 0.243
0.457 0.076 0.467
0.817 0.008 0.175
0.025 0.403 0.572
12
0.085 0.755 0.16
0.628 0.162 0.21
0.769 0.065 0.166
0.843 0.066 0.091
