V-CREDAL
10
4 2 3 3 2 3 4 3 3 3
10
3 1 7 0
2 9 1
1 2
1 3
2 5 4
1 5
3 3 5 6
3 2 3 7
2 7 8
1 9

16
0.526 0.041 0.041 0.392
0.395 0.0 0.535 0.07
0.117 0.589 0.231 0.063
0.289 0.257 0.0 0.454
16
0.284 0.278 0.041 0.397
0.004 0.845 0.121 0.03
0.425 0.339 0.028 0.208
0.443 0.226 0.257 0.074
16
0.957 0.006 0.031 0.006
0.002 0.9 0.065 0.033
0.084 0.0 0.025 0.891
0.003 0.083 0.692 0.222
16
0.438 0.076 0.049 0.437
0.021 0.006 0.903 0.07
0.294 0.3 0.241 0.165
0.051 0.825 0.064 0.06
16
0.165 0.532 0.248 0.055
0.772 0.058 0.021 0.149
0.359 0.216 0.352 0.073
0.118 0.043 0.468 0.371
16
0.319 0.04 0.279 0.362
0.044 0.676 0.252 0.028
0.038 0.018 0.021 0.923
0.848 0.006 0.003 0.143

4
0.12 0.88
0.129 0.871
4
0.684 0.316
0.099 0.901
4
0.672 0.328
0.71 0.29

12
0.142 0.122 0.736
0.05 0.763 0.187
0.602 0.136 0.262
0.021 0.684 0.295

12
0.26 0.013 0.727
0.305 0.086 0.609
0.132 0.399 0.469
0.033 0.231 0.736

4
0.077 0.923
0.542 0.458
4
0.84 0.16
0.517 0.483
4
0.366 0.634
0.09 0.91

12
0.118 0.858 0.024
0.348 0.027 0.625
0.961 0.034 0.005
0.931 0.064 0.005

16
0.002 0.553 0.004 0.441
0.002 0.002 0.871 0.125
0.222 0.038 0.545 0.195
0.001 0.002 0.024 0.973
16
0.069 0.015 0.015 0.901
0.214 0.594 0.05 0.142
0.493 0.39 0.046 0.071
0.234 0.401 0.365 0.0
16
0.042 0.047 0.008 0.903
0.085 0.227 0.357 0.331
0.022 0.571 0.39 0.017
0.029 0.77 0.057 0.144
16
0.156 0.248 0.184 0.412
0.566 0.032 0.205 0.197
0.081 0.062 0.837 0.02
0.46 0.467 0.001 0.072
16
0.257 0.612 0.021 0.11
0.026 0.375 0.168 0.431
0.532 0.032 0.124 0.312
0.006 0.984 0.005 0.005
16
0.336 0.012 0.638 0.014
0.111 0.007 0.859 0.023
0.321 0.333 0.239 0.107
0.348 0.238 0.166 0.248
16
0.003 0.068 0.091 0.838
0.331 0.239 0.367 0.063
0.032 0.317 0.599 0.052
0.001 0.004 0.995 0.0
16
0.159 0.789 0.025 0.027
0.827 0.007 0.13 0.036
0.661 0.232 0.054 0.053
0.031 0.245 0.207 0.517
16
0.134 0.198 0.004 0.664
0.393 0.431 0.099 0.077
0.001 0.63 0.363 0.006
0.224 0.491 0.09 0.195

12
0.071 0.543 0.386
0.101 0.5 0.399
0.531 0.035 0.434
0.05 0.733 0.217
12
0.692 0.289 0.019
0.002 0.173 0.825
0.315 0.372 0.313
0.686 0.01 0.304
12
0.295 0.054 0.651
0.066 0.713 0.221
0.387 0.06 0.553
0.195 0.704 0.101
12
0.457 0.214 0.329
0.398 0.069 0.533
0.143 0.632 0.225
0.465 0.376 0.159
12
0.386 0.585 0.029
0.031 0.027 0.942
0.97 0.0 0.03
0.039 0.535 0.426
12
0.234 0.552 0.214
0.219 0.421 0.36
0.342 0.046 0.612
0.168 0.656 0.176
12
0.131 0.545 0.324
0.914 0.057 0.029
0.878 0.055 0.067
0.06 0.164 0.776
12
0.266 0.591 0.143
0.013 0.985 0.002
0.735 0.122 0.143
0.034 0.917 0.049
12
0.173 0.501 0.326
0.086 0.826 0.088
0.498 0.159 0.343
0.249 0.684 0.067

12
0.43 0.452 0.118
0.171 0.093 0.736
0.03 0.169 0.801
0.288 0.703 0.009
12
0.995 0.002 0.003
0.344 0.587 0.069
0.101 0.551 0.348
0.215 0.043 0.742
12
0.3 0.684 0.016
0.159 0.051 0.79
0.031 0.557 0.412
0.167 0.034 0.799

12
0.131 0.84 0.029
0.025 0.252 0.723
0.008 0.877 0.115
0.628 0.246 0.126
