V-CREDAL 
8 
4 4 4 3 2 2 3 4 
8 
1 0 
2 0 1 
2 1 2 
2 2 3 
2 3 4 
2 4 5 
2 5 6 
2 6 7 

24 
0.50391 0.38408 0.00459 0.10742 
0.32148 0.24893 0.00887 0.42072 
0.07056 0.07619 0.63996 0.21329 
0.00573 0.11964 0.30121 0.57342 
0.31721 0.61593 0.0424 0.02446 
0.22945 0.01861 0.00222 0.74972 

24 
0.00694 0.11235 0.14903 0.73168 
0.05051 0.90433 0.00227 0.04289 
0.04903 0.13669 0.0309 0.78338 
0.01302 0.93077 0.0361 0.02011 
0.0349 0.12759 0.8111 0.02641 
0.00387 0.00655 0.98595 0.00363 
24 
0.61694 0.32685 0.02952 0.02669 
0.0023 0.27878 0.0367 0.68222 
0.00863 0.56906 0.19214 0.23017 
0.57339 0.34587 0.01419 0.06655 
0.5112 0.30752 0.17176 0.00952 
0.0596 0.68523 0.04255 0.21262 
24 
0.6882 0.05621 0.18556 0.07003 
0.02051 0.07462 0.8974 0.00747 
0.21714 0.17408 0.5085 0.10028 
0.10224 0.0067 0.86279 0.02827 
0.34169 0.38556 0.10648 0.16627 
0.54665 0.16998 0.2576 0.02577 
24 
0.02773 0.16165 0.14083 0.66979 
0.67862 0.07049 0.24199 0.0089 
8.7E-4 0.19634 0.04156 0.76123 
0.05316 0.41225 0.53276 0.00183 
0.13768 0.13071 0.37567 0.35594 
0.12557 0.22727 0.47241 0.17475 

24 
0.06026 0.62416 0.27962 0.03596 
0.13158 0.16927 0.06901 0.63014 
0.55293 0.33706 0.07933 0.03068 
0.13403 0.86387 0.002 1.0E-4 
0.75496 0.19869 0.00557 0.04078 
0.10019 0.17079 0.38119 0.34783 
24 
0.14051 0.30331 0.47837 0.07781 
0.42578 0.01201 0.02747 0.53474 
0.11824 0.03188 0.49488 0.355 
0.76721 0.10322 0.10397 0.0256 
0.07545 0.65164 0.21375 0.05916 
0.93378 0.03351 0.00944 0.02327 
24 
0.46639 0.0938 0.06618 0.37363 
0.01028 0.19347 0.39567 0.40058 
0.00143 0.03968 0.57593 0.38296 
0.11307 0.00622 0.0014 0.87931 
0.52307 0.17633 0.18807 0.11253 
0.03887 0.25429 0.55127 0.15557 
24 
0.23989 0.29935 0.17365 0.28711 
0.00463 0.06843 0.05415 0.87279 
0.19647 0.33131 0.38222 0.09 
0.31281 0.57274 0.09095 0.0235 
0.08618 0.04953 0.67314 0.19115 
0.23926 0.47137 0.14808 0.14129 

18 
0.2961 0.04523 0.65867 
0.50899 0.38455 0.10646 
0.10394 0.38128 0.51478 
0.07105 0.04571 0.88324 
0.71019 0.22625 0.06356 
0.01782 0.14735 0.83483 
18 
0.14538 0.8468 0.00782 
0.87618 0.02377 0.10005 
0.00491 0.05982 0.93527 
0.91137 0.06242 0.02621 
0.481 1.2E-4 0.51888 
0.0296 0.89734 0.07306 
18 
0.04594 0.00625 0.94781 
0.05038 0.80166 0.14796 
0.50553 0.46565 0.02882 
0.33936 0.59005 0.07059 
0.64037 0.03006 0.32957 
0.80208 0.04364 0.15428 
18 
0.62696 0.02093 0.35211 
0.09941 0.89202 0.00857 
0.09234 0.1821 0.72556 
0.80623 0.18719 0.00658 
0.10126 0.0447 0.85404 
0.97195 0.01149 0.01656 

4 
0.2064 0.7936 
0.88922 0.11078 
4 
0.10013 0.89987 
0.27801 0.72199 
4 
0.86013 0.13987 
0.76057 0.23943 

4 
0.42711 0.57289 
0.92957 0.07043 
4 
0.37752 0.62248 
0.13763 0.86237 

18 
0.09114 0.04887 0.85999 
0.85492 0.10177 0.04331 
0.47798 0.41425 0.10777 
0.08177 0.65395 0.26428 
0.11788 0.63233 0.24979 
0.44145 0.04933 0.50922 
18 
0.06816 0.83067 0.10117 
0.04517 0.4375 0.51733 
0.0607 0.83314 0.10616 
0.13418 0.21155 0.65427 
0.46259 0.08377 0.45364 
0.46343 0.52468 0.01189 

24 
0.1267 0.6756 0.01693 0.18077 
0.02872 0.4827 0.00764 0.48094 
0.00936 0.92373 0.04431 0.0226 
0.18507 0.31979 0.04679 0.44835 
0.30772 0.04418 0.59541 0.05269 
0.38191 0.06282 0.29249 0.26278 
24 
0.28329 0.45332 0.21996 0.04343 
0.10564 0.20833 0.14191 0.54412 
0.05945 0.13458 0.58943 0.21654 
0.02806 0.95025 0.00541 0.01628 
0.0033 0.15813 0.6656 0.17297 
0.01691 0.97296 0.00293 0.0072 
24 
0.21226 0.55668 0.21758 0.01348 
0.08389 0.83184 0.02742 0.05685 
0.03368 0.75571 0.08144 0.12917 
0.00655 0.03019 0.45202 0.51124 
0.05113 0.66812 0.20686 0.07389 
0.02543 0.03793 0.87146 0.06518 
