V-CREDAL 
8 
3 3 3 4 3 3 3 2 
8 
2 7 0 
2 4 1 
1 2 
3 0 2 3 
3 3 5 4 
2 6 5 
1 6 
1 7 

18 
0.233 0.747 0.02 
0.056 0.892 0.052 
0.922 0.008 0.07 
0.576 0.014 0.41 
0.011 0.093 0.896 
0.194 0.029 0.777 
18 
0.263 0.671 0.066 
0.667 0.193 0.14 
0.019 0.555 0.426 
0.04 0.9 0.06 
0.08 0.251 0.669 
0.443 0.184 0.373 

18 
0.546 0.409 0.045 
0.974 0.024 0.002 
0.032 0.229 0.739 
0.003 0.005 0.992 
0.16 0.731 0.109 
0.306 0.007 0.687 
18 
0.12 0.828 0.052 
0.812 0.178 0.01 
0.878 0.085 0.037 
0.22 0.151 0.629 
0.039 0.852 0.109 
0.379 0.009 0.612 
18 
0.022 0.533 0.445 
0.977 0.002 0.021 
0.799 0.045 0.156 
0.351 0.638 0.011 
0.109 0.287 0.604 
0.647 0.342 0.011 

18 
0.205 0.037 0.758 
0.412 0.025 0.563 
0.959 0.014 0.027 
0.054 0.921 0.025 
0.881 0.003 0.116 
0.168 0.246 0.586 

24 
0.011 0.082 0.869 0.038 
0.25 0.314 0.259 0.177 
0.396 0.14 0.057 0.407 
0.962 0.013 0.008 0.017 
0.057 0.364 0.549 0.03 
0.14 0.039 0.633 0.188 
24 
0.017 0.951 0.016 0.016 
0.135 0.277 0.141 0.447 
0.991 0.003 0.003 0.003 
0.047 0.006 0.942 0.005 
0.034 0.136 0.798 0.032 
0.071 0.776 0.146 0.007 
24 
0.367 0.593 0.022 0.018 
0.904 0.004 0.021 0.071 
0.226 0.114 0.083 0.577 
0.307 0.421 0.138 0.134 
0.172 0.786 0.003 0.039 
0.001 0.186 0.005 0.808 
24 
0.817 0.085 0.07 0.028 
0.025 0.386 0.536 0.053 
0.628 0.28 0.061 0.031 
0.003 0.017 0.009 0.971 
0.081 0.011 0.902 0.006 
0.193 0.621 0.014 0.172 
24 
0.025 0.212 0.001 0.762 
0.223 0.314 0.09 0.373 
0.177 0.518 0.152 0.153 
0.087 0.014 0.003 0.896 
0.087 0.458 0.024 0.431 
0.408 0.066 0.445 0.081 
24 
0.028 0.067 0.815 0.09 
0.016 0.044 0.438 0.502 
0.308 0.581 0.108 0.003 
0.72 0.065 0.011 0.204 
0.036 0.45 0.313 0.201 
0.209 0.011 0.257 0.523 
24 
0.839 0.05 0.094 0.017 
0.223 0.06 0.082 0.635 
0.306 0.292 0.146 0.256 
0.017 0.039 0.114 0.83 
0.004 0.991 0.003 0.002 
0.033 0.793 0.047 0.127 
24 
0.772 0.204 0.022 0.002 
0.007 0.021 0.005 0.967 
0.008 0.387 0.589 0.016 
0.003 0.001 0.003 0.993 
0.647 0.319 0.01 0.024 
0.117 0.036 0.378 0.469 
24 
0.186 0.581 0.057 0.176 
0.739 0.012 0.126 0.123 
0.108 0.119 0.537 0.236 
0.075 0.142 0.524 0.259 
0.019 0.231 0.015 0.735 
0.031 0.629 0.189 0.151 

18 
0.066 0.038 0.896 
0.181 0.714 0.105 
0.944 0.039 0.017 
0.372 0.607 0.021 
0.01 0.583 0.407 
0.011 0.131 0.858 
18 
0.45 0.072 0.478 
0.569 0.38 0.051 
0.031 0.248 0.721 
0.618 0.208 0.174 
0.045 0.047 0.908 
0.62 0.327 0.053 
18 
0.322 0.637 0.041 
0.739 0.054 0.207 
0.19 0.157 0.653 
0.412 0.03 0.558 
0.632 0.321 0.047 
0.085 0.612 0.303 
18 
0.917 0.076 0.007 
0.915 0.023 0.062 
0.071 0.026 0.903 
0.032 0.95 0.018 
0.021 0.776 0.203 
0.769 0.007 0.224 
18 
0.009 0.416 0.575 
0.258 0.061 0.681 
0.716 0.259 0.025 
0.074 0.188 0.738 
0.679 0.027 0.294 
0.025 0.971 0.004 
18 
0.315 0.059 0.626 
0.987 0.012 0.001 
0.031 0.192 0.777 
0.029 0.786 0.185 
0.679 0.021 0.3 
0.112 0.789 0.099 
18 
0.97 0.005 0.025 
0.178 0.129 0.693 
0.067 0.352 0.581 
0.937 0.042 0.021 
0.539 0.391 0.07 
0.033 0.492 0.475 
18 
0.006 0.02 0.974 
0.184 0.752 0.064 
0.148 0.771 0.081 
0.938 0.028 0.034 
0.79 0.18 0.03 
0.041 0.746 0.213 
18 
0.322 0.471 0.207 
0.102 0.158 0.74 
0.005 0.704 0.291 
0.039 0.27 0.691 
0.251 0.692 0.057 
0.088 0.852 0.06 
18 
0.852 0.139 0.009 
0.042 0.014 0.944 
0.003 0.992 0.005 
0.901 0.025 0.074 
0.001 0.928 0.071 
0.338 0.013 0.649 
18 
0.062 0.937 0.001 
0.281 0.331 0.388 
0.067 0.783 0.15 
0.565 0.007 0.428 
0.685 0.115 0.2 
0.036 0.959 0.005 
18 
0.749 0.214 0.037 
0.322 0.603 0.075 
0.785 0.071 0.144 
0.043 0.373 0.584 
0.002 0.159 0.839 
0.324 0.036 0.64 

18 
0.815 0.053 0.132 
0.017 0.98 0.003 
0.037 0.033 0.93 
0.389 0.59 0.021 
0.745 0.144 0.111 
0.735 0.021 0.244 
18 
0.638 0.04 0.322 
0.039 0.817 0.144 
0.586 0.231 0.183 
0.454 0.219 0.327 
0.006 0.97 0.024 
0.189 0.809 0.002 
18 
0.025 0.751 0.224 
0.447 0.037 0.516 
0.352 0.539 0.109 
0.022 0.034 0.944 
0.153 0.703 0.144 
0.776 0.176 0.048 

18 
0.758 0.158 0.084 
0.126 0.741 0.133 
0.391 0.065 0.544 
0.588 0.368 0.044 
0.081 0.502 0.417 
0.486 0.056 0.458 

4 
0.333 0.667 
0.732 0.268 
