V-CREDAL 
8 
3 2 2 2 4 5 5 3 
8 
3 2 5 0 
1 1 
2 7 2 
3 0 4 3 
2 1 4 
1 5 
2 4 6 
1 7 

18 
0.69985 0.14717 0.15298 
0.02196 0.00257 0.97547 
0.00568 0.32802 0.6663 
0.13365 0.29841 0.56794 
0.16857 0.03223 0.7992 
0.01563 0.07187 0.9125 
18 
0.84917 0.08525 0.06558 
0.02112 0.01706 0.96182 
0.03259 0.74817 0.21924 
0.06896 0.87241 0.05863 
0.87193 0.0298 0.09827 
0.00487 0.19692 0.79821 
18 
0.68843 0.28752 0.02405 
0.02699 0.13375 0.83926 
0.09308 0.68283 0.22409 
0.92395 0.04298 0.03307 
0.18782 0.66702 0.14516 
0.41382 0.50248 0.0837 
18 
0.35878 0.22985 0.41137 
0.30023 0.64069 0.05908 
0.94201 0.04961 0.00838 
0.54569 0.0064 0.44791 
0.02509 0.73705 0.23786 
0.55411 0.42505 0.02084 
18 
0.63969 0.30534 0.05497 
0.04844 0.10827 0.84329 
0.5154 0.07222 0.41238 
0.03654 0.93737 0.02609 
0.01648 0.68769 0.29583 
0.70522 0.13686 0.15792 
18 
0.0158 0.79735 0.18685 
0.16072 0.1566 0.68268 
0.0483 0.57152 0.38018 
0.44101 0.08626 0.47273 
0.26844 0.71007 0.02149 
0.01184 0.82626 0.1619 
18 
0.00601 0.98972 0.00427 
0.78058 0.01282 0.2066 
0.86107 0.07023 0.0687 
0.02013 0.02479 0.95508 
0.61784 0.33755 0.04461 
0.87919 0.01737 0.10344 
18 
0.6169 0.02368 0.35942 
0.01265 0.65679 0.33056 
0.09806 0.08087 0.82107 
0.28546 0.71354 0.001 
0.96682 0.02119 0.01199 
0.70575 0.29257 0.00168 
18 
0.69839 0.21621 0.0854 
0.67182 0.10295 0.22523 
0.35354 0.56647 0.07999 
0.62699 0.07071 0.3023 
0.00239 0.16015 0.83746 
0.52543 0.45125 0.02332 
18 
0.04335 0.45716 0.49949 
0.12881 0.08508 0.78611 
0.79977 0.12392 0.07631 
0.1974 0.7376 0.065 
0.3785 0.59516 0.02634 
0.11611 0.68516 0.19873 

4 
0.85902 0.14098 
0.98514 0.01486 

4 
0.12851 0.87149 
0.26164 0.73836 
4 
0.32911 0.67089 
0.36414 0.63586 
4 
0.00247 0.99753 
0.92722 0.07278 

4 
0.98509 0.01491 
0.95143 0.04857 
4 
0.88868 0.11132 
0.98693 0.01307 
4 
0.66815 0.33185 
0.10971 0.89029 
4 
0.36034 0.63966 
0.44128 0.55872 
4 
0.93855 0.06145 
0.49506 0.50494 
4 
0.43645 0.56355 
0.46258 0.53742 
4 
0.64839 0.35161 
0.25407 0.74593 
4 
0.64038 0.35962 
0.6673 0.3327 
4 
0.61552 0.38448 
0.41386 0.58614 
4 
0.91354 0.08646 
0.00974 0.99026 
4 
0.46981 0.53019 
0.32448 0.67552 
4 
0.44675 0.55325 
0.12596 0.87404 

24 
0.02425 0.15897 0.59536 0.22142 
0.3718 0.01113 0.61525 0.00182 
0.82518 0.04576 0.08619 0.04287 
0.94487 0.00925 0.00503 0.04085 
0.16145 0.0206 0.64212 0.17583 
0.70372 0.0384 0.1642 0.09368 
24 
0.0785 0.09612 0.00311 0.82227 
0.49785 0.23078 0.0057 0.26567 
0.26687 0.30793 0.0255 0.3997 
0.16869 0.27902 0.36434 0.18795 
0.24176 0.3757 0.12791 0.25463 
0.39861 0.06155 0.53016 0.00968 

30 
0.52734 0.02026 0.02636 0.3996 0.02644 
0.08181 0.01668 0.73245 0.00946 0.1596 
0.01801 0.01772 0.06726 0.02604 0.87097 
0.01639 0.14481 0.02463 0.69392 0.12025 
0.06246 0.70654 0.07864 0.07752 0.07484 
0.07671 0.26277 0.30871 0.02584 0.32597 

30 
0.23255 0.31576 0.03752 0.1281 0.28607 
0.03663 0.01244 0.07662 0.00674 0.86757 
0.31241 0.27309 0.06325 0.30688 0.04437 
0.00813 0.52513 0.08309 0.07578 0.30787 
0.22373 0.00442 0.05172 0.44218 0.27795 
0.95264 0.00494 0.00985 0.01776 0.01481 
30 
0.01009 0.9152 0.00639 0.0158 0.05252 
0.33743 0.0127 0.15191 0.15911 0.33885 
0.02295 0.80177 0.03146 0.01367 0.13015 
0.03329 0.00465 0.01899 0.02859 0.91448 
0.33801 0.04689 0.20381 0.01441 0.39688 
0.08857 0.01172 0.10805 0.49692 0.29474 
30 
2.9E-4 0.00452 0.00203 2.9E-4 0.99287 
0.96374 0.01712 0.00533 0.00714 0.00667 
0.14263 0.58177 0.0038 0.23814 0.03366 
0.18291 0.26627 0.35744 0.08659 0.10679 
0.0035 0.08444 0.00707 0.00329 0.9017 
0.08005 0.00432 0.28605 0.36756 0.26202 
30 
0.09756 0.11476 0.29353 0.41584 0.07831 
0.00816 0.00425 0.00669 0.59975 0.38115 
0.04276 0.14885 0.56072 0.06426 0.18341 
0.01571 0.04638 0.20828 0.67358 0.05605 
0.09291 0.2382 0.03529 0.06381 0.56979 
0.88076 0.0127 0.01298 0.09181 0.00175 

18 
0.01494 0.11046 0.8746 
0.80355 0.14044 0.05601 
0.60803 0.01551 0.37646 
0.07776 0.89128 0.03096 
0.60594 0.37697 0.01709 
0.71987 0.07104 0.20909 
