V-CREDAL 
8 
2 2 2 2 4 4 4 3 
8 
1 0 
2 0 1 
2 1 2 
2 2 3 
2 3 4 
2 4 5 
2 5 6 
2 6 7 

4 
0.07662 0.92338 
0.3204 0.6796 

4 
0.54707 0.45293 
0.30044 0.69956 
4 
0.36159 0.63841 
0.12463 0.87537 

4 
0.10928 0.89072 
0.93192 0.06808 
4 
0.39531 0.60469 
0.34544 0.65456 

4 
0.03058 0.96942 
0.13117 0.86883 
4 
0.93135 0.06865 
0.20886 0.79114 

24 
0.02065 0.11583 0.86293 5.9E-4 
0.03557 0.01849 0.46149 0.48445 
0.01925 0.97991 3.0E-4 5.4E-4 
0.83754 8.5E-4 0.16064 9.7E-4 
0.65676 0.26458 0.04968 0.02898 
0.04343 0.43562 0.17885 0.3421 
24 
0.05819 0.05411 0.06133 0.82637 
0.17656 0.53904 0.02 0.2644 
0.0076 0.36886 0.5333 0.09024 
0.71891 0.04464 0.22985 0.0066 
0.07423 0.67425 0.03097 0.22055 
0.39095 0.09876 0.05382 0.45647 

24 
0.08734 0.08709 0.0878 0.73777 
0.42048 0.07698 0.1349 0.36764 
0.41457 0.3915 0.16984 0.02409 
0.27068 0.08644 0.01683 0.62605 
0.00117 0.93498 0.04833 0.01552 
0.6237 0.11177 0.17552 0.08901 
24 
0.06775 0.19083 0.27838 0.46304 
0.05574 0.02981 0.8899 0.02455 
0.38464 0.05448 0.51559 0.04529 
0.37087 0.30963 0.22997 0.08953 
0.12393 0.07472 0.07799 0.72336 
0.25143 0.2572 0.23866 0.25271 
24 
0.45001 0.09245 0.0386 0.41894 
0.14575 0.27643 0.57291 0.00491 
0.07295 0.89213 0.01153 0.02339 
0.55547 0.06416 0.01497 0.3654 
0.02815 0.54389 0.14271 0.28525 
0.4607 0.15044 0.31111 0.07775 
24 
0.28745 0.18543 0.12094 0.40618 
0.00218 0.01897 0.09802 0.88083 
0.15501 0.7179 0.1157 0.01139 
0.14404 0.65332 0.04266 0.15998 
0.26374 0.29947 0.26602 0.17077 
0.05914 0.7827 0.14097 0.01719 

24 
0.53043 0.01738 0.2244 0.22779 
0.24619 0.08909 0.44876 0.21596 
0.01671 0.10346 0.84929 0.03054 
0.41768 0.04889 0.0316 0.50183 
0.76015 0.07836 0.03201 0.12948 
0.98802 0.00699 0.00129 0.0037 
24 
0.03635 0.81508 0.00712 0.14145 
0.92958 0.04006 0.01171 0.01865 
0.00179 0.00651 0.58521 0.40649 
0.2035 0.00111 0.0171 0.77829 
0.08989 0.0449 0.14863 0.71658 
0.00457 0.09421 0.37806 0.52316 
24 
0.12789 0.01188 0.80296 0.05727 
0.79823 0.01034 0.13669 0.05474 
0.08566 0.33689 0.52858 0.04887 
0.12607 0.06926 0.69579 0.10888 
0.40776 0.20169 0.35858 0.03197 
0.096 0.79084 0.07805 0.03511 
24 
0.10862 0.3585 0.45403 0.07885 
0.01488 0.12527 0.01784 0.84201 
0.01495 0.03803 0.47471 0.47231 
0.11039 0.49088 0.09453 0.3042 
0.0775 0.05897 0.53605 0.32748 
0.25714 0.08978 0.2533 0.39978 

18 
0.67442 0.28948 0.0361 
0.02389 0.00321 0.9729 
0.71622 0.10188 0.1819 
0.60755 0.03851 0.35394 
0.02151 0.91837 0.06012 
0.32374 0.64861 0.02765 
18 
0.84645 0.14118 0.01237 
0.04608 0.18249 0.77143 
0.07721 0.87905 0.04374 
0.11636 0.02221 0.86143 
0.06033 0.01405 0.92562 
0.33444 0.6426 0.02296 
18 
0.01679 0.00665 0.97656 
0.16651 0.00764 0.82585 
0.00153 0.9783 0.02017 
0.89806 0.06421 0.03773 
0.48966 0.02902 0.48132 
0.68572 0.28468 0.0296 
18 
0.01286 0.96744 0.0197 
0.24728 0.74707 0.00565 
0.11743 0.18622 0.69635 
0.73918 0.1819 0.07892 
0.57692 0.03337 0.38971 
0.7494 0.1137 0.1369 
