V-CREDAL
10
2 4 4 2 2 2 2 3 3 2
10
1 0
1 1
1 2
1 3
3 6 7 4
2 7 5
1 6
3 0 1 7
2 3 8
4 1 2 8 9

4
0.614 0.386
0.794 0.206

16
0.047 0.928 0.015 0.01
0.173 0.677 0.062 0.088
0.106 0.124 0.634 0.136
0.065 0.236 0.12 0.579

16
0.353 0.058 0.35 0.239
0.033 0.018 0.367 0.582
0.675 0.175 0.149 0.001
0.449 0.345 0.02 0.186

4
0.73 0.27
0.946 0.054

4
0.066 0.934
0.322 0.678
4
0.84 0.16
0.154 0.846
4
0.798 0.202
0.029 0.971
4
0.156 0.844
0.655 0.345
4
0.727 0.273
0.88 0.12
4
0.341 0.659
0.876 0.124

4
0.846 0.154
0.666 0.334
4
0.249 0.751
0.204 0.796
4
0.288 0.712
0.882 0.118

4
0.055 0.945
0.441 0.559

12
0.697 0.301 0.002
0.412 0.166 0.422
0.1 0.126 0.774
0.325 0.244 0.431
12
0.909 0.053 0.038
0.226 0.535 0.239
0.81 0.043 0.147
0.263 0.51 0.227
12
0.32 0.102 0.578
0.065 0.756 0.179
0.892 0.001 0.107
0.261 0.124 0.615
12
0.732 0.259 0.009
0.615 0.009 0.376
0.386 0.093 0.521
0.293 0.249 0.458
12
0.045 0.319 0.636
0.405 0.156 0.439
0.752 0.049 0.199
0.821 0.082 0.097
12
0.727 0.13 0.143
0.272 0.065 0.663
0.004 0.996 0.0
0.751 0.14 0.109
12
0.859 0.136 0.005
0.009 0.949 0.042
0.0 0.5 0.5
0.451 0.06 0.489
12
0.432 0.388 0.18
0.933 0.018 0.049
0.367 0.5 0.133
0.86 0.106 0.034

12
0.001 0.635 0.364
0.043 0.2 0.757
0.695 0.044 0.261
0.594 0.404 0.002
12
0.429 0.378 0.193
0.618 0.154 0.228
0.329 0.42 0.251
0.958 0.041 0.001

4
0.794 0.206
0.468 0.532
4
0.279 0.721
0.207 0.793
4
0.498 0.502
0.188 0.812
4
0.639 0.361
0.009 0.991
4
0.776 0.224
0.849 0.151
4
0.788 0.212
0.669 0.331
4
0.129 0.871
0.598 0.402
4
0.815 0.185
0.692 0.308
4
0.418 0.582
0.211 0.789
4
0.88 0.12
0.507 0.493
4
0.494 0.506
0.043 0.957
4
0.699 0.301
0.825 0.175
4
0.983 0.017
0.734 0.266
4
0.913 0.087
0.328 0.672
4
0.237 0.763
0.69 0.31
4
0.546 0.454
0.954 0.046
4
0.289 0.711
0.114 0.886
4
0.946 0.054
0.301 0.699
4
0.404 0.596
0.614 0.386
4
0.513 0.487
0.609 0.391
4
0.672 0.328
0.158 0.842
4
0.421 0.579
0.623 0.377
4
0.443 0.557
0.858 0.142
4
0.19 0.81
0.807 0.193
4
0.341 0.659
0.408 0.592
4
0.932 0.068
0.681 0.319
4
0.558 0.442
0.417 0.583
4
0.699 0.301
0.714 0.286
4
0.471 0.529
0.921 0.079
4
0.013 0.987
0.965 0.035
4
0.41 0.59
0.284 0.716
4
0.104 0.896
0.152 0.848
4
0.088 0.912
0.018 0.982
4
0.293 0.707
0.735 0.265
4
0.271 0.729
0.263 0.737
4
0.401 0.599
0.699 0.301
4
0.021 0.979
0.564 0.436
4
0.386 0.614
0.192 0.808
4
0.296 0.704
0.283 0.717
4
0.817 0.183
0.915 0.085
4
0.656 0.344
0.387 0.613
4
0.209 0.791
0.653 0.347
4
0.118 0.882
0.621 0.379
4
0.504 0.496
0.439 0.561
4
0.875 0.125
0.981 0.019
4
0.137 0.863
0.946 0.054
4
0.276 0.724
0.633 0.367
4
0.595 0.405
0.512 0.488
