V-CREDAL 
6 
2 2 2 3 3 2 
6 
2 2 0 
2 0 1 
1 2 
1 3 
3 2 5 4 
2 3 5 

4 
0.16285 0.83715 
0.98687 0.01313 
4 
0.24839 0.75161 
0.25659 0.74341 

4 
0.15598 0.84402 
0.62597 0.37403 
4 
0.3069 0.6931 
0.50116 0.49884 

4 
0.0484 0.9516 
0.33221 0.66779 

18 
0.01555 0.22751 0.75694 
0.94906 0.00519 0.04575 
0.66783 0.29833 0.03384 
0.2698 0.65479 0.07541 
0.24177 0.04354 0.71469 
0.06163 0.66764 0.27073 

18 
0.06931 0.64881 0.28188 
0.51484 0.00747 0.47769 
0.00724 0.00119 0.99157 
0.25133 0.69521 0.05346 
0.94676 0.03544 0.0178 
0.10627 0.76876 0.12497 
18 
0.79482 0.16852 0.03666 
0.22675 0.21586 0.55739 
0.89491 0.01653 0.08856 
0.32053 0.46785 0.21162 
0.18484 0.44492 0.37024 
0.7555 0.20261 0.04189 
18 
0.00188 0.98399 0.01413 
0.01147 0.00209 0.98644 
0.33158 0.66372 0.0047 
0.97049 0.02339 0.00612 
0.95505 0.00403 0.04092 
0.0042 0.01321 0.98259 
18 
0.56601 0.39928 0.03471 
0.79798 0.08918 0.11284 
0.02203 0.00754 0.97043 
0.03468 0.49559 0.46973 
0.11688 0.84919 0.03393 
0.43865 0.018 0.54335 

4 
0.00121 0.99879 
0.28156 0.71844 
4 
0.94701 0.05299 
0.93172 0.06828 
4 
0.39004 0.60996 
0.45358 0.54642 
