V-CREDAL 
6 
2 4 4 2 3 3 
6 
1 0 
2 0 1 
2 1 2 
2 2 3 
2 3 4 
2 4 5 

4 
0.87908 0.12092 
0.85602 0.14398 

16 
0.52767 0.08052 0.05758 0.33423 
0.45966 0.11921 0.11645 0.30468 
0.04521 0.13663 0.39914 0.41902 
0.62976 0.22467 0.02565 0.11992 
16 
0.26909 0.67953 0.01821 0.03317 
0.28391 0.15979 0.53438 0.02192 
0.64015 0.04108 0.22952 0.08925 
0.92482 0.01853 0.04563 0.01102 

16 
0.01785 0.14823 0.81326 0.02066 
0.0089 0.37951 0.58044 0.03115 
0.04541 0.00132 0.36359 0.58968 
0.5301 0.22894 0.08163 0.15933 
16 
0.19227 0.37686 0.40105 0.02982 
0.30023 0.24736 0.15483 0.29758 
0.03955 0.09887 0.7088 0.15278 
0.37957 0.05293 0.10837 0.45913 
16 
0.02783 0.36279 0.42721 0.18217 
0.04173 0.51204 0.27602 0.17021 
0.00506 0.1546 0.79635 0.04399 
0.09808 0.02729 0.70396 0.17067 
16 
0.01233 0.51554 0.05038 0.42175 
0.07389 0.03093 0.83237 0.06281 
0.07198 0.61794 0.30839 0.00169 
0.07484 0.21739 0.4022 0.30557 

4 
0.09878 0.90122 
0.5626 0.4374 
4 
0.22 0.78 
0.31751 0.68249 
4 
0.1349 0.8651 
0.08288 0.91712 
4 
0.01788 0.98212 
0.16166 0.83834 

12 
0.08075 0.73893 0.18032 
0.03736 0.07816 0.88448 
0.93381 0.05544 0.01075 
0.40127 0.49143 0.1073 
12 
0.70377 0.17469 0.12154 
0.10571 0.6595 0.23479 
0.09889 0.27825 0.62286 
0.20641 0.76426 0.02933 

12 
0.45144 0.1319 0.41666 
0.01499 0.27209 0.71292 
0.62223 0.25967 0.1181 
0.75066 0.24853 8.1E-4 
12 
0.13874 0.35373 0.50753 
0.20125 0.77838 0.02037 
0.71985 0.14123 0.13892 
0.07148 0.61613 0.31239 
12 
0.63816 0.00472 0.35712 
0.29241 0.15262 0.55497 
0.90267 0.0768 0.02053 
0.00523 0.00102 0.99375 
