V-CREDAL 
8 
3 2 2 2 3 2 3 2 
8 
1 0 
1 1 
1 2 
2 2 3 
2 2 4 
4 1 4 6 5 
2 7 6 
2 0 7 

12 
0.36087 0.19366 0.44547 
0.11262 0.0175 0.86988 
0.1613 0.66264 0.17606 
0.08189 0.12557 0.79254 

4 
0.09882 0.90118 
0.75903 0.24097 

4 
0.96357 0.03643 
0.43291 0.56709 

4 
0.88002 0.11998 
0.57136 0.42864 
4 
0.5173 0.4827 
0.90715 0.09285 

12 
0.0204 0.17521 0.80439 
0.14695 0.02256 0.83049 
0.19105 0.64377 0.16518 
0.52239 0.1184 0.35921 
12 
0.00532 0.99228 0.0024 
0.2862 0.10853 0.60527 
0.05276 0.17409 0.77315 
0.06746 0.80683 0.12571 

4 
0.80021 0.19979 
0.68675 0.31325 
4 
0.72008 0.27992 
0.58997 0.41003 
4 
0.3934 0.6066 
0.28419 0.71581 
4 
0.34845 0.65155 
0.04219 0.95781 
4 
0.58218 0.41782 
0.44403 0.55597 
4 
0.11948 0.88052 
0.32861 0.67139 
4 
0.87347 0.12653 
0.48553 0.51447 
4 
0.43524 0.56476 
0.81613 0.18387 
4 
0.35381 0.64619 
0.69617 0.30383 
4 
0.17327 0.82673 
0.41895 0.58105 
4 
0.77475 0.22525 
0.76918 0.23082 
4 
0.20283 0.79717 
0.99686 0.00314 
4 
0.04348 0.95652 
0.47971 0.52029 
4 
0.5712 0.4288 
0.69994 0.30006 
4 
0.53685 0.46315 
0.38871 0.61129 
4 
0.38003 0.61997 
0.52576 0.47424 
4 
0.56058 0.43942 
0.8445 0.1555 
4 
0.41498 0.58502 
0.78866 0.21134 

12 
0.57464 0.02944 0.39592 
0.0996 0.38365 0.51675 
0.46847 0.01362 0.51791 
0.43961 0.13032 0.43007 
12 
0.68423 0.02724 0.28853 
0.35475 0.07352 0.57173 
0.06338 0.92 0.01662 
0.65375 0.10479 0.24146 

4 
0.30273 0.69727 
0.33507 0.66493 
4 
0.47017 0.52983 
0.45482 0.54518 
4 
0.52297 0.47703 
0.833 0.167 
