V-CREDAL
8
3 4 4 2 2 2 3 4
8
2 2 0
1 1
2 1 2
4 1 4 5 3
1 4
1 5
2 0 6
2 5 7

12
0.61 0.072 0.318
0.111 0.152 0.737
0.84 0.144 0.016
0.364 0.374 0.262
12
0.163 0.794 0.043
0.038 0.114 0.848
0.617 0.345 0.038
0.652 0.238 0.11
12
0.528 0.154 0.318
0.444 0.376 0.18
0.134 0.428 0.438
0.029 0.872 0.099
12
0.374 0.486 0.14
0.215 0.254 0.531
0.206 0.399 0.395
0.79 0.127 0.083

16
0.004 0.077 0.918 0.001
0.096 0.197 0.131 0.576
0.422 0.256 0.056 0.266
0.034 0.123 0.775 0.068

16
0.008 0.023 0.886 0.083
0.539 0.017 0.381 0.063
0.388 0.127 0.251 0.234
0.06 0.055 0.063 0.822
16
0.095 0.077 0.033 0.795
0.01 0.029 0.78 0.181
0.094 0.575 0.005 0.326
0.894 0.025 0.034 0.047
16
0.697 0.005 0.244 0.054
0.368 0.023 0.227 0.382
0.06 0.835 0.033 0.072
0.357 0.111 0.153 0.379
16
0.003 0.932 0.061 0.004
0.035 0.885 0.004 0.076
0.615 0.09 0.111 0.184
0.601 0.029 0.21 0.16

4
0.719 0.281
0.303 0.697
4
0.571 0.429
0.727 0.273
4
0.561 0.439
0.547 0.453
4
0.115 0.885
0.514 0.486
4
0.02 0.98
0.672 0.328
4
0.04 0.96
0.851 0.149
4
0.281 0.719
0.026 0.974
4
0.754 0.246
0.048 0.952
4
0.441 0.559
0.721 0.279
4
0.853 0.147
0.58 0.42
4
0.683 0.317
0.502 0.498
4
0.231 0.769
0.997 0.003
4
0.359 0.641
0.658 0.342
4
0.329 0.671
0.18 0.82
4
0.406 0.594
0.362 0.638
4
0.574 0.426
0.379 0.621

4
0.81 0.19
0.451 0.549

4
0.017 0.983
0.502 0.498

12
0.084 0.236 0.68
0.01 0.988 0.002
0.427 0.315 0.258
0.033 0.226 0.741
12
0.009 0.007 0.984
0.051 0.651 0.298
0.305 0.585 0.11
0.975 0.003 0.022
12
0.128 0.351 0.521
0.173 0.688 0.139
0.011 0.678 0.311
0.556 0.196 0.248

16
0.024 0.186 0.385 0.405
0.89 0.001 0.091 0.018
0.008 0.132 0.506 0.354
0.075 0.015 0.503 0.407
16
0.014 0.325 0.016 0.645
0.126 0.417 0.255 0.202
0.276 0.527 0.071 0.126
0.001 0.002 0.001 0.996
