V-CREDAL 
10 
2 2 3 3 2 3 3 3 3 3 
10 
2 7 0 
1 1 
2 7 2 
2 4 3 
2 5 4 
2 1 5 
2 8 6 
2 4 7 
2 7 8 
2 7 9 

4 
0.58986 0.41014 
0.72404 0.27596 
4 
0.25046 0.74954 
0.7957 0.2043 
4 
0.16945 0.83055 
0.92677 0.07323 

4 
0.8931 0.1069 
0.72855 0.27145 

18 
0.01709 0.94218 0.04073 
0.99286 0.00697 1.7E-4 
0.07817 0.31158 0.61025 
0.1947 0.04031 0.76499 
0.00622 0.57996 0.41382 
0.0149 0.47503 0.51007 
18 
0.0423 0.5641 0.3936 
0.0084 0.97754 0.01406 
0.14058 0.28396 0.57546 
0.01595 0.85518 0.12887 
0.7204 0.21264 0.06696 
0.09318 0.32081 0.58601 
18 
0.65989 0.00418 0.33593 
0.39933 0.09276 0.50791 
0.14095 0.75811 0.10094 
0.11918 0.54897 0.33185 
0.19056 0.32727 0.48217 
0.308 0.62149 0.07051 

18 
0.01499 0.11239 0.87262 
0.96939 0.01776 0.01285 
0.19821 0.40328 0.39851 
0.66955 0.30183 0.02862 
0.57847 0.33321 0.08832 
0.71908 0.01961 0.26131 
18 
6.3E-4 0.02025 0.97912 
0.88547 0.07207 0.04246 
0.87097 0.10028 0.02875 
0.01271 0.97352 0.01377 
0.78614 0.00588 0.20798 
0.72473 0.00587 0.2694 

4 
0.30611 0.69389 
0.80494 0.19506 
4 
0.74425 0.25575 
0.26732 0.73268 
4 
0.62517 0.37483 
0.40093 0.59907 

18 
0.54688 0.33311 0.12001 
0.10656 0.01279 0.88065 
0.05336 0.70645 0.24019 
0.83098 0.09122 0.0778 
0.04934 0.14018 0.81048 
0.75492 0.07296 0.17212 
18 
0.75114 0.02496 0.2239 
0.39907 0.03449 0.56644 
0.12468 0.2326 0.64272 
0.0661 0.84486 0.08904 
0.53366 0.37993 0.08641 
0.73422 0.1656 0.10018 

18 
0.7891 0.11888 0.09202 
0.01264 0.11425 0.87311 
0.08403 0.6009 0.31507 
0.03843 6.3E-4 0.96094 
0.12865 0.76965 0.1017 
0.32918 0.01346 0.65736 
18 
0.14055 0.06306 0.79639 
0.01152 0.96752 0.02096 
0.00136 0.08982 0.90882 
0.98887 0.0057 0.00543 
0.91566 0.08032 0.00402 
0.59854 0.00969 0.39177 
18 
0.25688 0.02287 0.72025 
0.99767 0.00218 1.5E-4 
0.00554 0.25963 0.73483 
0.05036 0.89408 0.05556 
0.1101 0.03552 0.85438 
0.03713 0.12126 0.84161 

18 
0.87203 0.04343 0.08454 
0.03571 0.06804 0.89625 
0.05826 0.82885 0.11289 
0.13786 0.0301 0.83204 
0.01955 0.64348 0.33697 
0.42793 0.53197 0.0401 
18 
0.00144 0.40353 0.59503 
0.89093 0.0814 0.02767 
0.00902 0.61197 0.37901 
0.19805 0.79691 0.00504 
4.3E-4 3.4E-4 0.99923 
0.15137 0.80075 0.04788 

18 
0.9873 3.8E-4 0.01232 
0.45757 0.02368 0.51875 
0.06141 0.89442 0.04417 
0.03144 0.84902 0.11954 
0.05534 0.07467 0.86999 
0.09502 0.06147 0.84351 
18 
0.97882 0.00772 0.01346 
0.05893 0.42742 0.51365 
0.35263 0.53469 0.11268 
0.14954 0.13284 0.71762 
0.01638 0.22556 0.75806 
0.01685 0.33562 0.64753 
18 
0.1491 0.81546 0.03544 
0.00392 0.03848 0.9576 
0.99319 1.6E-4 0.00665 
0.03287 0.64611 0.32102 
0.04148 0.02065 0.93787 
0.04388 0.69367 0.26245 

18 
0.65385 0.14822 0.19793 
0.20871 0.05285 0.73844 
0.44137 0.08181 0.47682 
0.02084 0.5497 0.42946 
0.2461 0.6909 0.063 
0.16523 0.06651 0.76826 
18 
0.01107 0.0568 0.93213 
0.13344 0.00802 0.85854 
0.98822 0.00235 0.00943 
0.14612 0.48512 0.36876 
0.56911 0.3271 0.10379 
0.80929 0.184 0.00671 
18 
0.46316 0.13848 0.39836 
0.16785 0.80287 0.02928 
0.39698 0.14347 0.45955 
0.37369 0.51802 0.10829 
2.0E-5 0.99909 8.9E-4 
0.22061 0.51718 0.26221 
