V-CREDAL 
4 
3 3 4 2 
4 
1 0 
2 0 1 
2 1 2 
2 2 3 

12 
0.42471 0.54632 0.02897 
0.50073 0.03642 0.46285 
0.01292 0.98101 0.00607 
0.63579 0.00606 0.35815 

12 
0.84983 0.01985 0.13032 
0.22271 0.47989 0.2974 
0.99655 0.00208 0.00137 
0.01707 0.95949 0.02344 
12 
0.26593 0.01606 0.71801 
0.73157 0.24961 0.01882 
0.13529 0.59958 0.26513 
0.06889 0.31632 0.61479 
12 
0.59996 0.25794 0.1421 
8.0E-5 0.98829 0.01163 
0.37168 0.04328 0.58504 
0.2047 0.76747 0.02783 

16 
0.23305 0.15265 0.18869 0.42561 
0.03002 0.43104 0.20086 0.33808 
0.01647 0.12011 0.72664 0.13678 
0.29155 0.4094 0.2403 0.05875 
16 
0.95327 0.01715 0.0142 0.01538 
0.03752 0.78615 0.00311 0.17322 
0.0081 0.14645 0.64666 0.19879 
0.12933 0.21732 0.63383 0.01952 
16 
0.16748 0.02238 0.62292 0.18722 
0.0058 0.23731 0.68822 0.06867 
0.07114 0.0381 0.37335 0.51741 
0.43014 0.09354 0.47457 0.00175 

4 
0.31831 0.68169 
0.09944 0.90056 
4 
0.28898 0.71102 
0.08393 0.91607 
4 
0.23333 0.76667 
0.04538 0.95462 
4 
0.10382 0.89618 
0.15411 0.84589 
