V-CREDAL
10
2 3 4 3 4 4 2 2 4 4
10
1 0
2 0 1
2 1 2
2 2 3
2 3 4
2 4 5
2 5 6
2 6 7
2 7 8
2 8 9

4
0.783 0.217
0.002 0.998

12
0.12 0.111 0.769
0.09 0.214 0.696
0.379 0.016 0.605
0.173 0.194 0.633
12
0.056 0.246 0.698
0.09 0.835 0.075
0.883 0.012 0.105
0.216 0.14 0.644

16
0.322 0.099 0.065 0.514
0.016 0.247 0.184 0.553
0.01 0.003 0.064 0.923
0.126 0.412 0.412 0.05
16
0.129 0.001 0.004 0.866
0.248 0.741 0.0 0.011
0.687 0.23 0.043 0.04
0.344 0.173 0.35 0.133
16
0.229 0.258 0.005 0.508
0.204 0.44 0.002 0.354
0.013 0.008 0.785 0.194
0.201 0.213 0.069 0.517

12
0.017 0.013 0.97
0.074 0.836 0.09
0.864 0.078 0.058
0.523 0.019 0.458
12
0.066 0.886 0.048
0.129 0.865 0.006
0.044 0.732 0.224
0.078 0.668 0.254
12
0.121 0.535 0.344
0.716 0.037 0.247
0.044 0.004 0.952
0.005 0.432 0.563
12
0.602 0.073 0.325
0.505 0.458 0.037
0.137 0.781 0.082
0.5 0.228 0.272

16
0.231 0.013 0.026 0.73
0.111 0.455 0.4 0.034
0.198 0.052 0.226 0.524
0.002 0.024 0.94 0.034
16
0.283 0.308 0.084 0.325
0.305 0.364 0.212 0.119
0.118 0.049 0.293 0.54
0.329 0.604 0.058 0.009
16
0.393 0.529 0.068 0.01
0.019 0.11 0.194 0.677
0.143 0.015 0.016 0.826
0.304 0.553 0.046 0.097

16
0.159 0.115 0.35 0.376
0.022 0.803 0.057 0.118
0.02 0.905 0.033 0.042
0.275 0.401 0.162 0.162
16
0.291 0.06 0.42 0.229
0.075 0.307 0.052 0.566
0.681 0.0 0.317 0.002
0.038 0.125 0.333 0.504
16
0.067 0.013 0.105 0.815
0.436 0.143 0.198 0.223
0.248 0.557 0.187 0.008
0.478 0.067 0.412 0.043
16
0.038 0.104 0.502 0.356
0.669 0.089 0.07 0.172
0.038 0.016 0.504 0.442
0.344 0.474 0.054 0.128

4
0.847 0.153
0.807 0.193
4
0.103 0.897
0.016 0.984
4
0.356 0.644
0.694 0.306
4
0.055 0.945
0.213 0.787

4
0.808 0.192
0.947 0.053
4
0.128 0.872
0.123 0.877

16
0.525 0.465 0.006 0.004
0.226 0.654 0.025 0.095
0.622 0.356 0.007 0.015
0.051 0.08 0.787 0.082
16
0.029 0.065 0.164 0.742
0.641 0.058 0.01 0.291
0.046 0.063 0.63 0.261
0.046 0.917 0.004 0.033

16
0.526 0.367 0.044 0.063
0.015 0.017 0.954 0.014
0.015 0.003 0.737 0.245
0.441 0.242 0.035 0.282
16
0.55 0.31 0.013 0.127
0.47 0.05 0.468 0.012
0.998 0.0 0.002 0.0
0.001 0.008 0.277 0.714
16
0.519 0.016 0.34 0.125
0.15 0.003 0.628 0.219
0.24 0.142 0.325 0.293
0.231 0.765 0.004 0.0
16
0.02 0.127 0.776 0.077
0.008 0.313 0.013 0.666
0.509 0.044 0.04 0.407
0.032 0.73 0.004 0.234
