V-CREDAL 
10 
2 2 3 3 2 3 3 3 3 3 
10 
2 7 0 
1 1 
2 7 2 
2 4 3 
2 5 4 
2 1 5 
2 8 6 
2 4 7 
2 7 8 
2 7 9 

4 
0.50196 0.49804 
0.92479 0.07521 
4 
0.20105 0.79895 
0.46436 0.53564 
4 
0.96817 0.03183 
0.81048 0.18952 

4 
0.88355 0.11645 
0.48765 0.51235 

12 
0.2521 0.6346 0.1133 
0.40923 0.09457 0.4962 
0.30084 0.0994 0.59976 
0.27887 0.33735 0.38378 
12 
0.07961 0.03154 0.88885 
0.14808 0.79986 0.05206 
0.71882 0.2538 0.02738 
0.02005 0.1194 0.86055 
12 
0.0428 0.8991 0.0581 
0.1609 0.8294 0.0097 
0.36102 0.33542 0.30356 
0.07251 0.51398 0.41351 

12 
0.77474 0.13469 0.09057 
0.55085 0.21081 0.23834 
0.06852 0.68119 0.25029 
0.04788 0.43456 0.51756 
12 
0.07195 0.0132 0.91485 
0.97803 0.00982 0.01215 
0.18174 0.68464 0.13362 
0.09917 0.38047 0.52036 

4 
0.40914 0.59086 
0.35698 0.64302 
4 
0.14211 0.85789 
0.93219 0.06781 
4 
0.81513 0.18487 
0.5349 0.4651 

12 
0.45 0.52017 0.02983 
0.6753 0.29803 0.02667 
0.13931 0.23833 0.62236 
0.17552 0.28888 0.5356 
12 
0.247 0.4113 0.3417 
0.25824 0.05291 0.68885 
0.03354 0.22352 0.74294 
0.79145 0.0459 0.16265 

12 
0.36041 0.03564 0.60395 
0.07028 0.83184 0.09788 
0.01266 0.95302 0.03432 
0.01776 0.38464 0.5976 
12 
0.05316 0.056 0.89084 
0.63942 0.34414 0.01644 
0.28744 0.5575 0.15506 
0.08117 0.03706 0.88177 
12 
0.63521 0.30218 0.06261 
0.56879 0.40941 0.0218 
0.25863 0.53938 0.20199 
0.07222 0.60931 0.31847 

12 
0.03906 0.00899 0.95195 
0.01255 0.42864 0.55881 
0.72482 0.08414 0.19104 
0.75817 0.05365 0.18818 
12 
0.64973 0.2231 0.12717 
0.0059 0.11289 0.88121 
0.00493 0.00184 0.99323 
0.36637 0.60276 0.03087 

12 
0.7314 0.14798 0.12062 
0.86574 0.11658 0.01768 
0.104 0.02737 0.86863 
0.31433 0.03915 0.64652 
12 
0.03752 0.55759 0.40489 
0.22378 0.21861 0.55761 
0.66583 0.01897 0.3152 
0.90172 0.03007 0.06821 
12 
0.08089 0.54763 0.37148 
0.39049 0.06534 0.54417 
0.22112 0.63034 0.14854 
0.63774 0.34717 0.01509 

12 
0.00905 0.01184 0.97911 
0.06553 0.58971 0.34476 
0.37364 0.0288 0.59756 
0.45906 0.36773 0.17321 
12 
0.14288 0.40048 0.45664 
0.25666 0.04973 0.69361 
0.26765 0.71953 0.01282 
0.07572 0.88051 0.04377 
12 
0.76186 0.0498 0.18834 
0.0798 0.65364 0.26656 
0.09925 0.88812 0.01263 
0.29992 0.25494 0.44514 
