V-CREDAL
8
3 2 2 2 3 3 4 4
8
1 0
2 0 1
2 1 2
2 2 3
2 3 4
2 4 5
2 5 6
2 6 7

18
0.716 0.096 0.188
0.426 0.49 0.084
0.206 0.321 0.473
0.001 0.075 0.924
0.787 0.194 0.019
0.033 0.041 0.926

4
0.856 0.144
0.643 0.357
4
0.615 0.385
0.375 0.625
4
0.505 0.495
0.267 0.733

4
0.806 0.194
0.049 0.951
4
0.751 0.249
0.088 0.912

4
0.018 0.982
0.503 0.497
4
0.332 0.668
0.123 0.877

18
0.004 0.091 0.905
0.23 0.125 0.645
0.094 0.886 0.02
0.344 0.312 0.344
0.014 0.979 0.007
0.008 0.946 0.046
18
0.007 0.92 0.073
0.411 0.094 0.495
0.06 0.913 0.027
0.107 0.091 0.802
0.618 0.369 0.013
0.006 0.947 0.047

18
0.119 0.018 0.863
0.083 0.438 0.479
0.324 0.57 0.106
0.453 0.515 0.032
0.355 0.035 0.61
0.453 0.381 0.166
18
0.085 0.003 0.912
0.027 0.103 0.87
0.183 0.767 0.05
0.973 0.016 0.011
0.12 0.773 0.107
0.078 0.56 0.362
18
0.688 0.009 0.303
0.856 0.11 0.034
0.32 0.034 0.646
0.032 0.51 0.458
0.184 0.726 0.09
0.468 0.482 0.05

24
0.658 0.01 0.285 0.047
0.01 0.014 0.399 0.577
0.697 0.035 0.043 0.225
0.004 0.049 0.041 0.906
0.179 0.039 0.014 0.768
0.043 0.012 0.018 0.927
24
0.312 0.058 0.01 0.62
0.296 0.106 0.48 0.118
0.072 0.684 0.221 0.023
0.152 0.595 0.089 0.164
0.019 0.129 0.799 0.053
0.002 0.045 0.599 0.354
24
0.022 0.407 0.289 0.282
0.033 0.23 0.034 0.703
0.045 0.733 0.146 0.076
0.11 0.01 0.842 0.038
0.595 0.173 0.031 0.201
0.007 0.648 0.226 0.119

24
0.037 0.015 0.75 0.198
0.484 0.018 0.13 0.368
0.245 0.507 0.212 0.036
0.005 0.183 0.637 0.175
0.293 0.529 0.002 0.176
0.244 0.271 0.217 0.268
24
0.002 0.077 0.607 0.314
0.039 0.016 0.216 0.729
0.036 0.631 0.329 0.004
0.727 0.076 0.174 0.023
0.404 0.356 0.143 0.097
0.493 0.219 0.273 0.015
24
0.035 0.008 0.064 0.893
0.317 0.063 0.511 0.109
0.181 0.014 0.031 0.774
0.175 0.146 0.187 0.492
0.033 0.158 0.785 0.024
0.024 0.46 0.478 0.038
24
0.187 0.237 0.197 0.379
0.102 0.687 0.151 0.06
0.579 0.387 0.026 0.008
0.488 0.2 0.175 0.137
0.391 0.387 0.021 0.201
0.053 0.929 0.012 0.006
