V-CREDAL
10
4 2 4 3 4 2 2 4 4 2
10
1 0
2 0 1
2 1 2
2 2 3
2 3 4
2 4 5
2 5 6
2 6 7
2 7 8
2 8 9

16
0.173 0.027 0.246 0.554
0.012 0.207 0.082 0.699
0.032 0.517 0.025 0.426
0.475 0.04 0.202 0.283

4
0.159 0.841
0.605 0.395
4
0.631 0.369
0.815 0.185
4
0.447 0.553
0.495 0.505
4
0.048 0.952
0.617 0.383

16
0.145 0.079 0.513 0.263
0.596 0.199 0.19 0.015
0.055 0.061 0.844 0.04
0.043 0.65 0.128 0.179
16
0.216 0.01 0.737 0.037
0.035 0.067 0.01 0.888
0.152 0.526 0.013 0.309
0.414 0.034 0.293 0.259

12
0.07 0.066 0.864
0.4 0.05 0.55
0.054 0.036 0.91
0.736 0.114 0.15
12
0.045 0.847 0.108
0.315 0.219 0.466
0.384 0.614 0.002
0.888 0.086 0.026
12
0.793 0.005 0.202
0.859 0.137 0.004
0.276 0.067 0.657
0.273 0.549 0.178
12
0.013 0.021 0.966
0.862 0.137 0.001
0.025 0.972 0.003
0.934 0.034 0.032

16
0.064 0.262 0.458 0.216
0.052 0.584 0.243 0.121
0.013 0.054 0.915 0.018
0.006 0.84 0.042 0.112
16
0.86 0.002 0.137 0.001
0.039 0.216 0.741 0.004
0.005 0.409 0.52 0.066
0.074 0.001 0.001 0.924
16
0.061 0.043 0.688 0.208
0.001 0.001 0.003 0.995
0.869 0.016 0.074 0.041
0.746 0.232 0.0 0.022

4
0.745 0.255
0.052 0.948
4
0.732 0.268
0.872 0.128
4
0.953 0.047
0.702 0.298
4
0.44 0.56
0.35 0.65

4
0.897 0.103
0.798 0.202
4
0.612 0.388
0.809 0.191

16
0.256 0.128 0.272 0.344
0.392 0.054 0.499 0.055
0.418 0.399 0.028 0.155
0.754 0.172 0.039 0.035
16
0.141 0.337 0.102 0.42
0.046 0.794 0.114 0.046
0.077 0.218 0.082 0.623
0.003 0.875 0.007 0.115

16
0.0 0.008 0.013 0.979
0.491 0.272 0.0 0.237
0.017 0.595 0.353 0.035
0.41 0.028 0.297 0.265
16
0.225 0.103 0.499 0.173
0.2 0.01 0.543 0.247
0.133 0.112 0.257 0.498
0.218 0.054 0.041 0.687
16
0.003 0.627 0.224 0.146
0.425 0.016 0.525 0.034
0.109 0.193 0.22 0.478
0.217 0.131 0.548 0.104
16
0.161 0.315 0.108 0.416
0.102 0.413 0.474 0.011
0.601 0.062 0.065 0.272
0.127 0.727 0.099 0.047

4
0.082 0.918
0.132 0.868
4
0.893 0.107
0.849 0.151
4
0.062 0.938
0.635 0.365
4
0.145 0.855
0.302 0.698
