V-CREDAL
6
2 3 4 2 4 4
6
3 3 5 0
2 2 1
1 2
1 3
1 4
3 1 4 5

4
0.559 0.441
0.321 0.679
4
0.245 0.755
0.983 0.017
4
0.834 0.166
0.518 0.482
4
0.403 0.597
0.368 0.632
4
0.865 0.135
0.89 0.11
4
0.379 0.621
0.049 0.951
4
0.458 0.542
0.252 0.748
4
0.333 0.667
0.578 0.422

12
0.024 0.76 0.216
0.687 0.008 0.305
0.27 0.595 0.135
0.512 0.37 0.118
12
0.118 0.76 0.122
0.277 0.047 0.676
0.737 0.22 0.043
0.111 0.251 0.638
12
0.131 0.819 0.05
0.908 0.035 0.057
0.097 0.36 0.543
0.756 0.205 0.039
12
0.359 0.582 0.059
0.084 0.109 0.807
0.012 0.895 0.093
0.038 0.076 0.886

16
0.1 0.712 0.124 0.064
0.095 0.154 0.074 0.677
0.069 0.207 0.359 0.365
0.519 0.157 0.211 0.113

4
0.524 0.476
0.119 0.881

16
0.07 0.581 0.231 0.118
0.695 0.005 0.009 0.291
0.143 0.656 0.013 0.188
0.739 0.255 0.002 0.004

16
0.073 0.402 0.137 0.388
0.668 0.246 0.01 0.076
0.756 0.114 0.041 0.089
0.056 0.012 0.147 0.785
16
0.425 0.247 0.262 0.066
0.097 0.024 0.064 0.815
0.29 0.202 0.139 0.369
0.426 0.042 0.328 0.204
16
0.042 0.891 0.055 0.012
0.835 0.064 0.034 0.067
0.106 0.102 0.045 0.747
0.922 0.032 0.038 0.008
16
0.278 0.394 0.279 0.049
0.077 0.084 0.309 0.53
0.021 0.691 0.135 0.153
0.026 0.446 0.511 0.017
16
0.265 0.481 0.155 0.099
0.047 0.061 0.255 0.637
0.414 0.201 0.052 0.333
0.207 0.586 0.2 0.007
16
0.258 0.172 0.509 0.061
0.002 0.626 0.216 0.156
0.17 0.395 0.417 0.018
0.155 0.288 0.181 0.376
16
0.179 0.641 0.083 0.097
0.111 0.645 0.108 0.136
0.101 0.206 0.269 0.424
0.063 0.58 0.028 0.329
16
0.189 0.035 0.492 0.284
0.422 0.448 0.111 0.019
0.564 0.285 0.098 0.053
0.726 0.217 0.003 0.054
16
0.224 0.558 0.106 0.112
0.254 0.078 0.078 0.59
0.473 0.33 0.004 0.193
0.102 0.499 0.023 0.376
16
0.104 0.764 0.039 0.093
0.034 0.477 0.459 0.03
0.009 0.003 0.036 0.952
0.491 0.237 0.126 0.146
16
0.015 0.017 0.112 0.856
0.866 0.008 0.01 0.116
0.438 0.031 0.154 0.377
0.011 0.007 0.178 0.804
16
0.145 0.044 0.722 0.089
0.02 0.326 0.654 0.0
0.883 0.061 0.011 0.045
0.003 0.798 0.198 0.001
