V-CREDAL 
4 
3 4 3 3 
4 
1 0 
2 0 1 
2 1 2 
2 2 3 

18 
0.208 0.786 0.006 
0.568 0.041 0.391 
0.223 0.269 0.508 
0.009 0.967 0.024 
0.694 0.021 0.285 
0.673 0.141 0.186 

24 
0.956 0.026 0.015 0.003 
0.237 0.066 0.07 0.627 
0.904 0.007 0.087 0.002 
0.117 0.406 0.229 0.248 
0.216 0.524 0.234 0.026 
0.116 0.592 0.066 0.226 
24 
0.138 0.049 0.333 0.48 
0.176 0.628 0.185 0.011 
0.008 0.033 0.483 0.476 
0.674 0.28 0.04 0.006 
0.002 0.921 0.074 0.003 
0.323 0.138 0.166 0.373 
24 
0.538 0.452 0.001 0.009 
0.001 0.009 0.486 0.504 
0.225 0.435 0.047 0.293 
0.208 0.643 0.1 0.049 
0.026 0.011 0.002 0.961 
0.915 0.05 0.031 0.004 

18 
0.005 0.904 0.091 
0.158 0.147 0.695 
0.295 0.066 0.639 
0.826 0.17 0.004 
0.131 0.797 0.072 
0.917 0.038 0.045 
18 
0.185 0.732 0.083 
0.197 0.068 0.735 
0.833 0.079 0.088 
0.005 0.561 0.434 
0.623 0.322 0.055 
0.018 0.69 0.292 
18 
0.334 0.163 0.503 
0.431 0.049 0.52 
0.026 0.928 0.046 
0.464 0.202 0.334 
0.326 0.671 0.003 
0.468 0.354 0.178 
18 
0.089 0.05 0.861 
0.865 0.059 0.076 
0.55 0.012 0.438 
0.011 0.834 0.155 
0.031 0.273 0.696 
0.033 0.914 0.053 

18 
0.082 0.008 0.91 
0.017 0.814 0.169 
0.209 0.783 0.008 
0.862 0.102 0.036 
0.05 0.943 0.007 
0.012 0.908 0.08 
18 
0.264 0.121 0.615 
0.009 0.792 0.199 
0.924 0.036 0.04 
0.01 0.933 0.057 
0.023 0.182 0.795 
0.261 0.7 0.039 
18 
0.441 0.553 0.006 
0.254 0.005 0.741 
0.002 0.003 0.995 
0.003 0.979 0.018 
0.983 0.011 0.006 
0.807 0.189 0.004 
