V-CREDAL 
4 
4 4 3 2 
4 
1 0 
1 1 
2 1 2 
3 0 2 3 

16 
0.3063 0.0324 0.27167 0.38963 
0.65954 0.01413 0.31956 0.00677 
0.27005 0.20246 0.15433 0.37316 
0.01143 0.08294 0.81869 0.08694 

16 
0.05278 0.9273 0.01753 0.00239 
0.01343 0.15717 0.63873 0.19067 
0.01325 0.03012 0.13123 0.8254 
0.31571 0.09187 0.08551 0.50691 

12 
0.46995 0.22825 0.3018 
0.40125 0.21509 0.38366 
0.10575 0.88857 0.00568 
0.04664 0.94202 0.01134 
12 
0.10178 0.55142 0.3468 
0.481 0.13976 0.37924 
0.35249 0.02123 0.62628 
0.013 0.15488 0.83212 
12 
0.19022 0.69059 0.11919 
0.08267 0.77912 0.13821 
0.32874 0.17223 0.49903 
0.02903 0.09971 0.87126 
12 
0.00138 0.81705 0.18157 
0.66098 0.31095 0.02807 
0.38273 0.20605 0.41122 
0.58115 0.13526 0.28359 

4 
0.4824 0.5176 
0.97174 0.02826 
4 
0.40941 0.59059 
0.25729 0.74271 
4 
0.11844 0.88156 
0.3876 0.6124 
4 
0.08222 0.91778 
0.84932 0.15068 
4 
0.43434 0.56566 
0.69844 0.30156 
4 
0.41245 0.58755 
0.89425 0.10575 
4 
0.2404 0.7596 
0.2471 0.7529 
4 
0.26799 0.73201 
0.65937 0.34063 
4 
0.81744 0.18256 
0.92565 0.07435 
4 
0.69452 0.30548 
0.62355 0.37645 
4 
0.29377 0.70623 
0.65046 0.34954 
4 
0.58618 0.41382 
0.74657 0.25343 
