V-CREDAL
10
3 4 3 2 2 3 4 3 4 2
10
1 0
2 0 1
2 1 2
2 2 3
2 3 4
2 4 5
2 5 6
2 6 7
2 7 8
2 8 9

12
0.95 0.04 0.01
0.183 0.678 0.139
0.226 0.291 0.483
0.083 0.487 0.43

16
0.111 0.012 0.852 0.025
0.071 0.87 0.051 0.008
0.185 0.264 0.536 0.015
0.348 0.528 0.087 0.037
16
0.206 0.28 0.204 0.31
0.011 0.528 0.002 0.459
0.505 0.175 0.305 0.015
0.829 0.145 0.015 0.011
16
0.942 0.028 0.024 0.006
0.486 0.121 0.107 0.286
0.378 0.065 0.314 0.243
0.836 0.089 0.027 0.048

12
0.693 0.114 0.193
0.326 0.135 0.539
0.011 0.354 0.635
0.194 0.709 0.097
12
0.187 0.736 0.077
0.543 0.098 0.359
0.353 0.077 0.57
0.674 0.31 0.016
12
0.265 0.388 0.347
0.757 0.127 0.116
0.028 0.595 0.377
0.304 0.454 0.242
12
0.011 0.003 0.986
0.277 0.536 0.187
0.91 0.068 0.022
0.666 0.315 0.019

4
0.737 0.263
0.917 0.083
4
0.172 0.828
0.146 0.854
4
0.377 0.623
0.133 0.867

4
0.081 0.919
0.124 0.876
4
0.654 0.346
0.707 0.293

12
0.322 0.424 0.254
0.307 0.173 0.52
0.544 0.15 0.306
0.131 0.192 0.677
12
0.242 0.11 0.648
0.589 0.367 0.044
0.053 0.862 0.085
0.339 0.118 0.543

16
0.14 0.016 0.84 0.004
0.177 0.272 0.446 0.105
0.446 0.086 0.051 0.417
0.294 0.096 0.03 0.58
16
0.064 0.016 0.069 0.851
0.39 0.092 0.001 0.517
0.009 0.726 0.001 0.264
0.011 0.058 0.321 0.61
16
0.114 0.754 0.005 0.127
0.047 0.285 0.428 0.24
0.185 0.081 0.557 0.177
0.143 0.376 0.365 0.116

12
0.748 0.108 0.144
0.821 0.154 0.025
0.055 0.231 0.714
0.049 0.881 0.07
12
0.046 0.065 0.889
0.386 0.162 0.452
0.394 0.464 0.142
0.006 0.187 0.807
12
0.407 0.521 0.072
0.075 0.021 0.904
0.944 0.023 0.033
0.067 0.205 0.728
12
0.054 0.843 0.103
0.983 0.009 0.008
0.027 0.319 0.654
0.091 0.277 0.632

16
0.048 0.305 0.103 0.544
0.286 0.025 0.25 0.439
0.001 0.996 0.002 0.001
0.084 0.002 0.478 0.436
16
0.139 0.377 0.335 0.149
0.29 0.47 0.188 0.052
0.126 0.075 0.218 0.581
0.107 0.103 0.739 0.051
16
0.107 0.803 0.087 0.003
0.747 0.02 0.11 0.123
0.003 0.042 0.948 0.007
0.949 0.003 0.03 0.018

4
0.88 0.12
0.169 0.831
4
0.981 0.019
0.18 0.82
4
0.265 0.735
0.482 0.518
4
0.951 0.049
0.783 0.217
