V-CREDAL 
4 
3 4 4 4 
4 
1 0 
2 0 1 
2 1 2 
2 2 3 

18 
0.03598 0.15108 0.81294 
0.43097 0.0482 0.52083 
0.35536 0.05911 0.58553 
0.23357 0.56342 0.20301 
0.91366 0.01602 0.07032 
0.54786 0.4082 0.04394 

24 
0.87544 0.01169 0.00145 0.11142 
0.04611 3.9E-4 0.75334 0.20016 
0.03125 0.73519 0.21316 0.0204 
0.31943 0.29815 0.23441 0.14801 
0.47742 0.39249 0.11045 0.01964 
0.16461 0.14344 0.68859 0.00336 
24 
0.06475 0.1328 0.0861 0.71635 
0.0186 0.66981 0.07092 0.24067 
0.07417 0.00997 0.89597 0.01989 
0.04262 0.02014 0.26664 0.6706 
0.23642 0.66268 0.04511 0.05579 
0.23656 0.10023 0.40021 0.263 
24 
0.0645 0.44933 0.19966 0.28651 
0.35137 0.01378 0.29656 0.33829 
0.05798 0.00543 0.14022 0.79637 
0.09447 0.28555 0.30358 0.3164 
0.13294 0.05873 0.24103 0.5673 
0.04336 0.89441 0.00617 0.05606 

24 
0.06695 0.04779 0.68088 0.20438 
0.04093 0.03271 0.05913 0.86723 
0.0471 0.75803 0.01121 0.18366 
0.01876 0.64605 0.05962 0.27557 
0.35 0.02904 0.49775 0.12321 
0.03633 0.67787 0.02039 0.26541 
24 
0.00216 1.1E-4 0.0793 0.91843 
0.35025 0.29295 0.13517 0.22163 
0.00908 0.45012 0.00693 0.53387 
0.0081 0.30495 0.66975 0.0172 
0.10442 0.05431 0.79706 0.04421 
0.38699 0.06796 0.19677 0.34828 
24 
0.17717 0.15178 0.38699 0.28406 
0.00993 0.00903 0.01198 0.96906 
0.09995 0.80735 0.03568 0.05702 
0.04769 0.19514 0.66588 0.09129 
6.3E-4 0.73888 0.01713 0.24336 
0.53435 0.44717 0.00379 0.01469 
24 
0.08184 0.68896 0.084 0.1452 
0.2711 0.31811 0.15507 0.25572 
0.01628 0.01679 0.94047 0.02646 
0.11477 0.11146 0.45713 0.31664 
0.53727 0.17101 0.2144 0.07732 
0.27055 0.26642 0.21064 0.25239 

24 
0.00148 0.02459 0.31839 0.65554 
0.03252 0.15355 0.02812 0.78581 
0.01327 0.92461 0.0573 0.00482 
0.0847 0.45968 0.35762 0.098 
0.09139 0.42907 0.00542 0.47412 
0.42531 0.12061 0.11698 0.3371 
24 
0.52636 0.19045 0.18057 0.10262 
0.07143 0.04408 0.36752 0.51697 
0.15253 0.04974 0.78983 0.0079 
0.33347 0.12573 0.07697 0.46383 
0.00774 0.33857 0.57461 0.07908 
0.5975 0.10839 0.23415 0.05996 
24 
0.09362 0.0526 0.13143 0.72235 
0.21718 0.00794 0.47265 0.30223 
0.00274 0.16462 0.37192 0.46072 
0.12162 0.5994 0.20461 0.07437 
0.04473 0.18038 0.01702 0.75787 
0.08142 0.19386 0.53364 0.19108 
24 
0.2153 0.27587 0.34765 0.16118 
0.73796 0.196 0.03562 0.03042 
0.00636 0.28695 0.30052 0.40617 
0.78488 0.0721 0.06244 0.08058 
0.0169 0.03669 0.02811 0.9183 
0.11956 0.1085 0.03038 0.74156 
