V-CREDAL
10
4 4 3 3 3 2 2 2 3 2
10
2 3 0
2 0 1
2 3 2
1 3
2 6 4
3 3 7 5
2 5 6
1 7
2 6 8
2 5 9

24
0.187 0.009 0.761 0.043
0.748 0.025 0.161 0.066
0.078 0.099 0.207 0.616
0.008 0.002 0.002 0.988
0.483 0.431 0.001 0.085
0.136 0.298 0.216 0.35
24
0.39 0.257 0.158 0.195
0.171 0.593 0.099 0.137
0.391 0.061 0.055 0.493
0.061 0.152 0.129 0.658
0.316 0.611 0.034 0.039
0.821 0.102 0.002 0.075
24
0.325 0.051 0.025 0.599
0.622 0.044 0.258 0.076
0.308 0.297 0.279 0.116
0.09 0.013 0.594 0.303
0.491 0.031 0.447 0.031
0.265 0.527 0.041 0.167

24
0.115 0.049 0.595 0.241
0.038 0.175 0.729 0.058
0.745 0.015 0.234 0.006
0.191 0.606 0.157 0.046
0.374 0.01 0.346 0.27
0.021 0.332 0.103 0.544
24
0.008 0.988 0.001 0.003
0.143 0.344 0.406 0.107
0.583 0.08 0.191 0.146
0.012 0.463 0.222 0.303
0.972 0.002 0.008 0.018
0.04 0.236 0.084 0.64
24
0.865 0.003 0.13 0.002
0.078 0.63 0.081 0.211
0.03 0.466 0.056 0.448
0.15 0.117 0.642 0.091
0.356 0.173 0.159 0.312
0.797 0.135 0.007 0.061
24
0.277 0.397 0.069 0.257
0.104 0.834 0.041 0.021
0.348 0.285 0.116 0.251
0.088 0.437 0.362 0.113
0.007 0.412 0.001 0.58
0.027 0.003 0.038 0.932

18
0.219 0.739 0.042
0.909 0.026 0.065
0.042 0.478 0.48
0.152 0.8 0.048
0.146 0.035 0.819
0.857 0.014 0.129
18
0.25 0.07 0.68
0.619 0.095 0.286
0.129 0.644 0.227
0.208 0.121 0.671
0.105 0.874 0.021
0.174 0.288 0.538
18
0.051 0.337 0.612
0.283 0.158 0.559
0.382 0.52 0.098
0.064 0.163 0.773
0.17 0.643 0.187
0.054 0.638 0.308

18
0.015 0.937 0.048
0.023 0.045 0.932
0.711 0.259 0.03
0.276 0.037 0.687
0.186 0.81 0.004
0.006 0.412 0.582

18
0.442 0.551 0.007
0.179 0.453 0.368
0.057 0.021 0.922
0.502 0.35 0.148
0.061 0.351 0.588
0.342 0.123 0.535
18
0.011 0.052 0.937
0.002 0.985 0.013
0.997 0.001 0.002
0.013 0.001 0.986
0.795 0.204 0.001
0.218 0.774 0.008

4
0.307 0.693
0.667 0.333
4
0.372 0.628
0.658 0.342
4
0.728 0.272
0.101 0.899
4
0.256 0.744
0.106 0.894
4
0.924 0.076
0.181 0.819
4
0.992 0.008
0.386 0.614

4
0.899 0.101
0.403 0.597
4
0.468 0.532
0.049 0.951

4
0.122 0.878
0.265 0.735

18
0.047 0.884 0.069
0.04 0.186 0.774
0.298 0.699 0.003
0.197 0.019 0.784
0.863 0.043 0.094
0.028 0.892 0.08
18
0.289 0.494 0.217
0.757 0.228 0.015
0.023 0.269 0.708
0.451 0.425 0.124
0.067 0.028 0.905
0.516 0.049 0.435

4
0.193 0.807
0.68 0.32
4
0.515 0.485
0.211 0.789
