V-CREDAL 
10 
3 3 3 4 2 2 4 4 3 4 
10 
1 0 
2 0 1 
2 1 2 
2 2 3 
2 3 4 
2 4 5 
2 5 6 
2 6 7 
2 7 8 
2 8 9 

18 
0.72141 0.17544 0.10315 
0.24532 0.0868 0.66788 
0.51258 0.45322 0.0342 
0.81907 0.01676 0.16417 
0.19932 0.46092 0.33976 
0.19982 0.6976 0.10258 

18 
0.00458 0.05984 0.93558 
0.97122 0.00115 0.02763 
0.02664 0.9725 8.6E-4 
0.99541 0.00131 0.00328 
0.20199 0.02709 0.77092 
0.69339 0.30575 8.6E-4 
18 
0.21788 0.62297 0.15915 
0.96357 0.01502 0.02141 
0.55233 0.39676 0.05091 
0.17819 0.18055 0.64126 
0.45058 0.4712 0.07822 
0.15982 0.4133 0.42688 
18 
0.22584 0.68711 0.08705 
0.60525 0.21765 0.1771 
0.14958 0.14417 0.70625 
0.04665 0.65312 0.30023 
0.01112 0.88741 0.10147 
0.12352 0.78331 0.09317 

18 
0.55107 0.39292 0.05601 
0.05846 0.03481 0.90673 
0.62592 0.00173 0.37235 
0.09518 0.79384 0.11098 
0.8374 0.09308 0.06952 
0.03417 0.19873 0.7671 
18 
0.01448 0.95339 0.03213 
0.29215 0.24045 0.4674 
0.603 0.00568 0.39132 
0.0191 0.56902 0.41188 
0.98869 0.0017 0.00961 
0.85729 0.14064 0.00207 
18 
0.01082 0.9793 0.00988 
0.00548 0.02738 0.96714 
0.69868 0.29429 0.00703 
0.59933 0.00836 0.39231 
0.87923 0.0289 0.09187 
0.01017 0.95203 0.0378 

24 
0.93659 5.1E-4 0.06117 0.00173 
0.2965 0.4009 0.12316 0.17944 
0.15727 0.14504 0.11652 0.58117 
0.00381 0.5587 0.23504 0.20245 
0.84124 0.05675 0.05414 0.04787 
0.06547 0.04113 0.05328 0.84012 
24 
0.07853 0.30808 0.20495 0.40844 
0.08491 0.35263 0.47959 0.08287 
0.40881 0.15044 0.31488 0.12587 
0.00535 0.50657 0.18066 0.30742 
0.14587 0.02238 0.81378 0.01797 
0.11167 0.45852 0.30535 0.12446 
24 
0.83511 0.00513 0.11368 0.04608 
0.21913 0.7797 5.3E-4 6.4E-4 
0.01961 0.00883 0.73179 0.23977 
0.27251 0.07754 0.63834 0.01161 
0.00245 0.94033 0.03944 0.01778 
0.55419 0.03411 0.22807 0.18363 

4 
0.49111 0.50889 
0.44254 0.55746 
4 
0.73701 0.26299 
0.51784 0.48216 
4 
0.65238 0.34762 
0.21888 0.78112 
4 
0.85279 0.14721 
0.71693 0.28307 

4 
0.58038 0.41962 
0.986 0.014 
4 
0.56125 0.43875 
0.19359 0.80641 

24 
0.08138 0.00579 0.00858 0.90425 
0.13594 0.56361 0.2691 0.03135 
0.99195 7.4E-4 0.00642 8.9E-4 
0.29949 0.35941 0.04425 0.29685 
0.02653 0.10844 0.5723 0.29273 
0.21717 0.07355 0.63988 0.0694 
24 
0.40167 0.49127 0.0914 0.01566 
0.04343 0.03731 0.1441 0.77516 
0.35668 0.07107 0.51508 0.05717 
0.00742 0.15742 0.76485 0.07031 
0.09212 0.17192 0.16753 0.56843 
0.14953 0.25098 0.13762 0.46187 

24 
0.30532 0.01978 0.02221 0.65269 
0.12257 0.03812 0.0184 0.82091 
0.04948 0.33804 0.07805 0.53443 
0.02453 0.03171 0.92042 0.02334 
0.05847 0.00664 0.23778 0.69711 
0.02209 0.01331 0.62341 0.34119 
24 
0.31512 0.36545 0.17976 0.13967 
0.29368 0.02673 0.03775 0.64184 
0.00862 0.27814 0.69026 0.02298 
0.00943 0.49624 0.29935 0.19498 
0.91611 0.00281 0.07834 0.00274 
0.149 0.22643 0.08696 0.53761 
24 
0.78343 0.16051 0.03971 0.01635 
0.21706 0.05304 0.33579 0.39411 
0.09417 0.11558 0.1681 0.62215 
0.15154 0.10864 0.58346 0.15636 
0.95593 0.00268 0.00153 0.03986 
0.00304 0.92937 0.05996 0.00763 
24 
0.55665 0.05276 0.2012 0.18939 
0.01974 0.09961 0.83049 0.05016 
0.0701 0.23644 0.69123 0.00223 
4.7E-4 0.99878 2.8E-4 4.7E-4 
0.071 0.06934 0.1535 0.70616 
0.13571 0.8333 0.0079 0.02309 

18 
0.9839 0.01288 0.00322 
0.0376 0.9589 0.0035 
0.38501 0.10499 0.51 
0.11027 0.19342 0.69631 
0.90734 0.01144 0.08122 
0.01546 0.96906 0.01548 
18 
0.10842 0.03018 0.8614 
0.87471 0.06642 0.05887 
0.03777 0.38632 0.57591 
0.00622 0.98755 0.00623 
0.83578 0.12069 0.04353 
0.00859 0.92234 0.06907 
18 
0.36354 0.00264 0.63382 
0.96924 0.01799 0.01277 
0.13653 0.65073 0.21274 
0.19634 0.03949 0.76417 
0.05137 0.34451 0.60412 
0.29904 0.5633 0.13766 
18 
0.17294 0.68485 0.14221 
0.02525 0.46149 0.51326 
0.41111 0.55506 0.03383 
0.39952 0.26072 0.33976 
0.25683 0.0345 0.70867 
0.1375 0.15443 0.70807 

24 
0.30083 0.04528 0.61048 0.04341 
3.0E-5 0.02437 4.2E-4 0.97518 
0.79585 0.06073 0.08799 0.05543 
0.11853 0.22788 0.04681 0.60678 
0.1125 0.47088 0.11597 0.30065 
0.03198 0.13095 0.70461 0.13246 
24 
0.09356 0.83155 0.05698 0.01791 
0.44403 0.35143 0.02996 0.17458 
0.56287 0.00637 0.42737 0.00339 
0.04934 0.70668 0.15896 0.08502 
0.05031 0.39671 0.5242 0.02878 
0.02592 0.87452 0.00243 0.09713 
24 
0.03189 0.20422 0.25719 0.5067 
0.00608 0.19236 0.62374 0.17782 
0.00766 0.18152 0.37046 0.44036 
0.41292 0.10573 0.10397 0.37738 
0.38222 0.32501 0.16235 0.13042 
0.45502 0.02169 0.13877 0.38452 
