V-CREDAL 
6 
5 2 2 2 3 4 
6 
1 0 
2 0 1 
2 1 2 
2 2 3 
2 3 4 
2 4 5 

20 
0.05262 0.00953 0.58719 0.22466 0.126 
0.58778 0.28989 0.00289 0.10054 0.0189 
0.09999 0.0558 0.49728 0.04225 0.30468 
0.00428 0.99107 0.00151 4.8E-4 0.00266 

4 
0.30278 0.69722 
0.50533 0.49467 
4 
0.41977 0.58023 
0.30777 0.69223 
4 
0.06852 0.93148 
0.97406 0.02594 
4 
0.90777 0.09223 
0.03122 0.96878 
4 
0.78267 0.21733 
0.47487 0.52513 

4 
0.41242 0.58758 
0.49615 0.50385 
4 
0.45119 0.54881 
0.0308 0.9692 

4 
0.52545 0.47455 
0.64088 0.35912 
4 
0.00552 0.99448 
0.60264 0.39736 

12 
0.10556 0.40027 0.49417 
0.24447 0.51367 0.24186 
0.60306 0.19699 0.19995 
0.04031 0.19216 0.76753 
12 
0.26589 0.11906 0.61505 
0.13556 0.34252 0.52192 
0.13888 0.30411 0.55701 
0.40443 0.32051 0.27506 

16 
0.61321 0.00231 0.04829 0.33619 
0.92665 0.05778 0.00279 0.01278 
0.11871 0.41805 0.12284 0.3404 
0.11049 0.00553 0.87582 0.00816 
16 
0.38317 0.16556 0.33357 0.1177 
0.97614 4.1E-4 0.0224 0.00105 
0.18111 0.05149 0.32752 0.43988 
0.00519 0.48537 0.18868 0.32076 
16 
0.01709 0.03114 0.0248 0.92697 
0.09468 0.1702 0.6361 0.09902 
0.02454 0.6645 0.00542 0.30554 
0.74226 0.06145 0.17009 0.0262 
