V-CREDAL 
10 
2 3 2 3 3 2 3 3 2 3 
10 
1 0 
2 0 1 
2 1 2 
2 2 3 
2 3 4 
2 4 5 
2 5 6 
2 6 7 
2 7 8 
2 8 9 

4 
0.83619 0.16381 
0.26508 0.73492 

18 
0.00403 0.99446 0.00151 
0.59242 0.03549 0.37209 
0.48809 0.07521 0.4367 
0.21971 0.19596 0.58433 
0.52384 0.40486 0.0713 
0.16466 0.23549 0.59985 
18 
0.95427 0.02242 0.02331 
0.77843 0.06275 0.15882 
0.08662 0.91019 0.00319 
0.39672 0.59607 0.00721 
8.1E-4 0.68987 0.30932 
0.1226 0.33397 0.54343 

4 
0.60689 0.39311 
0.18735 0.81265 
4 
0.59171 0.40829 
0.59192 0.40808 
4 
0.4531 0.5469 
0.40535 0.59465 

18 
0.45994 0.14594 0.39412 
0.03822 0.95848 0.0033 
0.10217 0.69408 0.20375 
0.50955 0.36292 0.12753 
0.46745 0.16891 0.36364 
0.29628 0.66938 0.03434 
18 
0.74026 0.23996 0.01978 
0.02914 0.93357 0.03729 
0.29445 0.06778 0.63777 
0.80796 0.07346 0.11858 
0.04356 0.16052 0.79592 
0.03197 0.42396 0.54407 

18 
0.69019 0.30801 0.0018 
0.89635 0.03807 0.06558 
0.05207 0.61478 0.33315 
0.0041 0.04696 0.94894 
0.14613 0.01023 0.84364 
0.42076 0.47736 0.10188 
18 
0.65268 0.00834 0.33898 
0.00139 0.96376 0.03485 
0.86912 0.07078 0.0601 
0.00106 0.0194 0.97954 
0.0057 0.98184 0.01246 
0.0011 0.00892 0.98998 
18 
0.0508 0.57789 0.37131 
0.00548 0.93181 0.06271 
0.36249 0.0592 0.57831 
0.54936 0.01523 0.43541 
0.68516 0.23345 0.08139 
0.83167 0.05808 0.11025 

4 
0.05768 0.94232 
0.81788 0.18212 
4 
0.38016 0.61984 
0.19655 0.80345 
4 
0.21089 0.78911 
0.99836 0.00164 

18 
0.02934 0.47596 0.4947 
0.06288 0.83814 0.09898 
0.52792 0.46408 0.008 
0.882 0.0535 0.0645 
0.40577 0.00349 0.59074 
0.02174 0.80927 0.16899 
18 
0.8903 0.06014 0.04956 
0.86476 0.03219 0.10305 
0.19937 0.1708 0.62983 
0.42047 0.12304 0.45649 
0.00945 0.94296 0.04759 
0.76421 0.22925 0.00654 

18 
0.62951 0.06836 0.30213 
0.10884 0.29894 0.59222 
0.04868 0.41022 0.5411 
0.74031 0.1235 0.13619 
0.144 0.67183 0.18417 
0.75152 0.12995 0.11853 
18 
0.21737 0.66427 0.11836 
0.38664 0.11222 0.50114 
0.69434 0.28641 0.01925 
0.01438 0.04549 0.94013 
0.05038 0.18837 0.76125 
0.03058 0.01724 0.95218 
18 
0.1827 0.21142 0.60588 
0.78182 0.06088 0.1573 
0.04273 0.49 0.46727 
0.36826 0.4414 0.19034 
0.11608 0.29511 0.58881 
0.70097 0.15682 0.14221 

4 
0.17282 0.82718 
0.95052 0.04948 
4 
0.98307 0.01693 
0.73774 0.26226 
4 
0.32234 0.67766 
0.56247 0.43753 

18 
0.02433 0.87339 0.10228 
0.08829 0.88707 0.02464 
0.94799 0.0269 0.02511 
0.00315 0.15467 0.84218 
0.53309 0.04929 0.41762 
0.84667 0.14937 0.00396 
18 
0.10237 0.04702 0.85061 
0.49165 0.30739 0.20096 
0.06791 0.3961 0.53599 
0.47597 0.08852 0.43551 
0.45325 0.33835 0.2084 
0.28446 0.02265 0.69289 
