V-CREDAL
9
2 2 3 2 4 4 4 4 3
9
1 0
2 0 1
2 1 2
2 2 3
2 3 4
2 4 5
2 5 6
2 6 7
2 7 8

4
0.301 0.699
0.144 0.856

4
0.55 0.45
0.2 0.8
4
0.711 0.289
0.15 0.85

18
0.312 0.357 0.331
0.017 0.059 0.924
0.196 0.034 0.77
0.034 0.136 0.83
0.823 0.018 0.159
0.645 0.258 0.097
18
0.018 0.338 0.644
0.063 0.665 0.272
0.045 0.028 0.927
0.601 0.319 0.08
0.857 0.022 0.121
0.344 0.49 0.166

4
0.263 0.737
0.666 0.334
4
0.907 0.093
0.642 0.358
4
0.59 0.41
0.365 0.635

24
0.081 0.027 0.614 0.278
0.092 0.1 0.046 0.762
0.0 0.228 0.767 0.005
0.32 0.352 0.035 0.293
0.288 0.314 0.334 0.064
0.12 0.033 0.505 0.342
24
0.025 0.035 0.267 0.673
0.003 0.945 0.039 0.013
0.03 0.084 0.849 0.037
0.725 0.152 0.047 0.076
0.663 0.103 0.146 0.088
0.02 0.938 0.031 0.011

24
0.11 0.014 0.691 0.185
0.036 0.051 0.49 0.423
0.051 0.025 0.832 0.092
0.349 0.154 0.329 0.168
0.338 0.488 0.018 0.156
0.034 0.002 0.102 0.862
24
0.019 0.107 0.868 0.006
0.509 0.044 0.012 0.435
0.023 0.047 0.157 0.773
0.009 0.483 0.029 0.479
0.139 0.776 0.076 0.009
0.875 0.014 0.104 0.007
24
0.402 0.223 0.101 0.274
0.017 0.238 0.205 0.54
0.102 0.739 0.122 0.037
0.304 0.004 0.674 0.018
0.457 0.218 0.25 0.075
0.741 0.012 0.102 0.145
24
0.413 0.083 0.072 0.432
0.492 0.004 0.029 0.475
0.036 0.183 0.758 0.023
0.155 0.023 0.412 0.41
0.007 0.44 0.065 0.488
0.079 0.05 0.09 0.781

24
0.385 0.011 0.466 0.138
0.002 0.775 0.018 0.205
0.018 0.006 0.34 0.636
0.203 0.222 0.433 0.142
0.057 0.017 0.161 0.765
0.079 0.507 0.021 0.393
24
0.113 0.331 0.421 0.135
0.033 0.588 0.082 0.297
0.108 0.365 0.004 0.523
0.353 0.593 0.035 0.019
0.014 0.013 0.008 0.965
0.222 0.007 0.225 0.546
24
0.004 0.972 0.006 0.018
0.512 0.176 0.074 0.238
0.003 0.02 0.125 0.852
0.379 0.043 0.279 0.299
0.02 0.085 0.834 0.061
0.446 0.349 0.116 0.089
24
0.027 0.635 0.033 0.305
0.048 0.487 0.245 0.22
0.471 0.097 0.053 0.379
0.149 0.004 0.036 0.811
0.432 0.31 0.103 0.155
0.346 0.069 0.104 0.481

24
0.933 0.017 0.027 0.023
0.025 0.739 0.077 0.159
0.15 0.113 0.084 0.653
0.029 0.884 0.047 0.04
0.493 0.284 0.221 0.002
0.669 0.193 0.019 0.119
24
0.925 0.015 0.002 0.058
0.145 0.047 0.498 0.31
0.262 0.043 0.666 0.029
0.8 0.02 0.168 0.012
0.017 0.951 0.03 0.002
0.007 0.024 0.836 0.133
24
0.019 0.964 0.003 0.014
0.037 0.027 0.729 0.207
0.022 0.07 0.903 0.005
0.213 0.114 0.547 0.126
0.022 0.116 0.585 0.277
0.243 0.127 0.239 0.391
24
0.443 0.503 0.002 0.052
0.003 0.04 0.007 0.95
0.196 0.174 0.254 0.376
0.02 0.016 0.066 0.898
0.351 0.004 0.514 0.131
0.94 0.001 0.004 0.055

18
0.119 0.054 0.827
0.005 0.954 0.041
0.393 0.52 0.087
0.151 0.823 0.026
0.012 0.825 0.163
0.604 0.044 0.352
18
0.083 0.012 0.905
0.01 0.966 0.024
0.025 0.191 0.784
0.396 0.58 0.024
0.496 0.235 0.269
0.099 0.889 0.012
18
0.784 0.022 0.194
0.28 0.709 0.011
0.036 0.873 0.091
0.078 0.124 0.798
0.499 0.422 0.079
0.437 0.021 0.542
18
0.106 0.714 0.18
0.231 0.653 0.116
0.5 0.378 0.122
0.208 0.064 0.728
0.436 0.45 0.114
0.751 0.092 0.157
