V-CREDAL 
4 
2 2 4 4 
4 
1 0 
2 0 1 
2 1 2 
2 2 3 

4 
0.205 0.795 
0.401 0.599 

4 
0.533 0.467 
0.065 0.935 
4 
0.448 0.552 
0.037 0.963 

24 
0.065 0.019 0.771 0.145 
0.046 0.02 0.274 0.66 
0.368 0.005 0.148 0.479 
0.171 0.519 0.017 0.293 
0.717 0.076 0.095 0.112 
0.01 0.871 0.106 0.013 
24 
0.235 0.285 0.005 0.475 
0.011 0.356 0.46 0.173 
0.004 0.009 0.984 0.003 
0.386 0.544 0.022 0.048 
0.49 0.125 0.364 0.021 
0.012 0.019 0.246 0.723 

24 
0.094 0.107 0.19 0.609 
0.198 0.766 0.021 0.015 
0.031 0.142 0.599 0.228 
0.462 0.294 0.074 0.17 
0.526 0.268 0.119 0.087 
0.133 0.159 0.028 0.68 
24 
0.126 0.729 0.121 0.024 
0.899 0.004 0.001 0.096 
0.008 0.065 0.391 0.536 
0.062 0.141 0.765 0.032 
0.04 0.019 0.865 0.076 
0.051 0.085 0.029 0.835 
24 
0.071 0.019 0.008 0.902 
0.548 0.354 0.024 0.074 
0.06 0.714 0.042 0.184 
0.015 0.106 0.692 0.187 
0.894 0.025 0.058 0.023 
0.007 0.017 0.268 0.708 
24 
0.082 0.696 0.073 0.149 
0.021 0.871 0.005 0.103 
0.217 0.731 0.003 0.049 
0.014 0.069 0.297 0.62 
0.008 0.012 0.022 0.958 
0.106 0.008 0.21 0.676 
