V-CREDAL 
6 
2 2 3 3 3 3 
6 
3 1 3 0 
1 1 
3 0 5 2 
1 3 
1 4 
2 4 5 

4 
0.662 0.338 
0.876 0.124 
4 
0.876 0.124 
0.495 0.505 
4 
0.65 0.35 
0.789 0.211 
4 
0.101 0.899 
0.164 0.836 
4 
0.085 0.915 
0.736 0.264 
4 
0.913 0.087 
0.997 0.003 

4 
0.683 0.317 
0.218 0.782 

12 
0.83 0.017 0.153 
0.353 0.134 0.513 
0.12 0.557 0.323 
0.532 0.327 0.141 
12 
0.203 0.111 0.686 
0.913 0.069 0.018 
0.734 0.057 0.209 
0.654 0.324 0.022 
12 
0.201 0.359 0.44 
0.047 0.815 0.138 
0.429 0.544 0.027 
0.039 0.263 0.698 
12 
0.538 0.332 0.13 
0.193 0.192 0.615 
0.557 0.281 0.162 
0.088 0.028 0.884 
12 
0.19 0.253 0.557 
0.826 0.036 0.138 
0.003 0.986 0.011 
0.062 0.444 0.494 
12 
0.684 0.022 0.294 
0.022 0.041 0.937 
0.375 0.524 0.101 
0.047 0.45 0.503 

12 
0.019 0.08 0.901 
0.754 0.142 0.104 
0.022 0.699 0.279 
0.109 0.685 0.206 

12 
0.065 0.563 0.372 
0.22 0.509 0.271 
0.979 0.02 0.001 
0.744 0.105 0.151 

12 
0.554 0.263 0.183 
0.491 0.444 0.065 
0.26 0.546 0.194 
0.582 0.338 0.08 
12 
0.753 0.158 0.089 
0.641 0.139 0.22 
0.243 0.755 0.002 
0.199 0.689 0.112 
12 
0.438 0.162 0.4 
0.903 0.047 0.05 
0.183 0.535 0.282 
0.027 0.872 0.101 
