V-CREDAL 
8 
3 2 2 3 2 3 3 2 
8 
1 0 
2 0 1 
2 1 2 
2 2 3 
2 3 4 
2 4 5 
2 5 6 
2 6 7 

18 
0.00689 0.89805 0.09506 
0.02408 0.0049 0.97102 
0.85408 0.06406 0.08186 
0.0928 0.82477 0.08243 
0.56995 0.36355 0.0665 
0.82961 0.03789 0.1325 

4 
0.36949 0.63051 
0.02667 0.97333 
4 
0.08339 0.91661 
0.82225 0.17775 
4 
0.93151 0.06849 
0.16742 0.83258 

4 
0.69976 0.30024 
0.16592 0.83408 
4 
0.101 0.899 
0.61785 0.38215 

18 
0.60215 0.32885 0.069 
0.15109 0.19943 0.64948 
0.08716 0.79956 0.11328 
0.55961 0.26451 0.17588 
0.25991 0.68159 0.0585 
0.09165 0.37771 0.53064 
18 
0.04709 0.54839 0.40452 
0.57002 0.09722 0.33276 
0.32273 0.52322 0.15405 
0.09353 0.18536 0.72111 
0.01275 0.96906 0.01819 
0.37675 0.02326 0.59999 

4 
0.29497 0.70503 
0.1312 0.8688 
4 
0.53113 0.46887 
0.65738 0.34262 
4 
0.69654 0.30346 
0.41442 0.58558 

18 
0.09885 0.0141 0.88705 
0.45238 0.53539 0.01223 
0.0034 0.4988 0.4978 
0.90344 0.06118 0.03538 
0.9408 0.00447 0.05473 
0.07829 0.04735 0.87436 
18 
0.13894 0.79215 0.06891 
0.17053 0.05448 0.77499 
0.91429 0.07189 0.01382 
0.1269 0.78938 0.08372 
0.13547 0.10009 0.76444 
0.61927 0.02855 0.35218 

18 
0.1144 0.82658 0.05902 
0.07993 0.01161 0.90846 
0.00675 0.04961 0.94364 
0.68228 0.03133 0.28639 
0.05077 0.01586 0.93337 
0.87482 0.06616 0.05902 
18 
0.71453 0.08607 0.1994 
0.66013 0.32301 0.01686 
0.09258 0.57413 0.33329 
0.15416 0.80203 0.04381 
0.0679 0.22006 0.71204 
0.55476 0.03946 0.40578 
18 
0.28756 0.66588 0.04656 
0.15758 0.02437 0.81805 
0.02654 0.92893 0.04453 
1.2E-4 0.02398 0.9759 
0.37875 0.13518 0.48607 
0.50722 0.40199 0.09079 

4 
0.39737 0.60263 
0.92464 0.07536 
4 
0.68975 0.31025 
0.15732 0.84268 
4 
0.04492 0.95508 
0.55763 0.44237 
