V-CREDAL 
8 
4 5 5 2 5 3 3 4 
8 
1 0 
2 0 1 
2 1 2 
2 2 3 
2 3 4 
2 4 5 
2 5 6 
2 6 7 

24 
0.22302 0.65926 0.1037 0.01402 
0.03092 0.3095 0.03797 0.62161 
0.03767 0.02923 0.02785 0.90525 
0.00839 0.86411 0.03105 0.09645 
0.13506 0.48858 0.18424 0.19212 
0.11707 0.32171 0.1194 0.44182 

30 
0.2314 0.57368 0.01376 0.10097 0.08019 
0.06871 0.1435 0.01235 0.08063 0.69481 
0.02673 0.0294 0.06108 0.01535 0.86744 
0.08127 0.3151 0.41377 0.08834 0.10152 
0.02874 0.02507 2.3E-4 0.85999 0.08597 
0.04054 0.51791 0.02212 0.33605 0.08338 
30 
3.6E-4 0.15516 0.0559 0.77439 0.01419 
0.07679 0.01749 0.45824 0.07411 0.37337 
0.01101 0.02611 0.14011 0.25196 0.57081 
0.00985 0.00667 4.9E-4 0.17312 0.80987 
0.85561 0.01172 0.00885 0.11783 0.00599 
0.26411 0.03826 0.06515 0.59343 0.03905 
30 
0.11388 0.32129 0.06218 0.27391 0.22874 
0.00142 0.00897 0.05286 0.55498 0.38177 
0.01233 0.21315 0.01969 0.08199 0.67284 
0.91888 0.03146 0.00521 0.03653 0.00792 
0.56938 0.09544 0.05957 0.25418 0.02143 
0.05731 0.20706 0.04848 0.65841 0.02874 
30 
0.39167 0.48469 0.05496 0.04626 0.02242 
0.10564 0.05472 0.14277 0.6569 0.03997 
0.00164 0.85922 0.00148 0.02003 0.11763 
0.02677 0.02104 0.2953 0.57128 0.08561 
0.04707 0.045 0.25155 0.45952 0.19686 
0.48458 0.02606 0.27346 0.13228 0.08362 

30 
0.45706 0.36352 0.02735 0.01981 0.13226 
0.6104 0.18296 0.02144 0.0697 0.1155 
0.59656 0.06116 0.0053 0.03982 0.29716 
0.03769 0.5036 0.33764 0.0312 0.08987 
0.31241 0.62325 0.01395 0.02379 0.0266 
0.44449 0.21563 0.06971 0.11176 0.15841 
30 
0.88339 0.03562 0.0228 0.0339 0.02429 
0.14112 0.07216 0.69182 0.03616 0.05874 
0.1636 0.03544 0.28834 0.02532 0.4873 
0.07933 0.27657 0.09428 0.30073 0.24909 
0.04155 0.94536 5.9E-4 0.01006 0.00244 
0.09587 0.02793 0.22159 0.34923 0.30538 
30 
0.04309 0.12979 0.06046 0.71436 0.0523 
0.74171 0.01366 0.15264 0.08488 0.00711 
0.03221 0.21743 0.07537 0.44184 0.23315 
0.25338 0.21888 0.11536 0.17169 0.24069 
0.1727 0.53775 0.00214 0.20327 0.08414 
0.03967 0.1461 0.33206 0.4779 0.00427 
30 
0.33263 0.00208 0.03438 0.5989 0.03201 
0.08002 0.18681 0.22655 0.32 0.18662 
0.01168 0.15472 0.00732 0.43653 0.38975 
0.03097 0.21051 0.14156 0.513 0.10396 
0.09331 5.7E-4 0.00706 0.89741 0.00165 
0.20007 0.10606 0.08745 0.37223 0.23419 
30 
0.17842 0.61707 0.09326 0.03173 0.07952 
0.28133 0.00537 0.02049 0.38111 0.3117 
0.22198 0.03567 0.05523 0.34032 0.3468 
0.10196 0.38767 0.30596 0.08018 0.12423 
0.38089 0.0129 0.05364 0.30994 0.24263 
0.41054 0.44395 0.08222 0.05105 0.01224 

4 
0.73559 0.26441 
0.57724 0.42276 
4 
0.11624 0.88376 
0.8846 0.1154 
4 
0.57029 0.42971 
0.92384 0.07616 
4 
0.88843 0.11157 
0.38127 0.61873 
4 
0.09026 0.90974 
0.83554 0.16446 

30 
0.04641 0.18336 0.76528 0.00131 0.00364 
0.04824 0.46805 0.06795 0.2895 0.12626 
0.02051 0.00925 0.01688 0.86622 0.08714 
0.25838 0.01946 0.18004 0.38725 0.15487 
0.01303 0.91118 0.0447 0.02947 0.00162 
0.31671 0.63757 0.03128 0.01401 4.3E-4 
30 
0.01514 0.36842 0.02658 0.01089 0.57897 
0.00862 0.44405 0.2254 0.17546 0.14647 
0.25937 0.01795 0.61082 0.11066 0.0012 
0.23095 0.0947 0.37415 0.01442 0.28578 
0.20995 0.0018 0.76757 0.00993 0.01075 
0.03863 0.02329 0.01063 0.28545 0.642 

18 
0.03272 0.01153 0.95575 
0.25899 0.38968 0.35133 
0.02945 0.01752 0.95303 
0.15836 0.78802 0.05362 
0.09257 0.52537 0.38206 
0.01721 0.06771 0.91508 
18 
0.11367 0.03019 0.85614 
0.78597 0.19059 0.02344 
0.93671 0.02716 0.03613 
0.00534 0.83479 0.15987 
0.19828 0.77455 0.02717 
0.01182 0.30842 0.67976 
18 
0.85967 0.05959 0.08074 
0.4062 0.01891 0.57489 
0.0163 0.88694 0.09676 
0.0188 0.80242 0.17878 
0.02437 0.94617 0.02946 
0.13158 0.30219 0.56623 
18 
0.14326 0.0917 0.76504 
0.51073 0.48539 0.00388 
0.8792 0.03522 0.08558 
0.92848 0.03528 0.03624 
0.13879 0.86057 6.4E-4 
0.77629 0.03953 0.18418 
18 
0.16909 0.76244 0.06847 
0.0252 0.72019 0.25461 
0.04518 0.26339 0.69143 
0.41485 0.58169 0.00346 
0.96804 0.01682 0.01514 
0.11938 0.05632 0.8243 

18 
0.01689 7.5E-4 0.98236 
0.92555 0.01235 0.0621 
0.81007 0.15602 0.03391 
0.00229 0.92382 0.07389 
0.91973 0.03873 0.04154 
0.03379 0.93983 0.02638 
18 
0.8299 0.12005 0.05005 
0.058 0.00439 0.93761 
0.01003 0.8204 0.16957 
0.08561 0.79157 0.12282 
0.01442 0.8344 0.15118 
0.81452 0.01756 0.16792 
18 
0.0585 0.16882 0.77268 
0.14988 0.07579 0.77433 
0.10174 0.77645 0.12181 
0.57186 0.01785 0.41029 
0.38765 0.33293 0.27942 
0.00432 0.66977 0.32591 

24 
0.00183 0.01028 0.98743 4.6E-4 
0.97254 0.00911 0.00391 0.01444 
0.10226 0.2619 0.04547 0.59037 
0.04753 0.36567 0.57239 0.01441 
0.18315 0.11498 0.4016 0.30027 
0.27905 0.28375 0.26241 0.17479 
24 
0.01642 0.54287 0.0843 0.35641 
0.58913 0.01045 0.01476 0.38566 
0.60682 0.18929 0.11924 0.08465 
0.23541 0.06287 0.02986 0.67186 
0.09722 0.14578 0.69347 0.06353 
0.08478 0.06801 0.78799 0.05922 
24 
0.66261 0.02123 0.0124 0.30376 
0.19965 0.66207 0.11965 0.01863 
0.05128 0.68714 0.22394 0.03764 
0.01044 0.03366 0.00586 0.95004 
0.41607 0.08014 0.00715 0.49664 
0.67558 0.04512 0.02076 0.25854 
