V-CREDAL 
8 
2 3 3 2 2 3 2 2 
8 
1 0 
2 0 1 
2 1 2 
2 2 3 
2 3 4 
2 4 5 
2 5 6 
2 6 7 

4 
0.34676 0.65324 
0.46864 0.53136 

12 
0.04265 0.15333 0.80402 
0.38394 0.4905 0.12556 
0.20817 0.69634 0.09549 
0.04367 0.09037 0.86596 
12 
0.03683 0.52294 0.44023 
0.32029 0.07776 0.60195 
0.38038 0.14661 0.47301 
0.19878 0.07302 0.7282 

12 
0.00847 0.02695 0.96458 
0.08964 0.79783 0.11253 
0.1707 0.63196 0.19734 
0.09783 0.26511 0.63706 
12 
0.02251 0.14495 0.83254 
0.91474 0.01467 0.07059 
0.22064 0.02837 0.75099 
0.3547 0.13627 0.50903 
12 
0.38967 0.26565 0.34468 
0.44182 0.40193 0.15625 
0.12221 0.0066 0.87119 
0.19923 0.32241 0.47836 

4 
0.69318 0.30682 
0.05688 0.94312 
4 
0.37904 0.62096 
0.83281 0.16719 
4 
0.06281 0.93719 
0.45716 0.54284 

4 
0.37108 0.62892 
0.85771 0.14229 
4 
0.70995 0.29005 
0.67221 0.32779 

12 
0.31542 0.29781 0.38677 
0.0011 0.97896 0.01994 
0.02623 0.95967 0.0141 
0.0687 0.14556 0.78574 
12 
0.01637 0.02539 0.95824 
0.13817 0.81406 0.04777 
0.18174 0.37217 0.44609 
0.04563 0.07391 0.88046 

4 
0.95469 0.04531 
0.35761 0.64239 
4 
0.60217 0.39783 
0.81271 0.18729 
4 
0.40476 0.59524 
0.46471 0.53529 

4 
0.61527 0.38473 
0.91616 0.08384 
4 
0.08571 0.91429 
0.43204 0.56796 
