V-CREDAL
5
3 2 4 4 2
5
1 0
2 0 1
2 1 2
2 2 3
2 3 4

18
0.792 0.185 0.023
0.051 0.706 0.243
0.084 0.755 0.161
0.492 0.079 0.429
0.259 0.721 0.02
0.207 0.165 0.628

4
0.331 0.669
0.493 0.507
4
0.533 0.467
0.095 0.905
4
0.432 0.568
0.609 0.391

24
0.159 0.091 0.178 0.572
0.498 0.368 0.002 0.132
0.093 0.038 0.08 0.789
0.075 0.391 0.201 0.333
0.138 0.523 0.211 0.128
0.22 0.63 0.02 0.13
24
0.509 0.032 0.433 0.026
0.012 0.014 0.0 0.974
0.119 0.564 0.163 0.154
0.317 0.107 0.536 0.04
0.031 0.157 0.41 0.402
0.294 0.625 0.003 0.078

24
0.139 0.375 0.17 0.316
0.371 0.022 0.0 0.607
0.173 0.054 0.699 0.074
0.279 0.251 0.341 0.129
0.321 0.107 0.018 0.554
0.718 0.066 0.077 0.139
24
0.651 0.079 0.077 0.193
0.493 0.048 0.403 0.056
0.31 0.074 0.249 0.367
0.267 0.025 0.363 0.345
0.021 0.058 0.912 0.009
0.114 0.029 0.022 0.835
24
0.158 0.575 0.219 0.048
0.051 0.636 0.312 0.001
0.319 0.51 0.161 0.01
0.007 0.558 0.432 0.003
0.169 0.493 0.187 0.151
0.072 0.073 0.363 0.492
24
0.134 0.095 0.469 0.302
0.118 0.729 0.066 0.087
0.148 0.631 0.085 0.136
0.012 0.833 0.115 0.04
0.005 0.006 0.28 0.709
0.024 0.207 0.013 0.756

4
0.057 0.943
0.243 0.757
4
0.181 0.819
0.05 0.95
4
0.017 0.983
0.298 0.702
4
0.049 0.951
0.64 0.36
