V-CREDAL 
4 
3 3 3 4 
4 
1 0 
2 0 1 
2 1 2 
2 2 3 

18 
0.76344 0.1973 0.03926 
0.03505 0.88337 0.08158 
0.13522 0.83473 0.03005 
0.68477 0.03068 0.28455 
0.04301 0.0609 0.89609 
0.23446 0.75355 0.01199 

18 
0.04938 0.8039 0.14672 
0.94654 0.00935 0.04411 
0.06392 0.09311 0.84297 
0.60592 0.36282 0.03126 
0.20851 0.0017 0.78979 
0.16982 0.7423 0.08788 
18 
0.188 0.04623 0.76577 
0.53402 0.0345 0.43148 
0.78204 0.15672 0.06124 
0.11742 0.3211 0.56148 
0.27186 0.60558 0.12256 
0.1367 0.56823 0.29507 
18 
0.06393 0.33129 0.60478 
0.18564 0.00177 0.81259 
0.88706 0.07263 0.04031 
0.06827 0.91968 0.01205 
0.00655 0.88614 0.10731 
0.07936 0.18686 0.73378 

18 
0.04288 0.0789 0.87822 
0.99981 1.4E-4 5.0E-5 
0.19435 0.02414 0.78151 
0.08328 0.05732 0.8594 
0.01674 0.9825 7.6E-4 
0.37013 0.00233 0.62754 
18 
0.01594 0.17474 0.80932 
0.09981 0.00802 0.89217 
0.05632 0.79576 0.14792 
0.92979 0.04027 0.02994 
0.20615 0.0023 0.79155 
0.02543 0.55081 0.42376 
18 
0.03309 0.41279 0.55412 
0.98359 0.01145 0.00496 
0.05079 0.45243 0.49678 
0.04506 0.04399 0.91095 
0.39074 0.46454 0.14472 
0.64392 0.31549 0.04059 

24 
0.93143 0.01192 0.05094 0.00571 
0.0291 0.08617 0.83676 0.04797 
0.02849 0.58643 0.36453 0.02055 
0.23471 0.36998 0.11289 0.28242 
0.01729 0.09711 0.41281 0.47279 
0.0081 0.54719 0.14045 0.30426 
24 
0.8009 0.0148 0.03211 0.15219 
0.11917 0.00631 0.0039 0.87062 
0.13008 0.1017 0.01977 0.74845 
0.22552 0.065 0.19262 0.51686 
0.262 0.42244 0.25858 0.05698 
0.03767 0.7247 0.18963 0.048 
24 
0.15041 0.03919 0.44823 0.36217 
0.13605 0.5839 0.26793 0.01212 
0.65035 0.04908 0.25749 0.04308 
0.00283 0.09123 0.57837 0.32757 
2.6E-4 0.99949 2.0E-5 2.3E-4 
0.06286 0.16698 0.35955 0.41061 
