V-CREDAL
6
4 4 3 4 4 2
6
1 0
2 0 1
2 1 2
2 2 3
2 3 4
2 4 5

16
0.173 0.313 0.375 0.139
0.653 0.107 0.22 0.02
0.756 0.062 0.157 0.025
0.39 0.008 0.574 0.028

16
0.024 0.77 0.001 0.205
0.547 0.322 0.073 0.058
0.331 0.335 0.216 0.118
0.0 0.012 0.21 0.778
16
0.181 0.341 0.307 0.171
0.003 0.007 0.007 0.983
0.054 0.389 0.537 0.02
0.833 0.021 0.053 0.093
16
0.01 0.92 0.002 0.068
0.092 0.417 0.22 0.271
0.004 0.832 0.001 0.163
0.39 0.048 0.142 0.42
16
0.399 0.053 0.341 0.207
0.455 0.007 0.533 0.005
0.099 0.031 0.086 0.784
0.945 0.004 0.024 0.027

12
0.017 0.002 0.981
0.104 0.001 0.895
0.806 0.045 0.149
0.51 0.469 0.021
12
0.163 0.18 0.657
0.015 0.985 0.0
0.307 0.01 0.683
0.227 0.731 0.042
12
0.083 0.435 0.482
0.001 0.002 0.997
0.196 0.755 0.049
0.019 0.111 0.87
12
0.083 0.484 0.433
0.082 0.632 0.286
0.956 0.005 0.039
0.278 0.583 0.139

16
0.074 0.013 0.894 0.019
0.879 0.082 0.036 0.003
0.284 0.497 0.191 0.028
0.937 0.002 0.06 0.001
16
0.149 0.379 0.01 0.462
0.832 0.067 0.094 0.007
0.474 0.11 0.32 0.096
0.03 0.002 0.454 0.514
16
0.017 0.661 0.146 0.176
0.049 0.014 0.667 0.27
0.677 0.119 0.191 0.013
0.317 0.54 0.001 0.142

16
0.18 0.298 0.038 0.484
0.082 0.171 0.722 0.025
0.001 0.0 0.998 0.001
0.014 0.118 0.48 0.388
16
0.043 0.003 0.041 0.913
0.01 0.108 0.09 0.792
0.001 0.98 0.014 0.005
0.195 0.18 0.56 0.065
16
0.05 0.272 0.435 0.243
0.513 0.394 0.0 0.093
0.055 0.6 0.338 0.007
0.038 0.294 0.53 0.138
16
0.066 0.421 0.141 0.372
0.05 0.822 0.086 0.042
0.014 0.007 0.002 0.977
0.663 0.155 0.091 0.091

4
0.221 0.779
0.019 0.981
4
0.215 0.785
0.029 0.971
4
0.908 0.092
0.989 0.011
4
0.811 0.189
0.815 0.185
