V-CREDAL
8
3 3 3 4 3 3 3 2
8
2 7 0
2 4 1
1 2
3 0 2 3
3 3 5 4
2 6 5
1 6
1 7

12
0.233 0.255 0.512
0.549 0.055 0.396
0.521 0.264 0.215
0.305 0.302 0.393
12
0.081 0.045 0.874
0.692 0.199 0.109
0.116 0.38 0.504
0.153 0.025 0.822

12
0.426 0.252 0.322
0.058 0.079 0.863
0.048 0.906 0.046
0.134 0.076 0.79
12
0.654 0.311 0.035
0.394 0.579 0.027
0.181 0.159 0.66
0.054 0.742 0.204
12
0.231 0.675 0.094
0.168 0.696 0.136
0.012 0.676 0.312
0.106 0.216 0.678

12
0.018 0.977 0.005
0.561 0.228 0.211
0.131 0.457 0.412
0.425 0.416 0.159

16
0.042 0.217 0.042 0.699
0.27 0.005 0.261 0.464
0.125 0.833 0.034 0.008
0.034 0.038 0.885 0.043
16
0.031 0.339 0.244 0.386
0.088 0.033 0.859 0.02
0.002 0.869 0.129 0.0
0.134 0.274 0.55 0.042
16
0.308 0.5 0.091 0.101
0.057 0.863 0.028 0.052
0.08 0.073 0.677 0.17
0.313 0.434 0.138 0.115
16
0.883 0.004 0.11 0.003
0.018 0.312 0.151 0.519
0.196 0.209 0.103 0.492
0.661 0.058 0.255 0.026
16
0.111 0.233 0.201 0.455
0.922 0.012 0.037 0.029
0.08 0.001 0.907 0.012
0.407 0.197 0.136 0.26
16
0.382 0.245 0.05 0.323
0.015 0.507 0.015 0.463
0.0 0.55 0.02 0.43
0.069 0.022 0.251 0.658
16
0.227 0.599 0.033 0.141
0.121 0.038 0.033 0.808
0.267 0.074 0.299 0.36
0.0 0.028 0.002 0.97
16
0.002 0.005 0.992 0.001
0.019 0.015 0.026 0.94
0.025 0.58 0.393 0.002
0.378 0.16 0.126 0.336
16
0.466 0.113 0.251 0.17
0.144 0.121 0.456 0.279
0.02 0.726 0.002 0.252
0.112 0.034 0.744 0.11

12
0.019 0.055 0.926
0.098 0.198 0.704
0.746 0.082 0.172
0.968 0.032 0.0
12
0.388 0.145 0.467
0.831 0.014 0.155
0.182 0.639 0.179
0.691 0.189 0.12
12
0.454 0.157 0.389
0.979 0.011 0.01
0.665 0.078 0.257
0.939 0.009 0.052
12
0.65 0.172 0.178
0.218 0.532 0.25
0.277 0.351 0.372
0.495 0.218 0.287
12
0.541 0.204 0.255
0.126 0.76 0.114
0.589 0.21 0.201
0.267 0.314 0.419
12
0.921 0.019 0.06
0.214 0.255 0.531
0.428 0.415 0.157
0.172 0.59 0.238
12
0.024 0.614 0.362
0.269 0.256 0.475
0.719 0.134 0.147
0.34 0.532 0.128
12
0.658 0.286 0.056
0.068 0.721 0.211
0.34 0.27 0.39
0.863 0.128 0.009
12
0.02 0.862 0.118
0.616 0.28 0.104
0.818 0.062 0.12
0.46 0.363 0.177
12
0.285 0.069 0.646
0.232 0.671 0.097
0.302 0.67 0.028
0.262 0.68 0.058
12
0.639 0.216 0.145
0.579 0.072 0.349
0.638 0.355 0.007
0.151 0.48 0.369
12
0.742 0.007 0.251
0.586 0.047 0.367
0.58 0.372 0.048
0.564 0.103 0.333

12
0.282 0.579 0.139
0.333 0.517 0.15
0.582 0.071 0.347
0.667 0.103 0.23
12
0.234 0.748 0.018
0.209 0.434 0.357
0.035 0.151 0.814
0.172 0.582 0.246
12
0.863 0.084 0.053
0.707 0.106 0.187
0.11 0.874 0.016
0.098 0.323 0.579

12
0.855 0.128 0.017
0.406 0.482 0.112
0.543 0.061 0.396
0.321 0.076 0.603

4
0.312 0.688
0.114 0.886
