V-CREDAL
10
3 3 3 4 2 2 4 4 3 4
10
1 0
2 0 1
2 1 2
2 2 3
2 3 4
2 4 5
2 5 6
2 6 7
2 7 8
2 8 9

12
0.053 0.866 0.081
0.308 0.095 0.597
0.775 0.17 0.055
0.019 0.385 0.596

12
0.437 0.539 0.024
0.024 0.596 0.38
0.035 0.958 0.007
0.357 0.638 0.005
12
0.12 0.157 0.723
0.966 0.027 0.007
0.003 0.996 0.001
0.027 0.823 0.15
12
0.599 0.041 0.36
0.215 0.225 0.56
0.287 0.027 0.686
0.606 0.118 0.276

12
0.347 0.332 0.321
0.206 0.502 0.292
0.15 0.124 0.726
0.311 0.541 0.148
12
0.223 0.665 0.112
0.353 0.504 0.143
0.306 0.045 0.649
0.536 0.048 0.416
12
0.459 0.258 0.283
0.077 0.113 0.81
0.166 0.739 0.095
0.459 0.429 0.112

16
0.692 0.111 0.146 0.051
0.011 0.004 0.92 0.065
0.214 0.432 0.239 0.115
0.48 0.01 0.004 0.506
16
0.005 0.937 0.016 0.042
0.116 0.04 0.69 0.154
0.171 0.029 0.622 0.178
0.215 0.056 0.11 0.619
16
0.008 0.479 0.109 0.404
0.073 0.43 0.06 0.437
0.424 0.036 0.081 0.459
0.019 0.023 0.076 0.882

4
0.554 0.446
0.588 0.412
4
0.918 0.082
0.681 0.319
4
0.13 0.87
0.784 0.216
4
0.297 0.703
0.453 0.547

4
0.438 0.562
0.068 0.932
4
0.919 0.081
0.959 0.041

16
0.033 0.188 0.721 0.058
0.011 0.013 0.97 0.006
0.044 0.652 0.302 0.002
0.194 0.227 0.137 0.442
16
0.229 0.053 0.65 0.068
0.07 0.039 0.073 0.818
0.026 0.049 0.924 0.001
0.11 0.166 0.624 0.1

16
0.043 0.713 0.171 0.073
0.091 0.029 0.68 0.2
0.12 0.198 0.229 0.453
0.005 0.553 0.364 0.078
16
0.519 0.173 0.23 0.078
0.376 0.177 0.019 0.428
0.06 0.454 0.376 0.11
0.485 0.155 0.087 0.273
16
0.03 0.251 0.248 0.471
0.035 0.269 0.148 0.548
0.867 0.08 0.017 0.036
0.766 0.007 0.083 0.144
16
0.385 0.207 0.265 0.143
0.072 0.636 0.17 0.122
0.255 0.017 0.365 0.363
0.061 0.506 0.317 0.116

12
0.103 0.826 0.071
0.775 0.209 0.016
0.078 0.263 0.659
0.08 0.471 0.449
12
0.933 0.027 0.04
0.005 0.362 0.633
0.885 0.091 0.024
0.718 0.261 0.021
12
0.345 0.18 0.475
0.236 0.376 0.388
0.349 0.465 0.186
0.633 0.068 0.299
12
0.938 0.023 0.039
0.235 0.225 0.54
0.023 0.972 0.005
0.005 0.465 0.53

16
0.053 0.101 0.382 0.464
0.021 0.184 0.773 0.022
0.027 0.933 0.005 0.035
0.038 0.004 0.499 0.459
16
0.515 0.036 0.203 0.246
0.299 0.238 0.461 0.002
0.018 0.021 0.005 0.956
0.005 0.001 0.018 0.976
16
0.089 0.27 0.615 0.026
0.013 0.848 0.07 0.069
0.005 0.058 0.003 0.934
0.007 0.957 0.021 0.015
