V-CREDAL
10
2 2 4 4 4 4 2 3 3 4
10
2 1 0
2 8 1
3 6 9 2
1 3
3 5 6 4
1 5
2 1 6
2 3 7
2 7 8
1 9

4
0.154 0.846
0.271 0.729
4
0.275 0.725
0.094 0.906

4
0.235 0.765
0.38 0.62
4
0.8 0.2
0.614 0.386
4
0.43 0.57
0.879 0.121

24
0.012 0.903 0.065 0.02
0.082 0.017 0.124 0.777
0.791 0.011 0.028 0.17
0.166 0.088 0.546 0.2
0.226 0.005 0.688 0.081
0.583 0.324 0.041 0.052
24
0.277 0.463 0.152 0.108
0.064 0.086 0.014 0.836
0.773 0.064 0.016 0.147
0.189 0.022 0.037 0.752
0.032 0.006 0.002 0.96
0.055 0.59 0.282 0.073
24
0.029 0.849 0.005 0.117
0.003 0.002 0.02 0.975
0.178 0.593 0.122 0.107
0.06 0.439 0.443 0.058
0.267 0.045 0.516 0.172
0.039 0.671 0.209 0.081
24
0.002 0.002 0.993 0.003
0.101 0.509 0.326 0.064
0.511 0.015 0.473 0.001
0.11 0.007 0.867 0.016
0.372 0.254 0.018 0.356
0.256 0.634 0.02 0.09
24
0.787 0.083 0.062 0.068
0.031 0.024 0.845 0.1
0.085 0.603 0.052 0.26
0.068 0.051 0.028 0.853
0.003 0.073 0.005 0.919
0.539 0.054 0.332 0.075
24
0.019 0.007 0.069 0.905
0.016 0.602 0.364 0.018
0.257 0.093 0.43 0.22
0.717 0.108 0.024 0.151
0.029 0.951 0.007 0.013
0.244 0.058 0.021 0.677
24
0.077 0.657 0.088 0.178
0.262 0.009 0.049 0.68
0.591 0.178 0.061 0.17
0.173 0.047 0.695 0.085
0.298 0.693 0.004 0.005
0.072 0.422 0.326 0.18
24
0.001 0.002 0.993 0.004
0.497 0.146 0.33 0.027
0.079 0.097 0.201 0.623
0.001 0.003 0.341 0.655
0.013 0.025 0.224 0.738
0.118 0.263 0.575 0.044

24
0.339 0.158 0.486 0.017
0.111 0.604 0.03 0.255
0.278 0.033 0.194 0.495
0.132 0.573 0.187 0.108
0.381 0.438 0.018 0.163
0.126 0.136 0.635 0.103

24
0.009 0.017 0.004 0.97
0.002 0.072 0.002 0.924
0.183 0.112 0.19 0.515
0.073 0.117 0.328 0.482
0.003 0.015 0.098 0.884
0.045 0.63 0.297 0.028
24
0.08 0.15 0.641 0.129
0.059 0.006 0.191 0.744
0.03 0.686 0.094 0.19
0.337 0.103 0.294 0.266
0.051 0.035 0.007 0.907
0.087 0.353 0.02 0.54
24
0.329 0.481 0.034 0.156
0.465 0.009 0.522 0.004
0.068 0.156 0.132 0.644
0.094 0.399 0.371 0.136
0.626 0.307 0.004 0.063
0.083 0.222 0.369 0.326
24
0.003 0.978 0.002 0.017
0.518 0.175 0.125 0.182
0.448 0.413 0.068 0.071
0.266 0.334 0.384 0.016
0.015 0.06 0.876 0.049
0.469 0.093 0.409 0.029
24
0.703 0.12 0.051 0.126
0.574 0.016 0.287 0.123
0.027 0.322 0.508 0.143
0.102 0.123 0.159 0.616
0.105 0.673 0.211 0.011
0.415 0.093 0.138 0.354
24
0.016 0.79 0.165 0.029
0.031 0.023 0.286 0.66
0.934 0.012 0.013 0.041
0.255 0.055 0.402 0.288
0.154 0.749 0.022 0.075
0.459 0.088 0.435 0.018
24
0.513 0.002 0.015 0.47
0.029 0.122 0.662 0.187
0.691 0.13 0.066 0.113
0.071 0.042 0.069 0.818
0.83 0.055 0.1 0.015
0.089 0.088 0.795 0.028
24
0.501 0.134 0.276 0.089
0.178 0.511 0.068 0.243
0.034 0.004 0.747 0.215
0.003 0.024 0.105 0.868
0.43 0.031 0.092 0.447
0.002 0.053 0.117 0.828

24
0.068 0.497 0.41 0.025
0.705 0.036 0.004 0.255
0.01 0.813 0.008 0.169
0.196 0.158 0.203 0.443
0.049 0.516 0.013 0.422
0.678 0.145 0.01 0.167

4
0.483 0.517
0.542 0.458
4
0.609 0.391
0.256 0.744

18
0.865 0.109 0.026
0.211 0.01 0.779
0.044 0.731 0.225
0.098 0.871 0.031
0.612 0.376 0.012
0.062 0.84 0.098
18
0.054 0.298 0.648
0.06 0.455 0.485
0.974 0.003 0.023
0.247 0.7 0.053
0.344 0.025 0.631
0.263 0.056 0.681
18
0.08 0.698 0.222
0.289 0.014 0.697
0.145 0.063 0.792
0.666 0.082 0.252
0.038 0.58 0.382
0.247 0.633 0.12
18
0.505 0.471 0.024
0.852 0.053 0.095
0.002 0.056 0.942
0.096 0.68 0.224
0.028 0.318 0.654
0.004 0.03 0.966

18
0.035 0.281 0.684
0.013 0.795 0.192
0.975 0.017 0.008
0.158 0.733 0.109
0.018 0.824 0.158
0.002 0.363 0.635
18
0.746 0.013 0.241
0.055 0.743 0.202
0.447 0.536 0.017
0.12 0.378 0.502
0.21 0.006 0.784
0.832 0.085 0.083
18
0.967 0.016 0.017
0.398 0.01 0.592
0.013 0.954 0.033
0.931 0.062 0.007
0.01 0.134 0.856
0.249 0.056 0.695

24
0.34 0.129 0.083 0.448
0.139 0.498 0.35 0.013
0.114 0.125 0.621 0.14
0.116 0.021 0.112 0.751
0.918 0.049 0.03 0.003
0.278 0.049 0.563 0.11
