V-CREDAL
6
3 4 3 4 2 3
6
1 0
3 0 2 1
1 2
2 2 3
2 0 4
2 0 5

18
0.036 0.105 0.859
0.121 0.829 0.05
0.031 0.138 0.831
0.962 0.006 0.032
0.02 0.628 0.352
0.226 0.026 0.748

24
0.699 0.018 0.089 0.194
0.346 0.407 0.164 0.083
0.001 0.004 0.032 0.963
0.344 0.032 0.013 0.611
0.177 0.449 0.281 0.093
0.847 0.034 0.009 0.11
24
0.002 0.014 0.965 0.019
0.615 0.035 0.072 0.278
0.295 0.092 0.547 0.066
0.012 0.004 0.016 0.968
0.005 0.713 0.068 0.214
0.632 0.303 0.002 0.063
24
0.35 0.444 0.038 0.168
0.799 0.022 0.106 0.073
0.151 0.322 0.206 0.321
0.019 0.089 0.867 0.025
0.004 0.958 0.007 0.031
0.02 0.576 0.404 0.0
24
0.005 0.14 0.836 0.019
0.155 0.343 0.011 0.491
0.005 0.379 0.158 0.458
0.3 0.193 0.339 0.168
0.41 0.215 0.058 0.317
0.468 0.039 0.193 0.3
24
0.013 0.26 0.007 0.72
0.028 0.713 0.046 0.213
0.543 0.183 0.212 0.062
0.226 0.585 0.097 0.092
0.004 0.023 0.958 0.015
0.102 0.002 0.032 0.864
24
0.869 0.008 0.0 0.123
0.122 0.143 0.5 0.235
0.403 0.589 0.007 0.001
0.345 0.289 0.008 0.358
0.043 0.426 0.062 0.469
0.046 0.203 0.629 0.122
24
0.073 0.026 0.012 0.889
0.496 0.208 0.15 0.146
0.093 0.737 0.165 0.005
0.319 0.213 0.445 0.023
0.028 0.62 0.022 0.33
0.006 0.018 0.013 0.963
24
0.099 0.61 0.082 0.209
0.01 0.081 0.16 0.749
0.451 0.296 0.196 0.057
0.179 0.725 0.017 0.079
0.892 0.001 0.104 0.003
0.036 0.017 0.577 0.37
24
0.072 0.195 0.019 0.714
0.778 0.07 0.026 0.126
0.153 0.129 0.265 0.453
0.06 0.64 0.149 0.151
0.018 0.134 0.557 0.291
0.008 0.588 0.054 0.35

18
0.036 0.457 0.507
0.039 0.879 0.082
0.172 0.139 0.689
0.06 0.207 0.733
0.972 0.011 0.017
0.051 0.925 0.024

24
0.068 0.721 0.182 0.029
0.022 0.908 0.059 0.011
0.02 0.007 0.328 0.645
0.276 0.347 0.348 0.029
0.633 0.032 0.192 0.143
0.064 0.052 0.061 0.823
24
0.428 0.012 0.057 0.503
0.356 0.015 0.378 0.251
0.192 0.494 0.228 0.086
0.168 0.476 0.275 0.081
0.256 0.044 0.655 0.045
0.336 0.265 0.264 0.135
24
0.044 0.235 0.172 0.549
0.007 0.056 0.337 0.6
0.894 0.037 0.012 0.057
0.229 0.675 0.09 0.006
0.006 0.025 0.964 0.005
0.036 0.502 0.13 0.332

4
0.065 0.935
0.3 0.7
4
0.478 0.522
0.903 0.097
4
0.297 0.703
0.043 0.957

18
0.104 0.126 0.77
0.522 0.115 0.363
0.13 0.788 0.082
0.605 0.131 0.264
0.577 0.299 0.124
0.301 0.603 0.096
18
0.028 0.092 0.88
0.629 0.362 0.009
0.994 0.003 0.003
0.004 0.962 0.034
0.193 0.01 0.797
0.507 0.481 0.012
18
0.567 0.018 0.415
0.029 0.029 0.942
0.006 0.948 0.046
0.869 0.031 0.1
0.068 0.025 0.907
0.001 0.041 0.958
