V-CREDAL
4
4 4 2 2
4
1 0
2 0 1
2 1 2
2 2 3

24
0.867 0.067 0.039 0.027
0.053 0.099 0.13 0.718
0.201 0.063 0.725 0.011
0.084 0.039 0.823 0.054
0.197 0.23 0.139 0.434
0.109 0.231 0.123 0.537

24
0.198 0.553 0.007 0.242
0.015 0.249 0.517 0.219
0.019 0.153 0.016 0.812
0.039 0.95 0.007 0.004
0.129 0.374 0.203 0.294
0.062 0.679 0.167 0.092
24
0.004 0.013 0.009 0.974
0.047 0.002 0.685 0.266
0.051 0.031 0.852 0.066
0.046 0.512 0.061 0.381
0.445 0.035 0.01 0.51
0.69 0.158 0.048 0.104
24
0.774 0.109 0.047 0.07
0.413 0.011 0.01 0.566
0.294 0.014 0.354 0.338
0.0 0.003 0.0 0.997
0.241 0.456 0.131 0.172
0.52 0.225 0.199 0.056
24
0.001 0.001 0.998 0.0
0.208 0.403 0.378 0.011
0.154 0.14 0.032 0.674
0.034 0.492 0.067 0.407
0.721 0.004 0.267 0.008
0.328 0.005 0.632 0.035

4
0.897 0.103
0.696 0.304
4
0.572 0.428
0.11 0.89
4
0.22 0.78
0.493 0.507
4
0.007 0.993
0.65 0.35

4
0.247 0.753
0.698 0.302
4
0.48 0.52
0.105 0.895
