V-CREDAL
6
2 2 3 4 3 3
6
1 0
2 0 1
2 1 2
2 2 3
2 3 4
2 4 5

4
0.66 0.34
0.75 0.25

4
0.195 0.805
0.898 0.102
4
0.249 0.751
0.73 0.27

18
0.319 0.661 0.02
0.014 0.119 0.867
0.626 0.311 0.063
0.412 0.574 0.014
0.534 0.214 0.252
0.052 0.862 0.086
18
0.773 0.227 0.0
0.064 0.918 0.018
0.775 0.216 0.009
0.041 0.495 0.464
0.212 0.105 0.683
0.053 0.907 0.04

24
0.28 0.631 0.031 0.058
0.546 0.127 0.149 0.178
0.088 0.685 0.027 0.2
0.743 0.163 0.042 0.052
0.326 0.451 0.158 0.065
0.083 0.056 0.266 0.595
24
0.022 0.117 0.577 0.284
0.002 0.469 0.068 0.461
0.443 0.501 0.039 0.017
0.173 0.001 0.793 0.033
0.015 0.004 0.002 0.979
0.793 0.132 0.051 0.024
24
0.082 0.012 0.842 0.064
0.283 0.026 0.675 0.016
0.095 0.134 0.25 0.521
0.203 0.645 0.085 0.067
0.406 0.083 0.056 0.455
0.124 0.024 0.074 0.778

18
0.053 0.021 0.926
0.087 0.792 0.121
0.938 0.016 0.046
0.014 0.409 0.577
0.423 0.548 0.029
0.004 0.067 0.929
18
0.023 0.357 0.62
0.103 0.661 0.236
0.146 0.659 0.195
0.939 0.011 0.05
0.462 0.158 0.38
0.939 0.019 0.042
18
0.748 0.194 0.058
0.011 0.007 0.982
0.651 0.235 0.114
0.857 0.053 0.09
0.003 0.489 0.508
0.676 0.034 0.29
18
0.257 0.596 0.147
0.23 0.029 0.741
0.951 0.017 0.032
0.978 0.018 0.004
0.352 0.606 0.042
0.091 0.121 0.788

18
0.004 0.564 0.432
0.933 0.044 0.023
0.844 0.125 0.031
0.131 0.19 0.679
0.664 0.027 0.309
0.037 0.644 0.319
18
0.097 0.004 0.899
0.834 0.032 0.134
0.823 0.147 0.03
0.005 0.004 0.991
0.069 0.917 0.014
0.002 0.461 0.537
18
0.01 0.007 0.983
0.322 0.66 0.018
0.777 0.155 0.068
0.717 0.263 0.02
0.031 0.808 0.161
0.255 0.016 0.729
