V-CREDAL
8
4 4 4 3 2 2 3 4
8
1 0
2 0 1
2 1 2
2 2 3
2 3 4
2 4 5
2 5 6
2 6 7

16
0.02 0.952 0.015 0.013
0.464 0.028 0.504 0.004
0.398 0.185 0.055 0.362
0.046 0.506 0.216 0.232

16
0.016 0.965 0.008 0.011
0.393 0.074 0.066 0.467
0.03 0.023 0.123 0.824
0.077 0.207 0.604 0.112
16
0.636 0.003 0.087 0.274
0.028 0.38 0.563 0.029
0.7 0.213 0.052 0.035
0.762 0.142 0.02 0.076
16
0.367 0.081 0.542 0.01
0.0 0.104 0.869 0.027
0.257 0.116 0.08 0.547
0.016 0.013 0.97 0.001
16
0.166 0.332 0.195 0.307
0.011 0.64 0.081 0.268
0.319 0.012 0.021 0.648
0.795 0.145 0.029 0.031

16
0.21 0.097 0.071 0.622
0.962 0.026 0.009 0.003
0.124 0.532 0.34 0.004
0.266 0.218 0.25 0.266
16
0.957 0.026 0.004 0.013
0.418 0.287 0.003 0.292
0.038 0.082 0.347 0.533
0.441 0.202 0.303 0.054
16
0.638 0.002 0.039 0.321
0.033 0.127 0.833 0.007
0.041 0.102 0.17 0.687
0.096 0.015 0.095 0.794
16
0.458 0.031 0.339 0.172
0.145 0.467 0.152 0.236
0.19 0.78 0.015 0.015
0.025 0.831 0.046 0.098

12
0.189 0.666 0.145
0.685 0.017 0.298
0.664 0.208 0.128
0.438 0.444 0.118
12
0.489 0.024 0.487
0.249 0.68 0.071
0.059 0.136 0.805
0.505 0.032 0.463
12
0.049 0.097 0.854
0.419 0.139 0.442
0.005 0.115 0.88
0.251 0.708 0.041
12
0.492 0.138 0.37
0.041 0.096 0.863
0.062 0.848 0.09
0.082 0.088 0.83

4
0.985 0.015
0.243 0.757
4
0.247 0.753
0.92 0.08
4
0.32 0.68
0.693 0.307

4
0.172 0.828
0.528 0.472
4
0.423 0.577
0.305 0.695

12
0.085 0.912 0.003
0.275 0.12 0.605
0.122 0.839 0.039
0.505 0.082 0.413
12
0.868 0.058 0.074
0.058 0.808 0.134
0.048 0.063 0.889
0.008 0.667 0.325

16
0.018 0.051 0.007 0.924
0.456 0.196 0.079 0.269
0.097 0.525 0.342 0.036
0.674 0.021 0.28 0.025
16
0.002 0.002 0.019 0.977
0.348 0.222 0.293 0.137
0.172 0.171 0.497 0.16
0.019 0.006 0.757 0.218
16
0.223 0.032 0.206 0.539
0.059 0.558 0.306 0.077
0.325 0.369 0.229 0.077
0.452 0.06 0.388 0.1
