V-CREDAL 
10 
2 5 3 3 3 4 3 2 2 5 
10 
3 1 3 0 
1 1 
2 1 2 
1 3 
2 3 4 
2 4 5 
2 2 6 
1 7 
3 0 7 8 
2 5 9 

4 
0.93124 0.06876 
0.8056 0.1944 
4 
0.20797 0.79203 
0.93825 0.06175 
4 
0.22415 0.77585 
0.00761 0.99239 
4 
0.72875 0.27125 
0.42755 0.57245 
4 
0.34367 0.65633 
0.36995 0.63005 
4 
0.23837 0.76163 
0.43277 0.56723 
4 
0.49563 0.50437 
0.69785 0.30215 
4 
0.77029 0.22971 
0.47304 0.52696 
4 
0.96943 0.03057 
0.84384 0.15616 
4 
0.42426 0.57574 
0.87535 0.12465 
4 
0.54059 0.45941 
0.35596 0.64404 
4 
0.72935 0.27065 
0.51813 0.48187 
4 
0.30006 0.69994 
0.33197 0.66803 
4 
0.57113 0.42887 
0.14943 0.85057 
4 
0.77376 0.22624 
0.59679 0.40321 

30 
7.1E-4 0.00468 0.96956 3.6E-4 0.02469 
0.43422 0.07186 0.29014 0.01466 0.18912 
0.68298 0.30757 0.00744 2.4E-4 0.00177 
0.08749 0.0203 0.00222 0.00338 0.88661 
0.06183 0.18762 0.0027 0.56033 0.18752 
0.08754 0.04046 0.0767 0.14409 0.65121 

18 
0.10335 0.03418 0.86247 
0.45348 0.13901 0.40751 
0.40593 0.54285 0.05122 
0.55478 0.30079 0.14443 
0.05723 0.91296 0.02981 
0.01408 0.36187 0.62405 
18 
0.69333 0.00964 0.29703 
0.38572 0.01922 0.59506 
0.49056 0.40469 0.10475 
0.33286 0.57457 0.09257 
0.33646 0.04105 0.62249 
0.02479 0.78194 0.19327 
18 
0.69522 0.21988 0.0849 
0.04367 0.07623 0.8801 
0.59047 0.02237 0.38716 
0.87024 0.00616 0.1236 
0.12906 0.58521 0.28573 
0.93389 0.06502 0.00109 
18 
0.1149 0.65009 0.23501 
0.85266 0.11091 0.03643 
0.80052 0.02288 0.1766 
0.41636 0.00968 0.57396 
0.03206 0.66609 0.30185 
0.89478 0.03386 0.07136 
18 
0.23031 0.74759 0.0221 
0.58435 0.02577 0.38988 
0.06086 0.47173 0.46741 
0.56926 0.03266 0.39808 
0.69862 0.24567 0.05571 
0.16014 0.78541 0.05445 

18 
0.20516 0.01403 0.78081 
0.48414 0.32518 0.19068 
0.74712 0.03989 0.21299 
0.01806 0.10456 0.87738 
0.56655 0.30367 0.12978 
0.83152 0.04562 0.12286 

18 
0.88988 0.03644 0.07368 
0.11063 0.10253 0.78684 
0.06746 0.56485 0.36769 
0.09684 0.87346 0.0297 
0.761 0.21762 0.02138 
0.78943 0.18739 0.02318 
18 
0.00506 0.0716 0.92334 
0.97414 0.0241 0.00176 
0.00759 0.98754 0.00487 
0.16639 0.00852 0.82509 
0.0043 0.92923 0.06647 
0.00191 0.60949 0.3886 
18 
0.60491 0.14367 0.25142 
0.1583 0.01666 0.82504 
4.5E-4 0.98846 0.01109 
0.10797 0.22069 0.67134 
0.40907 0.06767 0.52326 
0.5537 0.32025 0.12605 

24 
5.9E-4 0.01565 0.97972 0.00404 
0.24936 0.18737 0.08518 0.47809 
0.03372 0.48271 0.43521 0.04836 
0.11734 0.12671 0.09609 0.65986 
0.06357 0.55547 0.37229 0.00867 
0.20404 0.02224 0.59991 0.17381 
24 
0.03076 0.67395 0.04881 0.24648 
0.78195 0.01144 0.1543 0.05231 
0.70854 0.0713 0.00274 0.21742 
0.35419 0.44258 0.07197 0.13126 
0.00564 0.14904 0.01815 0.82717 
0.18587 0.00826 1.5E-4 0.80572 
24 
0.19145 0.03018 0.43447 0.3439 
0.1128 0.06218 0.29034 0.53468 
0.02348 0.57836 0.38512 0.01304 
0.17963 0.04667 0.61747 0.15623 
0.23034 0.38193 0.15883 0.2289 
0.02309 0.31795 0.00888 0.65008 

18 
0.01045 0.07821 0.91134 
0.02549 0.05281 0.9217 
0.02951 0.5889 0.38159 
0.30161 0.03451 0.66388 
0.50501 0.36233 0.13266 
0.01043 0.06711 0.92246 
18 
0.79467 0.17423 0.0311 
0.02786 0.50087 0.47127 
0.05037 0.86757 0.08206 
0.07305 0.07721 0.84974 
0.71489 0.03236 0.25275 
0.89379 0.02159 0.08462 
18 
0.83395 0.03515 0.1309 
0.02422 0.91364 0.06214 
0.3366 0.06205 0.60135 
0.00118 0.70918 0.28964 
0.06547 0.48624 0.44829 
0.72605 0.25237 0.02158 

4 
0.6739 0.3261 
0.98393 0.01607 

4 
0.07664 0.92336 
0.44026 0.55974 
4 
0.92287 0.07713 
0.8082 0.1918 
4 
0.92049 0.07951 
0.67458 0.32542 
4 
0.13297 0.86703 
0.87855 0.12145 

30 
0.15349 0.23178 0.45048 0.14281 0.02144 
0.00264 0.03777 0.93632 3.1E-4 0.02296 
0.24365 0.23514 0.35372 0.05653 0.11096 
0.22335 0.36038 0.26588 0.04045 0.10994 
0.0955 0.01134 0.35121 0.42317 0.11878 
0.24127 0.31033 0.18503 0.21384 0.04953 
30 
0.18808 0.1596 0.09325 0.09066 0.46841 
0.03537 0.0053 0.9249 0.02813 0.0063 
0.00142 0.10701 0.66329 0.15496 0.07332 
0.54961 0.09896 0.14473 0.00478 0.20192 
0.97073 0.00115 0.01198 0.00978 0.00636 
0.51849 0.02623 0.13575 0.02693 0.2926 
30 
0.15101 0.03934 0.63545 0.12623 0.04797 
0.05068 0.44889 0.02903 0.45545 0.01595 
0.203 0.30012 0.00171 0.10652 0.38865 
0.2773 0.04333 0.0833 0.10941 0.48666 
0.63089 0.00184 0.29282 0.04623 0.02822 
0.1143 0.12859 0.19556 0.55517 0.00638 
30 
0.30454 0.25204 0.13931 0.02742 0.27669 
0.38068 0.07729 0.21207 0.17741 0.15255 
0.01139 0.58798 0.02601 0.27728 0.09734 
0.19967 0.08703 0.4484 0.04715 0.21775 
0.20324 0.02786 0.4358 0.28815 0.04495 
0.07345 0.29575 0.20012 0.41319 0.01749 
