V-CREDAL
8
2 4 2 3 3 3 4 2
8
1 0
2 0 1
2 1 2
2 2 3
2 3 4
2 4 5
2 5 6
2 6 7

4
0.265 0.735
0.493 0.507

24
0.019 0.054 0.022 0.905
0.318 0.387 0.29 0.005
0.043 0.937 0.018 0.002
0.387 0.123 0.013 0.477
0.168 0.551 0.199 0.082
0.249 0.091 0.045 0.615
24
0.109 0.113 0.067 0.711
0.004 0.991 0.005 0.0
0.211 0.667 0.054 0.068
0.233 0.076 0.043 0.648
0.445 0.281 0.035 0.239
0.01 0.154 0.797 0.039

4
0.769 0.231
0.291 0.709
4
0.638 0.362
0.319 0.681
4
0.786 0.214
0.485 0.515
4
0.433 0.567
0.386 0.614

18
0.987 0.008 0.005
0.09 0.304 0.606
0.231 0.672 0.097
0.016 0.378 0.606
0.295 0.136 0.569
0.082 0.661 0.257
18
0.001 0.941 0.058
0.238 0.145 0.617
0.378 0.109 0.513
0.967 0.029 0.004
0.065 0.889 0.046
0.017 0.646 0.337

18
0.629 0.337 0.034
0.454 0.02 0.526
0.102 0.795 0.103
0.587 0.039 0.374
0.039 0.781 0.18
0.728 0.129 0.143
18
0.04 0.094 0.866
0.98 0.005 0.015
0.209 0.001 0.79
0.054 0.79 0.156
0.749 0.239 0.012
0.16 0.778 0.062
18
0.334 0.626 0.04
0.966 0.021 0.013
0.006 0.028 0.966
0.049 0.865 0.086
0.736 0.017 0.247
0.206 0.017 0.777

18
0.537 0.045 0.418
0.189 0.117 0.694
0.429 0.052 0.519
0.491 0.46 0.049
0.037 0.922 0.041
0.753 0.109 0.138
18
0.355 0.138 0.507
0.914 0.031 0.055
0.689 0.018 0.293
0.012 0.788 0.2
0.074 0.646 0.28
0.317 0.538 0.145
18
0.085 0.798 0.117
0.905 0.093 0.002
0.164 0.177 0.659
0.827 0.073 0.1
0.432 0.024 0.544
0.04 0.662 0.298

24
0.015 0.017 0.959 0.009
0.111 0.033 0.122 0.734
0.101 0.064 0.807 0.028
0.072 0.101 0.681 0.146
0.023 0.016 0.081 0.88
0.007 0.079 0.135 0.779
24
0.018 0.053 0.355 0.574
0.17 0.704 0.063 0.063
0.011 0.002 0.847 0.14
0.681 0.267 0.03 0.022
0.086 0.321 0.108 0.485
0.151 0.104 0.637 0.108
24
0.414 0.086 0.061 0.439
0.01 0.793 0.0 0.197
0.001 0.0 0.134 0.865
0.878 0.019 0.027 0.076
0.029 0.023 0.842 0.106
0.037 0.185 0.75 0.028

4
0.146 0.854
0.358 0.642
4
0.941 0.059
0.634 0.366
4
0.038 0.962
0.421 0.579
4
0.853 0.147
0.749 0.251
