V-CREDAL 
8 
4 3 2 4 3 2 3 3 
8 
1 0 
2 0 1 
2 1 2 
2 2 3 
2 3 4 
2 4 5 
2 5 6 
2 6 7 

16 
0.06225 0.08545 0.80752 0.04478 
0.03578 0.36709 0.01532 0.58181 
0.00808 0.04431 0.66854 0.27907 
0.10643 0.81185 0.0127 0.06902 

12 
0.45342 0.46381 0.08277 
0.29671 0.01651 0.68678 
0.05092 0.84502 0.10406 
0.75646 0.17569 0.06785 
12 
0.13681 0.36231 0.50088 
0.96868 0.01448 0.01684 
0.0697 0.73638 0.19392 
0.31899 0.13566 0.54535 
12 
0.4628 0.42042 0.11678 
0.08003 0.25082 0.66915 
0.54794 0.36992 0.08214 
0.63102 0.25372 0.11526 
12 
0.76008 0.15908 0.08084 
0.03157 0.91282 0.05561 
0.06723 0.25598 0.67679 
0.53425 0.40139 0.06436 

4 
0.97955 0.02045 
0.84156 0.15844 
4 
0.17305 0.82695 
0.01479 0.98521 
4 
0.0976 0.9024 
0.72023 0.27977 

16 
0.01018 0.05011 0.56648 0.37323 
0.00477 0.78855 0.18983 0.01685 
0.02542 0.0201 0.19715 0.75733 
0.04232 0.58569 0.13308 0.23891 
16 
0.15107 0.01702 0.00516 0.82675 
0.08053 0.74024 0.13397 0.04526 
0.03954 0.0397 0.25303 0.66773 
0.0624 0.4194 0.01876 0.49944 

12 
0.17725 0.20222 0.62053 
0.48737 0.04099 0.47164 
0.09959 0.51409 0.38632 
0.59769 0.06207 0.34024 
12 
9.8E-4 0.01536 0.98366 
0.68993 0.18188 0.12819 
0.02082 0.52406 0.45512 
0.63876 0.23894 0.1223 
12 
0.92882 0.01574 0.05544 
0.71598 0.2739 0.01012 
0.06327 0.70513 0.2316 
0.09385 0.44617 0.45998 
12 
0.1465 0.00488 0.84862 
0.14084 0.37204 0.48712 
0.79762 0.05157 0.15081 
0.40259 0.48255 0.11486 

4 
0.72256 0.27744 
0.6046 0.3954 
4 
0.05927 0.94073 
0.33205 0.66795 
4 
0.08342 0.91658 
0.06759 0.93241 

12 
0.02295 0.38718 0.58987 
0.07685 0.84555 0.0776 
0.87806 0.08518 0.03676 
0.06835 0.79567 0.13598 
12 
0.2721 0.51685 0.21105 
0.83384 0.14119 0.02497 
0.13427 0.68284 0.18289 
0.63791 0.24385 0.11824 

12 
0.30918 0.52989 0.16093 
0.73063 0.21097 0.0584 
0.01919 0.0219 0.95891 
0.2697 0.48528 0.24502 
12 
0.26241 0.54772 0.18987 
0.15358 0.08164 0.76478 
0.46645 0.22812 0.30543 
0.04403 0.86458 0.09139 
12 
0.75156 0.13799 0.11045 
0.08415 0.85568 0.06017 
0.14417 0.04724 0.80859 
0.47621 0.09555 0.42824 
