V-CREDAL 
10 
3 2 3 2 3 2 2 2 2 3 
10 
1 0 
2 0 1 
2 1 2 
2 2 3 
2 3 4 
2 4 5 
2 5 6 
2 6 7 
2 7 8 
2 8 9 

12 
0.0406 0.24179 0.71761 
0.05614 0.62647 0.31739 
0.23951 0.04313 0.71736 
0.63181 0.17194 0.19625 

4 
0.68468 0.31532 
0.16733 0.83267 
4 
0.08704 0.91296 
0.8698 0.1302 
4 
0.00715 0.99285 
0.63259 0.36741 

12 
0.08958 0.09339 0.81703 
0.13545 0.66117 0.20338 
0.35109 0.03626 0.61265 
0.34313 0.08997 0.5669 
12 
0.34911 0.13309 0.5178 
0.66855 0.137 0.19445 
0.15085 0.34141 0.50774 
0.58378 0.09756 0.31866 

4 
0.71264 0.28736 
0.38813 0.61187 
4 
0.22781 0.77219 
0.15186 0.84814 
4 
0.68173 0.31827 
0.60959 0.39041 

12 
0.87756 0.035 0.08744 
0.03166 0.22432 0.74402 
0.03514 0.66075 0.30411 
0.61711 0.09167 0.29122 
12 
0.0075 0.95014 0.04236 
0.19581 0.6995 0.10469 
0.44768 0.54674 0.00558 
0.81986 0.15748 0.02266 

4 
0.67419 0.32581 
0.27959 0.72041 
4 
0.95257 0.04743 
0.78307 0.21693 
4 
0.67392 0.32608 
0.83162 0.16838 

4 
0.68265 0.31735 
0.99665 0.00335 
4 
0.92393 0.07607 
0.68944 0.31056 

4 
0.29378 0.70622 
0.87949 0.12051 
4 
0.10786 0.89214 
0.77264 0.22736 

4 
0.58105 0.41895 
0.95254 0.04746 
4 
0.84414 0.15586 
0.42791 0.57209 

12 
0.49228 0.29807 0.20965 
0.12171 0.81692 0.06137 
0.05428 0.65305 0.29267 
0.16382 0.38335 0.45283 
12 
0.22881 0.71519 0.056 
0.17092 0.52531 0.30377 
0.33527 0.25858 0.40615 
0.16157 0.01499 0.82344 
