V-CREDAL 
6 
4 5 4 3 5 4 
6 
1 0 
2 0 1 
2 1 2 
2 2 3 
2 3 4 
2 4 5 

16 
0.27834 0.01625 0.07014 0.63527 
0.08663 0.47256 0.38041 0.0604 
7.9E-4 0.00373 0.91973 0.07575 
0.14393 0.00672 0.07984 0.76951 

20 
0.07311 0.91514 7.2E-4 9.8E-4 0.01005 
0.6745 0.00608 0.24436 0.02154 0.05352 
0.19069 0.17346 0.1735 0.17442 0.28793 
0.31574 0.08331 0.0735 0.30371 0.22374 
20 
0.02103 0.12366 0.21082 0.43273 0.21176 
0.11837 0.54508 0.0823 0.15237 0.10188 
0.02381 6.9E-4 0.02655 0.94854 4.1E-4 
0.06306 0.3543 0.08935 0.01844 0.47485 
20 
0.01193 0.9569 0.01314 0.00359 0.01444 
0.55411 0.00456 0.15519 0.01961 0.26653 
0.78619 0.00461 0.0262 0.13378 0.04922 
0.11413 0.08381 0.19014 0.34227 0.26965 
20 
0.00327 0.01797 0.0142 0.77002 0.19454 
0.26626 0.02458 0.15514 0.00783 0.54619 
0.66894 0.04682 0.01806 0.22613 0.04005 
0.55717 0.09464 0.06962 0.15303 0.12554 

16 
0.21721 0.20289 0.14996 0.42994 
1.6E-4 0.22469 0.00527 0.76988 
0.02064 0.28019 0.15031 0.54886 
0.00172 0.77364 0.10202 0.12262 
16 
0.36289 0.15318 0.322 0.16193 
0.73319 0.01459 0.13352 0.1187 
0.2572 0.62374 0.06741 0.05165 
0.1627 0.04204 0.23996 0.5553 
16 
0.53096 0.23638 0.21805 0.01461 
0.25312 0.26098 0.21453 0.27137 
0.70559 0.01475 0.13343 0.14623 
0.10591 0.65656 0.11165 0.12588 
16 
0.0947 0.22142 0.18451 0.49937 
0.17614 0.14199 0.19603 0.48584 
0.03437 0.29352 0.52769 0.14442 
0.23058 0.23715 0.0357 0.49657 
16 
0.16045 0.27289 0.24284 0.32382 
0.2714 0.11061 0.55184 0.06615 
0.03089 0.00742 0.94668 0.01501 
0.02081 0.09383 0.05206 0.8333 

12 
0.73943 0.03373 0.22684 
0.43388 0.18846 0.37766 
0.25831 0.46577 0.27592 
0.27683 0.39578 0.32739 
12 
0.55629 0.37403 0.06968 
0.62751 0.09339 0.2791 
0.29659 0.32655 0.37686 
0.70931 0.07878 0.21191 
12 
0.68165 0.1885 0.12985 
0.32458 0.16518 0.51024 
0.54493 0.07293 0.38214 
0.14635 0.63257 0.22108 
12 
0.28178 0.11655 0.60167 
0.10819 0.87947 0.01234 
0.73197 0.1684 0.09963 
0.32811 0.07751 0.59438 

20 
0.00953 0.01 0.39431 0.04514 0.54102 
0.1615 0.05647 0.47115 0.2835 0.02738 
0.24652 0.46568 0.13443 0.11643 0.03694 
0.04382 0.02172 0.88476 0.02556 0.02414 
20 
0.03739 0.57896 0.22966 0.08163 0.07236 
6.3E-4 0.03959 3.7E-4 0.86545 0.09396 
0.04471 0.0264 0.81827 0.0045 0.10612 
0.12996 0.01896 0.0181 0.30093 0.53205 
20 
0.1095 0.05806 0.18683 0.53583 0.10978 
0.1141 0.82543 0.05434 0.00329 0.00284 
1.3E-4 0.50906 0.48936 8.2E-4 6.3E-4 
0.97317 0.00359 0.02006 0.0026 5.8E-4 

16 
0.06022 0.32561 0.17277 0.4414 
0.0015 3.6E-4 0.96562 0.03252 
0.55224 0.21907 0.03208 0.19661 
0.33517 0.00863 0.01981 0.63639 
16 
0.06484 0.0751 0.81975 0.04031 
0.03076 0.25314 0.5592 0.1569 
0.63515 0.01529 0.20852 0.14104 
0.63774 0.00784 0.28938 0.06504 
16 
0.52857 0.21067 0.15161 0.10915 
0.31029 0.37285 0.17463 0.14223 
0.46614 0.00334 0.48771 0.04281 
0.10445 0.41923 0.15858 0.31774 
16 
0.00402 0.01843 0.95539 0.02216 
0.83299 0.02907 0.10606 0.03188 
0.26474 0.02792 0.05761 0.64973 
0.07858 0.10388 0.00919 0.80835 
16 
0.29782 0.04777 0.14793 0.50648 
0.01637 0.02937 0.37879 0.57547 
0.05724 0.16403 0.00515 0.77358 
0.39784 0.10939 0.1229 0.36987 
