V-CREDAL
4
4 3 3 2
4
2 2 0
3 2 3 1
1 2
1 3

16
0.481 0.264 0.049 0.206
0.823 0.069 0.092 0.016
0.145 0.067 0.008 0.78
0.439 0.023 0.389 0.149
16
0.062 0.3 0.451 0.187
0.11 0.79 0.019 0.081
0.013 0.016 0.303 0.668
0.123 0.016 0.837 0.024
16
0.155 0.322 0.45 0.073
0.558 0.065 0.293 0.084
0.01 0.37 0.615 0.005
0.104 0.782 0.077 0.037

12
0.897 0.071 0.032
0.253 0.322 0.425
0.37 0.203 0.427
0.427 0.426 0.147
12
0.142 0.511 0.347
0.235 0.165 0.6
0.331 0.493 0.176
0.709 0.286 0.005
12
0.115 0.882 0.003
0.105 0.01 0.885
0.948 0.036 0.016
0.968 0.013 0.019
12
0.763 0.105 0.132
0.045 0.939 0.016
0.026 0.021 0.953
0.771 0.196 0.033
12
0.103 0.009 0.888
0.173 0.805 0.022
0.748 0.091 0.161
0.137 0.82 0.043
12
0.034 0.109 0.857
0.039 0.003 0.958
0.294 0.296 0.41
0.219 0.597 0.184

12
0.118 0.875 0.007
0.215 0.026 0.759
0.644 0.144 0.212
0.066 0.426 0.508

4
0.641 0.359
0.057 0.943
