V-CREDAL 
10 
4 2 4 3 4 2 2 4 4 2 
10 
1 0 
2 0 1 
2 1 2 
2 2 3 
2 3 4 
2 4 5 
2 5 6 
2 6 7 
2 7 8 
2 8 9 

16 
0.307 0.525 0.08 0.088 
0.365 0.501 0.026 0.108 
0.106 0.421 0.007 0.466 
0.329 0.078 0.154 0.439 

4 
0.046 0.954 
0.064 0.936 
4 
0.482 0.518 
0.954 0.046 
4 
0.354 0.646 
0.763 0.237 
4 
0.192 0.808 
0.65 0.35 

16 
0.053 0.173 0.011 0.763 
0.312 0.3 0.246 0.142 
0.833 0.036 0.052 0.079 
0.333 0.083 0.024 0.56 
16 
0.086 0.592 0.246 0.076 
0.047 0.13 0.635 0.188 
0.178 0.557 0.076 0.189 
0.023 0.456 0.204 0.317 

12 
0.535 0.456 0.009 
0.082 0.006 0.912 
0.965 0.013 0.022 
0.142 0.102 0.756 
12 
0.146 0.477 0.377 
0.122 0.391 0.487 
0.144 0.118 0.738 
0.423 0.216 0.361 
12 
0.264 0.543 0.193 
0.924 0.009 0.067 
0.279 0.096 0.625 
0.084 0.265 0.651 
12 
0.846 0.004 0.15 
0.095 0.191 0.714 
0.031 0.819 0.15 
0.021 0.651 0.328 

16 
0.73 0.01 0.158 0.102 
0.101 0.22 0.026 0.653 
0.175 0.615 0.18 0.03 
0.221 0.13 0.246 0.403 
16 
0.001 0.007 0.785 0.207 
0.196 0.351 0.19 0.263 
0.807 0.002 0.004 0.187 
0.331 0.186 0.207 0.276 
16 
0.002 0.863 0.02 0.115 
0.042 0.13 0.385 0.443 
0.958 0.011 0.022 0.009 
0.675 0.032 0.06 0.233 

4 
0.009 0.991 
0.455 0.545 
4 
0.471 0.529 
0.698 0.302 
4 
0.926 0.074 
0.854 0.146 
4 
0.269 0.731 
0.976 0.024 

4 
0.323 0.677 
0.059 0.941 
4 
0.756 0.244 
0.515 0.485 

16 
0.069 0.099 0.495 0.337 
0.892 0.035 0.06 0.013 
0.155 0.596 0.234 0.015 
0.249 0.57 0.114 0.067 
16 
0.894 0.033 0.025 0.048 
0.137 0.604 0.06 0.199 
0.203 0.055 0.738 0.004 
0.038 0.047 0.747 0.168 

16 
0.734 0.238 0.013 0.015 
0.038 0.287 0.626 0.049 
0.356 0.023 0.509 0.112 
0.231 0.296 0.101 0.372 
16 
0.294 0.07 0.578 0.058 
0.744 0.107 0.097 0.052 
0.124 0.274 0.561 0.041 
0.031 0.349 0.532 0.088 
16 
0.07 0.014 0.033 0.883 
0.053 0.104 0.807 0.036 
0.137 0.561 0.093 0.209 
0.19 0.029 0.637 0.144 
16 
0.39 0.075 0.506 0.029 
0.084 0.046 0.043 0.827 
0.165 0.153 0.65 0.032 
0.863 0.092 0.011 0.034 

4 
0.115 0.885 
0.677 0.323 
4 
0.449 0.551 
0.768 0.232 
4 
0.148 0.852 
0.788 0.212 
4 
0.79 0.21 
0.382 0.618 
