V-CREDAL
4
2 3 3 2
4
3 1 3 0
2 2 1
1 2
1 3

4
0.433 0.567
0.361 0.639
4
0.731 0.269
0.525 0.475
4
0.202 0.798
0.127 0.873
4
0.202 0.798
0.683 0.317
4
0.178 0.822
0.18 0.82
4
0.469 0.531
0.966 0.034

18
0.042 0.119 0.839
0.025 0.96 0.015
0.943 0.05 0.007
0.091 0.903 0.006
0.08 0.025 0.895
0.013 0.596 0.391
18
0.057 0.875 0.068
0.549 0.444 0.007
0.005 0.053 0.942
0.235 0.761 0.004
0.015 0.625 0.36
0.869 0.028 0.103
18
0.442 0.012 0.546
0.022 0.88 0.098
0.011 0.327 0.662
0.914 0.054 0.032
0.517 0.009 0.474
0.377 0.594 0.029

18
0.332 0.645 0.023
0.017 0.453 0.53
0.169 0.039 0.792
0.977 0.012 0.011
0.203 0.023 0.774
0.006 0.485 0.509

4
0.931 0.069
0.347 0.653
