V-CREDAL
7
3 2 3 2 3 3 3
7
2 3 0
2 2 1
1 2
1 3
3 0 6 4
3 2 4 5
1 6

12
0.669 0.006 0.325
0.063 0.446 0.491
0.177 0.811 0.012
0.196 0.198 0.606
12
0.7 0.162 0.138
0.451 0.513 0.036
0.242 0.092 0.666
0.57 0.104 0.326

4
0.507 0.493
0.675 0.325
4
0.589 0.411
0.271 0.729
4
0.897 0.103
0.824 0.176

12
0.163 0.084 0.753
0.004 0.751 0.245
0.583 0.163 0.254
0.444 0.132 0.424

4
0.042 0.958
0.362 0.638

12
0.536 0.42 0.044
0.578 0.41 0.012
0.468 0.337 0.195
0.1 0.178 0.722
12
0.018 0.766 0.216
0.482 0.098 0.42
0.646 0.039 0.315
0.418 0.145 0.437
12
0.046 0.397 0.557
0.889 0.066 0.045
0.458 0.184 0.358
0.242 0.746 0.012
12
0.77 0.054 0.176
0.501 0.049 0.45
0.109 0.096 0.795
0.235 0.764 0.001
12
0.794 0.156 0.05
0.188 0.428 0.384
0.806 0.113 0.081
0.457 0.246 0.297
12
0.141 0.658 0.201
0.104 0.253 0.643
0.158 0.082 0.76
0.157 0.025 0.818
12
0.063 0.395 0.542
0.971 0.02 0.009
0.409 0.529 0.062
0.089 0.249 0.662
12
0.523 0.065 0.412
0.07 0.228 0.702
0.138 0.115 0.747
0.334 0.548 0.118
12
0.055 0.907 0.038
0.035 0.238 0.727
0.602 0.373 0.025
0.344 0.116 0.54

12
0.005 0.003 0.992
0.266 0.321 0.413
0.14 0.59 0.27
0.366 0.073 0.561
12
0.077 0.046 0.877
0.273 0.485 0.242
0.078 0.471 0.451
0.839 0.063 0.098
12
0.081 0.523 0.396
0.208 0.679 0.113
0.291 0.182 0.527
0.017 0.244 0.739
12
0.296 0.276 0.428
0.037 0.224 0.739
0.331 0.031 0.638
0.618 0.07 0.312
12
0.063 0.356 0.581
0.979 0.01 0.011
0.164 0.79 0.046
0.037 0.85 0.113
12
0.472 0.086 0.442
0.068 0.858 0.074
0.807 0.058 0.135
0.644 0.301 0.055
12
0.188 0.248 0.564
0.245 0.407 0.348
0.582 0.38 0.038
0.776 0.173 0.051
12
0.436 0.257 0.307
0.027 0.78 0.193
0.006 0.157 0.837
0.232 0.142 0.626
12
0.003 0.783 0.214
0.5 0.026 0.474
0.005 0.001 0.994
0.089 0.779 0.132

12
0.242 0.192 0.566
0.16 0.662 0.178
0.013 0.579 0.408
0.21 0.576 0.214
