V-CREDAL
10
2 4 2 3 4 2 2 4 2 4
10
2 2 0
2 8 1
2 7 2
1 3
2 5 4
2 2 5
2 5 6
2 8 7
1 8
3 3 4 9

4
0.061 0.939
0.03 0.97
4
0.852 0.148
0.359 0.641

16
0.61 0.348 0.005 0.037
0.006 0.983 0.005 0.006
0.502 0.087 0.176 0.235
0.012 0.942 0.006 0.04
16
0.581 0.055 0.036 0.328
0.755 0.093 0.081 0.071
0.054 0.025 0.005 0.916
0.017 0.023 0.959 0.001

4
0.808 0.192
0.744 0.256
4
0.39 0.61
0.59 0.41
4
0.167 0.833
0.805 0.195
4
0.599 0.401
0.677 0.323

12
0.719 0.027 0.254
0.161 0.833 0.006
0.113 0.326 0.561
0.13 0.553 0.317

16
0.032 0.009 0.004 0.955
0.031 0.58 0.078 0.311
0.377 0.162 0.373 0.088
0.789 0.036 0.07 0.105
16
0.589 0.095 0.023 0.293
0.197 0.01 0.507 0.286
0.692 0.001 0.195 0.112
0.274 0.03 0.547 0.149

4
0.894 0.106
0.284 0.716
4
0.691 0.309
0.431 0.569

4
0.159 0.841
0.449 0.551
4
0.789 0.211
0.218 0.782

16
0.661 0.197 0.077 0.065
0.289 0.199 0.378 0.134
0.183 0.023 0.146 0.648
0.406 0.018 0.156 0.42
16
0.076 0.203 0.136 0.585
0.685 0.066 0.222 0.027
0.602 0.067 0.297 0.034
0.025 0.46 0.02 0.495

4
0.109 0.891
0.25 0.75

16
0.367 0.043 0.522 0.068
0.192 0.162 0.349 0.297
0.28 0.051 0.65 0.019
0.238 0.114 0.248 0.4
16
0.297 0.593 0.08 0.03
0.111 0.061 0.042 0.786
0.631 0.003 0.364 0.002
0.076 0.842 0.057 0.025
16
0.121 0.023 0.484 0.372
0.017 0.345 0.132 0.506
0.022 0.005 0.262 0.711
0.009 0.15 0.497 0.344
16
0.053 0.185 0.74 0.022
0.083 0.007 0.062 0.848
0.336 0.569 0.076 0.019
0.082 0.062 0.095 0.761
16
0.042 0.201 0.616 0.141
0.074 0.715 0.07 0.141
0.01 0.006 0.827 0.157
0.77 0.032 0.062 0.136
16
0.325 0.018 0.28 0.377
0.323 0.041 0.348 0.288
0.049 0.193 0.006 0.752
0.131 0.003 0.002 0.864
16
0.116 0.26 0.4 0.224
0.024 0.396 0.264 0.316
0.026 0.919 0.026 0.029
0.333 0.211 0.432 0.024
16
0.008 0.927 0.055 0.01
0.115 0.506 0.327 0.052
0.655 0.213 0.049 0.083
0.952 0.029 0.013 0.006
16
0.224 0.312 0.156 0.308
0.653 0.281 0.035 0.031
0.046 0.678 0.1 0.176
0.398 0.124 0.04 0.438
16
0.316 0.077 0.581 0.026
0.319 0.417 0.067 0.197
0.134 0.312 0.487 0.067
0.967 0.028 0.003 0.002
16
0.229 0.181 0.154 0.436
0.612 0.108 0.081 0.199
0.115 0.086 0.617 0.182
0.511 0.319 0.014 0.156
16
0.018 0.095 0.87 0.017
0.416 0.05 0.467 0.067
0.468 0.163 0.179 0.19
0.854 0.13 0.002 0.014
