V-CREDAL
7
3 4 4 2 3 2 4
7
1 0
2 0 1
2 1 2
2 2 3
2 3 4
2 4 5
2 5 6

12
0.813 0.024 0.163
0.072 0.304 0.624
0.018 0.982 0.0
0.942 0.032 0.026

16
0.109 0.274 0.053 0.564
0.127 0.633 0.004 0.236
0.195 0.234 0.296 0.275
0.006 0.013 0.006 0.975
16
0.613 0.036 0.215 0.136
0.055 0.745 0.15 0.05
0.283 0.023 0.349 0.345
0.861 0.024 0.06 0.055
16
0.347 0.176 0.27 0.207
0.082 0.755 0.062 0.101
0.052 0.066 0.195 0.687
0.062 0.133 0.257 0.548

16
0.379 0.496 0.063 0.062
0.004 0.006 0.002 0.988
0.18 0.29 0.333 0.197
0.094 0.127 0.383 0.396
16
0.603 0.015 0.351 0.031
0.028 0.011 0.293 0.668
0.105 0.406 0.339 0.15
0.107 0.837 0.021 0.035
16
0.006 0.014 0.564 0.416
0.059 0.161 0.147 0.633
0.212 0.475 0.204 0.109
0.011 0.632 0.242 0.115
16
0.06 0.31 0.247 0.383
0.206 0.382 0.371 0.041
0.14 0.84 0.007 0.013
0.817 0.116 0.01 0.057

4
0.323 0.677
0.049 0.951
4
0.126 0.874
0.288 0.712
4
0.365 0.635
0.097 0.903
4
0.972 0.028
0.456 0.544

12
0.166 0.769 0.065
0.529 0.258 0.213
0.515 0.249 0.236
0.358 0.252 0.39
12
0.024 0.127 0.849
0.005 0.97 0.025
0.47 0.28 0.25
0.368 0.156 0.476

4
0.407 0.593
0.368 0.632
4
0.33 0.67
0.862 0.138
4
0.45 0.55
0.335 0.665

16
0.2 0.471 0.307 0.022
0.522 0.178 0.097 0.203
0.128 0.026 0.578 0.268
0.331 0.503 0.031 0.135
16
0.038 0.084 0.846 0.032
0.068 0.731 0.032 0.169
0.179 0.265 0.029 0.527
0.205 0.174 0.019 0.602
