V-CREDAL
10
2 3 3 2 3 2 3 4 2 3
10
4 1 4 5 0
2 6 1
1 2
1 3
1 4
3 2 3 5
1 6
2 0 7
2 0 8
2 4 9

4
0.541 0.459
0.426 0.574
4
0.075 0.925
0.916 0.084
4
0.184 0.816
0.802 0.198
4
0.492 0.508
0.373 0.627
4
0.365 0.635
0.402 0.598
4
0.181 0.819
0.251 0.749
4
0.76 0.24
0.409 0.591
4
0.421 0.579
0.871 0.129
4
0.356 0.644
0.052 0.948
4
0.754 0.246
0.553 0.447
4
0.17 0.83
0.417 0.583
4
0.663 0.337
0.83 0.17
4
0.977 0.023
0.006 0.994
4
0.287 0.713
0.301 0.699
4
0.022 0.978
0.456 0.544
4
0.051 0.949
0.658 0.342
4
0.458 0.542
0.208 0.792
4
0.277 0.723
0.663 0.337

12
0.067 0.598 0.335
0.223 0.516 0.261
0.274 0.679 0.047
0.124 0.265 0.611
12
0.499 0.095 0.406
0.012 0.986 0.002
0.735 0.217 0.048
0.116 0.71 0.174
12
0.442 0.227 0.331
0.122 0.088 0.79
0.14 0.439 0.421
0.198 0.456 0.346

12
0.32 0.674 0.006
0.345 0.63 0.025
0.028 0.961 0.011
0.149 0.252 0.599

4
0.718 0.282
0.286 0.714

12
0.078 0.812 0.11
0.457 0.254 0.289
0.881 0.056 0.063
0.313 0.363 0.324

4
0.238 0.762
0.239 0.761
4
0.754 0.246
0.759 0.241
4
0.422 0.578
0.489 0.511
4
0.831 0.169
0.918 0.082
4
0.915 0.085
0.389 0.611
4
0.886 0.114
0.53 0.47

12
0.056 0.943 0.001
0.158 0.656 0.186
0.6 0.071 0.329
0.586 0.199 0.215

16
0.016 0.896 0.065 0.023
0.135 0.294 0.274 0.297
0.603 0.006 0.062 0.329
0.083 0.056 0.855 0.006
16
0.309 0.13 0.361 0.2
0.694 0.231 0.006 0.069
0.207 0.056 0.077 0.66
0.361 0.205 0.228 0.206

4
0.708 0.292
0.242 0.758
4
0.951 0.049
0.14 0.86

12
0.651 0.304 0.045
0.467 0.252 0.281
0.346 0.108 0.546
0.804 0.024 0.172
12
0.284 0.2 0.516
0.421 0.47 0.109
0.044 0.033 0.923
0.022 0.892 0.086
12
0.141 0.346 0.513
0.039 0.472 0.489
0.063 0.607 0.33
0.415 0.164 0.421
