V-CREDAL
9
4 3 2 4 2 3 4 3 2
9
2 4 0
3 0 3 1
2 7 2
1 3
1 4
3 0 6 5
2 2 6
1 7
2 6 8

24
0.656 0.064 0.209 0.071
0.302 0.098 0.002 0.598
0.056 0.105 0.799 0.04
0.045 0.388 0.054 0.513
0.043 0.315 0.108 0.534
0.004 0.804 0.147 0.045
24
0.338 0.569 0.078 0.015
0.098 0.359 0.233 0.31
0.857 0.0 0.05 0.093
0.137 0.113 0.478 0.272
0.382 0.188 0.145 0.285
0.032 0.681 0.021 0.266

18
0.185 0.14 0.675
0.06 0.655 0.285
0.668 0.005 0.327
0.887 0.107 0.006
0.816 0.023 0.161
0.122 0.299 0.579
18
0.085 0.737 0.178
0.025 0.257 0.718
0.762 0.196 0.042
0.843 0.126 0.031
0.53 0.078 0.392
0.031 0.517 0.452
18
0.923 0.045 0.032
0.001 0.977 0.022
0.0 0.002 0.998
0.002 0.998 0.0
0.897 0.011 0.092
0.115 0.003 0.882
18
0.159 0.125 0.716
0.054 0.293 0.653
0.387 0.024 0.589
0.765 0.142 0.093
0.2 0.768 0.032
0.106 0.721 0.173
18
0.898 0.021 0.081
0.021 0.912 0.067
0.036 0.003 0.961
0.744 0.206 0.05
0.056 0.924 0.02
0.903 0.007 0.09
18
0.062 0.566 0.372
0.17 0.368 0.462
0.824 0.104 0.072
0.424 0.558 0.018
0.019 0.93 0.051
0.389 0.007 0.604
18
0.026 0.001 0.973
0.005 0.039 0.956
0.892 0.003 0.105
0.031 0.921 0.048
0.008 0.711 0.281
0.967 0.032 0.001
18
0.067 0.051 0.882
0.717 0.174 0.109
0.028 0.964 0.008
0.001 0.844 0.155
0.492 0.007 0.501
0.057 0.113 0.83
18
0.028 0.255 0.717
0.821 0.006 0.173
0.207 0.048 0.745
0.032 0.967 0.001
0.505 0.445 0.05
0.559 0.374 0.067
18
0.022 0.049 0.929
0.411 0.027 0.562
0.592 0.228 0.18
0.088 0.891 0.021
0.051 0.84 0.109
0.627 0.085 0.288
18
0.007 0.982 0.011
0.194 0.005 0.801
0.001 0.01 0.989
0.99 0.004 0.006
0.726 0.0 0.274
0.988 0.008 0.004
18
0.564 0.192 0.244
0.069 0.172 0.759
0.207 0.372 0.421
0.277 0.425 0.298
0.183 0.056 0.761
0.161 0.067 0.772
18
0.01 0.961 0.029
0.131 0.436 0.433
0.446 0.092 0.462
0.885 0.041 0.074
0.931 0.052 0.017
0.013 0.961 0.026
18
0.984 0.001 0.015
0.633 0.266 0.101
0.954 0.035 0.011
0.01 0.004 0.986
0.008 0.06 0.932
0.246 0.327 0.427
18
0.043 0.952 0.005
0.643 0.336 0.021
0.534 0.075 0.391
0.042 0.516 0.442
0.59 0.193 0.217
0.451 0.108 0.441
18
0.86 0.127 0.013
0.05 0.915 0.035
0.114 0.005 0.881
0.075 0.011 0.914
0.532 0.007 0.461
0.225 0.751 0.024

4
0.952 0.048
0.7 0.3
4
0.176 0.824
0.849 0.151
4
0.576 0.424
0.778 0.222

24
0.636 0.001 0.001 0.362
0.679 0.03 0.209 0.082
0.007 0.04 0.949 0.004
0.402 0.01 0.02 0.568
0.049 0.644 0.01 0.297
0.011 0.043 0.526 0.42

4
0.203 0.797
0.456 0.544

18
0.269 0.019 0.712
0.074 0.908 0.018
0.834 0.06 0.106
0.055 0.155 0.79
0.054 0.072 0.874
0.459 0.525 0.016
18
0.423 0.552 0.025
0.292 0.081 0.627
0.003 0.98 0.017
0.401 0.104 0.495
0.218 0.767 0.015
0.438 0.144 0.418
18
0.0 0.009 0.991
0.634 0.228 0.138
0.082 0.018 0.9
0.011 0.489 0.5
0.387 0.468 0.145
0.011 0.001 0.988
18
0.042 0.894 0.064
0.928 0.018 0.054
0.109 0.875 0.016
0.005 0.035 0.96
0.889 0.017 0.094
0.02 0.394 0.586
18
0.004 0.032 0.964
0.261 0.593 0.146
0.76 0.062 0.178
0.518 0.472 0.01
0.008 0.095 0.897
0.896 0.083 0.021
18
0.01 0.452 0.538
0.858 0.102 0.04
0.062 0.83 0.108
0.021 0.031 0.948
0.813 0.074 0.113
0.486 0.49 0.024
18
0.011 0.036 0.953
0.111 0.845 0.044
0.001 0.647 0.352
0.865 0.009 0.126
0.813 0.01 0.177
0.416 0.555 0.029
18
0.336 0.551 0.113
0.134 0.608 0.258
0.236 0.098 0.666
0.893 0.089 0.018
0.022 0.257 0.721
0.074 0.431 0.495
18
0.844 0.155 0.001
0.306 0.622 0.072
0.448 0.536 0.016
0.411 0.026 0.563
0.008 0.282 0.71
0.244 0.08 0.676
18
0.251 0.176 0.573
0.613 0.001 0.386
0.325 0.573 0.102
0.67 0.127 0.203
0.067 0.736 0.197
0.462 0.02 0.518
18
0.904 0.068 0.028
0.697 0.046 0.257
0.104 0.017 0.879
0.088 0.023 0.889
0.003 0.996 0.001
0.876 0.058 0.066
18
0.699 0.066 0.235
0.169 0.018 0.813
0.371 0.412 0.217
0.122 0.544 0.334
0.31 0.02 0.67
0.093 0.104 0.803
18
0.915 0.049 0.036
0.688 0.064 0.248
0.052 0.943 0.005
0.007 0.399 0.594
0.1 0.153 0.747
0.33 0.667 0.003
18
0.023 0.222 0.755
0.811 0.162 0.027
0.291 0.006 0.703
0.04 0.954 0.006
0.766 0.114 0.12
0.156 0.058 0.786
18
0.113 0.704 0.183
0.478 0.076 0.446
0.806 0.175 0.019
0.183 0.721 0.096
0.583 0.089 0.328
0.006 0.093 0.901
18
0.026 0.039 0.935
0.744 0.228 0.028
0.011 0.988 0.001
0.082 0.018 0.9
0.68 0.078 0.242
0.558 0.029 0.413

24
0.052 0.924 0.005 0.019
0.184 0.123 0.061 0.632
0.117 0.848 0.015 0.02
0.769 0.062 0.161 0.008
0.402 0.161 0.406 0.031
0.239 0.026 0.288 0.447
24
0.046 0.088 0.794 0.072
0.981 0.018 0.0 0.001
0.236 0.432 0.084 0.248
0.117 0.064 0.671 0.148
0.128 0.0 0.142 0.73
0.877 0.051 0.051 0.021

18
0.066 0.573 0.361
0.345 0.18 0.475
0.796 0.107 0.097
0.071 0.84 0.089
0.146 0.82 0.034
0.01 0.803 0.187

4
0.076 0.924
0.916 0.084
4
0.532 0.468
0.622 0.378
4
0.611 0.389
0.84 0.16
4
0.218 0.782
0.23 0.77
