V-CREDAL 
4 
3 4 4 4 
4 
1 0 
2 0 1 
2 1 2 
2 2 3 

18 
0.699 0.036 0.265 
0.102 0.601 0.297 
0.28 0.03 0.69 
0.697 0.052 0.251 
0.087 0.605 0.308 
0.348 0.009 0.643 

24 
0.361 0.023 0.044 0.572 
0.004 0.307 0.53 0.159 
0.253 0.648 0.013 0.086 
0.773 0.059 0.012 0.156 
0.001 0.005 0.99 0.004 
0.569 0.201 0.16 0.07 
24 
0.111 0.275 0.14 0.474 
0.201 0.112 0.685 0.002 
0.304 0.055 0.309 0.332 
0.152 0.124 0.552 0.172 
0.31 0.064 0.126 0.5 
0.004 0.022 0.127 0.847 
24 
0.078 0.103 0.013 0.806 
0.861 0.054 0.015 0.07 
0.092 0.084 0.068 0.756 
0.022 0.042 0.88 0.056 
0.117 0.744 0.053 0.086 
0.278 0.011 0.56 0.151 

24 
0.002 0.183 0.101 0.714 
0.009 0.018 0.969 0.004 
0.927 0.041 0.026 0.006 
0.602 0.018 0.227 0.153 
0.03 0.797 0.136 0.037 
0.002 0.881 0.001 0.116 
24 
0.098 0.775 0.104 0.023 
0.324 0.188 0.017 0.471 
0.018 0.004 0.976 0.002 
0.531 0.089 0.268 0.112 
0.302 0.157 0.526 0.015 
0.01 0.82 0.093 0.077 
24 
0.126 0.129 0.598 0.147 
0.713 0.034 0.183 0.07 
0.03 0.182 0.001 0.787 
0.601 0.059 0.291 0.049 
0.25 0.579 0.055 0.116 
0.018 0.057 0.003 0.922 
24 
0.587 0.175 0.127 0.111 
0.066 0.058 0.34 0.536 
0.443 0.032 0.34 0.185 
0.021 0.935 0.033 0.011 
0.236 0.37 0.082 0.312 
0.115 0.098 0.72 0.067 

24 
0.007 0.928 0.005 0.06 
0.049 0.655 0.286 0.01 
0.655 0.102 0.024 0.219 
0.628 0.343 0.02 0.009 
0.699 0.024 0.06 0.217 
0.037 0.202 0.166 0.595 
24 
0.398 0.348 0.07 0.184 
0.289 0.653 0.047 0.011 
0.171 0.529 0.018 0.282 
0.33 0.083 0.558 0.029 
0.559 0.045 0.378 0.018 
0.012 0.95 0.031 0.007 
24 
0.273 0.308 0.33 0.089 
0.202 0.019 0.028 0.751 
0.032 0.04 0.363 0.565 
0.517 0.1 0.179 0.204 
0.848 0.131 0.012 0.009 
0.238 0.001 0.002 0.759 
24 
0.735 0.002 0.021 0.242 
0.011 0.043 0.034 0.912 
0.091 0.008 0.678 0.223 
0.019 0.026 0.876 0.079 
0.508 0.208 0.138 0.146 
0.052 0.058 0.011 0.879 
