V-CREDAL
10
4 2 4 3 4 2 2 4 4 2
10
1 0
2 0 1
2 1 2
2 2 3
2 3 4
2 4 5
2 5 6
2 6 7
2 7 8
2 8 9

24
0.137 0.815 0.008 0.04
0.099 0.01 0.725 0.166
0.009 0.256 0.359 0.376
0.048 0.355 0.04 0.557
0.325 0.42 0.192 0.063
0.634 0.133 0.078 0.155

4
0.633 0.367
0.35 0.65
4
0.177 0.823
0.676 0.324
4
0.539 0.461
0.703 0.297
4
0.186 0.814
0.521 0.479

24
0.025 0.005 0.001 0.969
0.466 0.057 0.437 0.04
0.079 0.577 0.315 0.029
0.01 0.838 0.084 0.068
0.234 0.024 0.632 0.11
0.474 0.496 0.023 0.007
24
0.077 0.031 0.479 0.413
0.067 0.71 0.169 0.054
0.434 0.075 0.198 0.293
0.03 0.243 0.162 0.565
0.333 0.199 0.379 0.089
0.001 0.988 0.002 0.009

18
0.633 0.067 0.3
0.07 0.004 0.926
0.206 0.792 0.002
0.017 0.33 0.653
0.051 0.637 0.312
0.511 0.477 0.012
18
0.022 0.009 0.969
0.947 0.005 0.048
0.024 0.944 0.032
0.002 0.815 0.183
0.001 0.716 0.283
0.731 0.005 0.264
18
0.79 0.087 0.123
0.024 0.805 0.171
0.026 0.916 0.058
0.077 0.536 0.387
0.286 0.083 0.631
0.145 0.37 0.485
18
0.661 0.338 0.001
0.677 0.003 0.32
0.053 0.273 0.674
0.784 0.149 0.067
0.098 0.9 0.002
0.085 0.842 0.073

24
0.494 0.091 0.117 0.298
0.116 0.081 0.031 0.772
0.025 0.076 0.867 0.032
0.007 0.021 0.85 0.122
0.073 0.517 0.008 0.402
0.377 0.136 0.486 0.001
24
0.227 0.128 0.072 0.573
0.26 0.029 0.599 0.112
0.029 0.963 0.004 0.004
0.536 0.03 0.074 0.36
0.032 0.026 0.938 0.004
0.162 0.051 0.309 0.478
24
0.84 0.125 0.025 0.01
0.03 0.0 0.001 0.969
0.255 0.739 0.003 0.003
0.006 0.021 0.124 0.849
0.99 0.006 0.001 0.003
0.002 0.152 0.173 0.673

4
0.416 0.584
0.719 0.281
4
0.425 0.575
0.705 0.295
4
0.077 0.923
0.3 0.7
4
0.961 0.039
0.811 0.189

4
0.46 0.54
0.997 0.003
4
0.46 0.54
0.896 0.104

24
0.435 0.303 0.215 0.047
0.121 0.382 0.386 0.111
0.157 0.243 0.49 0.11
0.401 0.0 0.597 0.002
0.385 0.0 0.001 0.614
0.099 0.258 0.453 0.19
24
0.21 0.226 0.109 0.455
0.118 0.12 0.216 0.546
0.022 0.036 0.935 0.007
0.263 0.166 0.108 0.463
0.004 0.939 0.057 0.0
0.037 0.549 0.131 0.283

24
0.015 0.576 0.394 0.015
0.0 0.692 0.069 0.239
0.002 0.085 0.285 0.628
0.305 0.611 0.015 0.069
0.219 0.703 0.066 0.012
0.12 0.108 0.315 0.457
24
0.722 0.024 0.207 0.047
0.04 0.108 0.018 0.834
0.044 0.031 0.243 0.682
0.108 0.31 0.148 0.434
0.005 0.73 0.006 0.259
0.036 0.028 0.048 0.888
24
0.887 0.039 0.064 0.01
0.363 0.023 0.32 0.294
0.058 0.12 0.819 0.003
0.091 0.576 0.236 0.097
0.035 0.919 0.024 0.022
0.003 0.922 0.053 0.022
24
0.012 0.006 0.017 0.965
0.24 0.153 0.175 0.432
0.006 0.026 0.134 0.834
0.2 0.157 0.493 0.15
0.26 0.065 0.594 0.081
0.152 0.01 0.052 0.786

4
0.475 0.525
0.297 0.703
4
0.86 0.14
0.342 0.658
4
0.125 0.875
0.907 0.093
4
0.756 0.244
0.081 0.919
