V-CREDAL 
6 
3 3 2 2 3 3 
6 
2 3 0 
2 0 1 
3 3 4 2 
1 3 
1 4 
2 1 5 

12 
0.34587 0.28287 0.37126 
0.48037 0.36253 0.1571 
0.9436 0.01231 0.04409 
0.23153 0.35784 0.41063 
12 
0.72208 0.12512 0.1528 
0.64161 0.25961 0.09878 
0.53844 0.19893 0.26263 
0.41517 0.12173 0.4631 

12 
0.27057 0.72642 0.00301 
0.43647 0.13184 0.43169 
0.61837 0.11282 0.26881 
0.30576 0.43021 0.26403 
12 
0.83155 0.07545 0.093 
0.11554 0.83095 0.05351 
0.05625 0.37646 0.56729 
0.34014 0.14444 0.51542 
12 
0.93261 0.01048 0.05691 
0.12069 0.00418 0.87513 
0.05643 0.92764 0.01593 
0.56349 0.40253 0.03398 

4 
0.66635 0.33365 
0.85067 0.14933 
4 
0.13541 0.86459 
0.61722 0.38278 
4 
0.43804 0.56196 
0.92279 0.07721 
4 
0.95486 0.04514 
0.81507 0.18493 
4 
0.16635 0.83365 
0.29903 0.70097 
4 
0.74636 0.25364 
0.70339 0.29661 

4 
0.5841 0.4159 
0.5617 0.4383 

12 
0.15544 0.68338 0.16118 
0.3535 0.04654 0.59996 
0.0311 0.23182 0.73708 
0.47572 0.43312 0.09116 

12 
0.16931 0.75989 0.0708 
0.0753 0.85598 0.06872 
0.5101 0.26032 0.22958 
0.38661 0.2841 0.32929 
12 
0.17484 0.27877 0.54639 
0.36925 0.07237 0.55838 
0.73723 0.22956 0.03321 
0.26569 0.43948 0.29483 
12 
0.1009 0.57489 0.32421 
0.1005 0.2894 0.6101 
0.33975 0.62891 0.03134 
0.38503 0.00233 0.61264 
