V-CREDAL
9
2 3 3 2 2 2 3 4 3
9
3 2 6 0
2 3 1
2 7 2
1 3
2 6 4
2 8 5
1 6
1 7
3 0 1 8

4
0.975 0.025
0.856 0.144
4
0.564 0.436
0.561 0.439
4
0.935 0.065
0.974 0.026
4
0.221 0.779
0.102 0.898
4
0.304 0.696
0.516 0.484
4
0.766 0.234
0.084 0.916
4
0.608 0.392
0.481 0.519
4
0.103 0.897
0.192 0.808
4
0.129 0.871
0.83 0.17

18
0.339 0.012 0.649
0.077 0.492 0.431
0.982 0.016 0.002
0.304 0.667 0.029
0.161 0.08 0.759
0.187 0.016 0.797
18
0.12 0.009 0.871
0.005 0.381 0.614
0.989 0.01 0.001
0.002 0.979 0.019
0.02 0.972 0.008
0.313 0.684 0.003

18
0.802 0.024 0.174
0.013 0.017 0.97
0.011 0.061 0.928
0.127 0.72 0.153
0.331 0.664 0.005
0.748 0.179 0.073
18
0.755 0.056 0.189
0.029 0.759 0.212
0.736 0.099 0.165
0.048 0.006 0.946
0.024 0.106 0.87
0.635 0.205 0.16
18
0.392 0.025 0.583
0.801 0.174 0.025
0.08 0.909 0.011
0.018 0.161 0.821
0.852 0.005 0.143
0.162 0.088 0.75
18
0.266 0.528 0.206
0.057 0.4 0.543
0.314 0.493 0.193
0.528 0.259 0.213
0.124 0.011 0.865
0.078 0.056 0.866

4
0.753 0.247
0.795 0.205

4
0.32 0.68
0.171 0.829
4
0.953 0.047
0.819 0.181
4
0.412 0.588
0.293 0.707

4
0.18 0.82
0.581 0.419
4
0.027 0.973
0.795 0.205
4
0.076 0.924
0.677 0.323

18
0.158 0.307 0.535
0.904 0.042 0.054
0.483 0.099 0.418
0.219 0.639 0.142
0.904 0.066 0.03
0.577 0.379 0.044

24
0.114 0.099 0.683 0.104
0.29 0.075 0.01 0.625
0.002 0.716 0.261 0.021
0.936 0.054 0.009 0.001
0.053 0.098 0.348 0.501
0.017 0.181 0.019 0.783

18
0.056 0.616 0.328
0.387 0.103 0.51
0.06 0.898 0.042
0.722 0.274 0.004
0.145 0.194 0.661
0.197 0.093 0.71
18
0.091 0.779 0.13
0.214 0.367 0.419
0.825 0.029 0.146
0.879 0.003 0.118
0.008 0.607 0.385
0.359 0.567 0.074
18
0.604 0.067 0.329
0.544 0.451 0.005
0.089 0.115 0.796
0.007 0.175 0.818
0.865 0.133 0.002
0.043 0.53 0.427
18
0.455 0.328 0.217
0.349 0.326 0.325
0.001 0.004 0.995
0.066 0.002 0.932
0.82 0.099 0.081
0.305 0.323 0.372
18
0.015 0.352 0.633
0.028 0.015 0.957
0.137 0.863 0.0
0.004 0.992 0.004
0.957 0.032 0.011
0.608 0.02 0.372
18
0.579 0.417 0.004
0.019 0.061 0.92
0.182 0.745 0.073
0.667 0.044 0.289
0.052 0.324 0.624
0.021 0.019 0.96
