V-CREDAL
10
3 4 3 2 2 3 4 3 4 2
10
1 0
2 0 1
2 1 2
2 2 3
2 3 4
2 4 5
2 5 6
2 6 7
2 7 8
2 8 9

12
0.193 0.611 0.196
0.49 0.432 0.078
0.217 0.101 0.682
0.714 0.136 0.15

16
0.15 0.388 0.127 0.335
0.159 0.171 0.664 0.006
0.957 0.009 0.033 0.001
0.158 0.631 0.083 0.128
16
0.166 0.59 0.005 0.239
0.06 0.806 0.112 0.022
0.049 0.124 0.818 0.009
0.105 0.169 0.702 0.024
16
0.015 0.005 0.807 0.173
0.056 0.035 0.509 0.4
0.36 0.297 0.095 0.248
0.056 0.045 0.861 0.038

12
0.017 0.027 0.956
0.204 0.18 0.616
0.174 0.785 0.041
0.016 0.526 0.458
12
0.03 0.008 0.962
0.356 0.468 0.176
0.226 0.659 0.115
0.285 0.309 0.406
12
0.139 0.752 0.109
0.426 0.339 0.235
0.226 0.522 0.252
0.126 0.831 0.043
12
0.12 0.134 0.746
0.244 0.733 0.023
0.9 0.007 0.093
0.152 0.315 0.533

4
0.2 0.8
0.134 0.866
4
0.889 0.111
0.584 0.416
4
0.016 0.984
0.824 0.176

4
0.404 0.596
0.503 0.497
4
0.144 0.856
0.011 0.989

12
0.982 0.018 0.0
0.128 0.64 0.232
0.798 0.147 0.055
0.847 0.149 0.004
12
0.078 0.111 0.811
0.076 0.895 0.029
0.924 0.06 0.016
0.786 0.212 0.002

16
0.361 0.049 0.205 0.385
0.053 0.013 0.72 0.214
0.094 0.055 0.685 0.166
0.894 0.072 0.02 0.014
16
0.501 0.001 0.484 0.014
0.041 0.286 0.268 0.405
0.308 0.403 0.102 0.187
0.195 0.508 0.164 0.133
16
0.224 0.454 0.26 0.062
0.046 0.716 0.078 0.16
0.0 0.051 0.002 0.947
0.004 0.199 0.008 0.789

12
0.131 0.193 0.676
0.008 0.003 0.989
0.041 0.373 0.586
0.071 0.583 0.346
12
0.033 0.497 0.47
0.072 0.62 0.308
0.004 0.05 0.946
0.459 0.04 0.501
12
0.79 0.161 0.049
0.857 0.061 0.082
0.046 0.012 0.942
0.183 0.382 0.435
12
0.311 0.508 0.181
0.871 0.052 0.077
0.028 0.95 0.022
0.872 0.001 0.127

16
0.652 0.073 0.112 0.163
0.004 0.011 0.025 0.96
0.215 0.075 0.215 0.495
0.079 0.133 0.587 0.201
16
0.02 0.587 0.041 0.352
0.337 0.018 0.062 0.583
0.03 0.076 0.673 0.221
0.128 0.441 0.314 0.117
16
0.005 0.399 0.589 0.007
0.133 0.28 0.222 0.365
0.169 0.483 0.028 0.32
0.102 0.005 0.012 0.881

4
0.389 0.611
0.224 0.776
4
0.434 0.566
0.158 0.842
4
0.317 0.683
0.209 0.791
4
0.37 0.63
0.227 0.773
