V-CREDAL
10
3 3 2 4 4 3 2 3 3 3
10
2 4 0
1 1
2 5 2
3 0 9 3
2 8 4
2 0 5
2 0 6
2 6 7
1 8
2 1 9

12
0.631 0.023 0.346
0.2 0.734 0.066
0.105 0.416 0.479
0.625 0.123 0.252
12
0.11 0.654 0.236
0.036 0.688 0.276
0.554 0.422 0.024
0.374 0.222 0.404
12
0.592 0.133 0.275
0.506 0.042 0.452
0.092 0.159 0.749
0.003 0.739 0.258
12
0.965 0.017 0.018
0.002 0.75 0.248
0.159 0.135 0.706
0.982 0.003 0.015

12
0.077 0.887 0.036
0.477 0.428 0.095
0.001 0.724 0.275
0.119 0.117 0.764

4
0.596 0.404
0.381 0.619
4
0.061 0.939
0.881 0.119
4
0.706 0.294
0.362 0.638

16
0.006 0.045 0.807 0.142
0.18 0.161 0.433 0.226
0.067 0.671 0.149 0.113
0.032 0.101 0.439 0.428
16
0.37 0.202 0.415 0.013
0.026 0.795 0.139 0.04
0.357 0.191 0.221 0.231
0.696 0.223 0.073 0.008
16
0.372 0.302 0.075 0.251
0.068 0.139 0.72 0.073
0.047 0.361 0.577 0.015
0.112 0.86 0.019 0.009
16
0.222 0.173 0.009 0.596
0.75 0.218 0.012 0.02
0.004 0.039 0.038 0.919
0.135 0.054 0.729 0.082
16
0.191 0.002 0.014 0.793
0.933 0.023 0.009 0.035
0.002 0.269 0.667 0.062
0.255 0.081 0.125 0.539
16
0.081 0.789 0.088 0.042
0.703 0.025 0.177 0.095
0.856 0.057 0.009 0.078
0.257 0.357 0.376 0.01
16
0.021 0.097 0.006 0.876
0.119 0.767 0.06 0.054
0.2 0.172 0.309 0.319
0.008 0.089 0.116 0.787
16
0.112 0.449 0.13 0.309
0.153 0.067 0.054 0.726
0.076 0.091 0.525 0.308
0.496 0.418 0.046 0.04
16
0.09 0.619 0.036 0.255
0.131 0.06 0.779 0.03
0.007 0.066 0.105 0.822
0.429 0.502 0.067 0.002

16
0.064 0.011 0.92 0.005
0.251 0.661 0.058 0.03
0.246 0.027 0.406 0.321
0.131 0.845 0.004 0.02
16
0.037 0.174 0.567 0.222
0.066 0.458 0.031 0.445
0.085 0.305 0.596 0.014
0.105 0.45 0.07 0.375
16
0.378 0.097 0.266 0.259
0.216 0.289 0.18 0.315
0.005 0.017 0.769 0.209
0.114 0.792 0.061 0.033

12
0.338 0.063 0.599
0.131 0.7 0.169
0.555 0.143 0.302
0.448 0.302 0.25
12
0.576 0.341 0.083
0.111 0.211 0.678
0.136 0.86 0.004
0.089 0.574 0.337
12
0.487 0.473 0.04
0.049 0.204 0.747
0.525 0.203 0.272
0.119 0.668 0.213

4
0.726 0.274
0.686 0.314
4
0.695 0.305
0.521 0.479
4
0.969 0.031
0.516 0.484

12
0.659 0.117 0.224
0.072 0.535 0.393
0.038 0.236 0.726
0.22 0.175 0.605
12
0.174 0.478 0.348
0.207 0.299 0.494
0.398 0.323 0.279
0.244 0.728 0.028

12
0.248 0.645 0.107
0.422 0.121 0.457
0.478 0.275 0.247
0.073 0.238 0.689

12
0.01 0.977 0.013
0.018 0.911 0.071
0.901 0.07 0.029
0.274 0.383 0.343
12
0.363 0.108 0.529
0.531 0.088 0.381
0.304 0.595 0.101
0.284 0.362 0.354
12
0.03 0.075 0.895
0.851 0.044 0.105
0.071 0.342 0.587
0.177 0.371 0.452
