V-CREDAL 
8 
4 2 2 2 3 2 3 3 
8 
1 0 
2 0 1 
2 1 2 
2 2 3 
2 3 4 
2 4 5 
2 5 6 
2 6 7 

16 
0.051 0.001 0.924 0.024 
0.103 0.292 0.374 0.231 
0.157 0.291 0.322 0.23 
0.005 0.135 0.004 0.856 

4 
0.718 0.282 
0.377 0.623 
4 
0.116 0.884 
0.822 0.178 
4 
0.642 0.358 
0.693 0.307 
4 
0.727 0.273 
0.731 0.269 

4 
0.37 0.63 
0.337 0.663 
4 
0.559 0.441 
0.846 0.154 

4 
0.743 0.257 
0.676 0.324 
4 
0.46 0.54 
0.581 0.419 

12 
0.404 0.213 0.383 
0.002 0.994 0.004 
0.753 0.219 0.028 
0.85 0.092 0.058 
12 
0.215 0.118 0.667 
0.063 0.493 0.444 
0.113 0.117 0.77 
0.066 0.62 0.314 

4 
0.069 0.931 
0.247 0.753 
4 
0.071 0.929 
0.214 0.786 
4 
0.933 0.067 
0.35 0.65 

12 
0.829 0.058 0.113 
0.013 0.031 0.956 
0.428 0.569 0.003 
0.807 0.154 0.039 
12 
0.046 0.076 0.878 
0.316 0.426 0.258 
0.922 0.028 0.05 
0.226 0.343 0.431 

12 
0.436 0.185 0.379 
0.509 0.234 0.257 
0.56 0.044 0.396 
0.136 0.599 0.265 
12 
0.081 0.797 0.122 
0.654 0.138 0.208 
0.596 0.144 0.26 
0.057 0.845 0.098 
12 
0.009 0.638 0.353 
0.489 0.452 0.059 
0.137 0.163 0.7 
0.709 0.103 0.188 
