V-CREDAL
8
2 2 4 4 2 2 3 4
8
2 6 0
3 2 5 1
1 2
2 0 3
2 7 4
3 4 6 5
1 6
1 7

4
0.626 0.374
0.386 0.614
4
0.173 0.827
0.881 0.119
4
0.449 0.551
0.031 0.969

4
0.402 0.598
0.424 0.576
4
0.55 0.45
0.654 0.346
4
0.222 0.778
0.176 0.824
4
0.826 0.174
0.773 0.227
4
0.267 0.733
0.333 0.667
4
0.308 0.692
0.867 0.133
4
0.136 0.864
0.403 0.597
4
0.11 0.89
0.12 0.88

16
0.98 0.003 0.001 0.016
0.29 0.006 0.004 0.7
0.053 0.072 0.181 0.694
0.087 0.051 0.052 0.81

16
0.063 0.0 0.006 0.931
0.482 0.065 0.161 0.292
0.044 0.59 0.257 0.109
0.932 0.005 0.024 0.039
16
0.107 0.8 0.033 0.06
0.104 0.703 0.049 0.144
0.27 0.149 0.488 0.093
0.0 0.238 0.618 0.144

4
0.313 0.687
0.125 0.875
4
0.071 0.929
0.871 0.129
4
0.526 0.474
0.026 0.974
4
0.727 0.273
0.951 0.049

4
0.507 0.493
0.49 0.51
4
0.898 0.102
0.675 0.325
4
0.599 0.401
0.192 0.808
4
0.985 0.015
0.179 0.821
4
0.778 0.222
0.194 0.806
4
0.972 0.028
0.436 0.564

12
0.257 0.48 0.263
0.205 0.288 0.507
0.266 0.127 0.607
0.853 0.002 0.145

16
0.114 0.074 0.38 0.432
0.02 0.038 0.271 0.671
0.043 0.145 0.406 0.406
0.331 0.257 0.007 0.405
