V-CREDAL
8
2 3 3 3 4 2 4 4
8
1 0
2 0 1
2 1 2
2 2 3
2 3 4
2 4 5
2 5 6
2 6 7

4
0.436 0.564
0.048 0.952

12
0.154 0.825 0.021
0.121 0.131 0.748
0.395 0.534 0.071
0.03 0.189 0.781
12
0.157 0.829 0.014
0.33 0.421 0.249
0.003 0.995 0.002
0.192 0.239 0.569

12
0.668 0.188 0.144
0.826 0.021 0.153
0.141 0.561 0.298
0.545 0.007 0.448
12
0.102 0.539 0.359
0.074 0.817 0.109
0.903 0.062 0.035
0.789 0.018 0.193
12
0.096 0.387 0.517
0.351 0.253 0.396
0.568 0.352 0.08
0.189 0.8 0.011

12
0.362 0.633 0.005
0.953 0.012 0.035
0.022 0.608 0.37
0.119 0.694 0.187
12
0.114 0.816 0.07
0.174 0.35 0.476
0.781 0.173 0.046
0.311 0.025 0.664
12
0.346 0.215 0.439
0.542 0.327 0.131
0.091 0.011 0.898
0.452 0.125 0.423

16
0.923 0.014 0.058 0.005
0.024 0.023 0.608 0.345
0.67 0.043 0.255 0.032
0.152 0.069 0.05 0.729
16
0.074 0.221 0.021 0.684
0.291 0.137 0.045 0.527
0.068 0.311 0.07 0.551
0.002 0.006 0.338 0.654
16
0.026 0.118 0.233 0.623
0.159 0.109 0.73 0.002
0.105 0.111 0.006 0.778
0.562 0.082 0.252 0.104

4
0.43 0.57
0.302 0.698
4
0.143 0.857
0.623 0.377
4
0.054 0.946
0.854 0.146
4
0.541 0.459
0.071 0.929

16
0.051 0.056 0.831 0.062
0.347 0.052 0.422 0.179
0.299 0.072 0.485 0.144
0.165 0.413 0.419 0.003
16
0.041 0.084 0.598 0.277
0.318 0.004 0.633 0.045
0.021 0.002 0.868 0.109
0.006 0.003 0.981 0.01

16
0.041 0.724 0.055 0.18
0.036 0.133 0.158 0.673
0.061 0.75 0.122 0.067
0.024 0.133 0.66 0.183
16
0.09 0.196 0.014 0.7
0.217 0.152 0.267 0.364
0.263 0.171 0.492 0.074
0.043 0.802 0.134 0.021
16
0.006 0.607 0.291 0.096
0.135 0.098 0.117 0.65
0.057 0.211 0.592 0.14
0.243 0.423 0.083 0.251
16
0.814 0.049 0.01 0.127
0.056 0.417 0.335 0.192
0.045 0.699 0.049 0.207
0.03 0.011 0.826 0.133
