V-CREDAL 
6 
2 3 2 3 2 3 
6 
1 0 
2 0 1 
2 1 2 
2 2 3 
2 3 4 
2 4 5 

4 
0.36112 0.63888 
0.41592 0.58408 

18 
0.26231 0.37467 0.36302 
0.04072 0.88447 0.07481 
0.21204 0.50996 0.278 
0.12628 0.57929 0.29443 
0.33831 0.15341 0.50828 
0.28978 0.06299 0.64723 
18 
0.64181 0.14531 0.21288 
0.81681 0.17796 0.00523 
0.92608 0.03444 0.03948 
0.39052 0.34056 0.26892 
0.20232 0.72832 0.06936 
0.91771 0.02981 0.05248 

4 
0.46 0.54 
0.15183 0.84817 
4 
0.78407 0.21593 
0.72427 0.27573 
4 
0.77617 0.22383 
0.74503 0.25497 

18 
0.90575 0.02032 0.07393 
0.39461 0.16192 0.44347 
0.02267 0.96717 0.01016 
0.02183 0.4177 0.56047 
0.01678 0.83227 0.15095 
0.7525 0.04821 0.19929 
18 
0.01394 0.00518 0.98088 
0.93605 0.01942 0.04453 
0.7526 0.23717 0.01023 
0.01326 0.05214 0.9346 
0.23669 0.31816 0.44515 
0.04316 0.17577 0.78107 

4 
0.29322 0.70678 
0.74095 0.25905 
4 
0.70371 0.29629 
0.74039 0.25961 
4 
0.28016 0.71984 
0.0881 0.9119 

18 
0.01579 0.32626 0.65795 
0.47665 0.23457 0.28878 
0.13839 0.84346 0.01815 
0.01988 0.09569 0.88443 
0.47633 0.50357 0.0201 
0.22622 0.11054 0.66324 
18 
0.38329 0.38539 0.23132 
0.40147 0.00461 0.59392 
0.2177 0.01955 0.76275 
0.27707 0.70302 0.01991 
0.02972 0.61445 0.35583 
0.31319 0.65514 0.03167 
