V-CREDAL
8
2 3 4 4 2 3 3 4
8
1 0
2 4 1
1 2
3 0 1 3
1 4
2 1 5
3 2 4 6
2 0 7

4
0.5 0.5
0.066 0.934

12
0.222 0.369 0.409
0.772 0.035 0.193
0.447 0.372 0.181
0.544 0.153 0.303
12
0.688 0.032 0.28
0.697 0.257 0.046
0.556 0.09 0.354
0.018 0.36 0.622

16
0.787 0.129 0.026 0.058
0.036 0.068 0.325 0.571
0.3 0.028 0.14 0.532
0.209 0.025 0.198 0.568

16
0.001 0.144 0.255 0.6
0.05 0.637 0.306 0.007
0.02 0.356 0.158 0.466
0.343 0.113 0.163 0.381
16
0.384 0.073 0.514 0.029
0.44 0.229 0.083 0.248
0.385 0.255 0.096 0.264
0.444 0.316 0.024 0.216
16
0.943 0.041 0.01 0.006
0.027 0.347 0.397 0.229
0.506 0.033 0.354 0.107
0.837 0.096 0.053 0.014
16
0.154 0.055 0.109 0.682
0.232 0.054 0.704 0.01
0.175 0.583 0.231 0.011
0.015 0.656 0.328 0.001
16
0.109 0.029 0.345 0.517
0.088 0.002 0.9 0.01
0.681 0.215 0.017 0.087
0.724 0.167 0.051 0.058
16
0.3 0.047 0.33 0.323
0.003 0.12 0.805 0.072
0.002 0.137 0.861 0.0
0.002 0.131 0.0 0.867

4
0.296 0.704
0.349 0.651

12
0.012 0.015 0.973
0.443 0.022 0.535
0.705 0.188 0.107
0.082 0.359 0.559
12
0.217 0.507 0.276
0.666 0.065 0.269
0.475 0.403 0.122
0.182 0.045 0.773
12
0.025 0.177 0.798
0.091 0.122 0.787
0.035 0.919 0.046
0.695 0.224 0.081

12
0.046 0.107 0.847
0.936 0.005 0.059
0.156 0.588 0.256
0.362 0.6 0.038
12
0.164 0.176 0.66
0.334 0.372 0.294
0.989 0.001 0.01
0.42 0.047 0.533
12
0.005 0.46 0.535
0.023 0.955 0.022
0.058 0.071 0.871
0.167 0.1 0.733
12
0.238 0.705 0.057
0.249 0.733 0.018
0.199 0.051 0.75
0.748 0.156 0.096
12
0.216 0.614 0.17
0.009 0.236 0.755
0.67 0.262 0.068
0.516 0.172 0.312
12
0.022 0.045 0.933
0.047 0.798 0.155
0.986 0.006 0.008
0.043 0.028 0.929
12
0.484 0.053 0.463
0.338 0.548 0.114
0.524 0.316 0.16
0.107 0.111 0.782
12
0.014 0.388 0.598
0.187 0.136 0.677
0.074 0.819 0.107
0.021 0.022 0.957

16
0.096 0.017 0.106 0.781
0.301 0.147 0.308 0.244
0.972 0.003 0.022 0.003
0.367 0.01 0.131 0.492
16
0.007 0.254 0.054 0.685
0.024 0.833 0.055 0.088
0.179 0.689 0.034 0.098
0.071 0.02 0.88 0.029
