V-CREDAL
10
3 4 3 4 2 3 3 2 2 2
10
2 4 0
2 3 1
2 7 2
1 3
3 1 2 4
2 9 5
2 4 6
1 7
2 5 8
2 7 9

12
0.21 0.394 0.396
0.076 0.801 0.123
0.344 0.63 0.026
0.333 0.536 0.131
12
0.481 0.356 0.163
0.034 0.049 0.917
0.014 0.074 0.912
0.075 0.071 0.854

16
0.054 0.22 0.214 0.512
0.202 0.256 0.198 0.344
0.303 0.084 0.505 0.108
0.065 0.708 0.106 0.121
16
0.083 0.587 0.01 0.32
0.566 0.001 0.321 0.112
0.076 0.785 0.049 0.09
0.139 0.12 0.139 0.602
16
0.025 0.283 0.299 0.393
0.403 0.145 0.201 0.251
0.04 0.778 0.13 0.052
0.029 0.637 0.242 0.092
16
0.234 0.713 0.025 0.028
0.712 0.132 0.0 0.156
0.273 0.176 0.532 0.019
0.559 0.084 0.306 0.051

12
0.955 0.041 0.004
0.2 0.023 0.777
0.028 0.871 0.101
0.052 0.162 0.786
12
0.124 0.28 0.596
0.972 0.025 0.003
0.062 0.834 0.104
0.735 0.096 0.169

16
0.54 0.034 0.334 0.092
0.009 0.865 0.086 0.04
0.253 0.046 0.4 0.301
0.0 0.477 0.457 0.066

4
0.212 0.788
0.245 0.755
4
0.403 0.597
0.166 0.834
4
0.966 0.034
0.771 0.229
4
0.854 0.146
0.755 0.245
4
0.53 0.47
0.667 0.333
4
0.568 0.432
0.986 0.014
4
0.974 0.026
0.462 0.538
4
0.984 0.016
0.208 0.792
4
0.076 0.924
0.499 0.501
4
0.995 0.005
0.778 0.222
4
0.573 0.427
0.367 0.633
4
0.38 0.62
0.436 0.564

12
0.662 0.27 0.068
0.052 0.226 0.722
0.295 0.471 0.234
0.554 0.032 0.414
12
0.218 0.449 0.333
0.293 0.25 0.457
0.467 0.214 0.319
0.701 0.199 0.1

12
0.267 0.699 0.034
0.067 0.691 0.242
0.903 0.012 0.085
0.575 0.381 0.044
12
0.306 0.667 0.027
0.819 0.003 0.178
0.441 0.202 0.357
0.759 0.021 0.22

4
0.717 0.283
0.624 0.376

4
0.13 0.87
0.964 0.036
4
0.559 0.441
0.738 0.262
4
0.353 0.647
0.224 0.776

4
0.395 0.605
0.391 0.609
4
0.163 0.837
0.391 0.609
