V-CREDAL 
10 
4 3 3 3 2 3 3 4 2 2 
10 
1 0 
2 0 1 
2 1 2 
2 2 3 
2 3 4 
2 4 5 
2 5 6 
2 6 7 
2 7 8 
2 8 9 

16 
0.66546 0.01926 0.00314 0.31214 
0.20944 0.48746 0.05375 0.24935 
0.08426 0.0381 0.30417 0.57347 
0.39223 0.39202 0.07508 0.14067 

12 
0.08139 0.89346 0.02515 
0.05898 0.42387 0.51715 
0.45452 0.01404 0.53144 
0.26796 0.09929 0.63275 
12 
0.86421 0.03567 0.10012 
0.08128 0.09216 0.82656 
0.14548 0.79491 0.05961 
0.2643 0.68522 0.05048 
12 
0.14472 0.5563 0.29898 
0.61952 0.35749 0.02299 
0.69279 0.17195 0.13526 
0.19056 0.06497 0.74447 
12 
0.9113 0.07853 0.01017 
0.18334 0.37031 0.44635 
0.34944 0.55349 0.09707 
0.00164 0.01372 0.98464 

12 
0.0498 0.18545 0.76475 
0.30136 0.54688 0.15176 
0.69496 0.22566 0.07938 
0.02999 0.44773 0.52228 
12 
0.59499 0.10649 0.29852 
0.76255 0.13703 0.10042 
0.07691 0.56191 0.36118 
3.9E-4 0.81912 0.18049 
12 
0.48742 0.07789 0.43469 
0.09822 0.25478 0.647 
0.00886 0.04817 0.94297 
0.33194 0.64414 0.02392 

12 
0.13869 0.03528 0.82603 
0.63788 0.21876 0.14336 
0.37383 0.07569 0.55048 
0.32087 0.39473 0.2844 
12 
0.4798 0.01973 0.50047 
0.1384 0.62697 0.23463 
0.4967 0.41467 0.08863 
0.25283 0.24575 0.50142 
12 
0.63106 0.27678 0.09216 
0.53726 0.16676 0.29598 
0.48829 0.19687 0.31484 
0.62921 0.34479 0.026 

4 
0.95244 0.04756 
0.74132 0.25868 
4 
0.54642 0.45358 
0.17089 0.82911 
4 
0.71679 0.28321 
0.54746 0.45254 

12 
0.06112 0.86887 0.07001 
0.84482 0.05509 0.10009 
0.06125 0.10279 0.83596 
0.35154 0.02587 0.62259 
12 
0.45935 0.31479 0.22586 
0.09153 0.1386 0.76987 
0.66709 0.31988 0.01303 
0.41841 0.17114 0.41045 

12 
0.1164 0.76581 0.11779 
0.23834 0.2526 0.50906 
0.47109 0.11794 0.41097 
0.53173 0.46293 0.00534 
12 
0.15061 0.34741 0.50198 
0.90348 0.05819 0.03833 
0.69802 0.10268 0.1993 
0.7496 0.15883 0.09157 
12 
0.03463 0.86506 0.10031 
0.38349 0.02348 0.59303 
0.31496 0.65266 0.03238 
0.82253 0.06801 0.10946 

16 
0.07576 0.82163 0.02613 0.07648 
0.23489 0.02896 0.64601 0.09014 
0.14213 0.44121 0.25699 0.15967 
0.53034 0.15407 0.29138 0.02421 
16 
3.9E-4 0.0036 0.9387 0.05731 
0.34761 0.19529 0.15487 0.30223 
0.04175 0.7032 0.14181 0.11324 
0.21992 0.19158 0.21879 0.36971 
16 
0.57789 0.39595 0.01452 0.01164 
0.22291 0.13111 0.1864 0.45958 
0.03838 0.55823 0.16359 0.2398 
0.32754 0.13507 0.01249 0.5249 

4 
0.47489 0.52511 
0.68541 0.31459 
4 
0.44518 0.55482 
0.50485 0.49515 
4 
0.28371 0.71629 
0.01521 0.98479 
4 
0.0439 0.9561 
0.07079 0.92921 

4 
0.81148 0.18852 
0.59207 0.40793 
4 
0.29847 0.70153 
0.10626 0.89374 
