V-CREDAL 
8 
3 3 3 2 4 3 3 2 
8 
1 0 
2 2 1 
3 0 6 2 
1 3 
2 1 4 
2 3 5 
2 7 6 
2 5 7 

12 
0.196 0.696 0.108 
0.93 0.044 0.026 
0.362 0.087 0.551 
0.218 0.356 0.426 

12 
0.803 0.116 0.081 
0.011 0.97 0.019 
0.02 0.804 0.176 
0.256 0.281 0.463 
12 
0.195 0.715 0.09 
0.024 0.074 0.902 
0.006 0.969 0.025 
0.637 0.086 0.277 
12 
0.831 0.053 0.116 
0.532 0.182 0.286 
0.747 0.041 0.212 
0.048 0.064 0.888 

12 
0.862 0.086 0.052 
0.197 0.185 0.618 
0.095 0.312 0.593 
0.342 0.543 0.115 
12 
0.058 0.07 0.872 
0.256 0.176 0.568 
0.054 0.929 0.017 
0.509 0.469 0.022 
12 
0.129 0.835 0.036 
0.14 0.24 0.62 
0.648 0.202 0.15 
0.282 0.028 0.69 
12 
0.304 0.091 0.605 
0.006 0.981 0.013 
0.169 0.103 0.728 
0.172 0.8 0.028 
12 
0.771 0.104 0.125 
0.417 0.347 0.236 
0.878 0.1 0.022 
0.103 0.664 0.233 
12 
0.781 0.065 0.154 
0.076 0.876 0.048 
0.024 0.355 0.621 
0.201 0.737 0.062 
12 
0.946 0.022 0.032 
0.156 0.46 0.384 
0.596 0.227 0.177 
0.901 0.021 0.078 
12 
0.311 0.665 0.024 
0.346 0.603 0.051 
0.055 0.014 0.931 
0.118 0.736 0.146 
12 
0.021 0.457 0.522 
0.523 0.168 0.309 
0.336 0.191 0.473 
0.222 0.466 0.312 

4 
0.363 0.637 
0.302 0.698 

16 
0.111 0.034 0.696 0.159 
0.491 0.484 0.014 0.011 
0.036 0.629 0.077 0.258 
0.695 0.005 0.123 0.177 
16 
0.029 0.124 0.066 0.781 
0.612 0.268 0.057 0.063 
0.616 0.375 0.006 0.003 
0.742 0.076 0.051 0.131 
16 
0.199 0.302 0.477 0.022 
0.372 0.555 0.058 0.015 
0.047 0.025 0.553 0.375 
0.177 0.429 0.169 0.225 

12 
0.057 0.288 0.655 
0.726 0.005 0.269 
0.794 0.169 0.037 
0.788 0.017 0.195 
12 
0.55 0.277 0.173 
0.705 0.131 0.164 
0.345 0.069 0.586 
0.16 0.592 0.248 

12 
0.056 0.819 0.125 
0.291 0.299 0.41 
0.362 0.312 0.326 
0.006 0.969 0.025 
12 
0.82 0.011 0.169 
0.128 0.062 0.81 
0.574 0.406 0.02 
0.033 0.766 0.201 

4 
0.437 0.563 
0.17 0.83 
4 
0.298 0.702 
0.538 0.462 
4 
0.25 0.75 
0.292 0.708 
