V-CREDAL
10
3 2 4 4 3 4 2 3 4 3
10
2 5 0
2 2 1
1 2
2 9 3
2 5 4
2 7 5
2 1 6
3 1 8 7
1 8
2 8 9

18
0.264 0.455 0.281
0.731 0.054 0.215
0.039 0.079 0.882
0.455 0.529 0.016
0.241 0.424 0.335
0.707 0.178 0.115
18
0.031 0.015 0.954
0.949 0.004 0.047
0.011 0.983 0.006
0.66 0.318 0.022
0.355 0.007 0.638
0.92 0.049 0.031
18
0.198 0.101 0.701
0.968 0.031 0.001
0.029 0.971 0.0
0.143 0.857 0.0
0.866 0.029 0.105
0.111 0.252 0.637
18
0.647 0.032 0.321
0.529 0.449 0.022
0.423 0.528 0.049
0.655 0.339 0.006
0.41 0.308 0.282
0.483 0.141 0.376

4
0.285 0.715
0.434 0.566
4
0.516 0.484
0.489 0.511
4
0.541 0.459
0.21 0.79
4
0.317 0.683
0.508 0.492

24
0.026 0.438 0.036 0.5
0.537 0.18 0.069 0.214
0.003 0.311 0.663 0.023
0.16 0.643 0.164 0.033
0.104 0.591 0.283 0.022
0.343 0.056 0.044 0.557

24
0.118 0.014 0.121 0.747
0.049 0.502 0.408 0.041
0.144 0.57 0.221 0.065
0.012 0.815 0.144 0.029
0.016 0.938 0.026 0.02
0.001 0.52 0.165 0.314
24
0.291 0.031 0.237 0.441
0.278 0.615 0.02 0.087
0.003 0.687 0.299 0.011
0.605 0.025 0.356 0.014
0.529 0.422 0.021 0.028
0.067 0.219 0.462 0.252
24
0.014 0.392 0.582 0.012
0.175 0.118 0.509 0.198
0.029 0.468 0.207 0.296
0.287 0.15 0.028 0.535
0.016 0.022 0.035 0.927
0.034 0.452 0.459 0.055

18
0.037 0.941 0.022
0.977 0.023 0.0
0.029 0.027 0.944
0.095 0.899 0.006
0.49 0.004 0.506
0.015 0.593 0.392
18
0.236 0.712 0.052
0.911 0.024 0.065
0.007 0.012 0.981
0.045 0.861 0.094
0.797 0.196 0.007
0.019 0.612 0.369
18
0.687 0.021 0.292
0.056 0.896 0.048
0.148 0.047 0.805
0.464 0.02 0.516
0.787 0.188 0.025
0.05 0.14 0.81
18
0.0 0.103 0.897
0.727 0.261 0.012
0.866 0.125 0.009
0.392 0.422 0.186
0.883 0.079 0.038
0.038 0.264 0.698

24
0.001 0.019 0.01 0.97
0.129 0.73 0.047 0.094
0.182 0.215 0.406 0.197
0.303 0.06 0.085 0.552
0.021 0.706 0.189 0.084
0.456 0.341 0.201 0.002
24
0.06 0.217 0.098 0.625
0.011 0.061 0.866 0.062
0.031 0.304 0.062 0.603
0.028 0.018 0.214 0.74
0.176 0.124 0.573 0.127
0.745 0.028 0.056 0.171
24
0.356 0.022 0.007 0.615
0.323 0.029 0.614 0.034
0.954 0.005 0.024 0.017
0.021 0.247 0.098 0.634
0.047 0.277 0.49 0.186
0.97 0.008 0.016 0.006

4
0.272 0.728
0.834 0.166
4
0.248 0.752
0.802 0.198

18
0.001 0.722 0.277
0.983 0.016 0.001
0.002 0.982 0.016
0.179 0.123 0.698
0.001 0.265 0.734
0.771 0.005 0.224
18
0.019 0.222 0.759
0.012 0.956 0.032
0.343 0.094 0.563
0.315 0.596 0.089
0.111 0.871 0.018
0.556 0.061 0.383
18
0.911 0.042 0.047
0.821 0.12 0.059
0.133 0.087 0.78
0.366 0.373 0.261
0.747 0.032 0.221
0.081 0.425 0.494
18
0.002 0.039 0.959
0.741 0.002 0.257
0.092 0.8 0.108
0.928 0.053 0.019
0.022 0.024 0.954
0.01 0.176 0.814
18
0.033 0.075 0.892
0.032 0.402 0.566
0.794 0.018 0.188
0.633 0.28 0.087
0.618 0.008 0.374
0.122 0.795 0.083
18
0.022 0.03 0.948
0.995 0.003 0.002
0.033 0.839 0.128
0.287 0.704 0.009
0.028 0.763 0.209
0.01 0.48 0.51
18
0.038 0.943 0.019
0.005 0.973 0.022
0.0 0.004 0.996
0.925 0.027 0.048
0.432 0.565 0.003
0.003 0.695 0.302
18
0.791 0.089 0.12
0.003 0.001 0.996
0.0 0.073 0.927
0.017 0.815 0.168
0.25 0.722 0.028
0.506 0.444 0.05

24
0.014 0.55 0.01 0.426
0.67 0.006 0.02 0.304
0.052 0.05 0.38 0.518
0.116 0.004 0.427 0.453
0.081 0.264 0.636 0.019
0.482 0.14 0.283 0.095

18
0.813 0.007 0.18
0.569 0.002 0.429
0.097 0.889 0.014
0.017 0.697 0.286
0.899 0.06 0.041
0.377 0.104 0.519
18
0.033 0.55 0.417
0.027 0.037 0.936
0.139 0.711 0.15
0.887 0.02 0.093
0.004 0.127 0.869
0.623 0.312 0.065
18
0.297 0.065 0.638
0.978 0.006 0.016
0.018 0.837 0.145
0.063 0.091 0.846
0.208 0.737 0.055
0.326 0.666 0.008
18
0.177 0.001 0.822
0.286 0.705 0.009
0.015 0.973 0.012
0.369 0.195 0.436
0.033 0.067 0.9
0.082 0.039 0.879
