V-CREDAL 
4 
3 2 4 3 
4 
1 0 
2 0 1 
2 1 2 
2 2 3 

18 
0.08 0.845 0.075 
0.008 0.321 0.671 
0.93 0.005 0.065 
0.424 0.013 0.563 
0.668 0.005 0.327 
0.222 0.709 0.069 

4 
0.242 0.758 
0.332 0.668 
4 
0.447 0.553 
0.408 0.592 
4 
0.022 0.978 
0.336 0.664 

24 
0.002 0.88 0.087 0.031 
0.162 0.011 0.814 0.013 
0.848 0.064 0.018 0.07 
0.003 0.358 0.417 0.222 
0.099 0.132 0.111 0.658 
0.062 0.92 0.003 0.015 
24 
0.781 0.102 0.038 0.079 
0.059 0.043 0.567 0.331 
0.092 0.113 0.571 0.224 
0.146 0.49 0.027 0.337 
0.208 0.164 0.054 0.574 
0.064 0.183 0.074 0.679 

18 
0.738 0.135 0.127 
0.007 0.073 0.92 
0.154 0.712 0.134 
0.382 0.035 0.583 
0.7 0.064 0.236 
0.076 0.551 0.373 
18 
0.864 0.06 0.076 
0.336 0.548 0.116 
0.061 0.425 0.514 
0.002 0.025 0.973 
0.785 0.166 0.049 
0.648 0.323 0.029 
18 
0.858 0.018 0.124 
0.028 0.961 0.011 
0.028 0.766 0.206 
0.013 0.837 0.15 
0.379 0.32 0.301 
0.485 0.498 0.017 
18 
0.01 0.009 0.981 
0.205 0.736 0.059 
0.182 0.043 0.775 
0.251 0.696 0.053 
0.537 0.315 0.148 
0.361 0.589 0.05 
