V-CREDAL 
4 
3 3 3 4 
4 
1 0 
2 0 1 
2 1 2 
2 2 3 

18 
0.692 0.295 0.013 
0.77 0.215 0.015 
0.045 0.838 0.117 
0.023 0.02 0.957 
0.553 0.115 0.332 
0.427 0.555 0.018 

18 
0.013 0.78 0.207 
0.776 0.089 0.135 
0.099 0.868 0.033 
0.803 0.125 0.072 
0.089 0.605 0.306 
0.59 0.357 0.053 
18 
0.182 0.798 0.02 
0.403 0.161 0.436 
0.021 0.619 0.36 
0.065 0.929 0.006 
0.501 0.388 0.111 
0.201 0.363 0.436 
18 
0.086 0.89 0.024 
0.79 0.114 0.096 
0.02 0.193 0.787 
0.073 0.049 0.878 
0.583 0.012 0.405 
0.321 0.675 0.004 

18 
0.042 0.691 0.267 
0.013 0.36 0.627 
0.013 0.231 0.756 
0.598 0.095 0.307 
0.73 0.073 0.197 
0.779 0.195 0.026 
18 
0.122 0.094 0.784 
0.062 0.352 0.586 
0.397 0.405 0.198 
0.927 0.022 0.051 
0.136 0.469 0.395 
0.252 0.039 0.709 
18 
0.224 0.331 0.445 
0.28 0.702 0.018 
0.037 0.795 0.168 
0.105 0.444 0.451 
0.069 0.628 0.303 
0.631 0.094 0.275 

24 
0.008 0.855 0.126 0.011 
0.207 0.27 0.036 0.487 
0.959 0.008 0.008 0.025 
0.938 0.01 0.009 0.043 
0.124 0.267 0.211 0.398 
0.204 0.114 0.56 0.122 
24 
0.015 0.009 0.921 0.055 
0.547 0.012 0.435 0.006 
0.396 0.048 0.356 0.2 
0.016 0.006 0.971 0.007 
0.044 0.059 0.826 0.071 
0.796 0.201 0.001 0.002 
24 
0.418 0.546 0.002 0.034 
0.004 0.526 0.082 0.388 
0.157 0.001 0.096 0.746 
0.177 0.167 0.577 0.079 
0.118 0.649 0.228 0.005 
0.971 0.003 0.007 0.019 
