V-CREDAL
4
3 3 3 4
4
1 0
2 0 1
2 0 2
2 0 3

12
0.077 0.01 0.913
0.277 0.609 0.114
0.163 0.763 0.074
0.359 0.225 0.416

12
0.7 0.232 0.068
0.934 0.005 0.061
0.503 0.269 0.228
0.039 0.032 0.929
12
0.261 0.105 0.634
0.041 0.922 0.037
0.059 0.186 0.755
0.068 0.852 0.08
12
0.135 0.093 0.772
0.858 0.133 0.009
0.28 0.704 0.016
0.128 0.248 0.624

12
0.241 0.038 0.721
0.688 0.305 0.007
0.239 0.614 0.147
0.611 0.129 0.26
12
0.484 0.352 0.164
0.05 0.044 0.906
0.04 0.598 0.362
0.999 0.0 0.001
12
0.792 0.169 0.039
0.174 0.08 0.746
0.218 0.568 0.214
0.716 0.119 0.165

16
0.189 0.089 0.404 0.318
0.211 0.076 0.353 0.36
0.349 0.141 0.345 0.165
0.05 0.088 0.373 0.489
16
0.352 0.103 0.041 0.504
0.349 0.012 0.522 0.117
0.101 0.375 0.477 0.047
0.451 0.182 0.087 0.28
16
0.285 0.184 0.045 0.486
0.004 0.976 0.001 0.019
0.014 0.316 0.062 0.608
0.449 0.025 0.268 0.258
