V-CREDAL 
10 
2 5 5 3 2 4 5 4 5 2 
10 
3 2 7 0 
2 4 1 
2 5 2 
2 2 3 
1 4 
2 4 5 
2 2 6 
2 8 7 
1 8 
2 5 9 

4 
0.13958 0.86042 
0.30863 0.69137 
4 
0.32436 0.67564 
0.60154 0.39846 
4 
0.65729 0.34271 
0.71176 0.28824 
4 
0.94024 0.05976 
0.26549 0.73451 
4 
0.7538 0.2462 
0.28184 0.71816 
4 
0.29704 0.70296 
0.81022 0.18978 
4 
0.79557 0.20443 
0.8082 0.1918 
4 
0.70268 0.29732 
0.78442 0.21558 
4 
0.98234 0.01766 
0.88318 0.11682 
4 
0.16797 0.83203 
0.61084 0.38916 
4 
0.05483 0.94517 
0.75961 0.24039 
4 
0.38576 0.61424 
0.75585 0.24415 
4 
0.70737 0.29263 
0.75746 0.24254 
4 
0.73065 0.26935 
0.78863 0.21137 
4 
0.94651 0.05349 
0.89691 0.10309 
4 
0.28834 0.71166 
0.0745 0.9255 
4 
0.78658 0.21342 
0.03852 0.96148 
4 
0.45825 0.54175 
0.91865 0.08135 
4 
0.30237 0.69763 
0.94551 0.05449 
4 
0.33214 0.66786 
0.67229 0.32771 

30 
0.01607 0.01701 0.01838 0.8644 0.08414 
0.1747 0.02845 0.38211 0.19729 0.21745 
0.66321 0.01943 0.19275 0.07911 0.0455 
0.07989 0.04499 0.21837 0.23742 0.41933 
0.78434 0.15848 0.05112 0.00114 0.00492 
9.5E-4 0.31067 0.01269 0.04165 0.63404 
30 
0.26952 0.02632 0.12719 0.13761 0.43936 
0.24859 0.20345 0.02641 0.02699 0.49456 
0.0622 0.11828 0.144 0.66933 0.00619 
0.32197 7.3E-4 0.67639 6.9E-4 2.2E-4 
0.24082 0.41031 0.0445 0.11335 0.19102 
0.12205 0.0284 0.79111 0.01498 0.04346 

30 
0.09231 0.72068 3.0E-5 0.18689 9.0E-5 
3.6E-4 0.95905 0.03893 8.0E-5 0.00158 
0.02043 0.00137 0.00356 0.97416 4.8E-4 
0.0179 0.01133 0.00503 0.301 0.66474 
0.95731 0.00203 0.00587 0.00299 0.0318 
0.81513 0.01068 0.12441 0.02187 0.02791 
30 
0.64487 0.22625 0.098 0.00618 0.0247 
0.51248 0.05556 2.0E-5 0.43109 8.5E-4 
0.01353 0.04461 0.85191 0.0427 0.04725 
0.07039 0.24998 0.02003 0.05689 0.60271 
0.39104 0.00544 0.49941 0.03067 0.07344 
0.409 0.24415 0.02541 0.00627 0.31517 
30 
0.02428 0.90528 0.04777 0.01408 0.00859 
0.07831 0.48657 0.3194 0.0083 0.10742 
0.04 0.44317 0.38563 0.01293 0.11827 
0.53652 0.16148 0.22247 0.00754 0.07199 
0.22484 0.08348 0.32189 0.19629 0.1735 
0.56018 0.09334 0.03833 0.23268 0.07547 
30 
0.28249 0.05018 0.04722 0.32596 0.29415 
0.15662 0.03858 0.02274 0.7584 0.02366 
0.05679 0.00663 0.05597 0.05331 0.8273 
0.85345 0.04878 0.00815 0.08248 0.00714 
0.09501 0.01629 2.5E-4 0.79116 0.09729 
0.41003 0.15429 0.17555 0.07226 0.18787 

18 
0.09063 0.89102 0.01835 
0.00842 0.02827 0.96331 
0.96492 0.0087 0.02638 
0.67566 0.31381 0.01053 
0.01719 0.16311 0.8197 
0.41953 0.57217 0.0083 
18 
0.16755 0.80449 0.02796 
0.53667 0.04254 0.42079 
0.42171 0.56824 0.01005 
0.06623 0.10349 0.83028 
0.11224 0.59273 0.29503 
0.69643 0.23341 0.07016 
18 
0.03661 0.03373 0.92966 
0.04359 0.82355 0.13286 
0.93368 0.04285 0.02347 
0.16899 0.80659 0.02442 
0.80842 0.02216 0.16942 
0.25225 0.02047 0.72728 
18 
0.98069 0.00731 0.012 
0.46565 0.52292 0.01143 
0.10558 0.13248 0.76194 
0.1094 0.61526 0.27534 
0.04267 0.15067 0.80666 
0.22508 0.74814 0.02678 
18 
0.51008 0.37408 0.11584 
0.01029 0.31982 0.66989 
2.0E-4 0.00527 0.99453 
0.2618 0.66562 0.07258 
0.5527 0.26921 0.17809 
0.05185 0.61645 0.3317 

4 
0.36338 0.63662 
0.42001 0.57999 

24 
0.02692 0.01576 0.82704 0.13028 
0.64252 0.06155 0.05359 0.24234 
0.94873 0.02908 0.00404 0.01815 
0.04278 0.79392 0.05505 0.10825 
0.06896 0.59191 0.32106 0.01807 
0.39172 0.0102 0.27053 0.32755 
24 
0.09271 0.42346 0.33551 0.14832 
0.89215 0.00812 0.06625 0.03348 
0.43426 0.00331 0.52832 0.03411 
0.17504 0.36846 0.15999 0.29651 
0.90912 0.01082 0.00108 0.07898 
0.06834 0.39653 0.41741 0.11772 

30 
0.13692 0.00757 0.03581 0.75555 0.06415 
0.26893 0.3241 0.06229 0.2164 0.12828 
0.037 0.6525 0.0073 0.00461 0.29859 
0.35879 0.17979 0.07349 0.23011 0.15782 
0.00353 0.93383 0.00154 0.0146 0.0465 
0.26168 0.15489 0.01134 0.0031 0.56899 
30 
0.01018 0.00705 0.53564 0.44501 0.00212 
0.00351 0.25276 0.01017 0.69759 0.03597 
0.9337 0.02851 0.00623 0.0113 0.02026 
0.00286 0.01303 0.88389 0.02986 0.07036 
0.00334 0.18657 0.24294 0.07131 0.49584 
0.06164 0.57492 0.34907 0.0126 0.00177 
30 
0.03036 0.02324 0.59052 0.1896 0.16628 
0.30609 0.3938 0.05096 0.05112 0.19803 
0.10478 0.04474 0.10827 0.03114 0.71107 
0.14489 0.13716 0.0864 0.09875 0.5328 
0.92933 0.04191 0.0214 0.00622 0.00114 
6.8E-4 0.47377 0.4205 0.08742 0.01763 
30 
0.27611 0.04062 0.188 0.03756 0.45771 
0.55543 0.07812 0.1497 0.04763 0.16912 
0.04332 0.36673 0.17527 0.37593 0.03875 
0.02565 0.00503 0.84029 0.12052 0.00851 
0.0025 0.91693 8.7E-4 0.07967 3.0E-5 
0.08934 0.00464 0.49117 0.40167 0.01318 
30 
0.13209 0.08214 0.32446 0.29261 0.1687 
0.1139 0.03424 0.07152 0.77673 0.00361 
0.05545 0.92563 0.00151 0.00278 0.01463 
0.1929 0.08861 0.03032 0.67909 0.00908 
0.00213 0.31178 0.00331 0.67796 0.00482 
0.28403 0.3965 0.02278 0.15904 0.13765 

24 
0.00959 0.00507 0.96656 0.01878 
0.06987 0.39202 0.00684 0.53127 
0.0475 0.37038 0.43241 0.14971 
0.00558 0.0307 0.09662 0.8671 
0.28939 0.09002 0.3457 0.27489 
0.17248 0.09955 0.66633 0.06164 
24 
0.15256 0.11981 0.37563 0.352 
0.14748 0.03748 0.62521 0.18983 
0.10826 0.0171 0.67988 0.19476 
0.05447 0.09263 0.60984 0.24306 
0.13139 0.00345 0.17493 0.69023 
0.10352 0.0635 0.02287 0.81011 
24 
0.03253 0.76344 0.07989 0.12414 
0.08219 0.49476 0.3609 0.06215 
0.10605 0.01507 0.10521 0.77367 
0.10642 0.38457 0.20173 0.30728 
0.1443 0.05092 0.01375 0.79103 
5.7E-4 0.06377 0.00331 0.93235 
24 
0.03628 0.01731 0.81878 0.12763 
0.06279 0.18325 0.03008 0.72388 
0.07311 0.04744 0.27349 0.60596 
0.27223 0.21304 0.21452 0.30021 
0.24092 0.44253 0.25186 0.06469 
0.07825 0.42973 0.00907 0.48295 
24 
0.02176 0.03622 0.66877 0.27325 
0.00698 0.00836 0.83539 0.14927 
0.08479 0.37581 0.51905 0.02035 
0.32615 0.29725 0.00599 0.37061 
0.09827 0.32421 0.57613 0.00139 
0.83827 0.04669 0.09648 0.01856 

30 
0.06671 0.85654 0.00464 0.05146 0.02065 
0.4063 0.00505 0.03558 0.00196 0.55111 
0.0768 0.02923 0.04446 0.09369 0.75582 
0.32947 0.01457 0.20828 0.42692 0.02076 
0.13909 0.49709 0.07907 0.0315 0.25325 
0.88623 0.00776 0.03587 0.03358 0.03656 

4 
0.72135 0.27865 
0.75739 0.24261 
4 
0.36214 0.63786 
0.38979 0.61021 
4 
0.58612 0.41388 
0.2427 0.7573 
4 
0.16893 0.83107 
0.07992 0.92008 
