V-CREDAL 
10 
3 4 3 4 2 3 3 2 2 2 
10 
2 4 0 
2 3 1 
2 7 2 
1 3 
3 1 2 4 
2 9 5 
2 4 6 
1 7 
2 5 8 
2 7 9 

18 
0.62819 0.01382 0.35799 
0.65829 0.02358 0.31813 
0.00767 0.01111 0.98122 
0.14906 0.84702 0.00392 
0.05245 0.4837 0.46385 
0.6361 0.28256 0.08134 
18 
0.03639 0.67959 0.28402 
0.96279 0.03245 0.00476 
0.00317 0.00826 0.98857 
0.83172 0.02108 0.1472 
0.00124 0.1344 0.86436 
0.48672 0.37027 0.14301 

24 
0.12001 0.60488 0.26423 0.01088 
0.66482 0.10194 0.13578 0.09746 
0.04725 0.09691 0.76976 0.08608 
0.5162 0.09939 0.01735 0.36706 
0.1636 0.13125 0.04627 0.65888 
0.79069 0.10841 0.02821 0.07269 
24 
0.07057 0.04411 0.88163 0.00369 
0.12615 0.58761 0.01948 0.26676 
0.00198 6.4E-4 5.1E-4 0.99687 
0.67109 0.08274 0.21923 0.02694 
0.17531 0.61509 0.09518 0.11442 
0.12964 0.06341 0.00776 0.79919 
24 
0.75347 0.14724 0.08533 0.01396 
0.14538 0.77143 0.04684 0.03635 
0.00375 0.86412 0.13186 2.7E-4 
0.09496 0.02023 8.0E-5 0.88473 
0.00621 0.08556 0.88477 0.02346 
0.01373 0.03632 0.11279 0.83716 
24 
0.22372 0.16138 0.06995 0.54495 
0.44714 0.5192 0.00752 0.02614 
0.64601 0.14388 0.1564 0.05371 
0.20843 0.39296 0.08857 0.31004 
0.01128 0.01341 0.84841 0.1269 
0.06076 0.01207 0.36304 0.56413 

18 
0.15821 0.78403 0.05776 
0.81395 0.12714 0.05891 
0.0218 0.01029 0.96791 
0.27937 0.67231 0.04832 
0.50548 0.04076 0.45376 
0.03465 0.28964 0.67571 
18 
0.05904 0.86744 0.07352 
0.13395 0.05336 0.81269 
0.86927 0.04186 0.08887 
0.603 0.37692 0.02008 
0.1085 0.2956 0.5959 
0.80288 0.18437 0.01275 

24 
0.99533 0.00419 4.2E-4 6.0E-5 
0.16056 0.7786 0.01079 0.05005 
0.10987 0.73795 0.1066 0.04558 
0.13164 0.11749 0.48151 0.26936 
0.16663 0.17442 0.6449 0.01405 
0.02609 0.29957 0.15895 0.51539 

4 
0.77772 0.22228 
0.31688 0.68312 
4 
0.09575 0.90425 
0.54086 0.45914 
4 
0.61608 0.38392 
0.91897 0.08103 
4 
0.78858 0.21142 
0.99727 0.00273 
4 
0.93145 0.06855 
0.24279 0.75721 
4 
0.48944 0.51056 
0.527 0.473 
4 
0.4998 0.5002 
0.53405 0.46595 
4 
0.09563 0.90437 
0.35475 0.64525 
4 
0.17901 0.82099 
0.9849 0.0151 
4 
0.82564 0.17436 
0.18181 0.81819 
4 
0.39147 0.60853 
0.65679 0.34321 
4 
0.63905 0.36095 
0.2687 0.7313 

18 
0.50539 0.04024 0.45437 
0.07322 0.07349 0.85329 
0.23263 0.66217 0.1052 
0.47351 0.51002 0.01647 
0.15745 0.49259 0.34996 
0.4941 0.00437 0.50153 
18 
0.13315 0.09626 0.77059 
0.01672 0.95893 0.02435 
0.81971 0.08734 0.09295 
0.41862 0.04662 0.53476 
0.60945 0.38359 0.00696 
0.00279 0.79995 0.19726 

18 
0.00937 0.97262 0.01801 
0.98198 0.01515 0.00287 
0.09657 0.13438 0.76905 
0.21869 0.00108 0.78023 
0.01166 0.85703 0.13131 
0.12859 0.03335 0.83806 
18 
0.99592 8.6E-4 0.00322 
0.01948 0.00523 0.97529 
0.02286 0.00203 0.97511 
0.00251 0.99507 0.00242 
0.13421 0.86572 7.0E-5 
0.00843 0.2554 0.73617 

4 
0.42482 0.57518 
0.07546 0.92454 

4 
0.4736 0.5264 
0.16834 0.83166 
4 
0.84809 0.15191 
0.94848 0.05152 
4 
0.06337 0.93663 
0.18446 0.81554 

4 
0.13572 0.86428 
0.33406 0.66594 
4 
0.3206 0.6794 
0.38828 0.61172 
