V-CREDAL 
8 
2 2 2 2 4 4 4 3 
8 
1 0 
2 0 1 
2 1 2 
2 2 3 
2 3 4 
2 4 5 
2 5 6 
2 6 7 

4 
0.76587 0.23413 
0.51593 0.48407 

4 
0.6219 0.3781 
0.6191 0.3809 
4 
0.8353 0.1647 
0.6252 0.3748 

4 
0.50507 0.49493 
0.15772 0.84228 
4 
0.26234 0.73766 
0.95374 0.04626 

4 
0.32556 0.67444 
0.11115 0.88885 
4 
0.99299 0.00701 
0.39296 0.60704 

16 
0.26902 0.29355 0.26542 0.17201 
0.43474 0.14452 0.19859 0.22215 
0.2349 9.9E-4 0.33677 0.42734 
0.87656 0.0046 0.02491 0.09393 
16 
0.15923 0.00631 0.81846 0.016 
0.97656 0.01247 0.00113 0.00984 
0.23019 0.63153 0.09643 0.04185 
0.00517 0.48327 0.40625 0.10531 

16 
0.0022 0.82144 0.05268 0.12368 
0.30062 0.37597 0.22242 0.10099 
0.10383 0.75136 0.07821 0.0666 
0.64668 0.05955 0.11672 0.17705 
16 
0.15353 0.34299 0.35012 0.15336 
0.55233 0.06841 2.7E-4 0.37899 
0.00771 0.06903 0.73794 0.18532 
0.12895 0.03653 0.17954 0.65498 
16 
0.11611 0.21153 0.52348 0.14888 
1.6E-4 0.13152 0.00518 0.86314 
0.75499 0.055 0.02557 0.16444 
0.00125 0.28069 0.04335 0.67471 
16 
0.09033 0.48636 0.03698 0.38633 
0.47339 0.15539 0.22882 0.1424 
0.09854 0.25484 0.13359 0.51303 
0.00757 0.13914 0.12301 0.73028 

16 
0.0146 0.42755 0.0225 0.53535 
0.75146 0.08197 0.12881 0.03776 
0.10167 0.43706 0.07578 0.38549 
0.01108 0.17329 0.24113 0.5745 
16 
0.13984 0.08152 0.6892 0.08944 
0.08624 0.41105 0.41469 0.08802 
0.0076 0.40609 0.1712 0.41511 
0.02008 0.1781 0.09383 0.70799 
16 
0.05293 0.01558 0.92578 0.00571 
0.13934 0.58082 0.02346 0.25638 
0.64652 0.3234 0.01857 0.01151 
0.10486 0.00604 0.13263 0.75647 
16 
0.08522 0.20029 0.35112 0.36337 
0.04181 0.09494 0.70612 0.15713 
0.07203 0.55889 0.01328 0.3558 
0.00642 0.02788 0.94095 0.02475 

12 
0.27442 0.48952 0.23606 
0.10243 0.40444 0.49313 
0.04584 0.14151 0.81265 
0.5724 0.10694 0.32066 
12 
0.88031 0.11784 0.00185 
0.02037 0.94972 0.02991 
0.09215 0.39702 0.51083 
0.16419 0.11008 0.72573 
12 
0.04506 0.60283 0.35211 
0.17146 0.33945 0.48909 
0.50089 0.00169 0.49742 
0.0185 0.88441 0.09709 
12 
0.00724 0.89361 0.09915 
0.01043 0.96209 0.02748 
0.24921 0.30942 0.44137 
0.31736 0.51032 0.17232 
