V-CREDAL 
6 
3 4 3 3 2 2 
6 
1 0 
2 0 1 
2 1 2 
2 2 3 
2 3 4 
2 4 5 

12 
0.98255 0.01066 0.00679 
0.24998 0.6588 0.09122 
0.22305 0.16353 0.61342 
0.32824 0.04459 0.62717 

16 
0.00895 0.04737 0.02565 0.91803 
0.08554 0.02162 0.01218 0.88066 
0.08848 0.07794 0.52959 0.30399 
0.44943 0.24977 0.0978 0.203 
16 
0.27406 0.07506 0.39915 0.25173 
0.07928 0.13806 0.08481 0.69785 
0.22914 0.49785 0.12619 0.14682 
0.39465 0.30895 0.11783 0.17857 
16 
0.76963 0.09252 0.03829 0.09956 
0.05911 0.10301 0.14562 0.69226 
0.02063 0.94532 0.02508 0.00897 
0.21413 0.00277 0.75404 0.02906 

12 
0.35277 0.21029 0.43694 
0.02981 0.01419 0.956 
0.3872 0.59211 0.02069 
0.03501 0.96468 3.1E-4 
12 
0.06841 0.19117 0.74042 
0.18129 0.81681 0.0019 
0.11594 0.84313 0.04093 
0.22903 0.52744 0.24353 
12 
0.58749 0.19083 0.22168 
0.6265 0.28585 0.08765 
0.0051 0.09042 0.90448 
0.01998 0.00109 0.97893 
12 
0.82488 0.17307 0.00205 
0.0839 0.75873 0.15737 
0.22816 0.7267 0.04514 
0.73284 0.02755 0.23961 

12 
0.53151 0.36727 0.10122 
0.06159 0.89485 0.04356 
0.16051 0.16388 0.67561 
0.02696 0.10299 0.87005 
12 
0.38037 0.00591 0.61372 
0.94072 0.04116 0.01812 
0.16045 0.53787 0.30168 
0.8217 0.02048 0.15782 
12 
0.02727 0.77418 0.19855 
0.0395 0.95577 0.00473 
0.62385 0.25473 0.12142 
0.74025 0.25097 0.00878 

4 
0.68796 0.31204 
0.41093 0.58907 
4 
0.31233 0.68767 
0.51691 0.48309 
4 
0.93848 0.06152 
0.10634 0.89366 

4 
0.12988 0.87012 
0.8856 0.1144 
4 
0.17755 0.82245 
0.49221 0.50779 
