V-CREDAL 
6 
2 2 3 2 2 2 
6 
2 4 0 
1 1 
2 1 2 
1 3 
2 1 4 
3 0 3 5 

4 
0.00988 0.99012 
0.08477 0.91523 
4 
0.57868 0.42132 
0.19616 0.80384 

4 
0.36828 0.63172 
0.08851 0.91149 

18 
0.93674 0.03064 0.03262 
0.05543 0.02725 0.91732 
0.04255 0.21174 0.74571 
0.0116 0.98407 0.00433 
0.17643 0.01699 0.80658 
0.02872 0.51719 0.45409 
18 
0.04503 0.55359 0.40138 
0.03525 0.90664 0.05811 
0.47311 0.50484 0.02205 
0.18997 0.16565 0.64438 
0.34026 0.07366 0.58608 
0.49553 0.18388 0.32059 

4 
0.07218 0.92782 
0.20257 0.79743 

4 
0.93372 0.06628 
0.05835 0.94165 
4 
0.64561 0.35439 
0.10693 0.89307 

4 
0.01733 0.98267 
0.62587 0.37413 
4 
0.596 0.404 
0.95862 0.04138 
4 
0.63956 0.36044 
0.79837 0.20163 
4 
0.90021 0.09979 
0.22603 0.77397 
