V-CREDAL 
10 
2 2 2 2 2 3 2 2 3 3 
10 
2 2 0 
2 2 1 
2 7 2 
2 4 3 
1 4 
2 9 5 
2 7 6 
1 7 
3 3 6 8 
2 4 9 

4 
0.15942 0.84058 
0.98179 0.01821 
4 
0.86404 0.13596 
0.34706 0.65294 

4 
0.66371 0.33629 
0.57102 0.42898 
4 
0.81326 0.18674 
0.77266 0.22734 

4 
0.9509 0.0491 
0.38355 0.61645 
4 
0.45738 0.54262 
0.28877 0.71123 

4 
0.39695 0.60305 
0.96592 0.03408 
4 
0.36293 0.63707 
0.51148 0.48852 

4 
0.43479 0.56521 
0.06487 0.93513 

18 
0.12528 0.84608 0.02864 
0.65721 0.03375 0.30904 
0.17228 0.08102 0.7467 
0.09222 0.43613 0.47165 
0.66465 0.30809 0.02726 
0.80312 0.14895 0.04793 
18 
0.70502 0.01442 0.28056 
0.23572 0.6725 0.09178 
0.08094 0.10625 0.81281 
0.01198 0.78191 0.20611 
0.77645 0.21858 0.00497 
0.88404 0.02627 0.08969 
18 
0.01626 0.13746 0.84628 
0.01969 0.01539 0.96492 
0.01732 0.47027 0.51241 
0.89975 0.02655 0.0737 
0.05445 0.8047 0.14085 
0.04005 0.01436 0.94559 

4 
0.65852 0.34148 
0.31501 0.68499 
4 
0.74802 0.25198 
0.86491 0.13509 

4 
0.254 0.746 
0.82368 0.17632 

18 
0.23733 0.14367 0.619 
0.38321 0.28826 0.32853 
0.27666 0.5821 0.14124 
0.07912 0.84636 0.07452 
0.02307 0.48377 0.49316 
0.28703 0.56478 0.14819 
18 
0.134 0.69258 0.17342 
0.05916 0.12393 0.81691 
0.72879 0.25229 0.01892 
0.89096 0.00148 0.10756 
0.05414 0.62974 0.31612 
0.94697 0.0192 0.03383 
18 
0.11359 0.85748 0.02893 
0.91986 0.05763 0.02251 
0.58919 0.00199 0.40882 
0.115 0.82431 0.06069 
0.15341 0.07693 0.76966 
0.91581 0.05565 0.02854 
18 
0.35893 0.5211 0.11997 
0.95664 0.02593 0.01743 
0.00314 0.02276 0.9741 
0.02237 0.62235 0.35528 
0.16867 0.01076 0.82057 
0.25398 0.01185 0.73417 

18 
0.61491 0.38151 0.00358 
0.04518 0.69307 0.26175 
0.16375 0.66517 0.17108 
0.70192 0.07513 0.22295 
0.03006 0.22346 0.74648 
0.69426 0.11287 0.19287 
18 
0.49377 0.34113 0.1651 
0.54966 0.10255 0.34779 
0.06062 0.93914 2.4E-4 
0.04832 0.90323 0.04845 
0.34747 0.28798 0.36455 
0.29984 0.36736 0.3328 
