V-CREDAL 
4 
5 4 5 2 
4 
1 0 
3 2 3 1 
2 0 2 
1 3 

20 
0.15763 0.10299 0.00697 0.03802 0.69439 
0.20673 0.00354 0.02789 0.36083 0.40101 
0.36141 0.16026 0.26942 0.1432 0.06571 
0.00243 0.16771 0.25925 0.16944 0.40117 

16 
0.43132 0.45051 0.08424 0.03393 
0.56349 0.15839 0.07165 0.20647 
0.00836 0.02648 0.12774 0.83742 
0.22128 0.00959 0.43594 0.33319 
16 
0.42158 0.00157 0.00461 0.57224 
0.38867 0.59198 0.00249 0.01686 
0.84483 0.06969 0.02909 0.05639 
0.02716 0.02961 0.43439 0.50884 
16 
0.12361 0.22505 0.61845 0.03289 
0.23667 0.16335 0.15448 0.4455 
0.01205 0.96672 0.00613 0.0151 
0.75123 0.21773 0.00249 0.02855 
16 
0.36502 0.08162 0.48 0.07336 
0.38801 0.07289 0.05333 0.48577 
0.63632 0.08021 0.20325 0.08022 
0.13378 0.02568 0.01454 0.826 
16 
0.05909 0.27299 0.31405 0.35387 
0.0181 0.42018 0.30275 0.25897 
0.00403 0.9544 0.03308 0.00849 
0.6647 0.09886 0.04286 0.19358 
16 
0.0484 0.04814 0.88777 0.01569 
0.05524 0.22367 0.64417 0.07692 
0.89794 0.03517 0.01503 0.05186 
0.41095 0.38757 0.02855 0.17293 
16 
0.11385 0.3178 0.40579 0.16256 
0.05699 0.63879 0.29558 0.00864 
0.07753 0.35756 0.1901 0.37481 
7.7E-4 8.8E-4 8.7E-4 0.99748 
16 
0.07849 0.29637 0.13681 0.48833 
0.70838 0.08526 0.12231 0.08405 
0.43007 0.33573 0.22108 0.01312 
0.8687 0.01072 0.09462 0.02596 
16 
0.42492 0.09114 0.05965 0.42429 
0.26575 0.01196 0.69711 0.02518 
0.27638 0.02063 0.44962 0.25337 
0.04816 0.65233 0.27963 0.01988 
16 
0.00107 0.78243 0.01101 0.20549 
0.00429 0.00695 0.95677 0.03199 
0.07527 0.22243 0.5063 0.196 
0.84678 0.00521 0.05822 0.08979 

20 
0.02049 0.02148 0.12406 0.48026 0.35371 
0.07442 0.6855 0.0981 0.02055 0.12143 
0.21663 0.31912 0.1888 0.00954 0.26591 
0.14847 0.02211 0.72678 0.00578 0.09686 
20 
0.00521 0.72234 0.02747 0.20484 0.04014 
0.07125 0.87403 0.0395 0.00763 0.00759 
0.0262 0.04784 0.09729 0.70871 0.11996 
0.01812 0.01843 5.4E-4 0.17532 0.78759 
20 
0.00927 0.71772 0.21572 0.00485 0.05244 
0.02126 0.1543 0.76386 0.01486 0.04572 
0.06202 0.02724 0.09504 0.04965 0.76605 
0.15688 0.29827 0.08735 0.26797 0.18953 
20 
0.20454 0.38328 0.16574 0.05834 0.1881 
0.08949 0.17422 0.49179 0.12177 0.12273 
0.66218 0.05063 0.18233 0.00226 0.1026 
0.00418 0.02153 0.94804 0.02097 0.00528 
20 
0.28254 0.29824 0.02883 0.29922 0.09117 
0.01503 0.48076 0.23278 0.04788 0.22355 
0.00764 0.11257 0.44604 0.39924 0.03451 
0.01504 0.01728 0.01235 0.72846 0.22687 

4 
0.02688 0.97312 
0.6196 0.3804 
