V-CREDAL
6
3 3 4 3 4 3
6
1 0
2 0 1
2 1 2
2 2 3
2 3 4
2 4 5

12
0.074 0.847 0.079
0.042 0.009 0.949
0.149 0.836 0.015
0.815 0.136 0.049

12
0.25 0.078 0.672
0.306 0.658 0.036
0.98 0.001 0.019
0.117 0.097 0.786
12
0.142 0.416 0.442
0.106 0.859 0.035
0.472 0.496 0.032
0.014 0.723 0.263
12
0.022 0.966 0.012
0.692 0.057 0.251
0.385 0.155 0.46
0.023 0.718 0.259

16
0.384 0.088 0.025 0.503
0.15 0.647 0.184 0.019
0.039 0.821 0.092 0.048
0.725 0.058 0.111 0.106
16
0.615 0.277 0.084 0.024
0.112 0.198 0.064 0.626
0.122 0.47 0.314 0.094
0.682 0.067 0.103 0.148
16
0.509 0.308 0.125 0.058
0.633 0.06 0.294 0.013
0.196 0.106 0.318 0.38
0.54 0.096 0.077 0.287

12
0.188 0.658 0.154
0.028 0.033 0.939
0.585 0.364 0.051
0.09 0.034 0.876
12
0.207 0.135 0.658
0.064 0.901 0.035
0.078 0.715 0.207
0.961 0.007 0.032
12
0.072 0.13 0.798
0.607 0.385 0.008
0.328 0.382 0.29
0.769 0.015 0.216
12
0.377 0.401 0.222
0.342 0.105 0.553
0.918 0.022 0.06
0.213 0.333 0.454

16
0.005 0.009 0.05 0.936
0.49 0.011 0.012 0.487
0.492 0.031 0.008 0.469
0.273 0.015 0.417 0.295
16
0.058 0.209 0.018 0.715
0.014 0.579 0.013 0.394
0.054 0.151 0.031 0.764
0.395 0.264 0.163 0.178
16
0.529 0.179 0.029 0.263
0.265 0.383 0.035 0.317
0.19 0.076 0.732 0.002
0.289 0.001 0.004 0.706

12
0.268 0.243 0.489
0.308 0.659 0.033
0.233 0.725 0.042
0.065 0.557 0.378
12
0.73 0.227 0.043
0.445 0.292 0.263
0.786 0.004 0.21
0.444 0.301 0.255
12
0.153 0.831 0.016
0.015 0.049 0.936
0.627 0.029 0.344
0.101 0.839 0.06
12
0.238 0.604 0.158
0.388 0.138 0.474
0.106 0.25 0.644
0.137 0.4 0.463
