V-CREDAL 
6 
4 2 3 2 3 4 
6 
1 0 
2 0 1 
2 1 2 
2 2 3 
2 3 4 
2 4 5 

24 
0.002 0.285 0.687 0.026 
0.22 0.249 0.385 0.146 
0.007 0.391 0.154 0.448 
0.306 0.158 0.262 0.274 
0.026 0.004 0.399 0.571 
0.252 0.045 0.088 0.615 

4 
0.802 0.198 
0.722 0.278 
4 
0.883 0.117 
0.958 0.042 
4 
0.599 0.401 
0.903 0.097 
4 
0.645 0.355 
0.771 0.229 

18 
0.271 0.236 0.493 
0.029 0.961 0.01 
0.481 0.219 0.3 
0.117 0.28 0.603 
0.027 0.66 0.313 
0.408 0.566 0.026 
18 
0.045 0.954 0.001 
0.289 0.106 0.605 
0.799 0.142 0.059 
0.415 0.044 0.541 
0.057 0.862 0.081 
0.742 0.212 0.046 

4 
0.176 0.824 
0.251 0.749 
4 
0.411 0.589 
0.437 0.563 
4 
0.248 0.752 
0.179 0.821 

18 
0.154 0.015 0.831 
0.319 0.004 0.677 
0.052 0.417 0.531 
0.473 0.097 0.43 
0.669 0.244 0.087 
0.595 0.31 0.095 
18 
0.487 0.025 0.488 
0.154 0.795 0.051 
0.171 0.016 0.813 
0.051 0.808 0.141 
0.016 0.647 0.337 
0.487 0.48 0.033 

24 
0.033 0.005 0.154 0.808 
0.163 0.66 0.043 0.134 
0.055 0.233 0.28 0.432 
0.057 0.005 0.906 0.032 
0.677 0.118 0.191 0.014 
0.052 0.197 0.234 0.517 
24 
0.949 0.037 0.009 0.005 
0.042 0.005 0.867 0.086 
0.025 0.1 0.782 0.093 
0.308 0.018 0.335 0.339 
0.417 0.28 0.165 0.138 
0.256 0.228 0.309 0.207 
24 
0.495 0.001 0.463 0.041 
0.003 0.36 0.628 0.009 
0.88 0.027 0.03 0.063 
0.003 0.111 0.107 0.779 
0.817 0.098 0.045 0.04 
0.546 0.42 0.005 0.029 
