V-CREDAL
6
3 3 3 3 4 3
6
1 0
2 0 1
2 1 2
2 2 3
2 3 4
2 4 5

12
0.419 0.504 0.077
0.164 0.062 0.774
0.043 0.16 0.797
0.093 0.664 0.243

12
0.336 0.335 0.329
0.113 0.265 0.622
0.388 0.257 0.355
0.005 0.318 0.677
12
0.051 0.095 0.854
0.889 0.106 0.005
0.034 0.794 0.172
0.042 0.125 0.833
12
0.091 0.784 0.125
0.006 0.039 0.955
0.695 0.265 0.04
0.554 0.159 0.287

12
0.783 0.029 0.188
0.897 0.018 0.085
0.734 0.206 0.06
0.068 0.504 0.428
12
0.505 0.366 0.129
0.087 0.137 0.776
0.13 0.667 0.203
0.552 0.265 0.183
12
0.424 0.127 0.449
0.066 0.929 0.005
0.145 0.521 0.334
0.299 0.12 0.581

12
0.98 0.017 0.003
0.162 0.796 0.042
0.023 0.012 0.965
0.014 0.425 0.561
12
0.967 0.004 0.029
0.019 0.973 0.008
0.378 0.026 0.596
0.07 0.738 0.192
12
0.154 0.73 0.116
0.339 0.353 0.308
0.667 0.323 0.01
0.567 0.21 0.223

16
0.184 0.363 0.137 0.316
0.1 0.057 0.492 0.351
0.027 0.906 0.01 0.057
0.228 0.054 0.693 0.025
16
0.045 0.101 0.842 0.012
0.4 0.008 0.485 0.107
0.394 0.018 0.462 0.126
0.251 0.215 0.409 0.125
16
0.016 0.659 0.04 0.285
0.001 0.005 0.984 0.01
0.013 0.008 0.976 0.003
0.122 0.023 0.721 0.134

12
0.222 0.67 0.108
0.178 0.612 0.21
0.642 0.014 0.344
0.57 0.205 0.225
12
0.013 0.127 0.86
0.507 0.091 0.402
0.675 0.272 0.053
0.426 0.22 0.354
12
0.547 0.05 0.403
0.612 0.167 0.221
0.42 0.08 0.5
0.103 0.708 0.189
12
0.019 0.084 0.897
0.837 0.07 0.093
0.714 0.266 0.02
0.312 0.494 0.194
