V-CREDAL 
10 
4 3 4 3 3 4 4 3 3 4 
10 
1 0 
2 0 1 
2 1 2 
2 2 3 
2 3 4 
2 4 5 
2 5 6 
2 6 7 
2 7 8 
2 8 9 

16 
0.73501 0.02955 0.04554 0.1899 
0.15768 0.57656 0.00697 0.25879 
0.16205 0.63563 0.01155 0.19077 
0.00685 7.2E-4 0.98796 0.00447 

12 
0.50006 0.2568 0.24314 
0.78487 0.01115 0.20398 
0.18208 0.81727 6.5E-4 
0.1775 0.74059 0.08191 
12 
0.096 0.7686 0.1354 
0.20147 0.0826 0.71593 
0.00815 0.76079 0.23106 
0.31903 0.09949 0.58148 
12 
0.14533 0.59056 0.26411 
0.66495 0.22778 0.10727 
0.19311 0.50288 0.30401 
0.0467 0.88943 0.06387 
12 
0.00422 0.96961 0.02617 
0.8452 0.10892 0.04588 
0.04625 0.12913 0.82462 
0.8372 0.03292 0.12988 

16 
0.00524 0.04312 0.94319 0.00845 
0.00293 0.88736 0.10885 8.6E-4 
0.61544 0.36483 0.00271 0.01702 
0.33159 0.27938 0.28591 0.10312 
16 
0.46847 0.31766 0.06849 0.14538 
0.07186 0.14216 0.55386 0.23212 
0.04161 0.09148 0.58224 0.28467 
0.11784 0.01843 0.40336 0.46037 
16 
0.6001 0.23597 0.14737 0.01656 
0.86254 0.0122 0.10837 0.01689 
0.21585 0.24406 0.49182 0.04827 
0.74383 0.09344 0.0951 0.06763 

12 
0.23849 0.44652 0.31499 
0.34916 0.31874 0.3321 
0.115 0.2884 0.5966 
0.07779 0.18476 0.73745 
12 
0.07259 0.90818 0.01923 
0.71283 0.13752 0.14965 
0.08274 0.83322 0.08404 
0.14755 0.63837 0.21408 
12 
0.32225 0.19349 0.48426 
0.03856 0.04399 0.91745 
0.00922 0.1517 0.83908 
0.00416 0.9928 0.00304 
12 
0.93865 0.04928 0.01207 
0.04148 0.89554 0.06298 
0.09097 0.55254 0.35649 
0.35765 0.31967 0.32268 

12 
0.14088 0.28786 0.57126 
0.03755 0.84674 0.11571 
0.61776 0.277 0.10524 
0.68301 0.18176 0.13523 
12 
0.12317 0.07831 0.79852 
0.11669 0.18641 0.6969 
0.27954 0.28681 0.43365 
0.27226 0.41672 0.31102 
12 
0.01353 0.05527 0.9312 
0.10717 0.50368 0.38915 
0.74231 0.17584 0.08185 
0.28843 0.58247 0.1291 

16 
0.06862 0.16893 0.58374 0.17871 
0.08272 0.04714 0.61888 0.25126 
0.69167 0.02389 0.00874 0.2757 
0.07066 0.05674 0.24255 0.63005 
16 
0.04866 0.73345 0.09335 0.12454 
0.45923 0.43682 0.01319 0.09076 
0.25522 0.02501 0.3522 0.36757 
0.12153 0.2064 0.10812 0.56395 
16 
0.84941 0.03517 0.01438 0.10104 
0.01383 0.22232 0.18952 0.57433 
0.08881 0.02841 0.00969 0.87309 
0.97885 0.00381 0.0055 0.01184 

16 
0.00109 0.51108 0.00591 0.48192 
0.00855 0.58923 0.02352 0.3787 
0.48271 0.1126 0.34071 0.06398 
0.52117 0.00319 0.31405 0.16159 
16 
0.51502 0.10011 0.16135 0.22352 
0.59262 0.00824 0.00178 0.39736 
0.93632 0.03328 0.01834 0.01206 
0.40029 0.02327 0.44689 0.12955 
16 
0.59206 0.40672 2.3E-4 9.9E-4 
0.09926 0.22305 0.67431 0.00338 
0.0147 0.19996 0.73793 0.04741 
0.08529 0.60448 0.23224 0.07799 
16 
0.01997 0.07548 0.62734 0.27721 
0.33843 0.4401 0.02474 0.19673 
0.04585 0.11781 0.27316 0.56318 
0.40125 0.05644 0.41497 0.12734 

12 
0.01538 0.94151 0.04311 
0.85329 0.00665 0.14006 
0.05976 0.12195 0.81829 
0.1889 0.02943 0.78167 
12 
0.48678 0.16528 0.34794 
0.06644 0.00621 0.92735 
0.08012 0.8466 0.07328 
0.37159 0.47123 0.15718 
12 
0.01787 0.15523 0.8269 
0.66154 0.01286 0.3256 
0.22941 0.02439 0.7462 
0.50463 0.19093 0.30444 
12 
0.06799 0.93072 0.00129 
0.05066 0.67473 0.27461 
0.313 0.38962 0.29738 
0.11838 0.3671 0.51452 

12 
0.46318 0.1925 0.34432 
0.679 0.03746 0.28354 
0.47753 0.03628 0.48619 
0.58875 0.21442 0.19683 
12 
0.65482 0.03915 0.30603 
0.03025 0.4086 0.56115 
0.09646 0.02293 0.88061 
0.06183 0.47321 0.46496 
12 
0.26214 0.62588 0.11198 
0.66748 0.00902 0.3235 
0.87863 0.07247 0.0489 
0.9443 0.01254 0.04316 

16 
0.00463 0.99327 9.3E-4 0.00117 
9.3E-4 0.80672 0.13719 0.05516 
0.01902 0.16314 0.23157 0.58627 
0.2742 0.38225 0.19097 0.15258 
16 
0.0905 0.29544 0.00781 0.60625 
0.06435 0.85873 0.0492 0.02772 
0.30055 0.50993 0.01731 0.17221 
0.04197 0.0451 0.67404 0.23889 
16 
0.74864 0.03092 0.12981 0.09063 
0.15611 0.22162 0.14674 0.47553 
0.01561 0.65063 0.30242 0.03134 
0.3517 0.00704 0.59469 0.04657 
