V-CREDAL 
10 
3 4 4 5 2 2 4 3 4 5 
10 
2 5 0 
2 8 1 
1 2 
3 2 6 3 
3 1 2 4 
2 2 5 
1 6 
2 6 7 
1 8 
2 6 9 

18 
0.00636 0.00353 0.99011 
0.62562 0.01679 0.35759 
0.82387 0.11759 0.05854 
0.22489 0.50851 0.2666 
0.59147 0.40206 0.00647 
0.01528 0.3982 0.58652 
18 
0.08772 0.04399 0.86829 
0.03985 0.21006 0.75009 
0.5941 0.34087 0.06503 
0.52851 0.40314 0.06835 
0.13641 0.43114 0.43245 
0.02018 0.16286 0.81696 

24 
0.8595 0.00259 0.07685 0.06106 
0.26408 0.07305 0.62542 0.03745 
0.15869 0.24945 0.38822 0.20364 
0.18934 0.45859 0.19714 0.15493 
0.51432 0.25765 0.16994 0.05809 
0.05656 0.01343 0.07655 0.85346 
24 
0.03781 0.08137 0.30337 0.57745 
0.2942 0.23316 0.15524 0.3174 
0.27817 0.22282 0.48193 0.01708 
0.02633 0.50465 0.13246 0.33656 
0.01385 0.02349 0.24421 0.71845 
0.27536 0.245 0.15216 0.32748 
24 
0.13084 0.0896 0.75118 0.02838 
0.07133 0.38675 0.52354 0.01838 
0.2462 0.02398 0.28904 0.44078 
0.06505 0.03452 0.7046 0.19583 
0.00336 0.06846 0.91384 0.01434 
0.03926 0.55333 0.16577 0.24164 
24 
0.38096 0.60042 0.0056 0.01302 
0.09895 0.71483 0.12781 0.05841 
0.06284 0.24558 0.36374 0.32784 
0.03503 0.34314 0.33278 0.28905 
0.24777 0.01562 0.00348 0.73313 
0.13464 0.03701 0.78153 0.04682 

24 
0.00529 0.30138 0.60751 0.08582 
0.06794 0.33224 0.27473 0.32509 
0.74957 0.03145 0.0887 0.13028 
6.4E-4 0.15746 0.84113 7.7E-4 
0.26982 0.08991 0.1133 0.52697 
0.12501 0.07581 0.21241 0.58677 

30 
0.03809 0.01255 0.07968 0.00968 0.86 
0.02936 0.19605 0.31397 0.14963 0.31099 
0.3075 0.29791 0.20532 0.10644 0.08283 
0.15628 0.36376 0.04097 0.35816 0.08083 
0.28438 0.09041 0.10016 0.10581 0.41924 
0.16237 0.41626 0.37207 0.02668 0.02262 
30 
0.35825 0.62083 2.5E-4 0.01846 0.00221 
0.01678 0.71278 0.00363 0.2639 0.00291 
0.00561 0.06065 0.0015 0.35127 0.58097 
6.7E-4 8.0E-5 0.03054 0.9639 0.00481 
0.07951 0.88643 0.01362 0.00982 0.01062 
0.16155 0.04828 0.02816 0.00255 0.75946 
30 
0.71669 0.02052 0.04697 0.08899 0.12683 
0.13334 0.25598 0.05071 0.1153 0.44467 
0.48745 0.00239 0.31024 0.12126 0.07866 
0.56302 0.39691 0.00286 2.0E-5 0.03719 
0.11224 0.31372 0.02931 0.00185 0.54288 
0.69655 0.01999 0.00459 0.2664 0.01247 
30 
0.11039 0.26965 0.21086 0.09028 0.31882 
0.00312 0.33919 0.01043 0.12065 0.52661 
0.16882 0.07731 0.56474 0.04105 0.14808 
0.74892 0.00775 0.01429 0.11026 0.11878 
0.80585 0.0333 0.00672 0.15376 3.7E-4 
0.44255 0.26835 0.08836 0.07326 0.12748 
30 
0.21625 0.45664 0.24334 0.06099 0.02278 
0.23182 0.01884 0.5932 0.14694 0.0092 
0.02281 0.03823 0.80003 0.03368 0.10525 
0.03009 0.01094 0.06903 0.75911 0.13083 
0.44252 0.15513 0.05247 0.30406 0.04582 
0.20741 0.17462 0.00233 0.11324 0.5024 
30 
0.17583 0.50506 0.01578 0.22078 0.08255 
0.19734 0.04601 0.0132 0.03037 0.71308 
0.03472 0.02141 0.92146 0.00572 0.01669 
0.40171 0.06267 0.06493 0.25332 0.21737 
9.0E-5 8.4E-4 1.6E-4 0.99869 2.2E-4 
0.08104 0.68201 0.00158 0.21864 0.01673 
30 
0.13138 0.02976 0.66645 0.02454 0.14787 
0.30526 0.1579 0.26551 0.15652 0.11481 
2.4E-4 0.00125 0.99366 2.6E-4 0.00459 
0.01468 0.10988 0.04215 0.68901 0.14428 
0.071 0.20587 0.60951 0.07311 0.04051 
0.46209 0.01181 0.45541 0.05941 0.01128 
30 
0.02095 0.02365 0.44523 0.04518 0.46499 
0.43223 0.15236 0.02618 0.00807 0.38116 
0.01477 0.8644 0.02145 0.08049 0.01889 
0.15451 0.6986 0.05717 0.07618 0.01354 
0.17742 0.01256 0.734 0.05098 0.02504 
0.14726 0.67205 0.13432 0.03103 0.01534 
30 
0.73257 0.09285 0.17054 0.00393 1.1E-4 
0.15395 0.48773 0.00111 0.08049 0.27672 
0.22173 0.52427 0.00107 0.19277 0.06016 
0.13354 0.74301 0.04467 0.06155 0.01723 
0.00738 0.01216 0.14819 0.82693 0.00534 
0.01499 7.9E-4 0.98324 5.5E-4 4.3E-4 
30 
0.24248 0.14485 0.20442 0.09438 0.31387 
0.02027 0.00276 0.78264 0.19213 0.0022 
0.32571 0.09199 0.08247 0.38668 0.11315 
5.0E-5 0.99985 2.0E-5 6.0E-5 2.0E-5 
0.38968 0.22461 0.042 0.1014 0.24231 
0.02313 0.02266 0.25018 0.21124 0.49279 
30 
0.62596 0.16285 0.19729 0.01285 0.00105 
0.14426 0.34039 0.0028 0.08667 0.42588 
0.03561 0.04365 0.09055 0.11256 0.71763 
0.81477 0.00445 0.17954 6.6E-4 5.8E-4 
0.0339 0.77614 0.10059 0.03388 0.05549 
0.86356 0.00968 0.00792 0.09299 0.02585 
30 
0.14786 0.05672 0.20948 0.21518 0.37076 
0.08129 0.12608 0.48276 0.26857 0.0413 
0.05111 0.04769 0.00139 0.89434 0.00547 
0.08053 0.05585 0.00743 0.57307 0.28312 
0.74393 0.08166 0.03061 0.02705 0.11675 
7.6E-4 0.01077 0.01194 0.00142 0.97511 
30 
0.05198 0.00456 0.03507 0.61731 0.29108 
0.01742 0.02317 0.23222 0.2323 0.49489 
0.05104 0.41054 0.2819 0.20826 0.04826 
0.61561 0.29329 0.01253 0.01335 0.06522 
0.18171 0.02852 0.34707 0.41737 0.02533 
0.14467 0.71656 0.02877 0.10712 0.00288 
30 
0.68501 0.00107 0.28965 0.02275 0.00152 
0.08418 0.1309 0.13405 0.16426 0.48661 
0.05614 0.16454 0.76212 0.00621 0.01099 
0.00173 0.56898 7.3E-4 0.42837 1.9E-4 
0.53513 0.09582 1.6E-4 0.27091 0.09798 
0.18043 0.21471 0.49182 0.03651 0.07653 
30 
0.05393 0.19327 0.00725 0.72567 0.01988 
0.35148 0.01102 0.51222 0.10453 0.02075 
0.87072 0.12189 0.00392 0.00105 0.00242 
0.05584 0.00416 0.55198 0.31499 0.07303 
0.1428 0.30048 0.32846 0.19287 0.03539 
0.01214 0.00811 0.3265 0.00909 0.64416 
30 
0.34139 0.07736 0.0758 0.42059 0.08486 
0.84599 0.00942 0.04993 0.06679 0.02787 
0.0077 0.06577 0.26212 0.65532 0.00909 
0.04344 0.0213 0.6108 0.04749 0.27697 
0.53956 0.44892 7.8E-4 0.00661 0.00413 
0.00453 0.06711 0.05018 0.02219 0.85599 

4 
0.12394 0.87606 
0.66594 0.33406 
4 
0.43325 0.56675 
0.48468 0.51532 
4 
0.80176 0.19824 
0.12734 0.87266 
4 
0.99148 0.00852 
0.59673 0.40327 
4 
0.35876 0.64124 
0.34065 0.65935 
4 
0.43891 0.56109 
0.21067 0.78933 
4 
0.15774 0.84226 
0.35797 0.64203 
4 
0.68917 0.31083 
0.21075 0.78925 
4 
0.10409 0.89591 
0.58978 0.41022 
4 
0.25307 0.74693 
0.63704 0.36296 
4 
0.06695 0.93305 
0.69546 0.30454 
4 
0.4544 0.5456 
0.88874 0.11126 
4 
0.52734 0.47266 
0.67374 0.32626 
4 
0.7707 0.2293 
0.56369 0.43631 
4 
0.09034 0.90966 
0.11031 0.88969 
4 
0.3267 0.6733 
0.53321 0.46679 

4 
0.83602 0.16398 
0.28078 0.71922 
4 
0.02398 0.97602 
0.45207 0.54793 
4 
0.09004 0.90996 
0.50026 0.49974 
4 
0.60969 0.39031 
0.62381 0.37619 

24 
0.00137 0.25367 0.72872 0.01624 
0.22112 0.22964 0.24655 0.30269 
0.18022 0.10641 0.31424 0.39913 
0.29184 0.53096 0.11758 0.05962 
0.14241 0.24587 0.16489 0.44683 
0.03468 0.63218 0.03599 0.29715 

18 
0.2824 0.68085 0.03675 
0.0923 0.01816 0.88954 
0.75091 0.06388 0.18521 
0.0691 0.85777 0.07313 
0.06056 0.55938 0.38006 
0.62207 0.32283 0.0551 
18 
0.64748 0.02001 0.33251 
0.01312 0.19777 0.78911 
0.94269 6.9E-4 0.05662 
0.02278 0.96471 0.01251 
0.96125 0.00147 0.03728 
0.32381 0.6558 0.02039 
18 
0.02014 0.97926 6.0E-4 
0.03428 0.01315 0.95257 
0.78712 0.02469 0.18819 
0.00799 0.63878 0.35323 
0.89449 0.0556 0.04991 
0.10691 0.88782 0.00527 
18 
0.92205 0.02376 0.05419 
0.09361 0.31799 0.5884 
0.15151 0.01587 0.83262 
0.96273 0.03077 0.0065 
0.03415 0.75173 0.21412 
0.03693 0.87219 0.09088 

24 
0.15143 0.03992 0.72096 0.08769 
0.01309 0.17668 0.01201 0.79822 
0.10249 0.29486 0.56718 0.03547 
0.34163 0.31209 0.06897 0.27731 
0.92617 0.00267 0.01397 0.05719 
0.18937 0.08885 0.30797 0.41381 

30 
0.42158 0.05095 0.32259 0.1951 0.00978 
0.15947 0.03377 0.61159 0.07689 0.11828 
0.39523 0.03922 0.3791 0.15761 0.02884 
0.0438 0.40027 0.33582 0.19815 0.02196 
0.01408 0.08033 0.03462 0.03213 0.83884 
0.1576 0.10892 0.49409 0.17268 0.06671 
30 
0.21902 0.00224 0.03551 0.7186 0.02463 
0.55665 0.41048 8.0E-5 0.00571 0.02708 
3.0E-4 0.87094 0.02247 0.09215 0.01414 
0.80948 0.0966 4.1E-4 0.09214 0.00137 
0.14119 0.01588 0.27704 0.39307 0.17282 
0.47082 0.21609 0.06453 0.10222 0.14634 
30 
0.99507 5.7E-4 2.0E-4 3.0E-5 0.00413 
0.02554 0.00967 0.86153 0.04403 0.05923 
0.15373 0.21205 0.31738 0.11864 0.1982 
0.49801 0.04852 0.0015 0.01297 0.439 
0.08125 0.09724 0.35537 0.462 0.00414 
0.49491 0.00356 5.5E-4 2.8E-4 0.5007 
30 
0.36804 0.46154 0.07905 0.03068 0.06069 
0.00495 0.25441 0.10363 0.0183 0.61871 
0.15545 0.54753 0.05055 0.10777 0.1387 
0.04351 0.23357 0.27009 0.42104 0.03179 
0.03135 0.0254 0.70927 0.01798 0.216 
0.0142 0.92635 0.05326 0.00411 0.00208 
