V-CREDAL
6
4 4 3 4 4 2
6
1 0
2 0 1
2 1 2
2 2 3
2 3 4
2 4 5

16
0.079 0.005 0.733 0.183
0.307 0.076 0.044 0.573
0.205 0.139 0.442 0.214
0.096 0.229 0.38 0.295

16
0.096 0.537 0.248 0.119
0.462 0.161 0.175 0.202
0.973 0.008 0.002 0.017
0.883 0.009 0.025 0.083
16
0.117 0.304 0.138 0.441
0.298 0.002 0.011 0.689
0.467 0.022 0.108 0.403
0.048 0.078 0.717 0.157
16
0.138 0.053 0.68 0.129
0.109 0.813 0.065 0.013
0.286 0.21 0.258 0.246
0.764 0.166 0.008 0.062
16
0.178 0.547 0.249 0.026
0.841 0.002 0.153 0.004
0.115 0.187 0.087 0.611
0.531 0.008 0.04 0.421

12
0.025 0.924 0.051
0.553 0.008 0.439
0.804 0.133 0.063
0.057 0.066 0.877
12
0.236 0.322 0.442
0.637 0.151 0.212
0.3 0.684 0.016
0.069 0.926 0.005
12
0.417 0.272 0.311
0.188 0.602 0.21
0.104 0.627 0.269
0.433 0.51 0.057
12
0.611 0.385 0.004
0.085 0.308 0.607
0.522 0.196 0.282
0.02 0.593 0.387

16
0.332 0.183 0.446 0.039
0.003 0.089 0.739 0.169
0.832 0.158 0.008 0.002
0.173 0.074 0.612 0.141
16
0.175 0.137 0.539 0.149
0.106 0.112 0.026 0.756
0.155 0.301 0.092 0.452
0.415 0.019 0.113 0.453
16
0.973 0.002 0.014 0.011
0.264 0.269 0.115 0.352
0.47 0.062 0.463 0.005
0.642 0.021 0.259 0.078

16
0.001 0.534 0.059 0.406
0.221 0.562 0.016 0.201
0.247 0.174 0.429 0.15
0.002 0.006 0.061 0.931
16
0.35 0.334 0.009 0.307
0.596 0.052 0.086 0.266
0.113 0.501 0.002 0.384
0.656 0.04 0.293 0.011
16
0.362 0.425 0.137 0.076
0.246 0.709 0.01 0.035
0.038 0.195 0.015 0.752
0.061 0.169 0.021 0.749
16
0.038 0.556 0.226 0.18
0.608 0.184 0.056 0.152
0.807 0.085 0.058 0.05
0.055 0.151 0.454 0.34

4
0.377 0.623
0.423 0.577
4
0.833 0.167
0.656 0.344
4
0.074 0.926
0.402 0.598
4
0.385 0.615
0.126 0.874
