V-CREDAL
7
3 4 4 2 3 2 4
7
1 0
2 0 1
2 1 2
2 2 3
2 3 4
2 4 5
2 5 6

18
0.821 0.024 0.155
0.743 0.22 0.037
0.181 0.003 0.816
0.061 0.938 0.001
0.852 0.04 0.108
0.131 0.25 0.619

24
0.076 0.317 0.49 0.117
0.109 0.002 0.858 0.031
0.223 0.222 0.546 0.009
0.427 0.065 0.285 0.223
0.187 0.127 0.246 0.44
0.166 0.601 0.151 0.082
24
0.34 0.42 0.182 0.058
0.07 0.296 0.606 0.028
0.957 0.006 0.031 0.006
0.05 0.107 0.142 0.701
0.178 0.028 0.117 0.677
0.008 0.152 0.006 0.834
24
0.075 0.064 0.071 0.79
0.15 0.01 0.833 0.007
0.053 0.279 0.585 0.083
0.047 0.014 0.524 0.415
0.274 0.054 0.668 0.004
0.034 0.21 0.219 0.537

24
0.077 0.019 0.032 0.872
0.001 0.932 0.039 0.028
0.171 0.019 0.799 0.011
0.378 0.013 0.271 0.338
0.004 0.003 0.972 0.021
0.785 0.063 0.046 0.106
24
0.082 0.802 0.036 0.08
0.177 0.756 0.011 0.056
0.068 0.041 0.795 0.096
0.25 0.331 0.167 0.252
0.46 0.077 0.094 0.369
0.028 0.677 0.236 0.059
24
0.01 0.031 0.925 0.034
0.1 0.585 0.178 0.137
0.174 0.091 0.184 0.551
0.539 0.135 0.011 0.315
0.414 0.019 0.324 0.243
0.117 0.369 0.074 0.44
24
0.24 0.293 0.03 0.437
0.007 0.699 0.103 0.191
0.841 0.08 0.003 0.076
0.444 0.143 0.045 0.368
0.846 0.006 0.0 0.148
0.361 0.003 0.003 0.633

4
0.199 0.801
0.549 0.451
4
0.038 0.962
0.93 0.07
4
0.596 0.404
0.301 0.699
4
0.769 0.231
0.945 0.055

18
0.969 0.018 0.013
0.054 0.788 0.158
0.009 0.02 0.971
0.111 0.743 0.146
0.386 0.017 0.597
0.321 0.569 0.11
18
0.106 0.286 0.608
0.836 0.015 0.149
0.943 0.025 0.032
0.134 0.05 0.816
0.45 0.529 0.021
0.112 0.201 0.687

4
0.055 0.945
0.588 0.412
4
0.908 0.092
0.071 0.929
4
0.799 0.201
0.125 0.875

24
0.029 0.05 0.921 0.0
0.803 0.028 0.151 0.018
0.719 0.009 0.02 0.252
0.423 0.148 0.199 0.23
0.091 0.023 0.841 0.045
0.584 0.125 0.195 0.096
24
0.118 0.182 0.627 0.073
0.019 0.149 0.138 0.694
0.993 0.004 0.003 0.0
0.624 0.159 0.007 0.21
0.253 0.002 0.621 0.124
0.909 0.003 0.005 0.083
