V-CREDAL 
4 
3 5 5 5 
4 
1 0 
2 0 1 
2 1 2 
2 2 3 

18 
0.12848 0.09646 0.77506 
0.24962 0.69376 0.05662 
0.02101 0.9427 0.03629 
2.0E-5 0.06011 0.93987 
0.41283 0.46671 0.12046 
0.37585 0.5405 0.08365 

30 
0.04654 0.02125 0.24346 0.3538 0.33495 
0.21465 0.34437 0.32958 0.07874 0.03266 
0.05419 0.04246 0.17912 0.00169 0.72254 
0.59516 0.30608 0.07584 0.00942 0.0135 
0.35699 0.19473 0.23571 0.1311 0.08147 
0.04206 0.00696 0.89671 0.00328 0.05099 
30 
0.14983 0.11783 0.00535 0.50222 0.22477 
0.10187 0.79918 9.0E-4 0.00836 0.08969 
0.06071 0.61968 0.02405 0.06484 0.23072 
0.06008 0.01428 0.42117 2.9E-4 0.50418 
0.99678 3.5E-4 0.0015 9.1E-4 4.6E-4 
0.20874 0.69238 0.01535 0.04032 0.04321 
30 
7.3E-4 3.0E-4 0.99719 4.7E-4 0.00131 
0.00365 0.091 0.11667 0.02593 0.76275 
0.372 0.00739 0.07116 0.00803 0.54142 
0.02737 0.02256 0.00957 0.91295 0.02755 
0.01374 0.02783 0.09207 0.0113 0.85506 
0.11323 0.06362 0.62717 0.02089 0.17509 

30 
0.14129 0.59728 0.03284 0.01275 0.21584 
0.06559 0.51954 0.15138 0.24795 0.01554 
0.02527 0.23901 0.27909 0.39773 0.0589 
0.31316 0.01054 0.03145 0.12318 0.52167 
0.0133 0.04373 0.05411 0.85686 0.032 
0.00662 0.00201 0.00112 0.00357 0.98668 
30 
0.19049 0.26536 0.03776 0.45534 0.05105 
0.00188 0.00238 0.7623 0.02992 0.20352 
0.00151 0.77528 0.00844 0.14651 0.06826 
0.70492 0.09379 0.01608 0.13761 0.0476 
0.13463 0.13076 0.00201 0.05914 0.67346 
0.12893 0.05062 0.43182 0.3356 0.05303 
30 
0.03941 0.26156 0.00242 0.06588 0.63073 
0.06129 0.59405 0.03568 0.18293 0.12605 
0.11788 0.18853 0.07015 0.61366 0.00978 
0.16039 0.77617 0.00958 0.04014 0.01372 
0.10806 0.18646 0.44548 0.22568 0.03432 
0.12613 0.10966 0.08583 0.04959 0.62879 
30 
0.06478 9.4E-4 0.77917 0.15285 0.00226 
0.16733 0.33009 0.04565 0.39681 0.06012 
0.17759 0.41288 0.09106 0.00503 0.31344 
3.4E-4 0.39723 0.00788 0.59368 8.7E-4 
0.0149 5.0E-5 0.75149 2.3E-4 0.23333 
0.62208 9.4E-4 0.02428 0.2588 0.0939 
30 
0.07004 0.87158 0.02783 0.01758 0.01297 
0.0224 0.76887 0.12201 0.08163 0.00509 
0.6777 0.06801 0.02187 0.14042 0.092 
2.1E-4 0.30584 2.3E-4 0.66214 0.03158 
0.7538 0.09187 0.06949 0.07412 0.01072 
0.00685 0.07393 0.01703 0.13868 0.76351 

30 
0.27623 0.59738 0.11902 0.00339 0.00398 
0.32538 0.13391 0.01224 0.22305 0.30542 
0.1062 0.45199 0.16009 0.02863 0.25309 
0.13111 0.46098 0.10419 0.2318 0.07192 
0.36121 0.54943 0.02937 0.0575 0.00249 
0.00482 0.0278 0.90518 0.05266 0.00954 
30 
0.04087 0.59484 0.01453 0.01142 0.33834 
0.47735 0.04954 0.34126 0.07194 0.05991 
0.13517 0.14716 0.00481 0.6612 0.05166 
0.74054 0.01915 0.20656 0.01667 0.01708 
0.13231 0.03837 0.04104 0.76861 0.01967 
0.76907 3.8E-4 0.0176 0.20873 0.00422 
30 
0.00116 0.1891 0.01552 0.07386 0.72036 
0.76091 0.01633 0.00404 0.0278 0.19092 
0.08074 0.65705 0.0475 0.03172 0.18299 
0.03774 0.44238 0.05938 0.3843 0.0762 
0.22376 0.09038 0.04303 0.63217 0.01066 
0.28033 0.09802 0.13008 0.42934 0.06223 
30 
0.00886 0.30802 0.03929 0.64374 9.0E-5 
0.00596 0.96057 0.00339 2.7E-4 0.02981 
0.15915 0.13778 0.67635 0.02575 9.7E-4 
0.04019 0.01094 0.79831 0.07287 0.07769 
0.37834 0.01252 0.005 0.50966 0.09448 
0.0047 0.00471 0.73519 0.00954 0.24586 
30 
0.78833 0.00244 0.00208 0.01018 0.19697 
0.35373 4.0E-5 0.59702 4.1E-4 0.0488 
0.02932 0.02012 0.02673 0.01025 0.91358 
0.02157 0.02014 0.12329 0.52317 0.31183 
0.02429 0.13757 0.4702 0.24978 0.11816 
0.62725 0.09735 0.20748 0.00605 0.06187 
