V-CREDAL
8
3 4 4 3 3 3 2 3
8
1 0
2 0 1
2 1 2
2 2 3
2 3 4
2 4 5
2 5 6
2 6 7

18
0.161 0.803 0.036
0.546 0.142 0.312
0.54 0.237 0.223
0.345 0.63 0.025
0.358 0.052 0.59
0.124 0.575 0.301

24
0.042 0.148 0.507 0.303
0.079 0.365 0.241 0.315
0.067 0.181 0.307 0.445
0.16 0.045 0.058 0.737
0.135 0.607 0.179 0.079
0.37 0.081 0.205 0.344
24
0.004 0.757 0.0 0.239
0.307 0.332 0.064 0.297
0.15 0.68 0.069 0.101
0.117 0.336 0.426 0.121
0.448 0.207 0.064 0.281
0.037 0.814 0.077 0.072
24
0.108 0.433 0.369 0.09
0.085 0.755 0.041 0.119
0.165 0.117 0.645 0.073
0.039 0.074 0.004 0.883
0.408 0.009 0.067 0.516
0.198 0.567 0.205 0.03

24
0.024 0.004 0.545 0.427
0.004 0.029 0.957 0.01
0.921 0.034 0.013 0.032
0.002 0.033 0.003 0.962
0.147 0.623 0.073 0.157
0.224 0.622 0.122 0.032
24
0.041 0.219 0.616 0.124
0.34 0.085 0.109 0.466
0.002 0.118 0.087 0.793
0.214 0.111 0.569 0.106
0.135 0.348 0.279 0.238
0.013 0.017 0.009 0.961
24
0.311 0.221 0.008 0.46
0.455 0.166 0.045 0.334
0.063 0.252 0.407 0.278
0.597 0.01 0.239 0.154
0.355 0.004 0.089 0.552
0.536 0.136 0.317 0.011
24
0.1 0.845 0.003 0.052
0.156 0.002 0.008 0.834
0.79 0.045 0.016 0.149
0.12 0.092 0.063 0.725
0.037 0.043 0.5 0.42
0.844 0.029 0.02 0.107

18
0.007 0.992 0.001
0.834 0.01 0.156
0.087 0.084 0.829
0.531 0.016 0.453
0.566 0.43 0.004
0.781 0.129 0.09
18
0.04 0.614 0.346
0.146 0.037 0.817
0.915 0.013 0.072
0.951 0.016 0.033
0.17 0.715 0.115
0.427 0.008 0.565
18
0.004 0.009 0.987
0.187 0.714 0.099
0.953 0.006 0.041
0.597 0.384 0.019
0.008 0.002 0.99
0.013 0.809 0.178
18
0.008 0.309 0.683
0.291 0.026 0.683
0.084 0.81 0.106
0.061 0.769 0.17
0.787 0.125 0.088
0.091 0.01 0.899

18
0.014 0.98 0.006
0.003 0.005 0.992
0.959 0.03 0.011
0.381 0.619 0.0
0.005 0.821 0.174
0.069 0.001 0.93
18
0.754 0.149 0.097
0.004 0.975 0.021
0.312 0.233 0.455
0.763 0.165 0.072
0.632 0.122 0.246
0.039 0.466 0.495
18
0.656 0.044 0.3
0.081 0.002 0.917
0.031 0.095 0.874
0.04 0.016 0.944
0.133 0.844 0.023
0.368 0.487 0.145

18
0.867 0.019 0.114
0.033 0.048 0.919
0.0 0.985 0.015
0.875 0.058 0.067
0.841 0.105 0.054
0.688 0.292 0.02
18
0.118 0.093 0.789
0.592 0.185 0.223
0.181 0.556 0.263
0.039 0.34 0.621
0.248 0.016 0.736
0.591 0.104 0.305
18
0.093 0.898 0.009
0.471 0.079 0.45
0.164 0.148 0.688
0.834 0.12 0.046
0.866 0.066 0.068
0.066 0.642 0.292

4
0.252 0.748
0.214 0.786
4
0.793 0.207
0.027 0.973
4
0.827 0.173
0.848 0.152

18
0.079 0.915 0.006
0.01 0.395 0.595
0.7 0.11 0.19
0.077 0.011 0.912
0.206 0.765 0.029
0.669 0.201 0.13
18
0.656 0.259 0.085
0.013 0.746 0.241
0.069 0.929 0.002
0.013 0.003 0.984
0.5 0.466 0.034
0.664 0.061 0.275
