V-CREDAL
8
2 2 4 4 2 2 3 4
8
2 6 0
3 2 5 1
1 2
2 0 3
2 7 4
3 4 6 5
1 6
1 7

4
0.101 0.899
0.877 0.123
4
0.528 0.472
0.85 0.15
4
0.684 0.316
0.156 0.844

4
0.602 0.398
0.474 0.526
4
0.384 0.616
0.882 0.118
4
0.411 0.589
0.198 0.802
4
0.936 0.064
0.81 0.19
4
0.908 0.092
0.557 0.443
4
0.198 0.802
0.993 0.007
4
0.797 0.203
0.478 0.522
4
0.007 0.993
0.206 0.794

24
0.116 0.204 0.486 0.194
0.099 0.728 0.127 0.046
0.013 0.586 0.149 0.252
0.409 0.06 0.452 0.079
0.03 0.0 0.88 0.09
0.061 0.031 0.797 0.111

24
0.427 0.003 0.425 0.145
0.019 0.777 0.006 0.198
0.27 0.031 0.009 0.69
0.114 0.294 0.567 0.025
0.392 0.318 0.261 0.029
0.855 0.132 0.006 0.007
24
0.778 0.044 0.075 0.103
0.684 0.158 0.103 0.055
0.002 0.975 0.021 0.002
0.645 0.036 0.249 0.07
0.365 0.196 0.007 0.432
0.244 0.065 0.028 0.663

4
0.794 0.206
0.509 0.491
4
0.042 0.958
0.988 0.012
4
0.408 0.592
0.198 0.802
4
0.659 0.341
0.073 0.927

4
0.466 0.534
0.131 0.869
4
0.464 0.536
0.19 0.81
4
0.149 0.851
0.18 0.82
4
0.208 0.792
0.899 0.101
4
0.516 0.484
0.003 0.997
4
0.703 0.297
0.083 0.917

18
0.12 0.704 0.176
0.597 0.148 0.255
0.001 0.003 0.996
0.352 0.06 0.588
0.648 0.34 0.012
0.01 0.521 0.469

24
0.274 0.611 0.022 0.093
0.035 0.442 0.224 0.299
0.993 0.001 0.002 0.004
0.324 0.056 0.39 0.23
0.024 0.187 0.695 0.094
0.393 0.003 0.589 0.015
