V-CREDAL 
10 
2 2 4 4 4 4 2 3 3 4 
10 
2 1 0 
2 8 1 
3 6 9 2 
1 3 
3 5 6 4 
1 5 
2 1 6 
2 3 7 
2 7 8 
1 9 

4 
0.609 0.391 
0.025 0.975 
4 
0.544 0.456 
0.947 0.053 

4 
0.41 0.59 
0.145 0.855 
4 
0.916 0.084 
0.419 0.581 
4 
0.032 0.968 
0.839 0.161 

16 
0.154 0.021 0.053 0.772 
0.088 0.518 0.269 0.125 
0.119 0.287 0.383 0.211 
0.072 0.005 0.079 0.844 
16 
0.004 0.925 0.06 0.011 
0.262 0.443 0.133 0.162 
0.323 0.003 0.671 0.003 
0.004 0.031 0.949 0.016 
16 
0.091 0.048 0.018 0.843 
0.161 0.098 0.186 0.555 
0.112 0.658 0.093 0.137 
0.067 0.354 0.038 0.541 
16 
0.013 0.498 0.046 0.443 
0.056 0.182 0.39 0.372 
0.22 0.003 0.028 0.749 
0.125 0.111 0.416 0.348 
16 
0.192 0.088 0.484 0.236 
0.049 0.178 0.009 0.764 
0.018 0.788 0.193 0.001 
0.123 0.019 0.837 0.021 
16 
0.139 0.255 0.416 0.19 
0.819 0.084 0.063 0.034 
0.592 0.185 0.011 0.212 
0.004 0.005 0.486 0.505 
16 
0.009 0.153 0.02 0.818 
0.001 0.012 0.003 0.984 
0.227 0.129 0.363 0.281 
0.093 0.04 0.38 0.487 
16 
0.695 0.099 0.07 0.136 
0.562 0.23 0.031 0.177 
0.513 0.312 0.069 0.106 
0.193 0.52 0.22 0.067 

16 
0.093 0.08 0.089 0.738 
0.268 0.297 0.311 0.124 
0.545 0.044 0.083 0.328 
0.985 0.013 0.0 0.002 

16 
0.003 0.989 0.005 0.003 
0.144 0.132 0.661 0.063 
0.091 0.51 0.243 0.156 
0.073 0.007 0.869 0.051 
16 
0.074 0.36 0.311 0.255 
0.32 0.21 0.366 0.104 
0.462 0.193 0.153 0.192 
0.311 0.025 0.009 0.655 
16 
0.248 0.182 0.447 0.123 
0.512 0.199 0.13 0.159 
0.634 0.144 0.138 0.084 
0.016 0.009 0.958 0.017 
16 
0.501 0.42 0.066 0.013 
0.076 0.907 0.008 0.009 
0.233 0.477 0.081 0.209 
0.24 0.037 0.423 0.3 
16 
0.624 0.17 0.051 0.155 
0.142 0.178 0.136 0.544 
0.095 0.244 0.172 0.489 
0.008 0.046 0.247 0.699 
16 
0.739 0.026 0.184 0.051 
0.362 0.016 0.598 0.024 
0.73 0.18 0.048 0.042 
0.247 0.041 0.178 0.534 
16 
0.966 0.008 0.022 0.004 
0.025 0.393 0.574 0.008 
0.245 0.692 0.006 0.057 
0.005 0.287 0.434 0.274 
16 
0.452 0.395 0.048 0.105 
0.012 0.068 0.044 0.876 
0.165 0.023 0.027 0.785 
0.017 0.052 0.005 0.926 

16 
0.679 0.02 0.047 0.254 
0.137 0.792 0.004 0.067 
0.392 0.186 0.224 0.198 
0.668 0.274 0.003 0.055 

4 
0.358 0.642 
0.972 0.028 
4 
0.638 0.362 
0.285 0.715 

12 
0.711 0.18 0.109 
0.015 0.886 0.099 
0.023 0.017 0.96 
0.594 0.4 0.006 
12 
0.636 0.25 0.114 
0.41 0.355 0.235 
0.595 0.072 0.333 
0.313 0.216 0.471 
12 
0.648 0.012 0.34 
0.233 0.274 0.493 
0.34 0.532 0.128 
0.007 0.626 0.367 
12 
0.442 0.025 0.533 
0.16 0.435 0.405 
0.122 0.168 0.71 
0.008 0.625 0.367 

12 
0.007 0.983 0.01 
0.284 0.408 0.308 
0.015 0.525 0.46 
0.081 0.853 0.066 
12 
0.153 0.737 0.11 
0.024 0.627 0.349 
0.336 0.225 0.439 
0.104 0.79 0.106 
12 
0.785 0.116 0.099 
0.145 0.664 0.191 
0.161 0.819 0.02 
0.25 0.732 0.018 

16 
0.02 0.001 0.319 0.66 
0.248 0.028 0.092 0.632 
0.938 0.005 0.039 0.018 
0.018 0.537 0.029 0.416 
