V-CREDAL
6
4 3 2 3 3 3
6
1 0
2 0 1
2 1 2
2 2 3
2 3 4
2 4 5

24
0.001 0.015 0.002 0.982
0.018 0.066 0.035 0.881
0.275 0.335 0.05 0.34
0.023 0.04 0.414 0.523
0.715 0.251 0.016 0.018
0.399 0.087 0.01 0.504

18
0.042 0.95 0.008
0.094 0.202 0.704
0.032 0.397 0.571
0.946 0.032 0.022
0.603 0.018 0.379
0.323 0.667 0.01
18
0.0 0.736 0.264
0.501 0.334 0.165
0.005 0.175 0.82
0.467 0.271 0.262
0.024 0.0 0.976
0.457 0.421 0.122
18
0.802 0.154 0.044
0.021 0.812 0.167
0.043 0.799 0.158
0.061 0.284 0.655
0.43 0.049 0.521
0.476 0.044 0.48
18
0.527 0.024 0.449
0.374 0.049 0.577
0.292 0.251 0.457
0.136 0.68 0.184
0.662 0.328 0.01
0.309 0.601 0.09

4
0.626 0.374
0.52 0.48
4
0.989 0.011
0.594 0.406
4
0.528 0.472
0.844 0.156

18
0.735 0.029 0.236
0.098 0.883 0.019
0.058 0.137 0.805
0.801 0.031 0.168
0.739 0.258 0.003
0.023 0.704 0.273
18
0.227 0.066 0.707
0.233 0.694 0.073
0.139 0.696 0.165
0.992 0.004 0.004
0.605 0.373 0.022
0.17 0.262 0.568

18
0.933 0.035 0.032
0.083 0.098 0.819
0.03 0.96 0.01
0.125 0.043 0.832
0.02 0.808 0.172
0.05 0.388 0.562
18
0.663 0.006 0.331
0.078 0.614 0.308
0.665 0.179 0.156
0.114 0.854 0.032
0.25 0.252 0.498
0.612 0.293 0.095
18
0.75 0.162 0.088
0.807 0.011 0.182
0.134 0.684 0.182
0.029 0.41 0.561
0.09 0.063 0.847
0.225 0.666 0.109

18
0.225 0.025 0.75
0.873 0.109 0.018
0.005 0.976 0.019
0.464 0.045 0.491
0.005 0.011 0.984
0.787 0.202 0.011
18
0.042 0.933 0.025
0.579 0.018 0.403
0.723 0.272 0.005
0.858 0.061 0.081
0.002 0.001 0.997
0.321 0.67 0.009
18
0.011 0.013 0.976
0.88 0.099 0.021
0.008 0.966 0.026
0.11 0.873 0.017
0.911 0.01 0.079
0.008 0.024 0.968
