V-CREDAL
6
4 2 4 2 2 3
6
3 1 4 0
1 1
2 5 2
2 5 3
1 4
2 4 5

16
0.117 0.064 0.351 0.468
0.646 0.189 0.055 0.11
0.475 0.233 0.237 0.055
0.393 0.168 0.334 0.105
16
0.071 0.009 0.031 0.889
0.043 0.866 0.058 0.033
0.251 0.022 0.195 0.532
0.075 0.189 0.539 0.197
16
0.26 0.036 0.695 0.009
0.006 0.142 0.014 0.838
0.014 0.101 0.021 0.864
0.008 0.261 0.246 0.485
16
0.395 0.316 0.064 0.225
0.066 0.116 0.309 0.509
0.659 0.231 0.06 0.05
0.517 0.202 0.068 0.213

4
0.014 0.986
0.308 0.692

16
0.317 0.201 0.193 0.289
0.257 0.278 0.274 0.191
0.031 0.31 0.091 0.568
0.02 0.079 0.273 0.628
16
0.102 0.135 0.055 0.708
0.104 0.65 0.103 0.143
0.003 0.064 0.902 0.031
0.193 0.107 0.081 0.619
16
0.043 0.05 0.904 0.003
0.467 0.05 0.448 0.035
0.276 0.141 0.038 0.545
0.293 0.051 0.623 0.033

4
0.534 0.466
0.347 0.653
4
0.947 0.053
0.907 0.093
4
0.129 0.871
0.825 0.175

4
0.388 0.612
0.857 0.143

12
0.031 0.03 0.939
0.047 0.668 0.285
0.997 0.002 0.001
0.113 0.855 0.032
12
0.072 0.925 0.003
0.117 0.417 0.466
0.291 0.124 0.585
0.015 0.651 0.334
