V-CREDAL
8
4 2 2 2 3 2 3 3
8
1 0
2 0 1
2 1 2
2 2 3
2 3 4
2 4 5
2 5 6
2 6 7

16
0.051 0.001 0.924 0.024
0.103 0.292 0.374 0.231
0.157 0.291 0.322 0.23
0.005 0.135 0.004 0.856

4
0.419 0.581
0.966 0.034
4
0.795 0.205
0.973 0.027
4
0.007 0.993
0.626 0.374
4
0.176 0.824
0.516 0.484

4
0.813 0.187
0.608 0.392
4
0.338 0.662
0.083 0.917

4
0.558 0.442
0.175 0.825
4
0.233 0.767
0.424 0.576

12
0.281 0.158 0.561
0.46 0.476 0.064
0.298 0.003 0.699
0.436 0.151 0.413
12
0.846 0.15 0.004
0.921 0.052 0.027
0.118 0.275 0.607
0.146 0.09 0.764

4
0.188 0.812
0.633 0.367
4
0.437 0.563
0.479 0.521
4
0.242 0.758
0.444 0.556

12
0.532 0.466 0.002
0.903 0.008 0.089
0.257 0.468 0.275
0.051 0.233 0.716
12
0.035 0.181 0.784
0.397 0.022 0.581
0.742 0.24 0.018
0.232 0.553 0.215

12
0.106 0.076 0.818
0.076 0.509 0.415
0.038 0.12 0.842
0.271 0.014 0.715
12
0.948 0.014 0.038
0.019 0.048 0.933
0.271 0.6 0.129
0.012 0.712 0.276
12
0.121 0.824 0.055
0.661 0.208 0.131
0.623 0.273 0.104
0.158 0.754 0.088
