V-CREDAL
6
4 3 3 4 2 4
6
1 0
2 0 1
2 1 2
2 2 3
2 3 4
2 4 5

16
0.07 0.136 0.051 0.743
0.286 0.007 0.465 0.242
0.006 0.048 0.938 0.008
0.471 0.013 0.48 0.036

12
0.002 0.047 0.951
0.003 0.721 0.276
0.912 0.061 0.027
0.067 0.805 0.128
12
0.4 0.304 0.296
0.134 0.713 0.153
0.961 0.002 0.037
0.302 0.404 0.294
12
0.419 0.04 0.541
0.933 0.034 0.033
0.108 0.815 0.077
0.75 0.007 0.243
12
0.57 0.414 0.016
0.363 0.621 0.016
0.388 0.103 0.509
0.128 0.672 0.2

12
0.008 0.717 0.275
0.376 0.088 0.536
0.12 0.062 0.818
0.452 0.166 0.382
12
0.166 0.085 0.749
0.526 0.118 0.356
0.024 0.965 0.011
0.05 0.296 0.654
12
0.732 0.172 0.096
0.499 0.171 0.33
0.168 0.77 0.062
0.408 0.57 0.022

16
0.014 0.971 0.006 0.009
0.076 0.6 0.277 0.047
0.678 0.105 0.022 0.195
0.331 0.621 0.013 0.035
16
0.152 0.621 0.036 0.191
0.017 0.079 0.566 0.338
0.431 0.015 0.548 0.006
0.436 0.102 0.062 0.4
16
0.072 0.217 0.401 0.31
0.426 0.216 0.328 0.03
0.174 0.567 0.044 0.215
0.109 0.025 0.179 0.687

4
0.628 0.372
0.614 0.386
4
0.944 0.056
0.816 0.184
4
0.122 0.878
0.406 0.594
4
0.854 0.146
0.91 0.09

16
0.027 0.014 0.953 0.006
0.082 0.091 0.37 0.457
0.077 0.351 0.554 0.018
0.02 0.138 0.077 0.765
16
0.283 0.542 0.141 0.034
0.236 0.091 0.096 0.577
0.754 0.014 0.229 0.003
0.198 0.009 0.437 0.356
