V-CREDAL 
6 
3 3 3 2 3 2 
6 
2 5 0 
2 5 1 
2 4 2 
1 3 
3 1 3 4 
1 5 

18 
0.02342 0.89519 0.08139 
0.19543 0.00748 0.79709 
0.86824 0.1074 0.02436 
0.03086 0.01527 0.95387 
0.93476 0.01302 0.05222 
0.00894 0.09518 0.89588 
18 
0.58726 0.00528 0.40746 
0.01059 0.98503 0.00438 
0.71941 0.18242 0.09817 
0.00663 0.58276 0.41061 
0.01257 0.01955 0.96788 
0.34479 0.65263 0.00258 

18 
0.02003 0.35021 0.62976 
0.2768 0.06367 0.65953 
0.10695 0.11816 0.77489 
0.82577 0.09254 0.08169 
0.1341 0.65101 0.21489 
0.73639 0.17259 0.09102 
18 
0.95855 0.02715 0.0143 
0.02622 0.01077 0.96301 
0.00247 0.7531 0.24443 
0.00229 0.63899 0.35872 
0.12938 0.83221 0.03841 
0.97378 0.00863 0.01759 

18 
0.14599 0.55332 0.30069 
0.06038 0.01481 0.92481 
0.99949 1.8E-4 3.3E-4 
0.66374 0.00296 0.3333 
0.22121 0.73149 0.0473 
0.00159 0.15188 0.84653 
18 
0.58244 0.03805 0.37951 
0.05472 0.93389 0.01139 
0.01039 0.24661 0.743 
0.89605 0.051 0.05295 
0.06098 0.08922 0.8498 
0.00878 0.2774 0.71382 
18 
0.99617 0.00332 5.1E-4 
0.00134 0.05025 0.94841 
0.03219 0.93796 0.02985 
0.03886 0.018 0.94314 
0.02054 0.81219 0.16727 
0.05733 0.0132 0.92947 

4 
0.45206 0.54794 
0.45612 0.54388 

18 
0.30873 0.56909 0.12218 
0.01525 0.01962 0.96513 
0.88086 0.04434 0.0748 
0.01409 0.26767 0.71824 
0.40977 0.53492 0.05531 
0.24601 0.52626 0.22773 
18 
0.37354 0.52749 0.09897 
0.09128 0.22757 0.68115 
0.27157 0.03973 0.6887 
0.37289 0.4698 0.15731 
0.09372 0.12754 0.77874 
0.11642 0.06581 0.81777 
18 
0.4995 0.24458 0.25592 
0.45952 0.53256 0.00792 
0.16318 0.81999 0.01683 
0.14028 0.73352 0.1262 
0.01525 0.04708 0.93767 
0.05553 0.32327 0.6212 
18 
0.97297 0.02255 0.00448 
0.09552 0.19872 0.70576 
0.16518 0.35498 0.47984 
0.74398 0.12879 0.12723 
0.49934 0.03708 0.46358 
0.03243 0.23168 0.73589 
18 
0.27539 0.66313 0.06148 
0.98648 5.1E-4 0.01301 
0.1135 0.55222 0.33428 
0.16752 0.17229 0.66019 
0.16322 0.67325 0.16353 
0.51526 0.03715 0.44759 
18 
0.96342 0.02913 0.00745 
0.08913 0.62187 0.289 
0.00788 0.00545 0.98667 
0.79409 0.0134 0.19251 
0.68478 0.25002 0.0652 
0.03682 0.29477 0.66841 

4 
0.53289 0.46711 
0.22016 0.77984 
