V-CREDAL
4
3 3 3 3
4
2 2 0
2 0 1
1 2
2 1 3

18
0.346 0.142 0.512
0.606 0.373 0.021
0.063 0.843 0.094
0.154 0.156 0.69
0.47 0.164 0.366
0.048 0.815 0.137
18
0.812 0.037 0.151
0.266 0.545 0.189
0.138 0.354 0.508
0.078 0.591 0.331
0.712 0.059 0.229
0.794 0.127 0.079
18
0.008 0.952 0.04
0.787 0.02 0.193
0.02 0.286 0.694
0.269 0.029 0.702
0.637 0.232 0.131
0.233 0.729 0.038

18
0.001 0.004 0.995
0.012 0.487 0.501
0.952 0.036 0.012
0.068 0.926 0.006
0.023 0.776 0.201
0.949 0.032 0.019
18
0.002 0.007 0.991
0.188 0.764 0.048
0.662 0.285 0.053
0.16 0.062 0.778
0.625 0.349 0.026
0.652 0.27 0.078
18
0.014 0.013 0.973
0.592 0.224 0.184
0.162 0.273 0.565
0.936 0.007 0.057
0.811 0.144 0.045
0.754 0.166 0.08

18
0.194 0.058 0.748
0.899 0.01 0.091
0.354 0.007 0.639
0.007 0.182 0.811
0.191 0.758 0.051
0.535 0.41 0.055

18
0.255 0.614 0.131
0.602 0.39 0.008
0.016 0.138 0.846
0.87 0.017 0.113
0.093 0.118 0.789
0.168 0.474 0.358
18
0.02 0.01 0.97
0.521 0.419 0.06
0.137 0.733 0.13
0.915 0.027 0.058
0.03 0.819 0.151
0.004 0.197 0.799
18
0.784 0.094 0.122
0.416 0.022 0.562
0.688 0.254 0.058
0.266 0.128 0.606
0.255 0.485 0.26
0.32 0.561 0.119
