V-CREDAL 
10 
2 3 2 3 2 2 3 2 3 2 
10 
3 3 9 0 
3 0 6 1 
1 2 
1 3 
1 4 
2 8 5 
2 4 6 
2 5 7 
2 2 8 
2 5 9 

4 
0.58895 0.41105 
0.19688 0.80312 
4 
0.18773 0.81227 
0.83012 0.16988 
4 
0.29884 0.70116 
0.50548 0.49452 
4 
0.01344 0.98656 
0.40209 0.59791 
4 
0.20775 0.79225 
0.82098 0.17902 
4 
0.05834 0.94166 
0.35973 0.64027 

12 
0.21962 0.65148 0.1289 
0.07398 0.17527 0.75075 
0.9824 0.00547 0.01213 
0.00653 0.2507 0.74277 
12 
0.24155 0.37495 0.3835 
0.026 0.76113 0.21287 
0.84995 0.06199 0.08806 
0.1132 0.5448 0.342 
12 
0.04863 0.40563 0.54574 
0.05938 0.93487 0.00575 
0.70169 0.12135 0.17696 
0.75896 0.23095 0.01009 
12 
0.18979 0.01499 0.79522 
0.06002 0.00565 0.93433 
0.20927 0.54822 0.24251 
0.47015 0.26345 0.2664 
12 
0.89735 0.02836 0.07429 
0.00693 0.3735 0.61957 
0.17413 0.77365 0.05222 
0.39007 0.04767 0.56226 
12 
0.0018 0.98128 0.01692 
0.26458 0.37531 0.36011 
0.02808 0.05571 0.91621 
0.24798 0.15383 0.59819 

4 
0.88052 0.11948 
0.67434 0.32566 

12 
0.02375 0.10514 0.87111 
0.96073 0.0011 0.03817 
0.055 0.7891 0.1559 
0.67452 0.29833 0.02715 

4 
0.32641 0.67359 
0.02498 0.97502 

4 
0.04271 0.95729 
0.85678 0.14322 
4 
0.47295 0.52705 
0.57434 0.42566 
4 
0.60896 0.39104 
0.49943 0.50057 

12 
0.00642 0.91339 0.08019 
0.008 0.56293 0.42907 
0.40623 0.31558 0.27819 
0.12606 0.20426 0.66968 
12 
0.35031 0.17549 0.4742 
0.04011 0.04587 0.91402 
0.06097 0.07697 0.86206 
0.32095 0.22937 0.44968 

4 
0.77011 0.22989 
0.385 0.615 
4 
0.99834 0.00166 
0.33343 0.66657 

12 
0.06886 0.00183 0.92931 
0.18065 0.35656 0.46279 
0.7674 0.05877 0.17383 
0.57606 0.37543 0.04851 
12 
0.50558 0.48801 0.00641 
0.63415 0.34431 0.02154 
0.31076 0.09386 0.59538 
0.2573 0.05854 0.68416 

4 
0.634 0.366 
0.45518 0.54482 
4 
0.3086 0.6914 
0.85278 0.14722 
