V-CREDAL
4
4 4 4 2
4
1 0
2 0 1
2 1 2
2 2 3

16
0.002 0.041 0.927 0.03
0.429 0.273 0.149 0.149
0.052 0.216 0.012 0.72
0.008 0.004 0.682 0.306

16
0.585 0.143 0.165 0.107
0.413 0.144 0.238 0.205
0.04 0.65 0.03 0.28
0.511 0.251 0.188 0.05
16
0.464 0.01 0.342 0.184
0.404 0.076 0.165 0.355
0.327 0.165 0.15 0.358
0.761 0.029 0.008 0.202
16
0.342 0.098 0.351 0.209
0.997 0.001 0.001 0.001
0.524 0.114 0.173 0.189
0.002 0.997 0.001 0.0
16
0.16 0.339 0.185 0.316
0.067 0.19 0.394 0.349
0.045 0.321 0.345 0.289
0.009 0.074 0.904 0.013

16
0.171 0.113 0.433 0.283
0.109 0.083 0.087 0.721
0.23 0.006 0.238 0.526
0.198 0.332 0.122 0.348
16
0.37 0.09 0.258 0.282
0.229 0.693 0.002 0.076
0.046 0.013 0.797 0.144
0.006 0.113 0.017 0.864
16
0.337 0.008 0.057 0.598
0.675 0.028 0.29 0.007
0.026 0.69 0.108 0.176
0.612 0.042 0.34 0.006
16
0.053 0.236 0.186 0.525
0.369 0.078 0.233 0.32
0.463 0.469 0.047 0.021
0.074 0.103 0.341 0.482

4
0.229 0.771
0.675 0.325
4
0.709 0.291
0.442 0.558
4
0.685 0.315
0.295 0.705
4
0.977 0.023
0.482 0.518
