V-CREDAL
10
3 3 2 2 4 4 4 4 3 3
10
1 0
1 1
2 9 2
2 8 3
3 0 6 4
1 5
3 1 5 6
1 7
2 1 8
3 7 8 9

18
0.979 0.011 0.01
0.087 0.218 0.695
0.015 0.985 0.0
0.065 0.331 0.604
0.122 0.095 0.783
0.014 0.94 0.046

18
0.028 0.433 0.539
0.07 0.226 0.704
0.213 0.573 0.214
0.653 0.229 0.118
0.288 0.161 0.551
0.087 0.16 0.753

4
0.579 0.421
0.624 0.376
4
0.56 0.44
0.567 0.433
4
0.657 0.343
0.19 0.81

4
0.278 0.722
0.66 0.34
4
0.156 0.844
0.824 0.176
4
0.771 0.229
0.178 0.822

24
0.219 0.457 0.287 0.037
0.117 0.293 0.375 0.215
0.233 0.327 0.385 0.055
0.022 0.403 0.204 0.371
0.074 0.239 0.616 0.071
0.036 0.915 0.029 0.02
24
0.077 0.004 0.716 0.203
0.356 0.531 0.078 0.035
0.166 0.127 0.328 0.379
0.507 0.299 0.036 0.158
0.692 0.007 0.012 0.289
0.18 0.315 0.213 0.292
24
0.001 0.107 0.868 0.024
0.561 0.058 0.23 0.151
0.076 0.005 0.289 0.63
0.243 0.34 0.051 0.366
0.001 0.155 0.416 0.428
0.089 0.46 0.123 0.328
24
0.174 0.304 0.001 0.521
0.005 0.032 0.016 0.947
0.747 0.007 0.104 0.142
0.629 0.229 0.128 0.014
0.084 0.01 0.76 0.146
0.068 0.251 0.032 0.649
24
0.019 0.024 0.92 0.037
0.002 0.666 0.263 0.069
0.542 0.396 0.036 0.026
0.683 0.069 0.039 0.209
0.042 0.951 0.001 0.006
0.019 0.742 0.008 0.231
24
0.044 0.388 0.553 0.015
0.133 0.348 0.044 0.475
0.21 0.045 0.149 0.596
0.578 0.116 0.116 0.19
0.137 0.48 0.052 0.331
0.074 0.761 0.133 0.032
24
0.779 0.017 0.179 0.025
0.618 0.15 0.11 0.122
0.067 0.393 0.102 0.438
0.054 0.002 0.943 0.001
0.168 0.713 0.024 0.095
0.034 0.426 0.109 0.431
24
0.125 0.378 0.085 0.412
0.806 0.003 0.008 0.183
0.026 0.007 0.912 0.055
0.068 0.618 0.042 0.272
0.806 0.129 0.056 0.009
0.408 0.14 0.447 0.005
24
0.954 0.01 0.028 0.008
0.198 0.701 0.089 0.012
0.31 0.252 0.055 0.383
0.529 0.134 0.163 0.174
0.277 0.329 0.049 0.345
0.418 0.006 0.172 0.404
24
0.561 0.165 0.198 0.076
0.081 0.022 0.887 0.01
0.003 0.001 0.044 0.952
0.017 0.137 0.004 0.842
0.239 0.001 0.037 0.723
0.039 0.142 0.785 0.034
24
0.011 0.059 0.001 0.929
0.003 0.582 0.001 0.414
0.41 0.118 0.14 0.332
0.006 0.027 0.962 0.005
0.018 0.003 0.871 0.108
0.05 0.697 0.095 0.158
24
0.293 0.554 0.105 0.048
0.505 0.461 0.011 0.023
0.01 0.718 0.022 0.25
0.004 0.076 0.474 0.446
0.541 0.105 0.122 0.232
0.405 0.329 0.022 0.244

24
0.33 0.028 0.199 0.443
0.061 0.208 0.705 0.026
0.25 0.323 0.162 0.265
0.03 0.313 0.391 0.266
0.461 0.33 0.16 0.049
0.207 0.512 0.199 0.082

24
0.04 0.007 0.779 0.174
0.966 0.002 0.02 0.012
0.123 0.027 0.787 0.063
0.006 0.089 0.31 0.595
0.065 0.059 0.829 0.047
0.639 0.033 0.169 0.159
24
0.135 0.142 0.173 0.55
0.64 0.027 0.139 0.194
0.668 0.025 0.21 0.097
0.531 0.237 0.035 0.197
0.003 0.962 0.025 0.01
0.184 0.701 0.001 0.114
24
0.017 0.061 0.234 0.688
0.064 0.776 0.026 0.134
0.39 0.019 0.22 0.371
0.022 0.005 0.957 0.016
0.852 0.081 0.004 0.063
0.001 0.385 0.019 0.595
24
0.013 0.272 0.558 0.157
0.075 0.058 0.343 0.524
0.287 0.615 0.05 0.048
0.555 0.021 0.147 0.277
0.091 0.069 0.124 0.716
0.724 0.101 0.017 0.158
24
0.027 0.135 0.809 0.029
0.419 0.191 0.081 0.309
0.071 0.115 0.211 0.603
0.069 0.208 0.018 0.705
0.242 0.681 0.049 0.028
0.508 0.263 0.164 0.065
24
0.072 0.22 0.366 0.342
0.015 0.072 0.687 0.226
0.269 0.198 0.464 0.069
0.08 0.557 0.06 0.303
0.009 0.274 0.541 0.176
0.007 0.016 0.973 0.004
24
0.023 0.347 0.609 0.021
0.207 0.273 0.145 0.375
0.94 0.007 0.043 0.01
0.127 0.501 0.166 0.206
0.462 0.378 0.126 0.034
0.003 0.094 0.795 0.108
24
0.149 0.82 0.019 0.012
0.049 0.166 0.098 0.687
0.052 0.883 0.064 0.001
0.006 0.744 0.085 0.165
0.922 0.008 0.002 0.068
0.071 0.106 0.198 0.625
24
0.617 0.053 0.326 0.004
0.065 0.058 0.238 0.639
0.064 0.055 0.874 0.007
0.177 0.112 0.05 0.661
0.028 0.367 0.291 0.314
0.729 0.034 0.019 0.218
24
0.02 0.04 0.928 0.012
0.042 0.915 0.01 0.033
0.032 0.413 0.273 0.282
0.295 0.089 0.608 0.008
0.226 0.507 0.05 0.217
0.014 0.852 0.124 0.01
24
0.032 0.049 0.007 0.912
0.672 0.009 0.122 0.197
0.071 0.225 0.682 0.022
0.081 0.26 0.278 0.381
0.232 0.19 0.09 0.488
0.095 0.028 0.01 0.867
24
0.034 0.167 0.011 0.788
0.79 0.009 0.04 0.161
0.009 0.006 0.963 0.022
0.079 0.808 0.096 0.017
0.008 0.006 0.983 0.003
0.005 0.946 0.017 0.032

24
0.764 0.17 0.03 0.036
0.163 0.024 0.321 0.492
0.136 0.152 0.589 0.123
0.422 0.46 0.096 0.022
0.769 0.09 0.061 0.08
0.582 0.222 0.17 0.026

18
0.039 0.148 0.813
0.215 0.015 0.77
0.819 0.124 0.057
0.009 0.844 0.147
0.923 0.008 0.069
0.246 0.678 0.076
18
0.16 0.619 0.221
0.274 0.156 0.57
0.106 0.505 0.389
0.139 0.191 0.67
0.342 0.646 0.012
0.593 0.365 0.042
18
0.719 0.006 0.275
0.605 0.32 0.075
0.014 0.053 0.933
0.168 0.529 0.303
0.001 0.003 0.996
0.864 0.087 0.049

18
0.107 0.017 0.876
0.852 0.041 0.107
0.032 0.389 0.579
0.09 0.88 0.03
0.036 0.056 0.908
0.069 0.826 0.105
18
0.862 0.102 0.036
0.665 0.011 0.324
0.002 0.995 0.003
0.047 0.015 0.938
0.614 0.379 0.007
0.566 0.006 0.428
18
0.078 0.151 0.771
0.054 0.485 0.461
0.885 0.016 0.099
0.165 0.68 0.155
0.09 0.574 0.336
0.809 0.005 0.186
18
0.529 0.162 0.309
0.31 0.671 0.019
0.361 0.395 0.244
0.849 0.088 0.063
0.301 0.548 0.151
0.49 0.174 0.336
18
0.183 0.706 0.111
0.717 0.111 0.172
0.028 0.02 0.952
0.014 0.081 0.905
0.009 0.763 0.228
0.703 0.246 0.051
18
0.025 0.036 0.939
0.382 0.61 0.008
0.91 0.004 0.086
0.974 0.004 0.022
0.019 0.934 0.047
0.067 0.924 0.009
18
0.888 0.099 0.013
0.242 0.407 0.351
0.104 0.023 0.873
0.352 0.555 0.093
0.891 0.046 0.063
0.033 0.087 0.88
18
0.972 0.024 0.004
0.057 0.933 0.01
0.136 0.452 0.412
0.345 0.043 0.612
0.046 0.737 0.217
0.636 0.011 0.353
18
0.092 0.259 0.649
0.903 0.091 0.006
0.677 0.029 0.294
0.598 0.363 0.039
0.059 0.843 0.098
0.879 0.026 0.095
18
0.115 0.803 0.082
0.171 0.127 0.702
0.59 0.006 0.404
0.791 0.208 0.001
0.966 0.023 0.011
0.045 0.593 0.362
18
0.386 0.598 0.016
0.032 0.951 0.017
0.725 0.072 0.203
0.267 0.463 0.27
0.841 0.042 0.117
0.586 0.373 0.041
18
0.242 0.637 0.121
0.652 0.222 0.126
0.195 0.226 0.579
0.381 0.082 0.537
0.658 0.062 0.28
0.02 0.83 0.15
