V-CREDAL
4
3 4 2 3
4
3 2 3 0
2 3 1
1 2
1 3

18
0.659 0.229 0.112
0.052 0.033 0.915
0.764 0.09 0.146
0.441 0.365 0.194
0.775 0.0 0.225
0.228 0.219 0.553
18
0.479 0.02 0.501
0.411 0.454 0.135
0.023 0.146 0.831
0.001 0.996 0.003
0.545 0.239 0.216
0.092 0.011 0.897
18
0.009 0.856 0.135
0.264 0.73 0.006
0.097 0.753 0.15
0.708 0.131 0.161
0.139 0.844 0.017
0.151 0.69 0.159
18
0.304 0.093 0.603
0.059 0.933 0.008
0.044 0.507 0.449
0.974 0.004 0.022
0.536 0.043 0.421
0.926 0.072 0.002
18
0.121 0.792 0.087
0.082 0.127 0.791
0.0 0.309 0.691
0.59 0.304 0.106
0.446 0.078 0.476
0.278 0.04 0.682
18
0.0 0.998 0.002
0.007 0.061 0.932
0.013 0.035 0.952
0.992 0.003 0.005
0.586 0.0 0.414
0.006 0.102 0.892

24
0.25 0.045 0.29 0.415
0.213 0.628 0.107 0.052
0.049 0.897 0.01 0.044
0.025 0.024 0.911 0.04
0.406 0.125 0.238 0.231
0.042 0.055 0.395 0.508
24
0.738 0.067 0.034 0.161
0.443 0.046 0.177 0.334
0.412 0.415 0.089 0.084
0.095 0.3 0.39 0.215
0.294 0.114 0.254 0.338
0.463 0.321 0.184 0.032
24
0.08 0.158 0.366 0.396
0.361 0.191 0.398 0.05
0.004 0.725 0.235 0.036
0.031 0.569 0.367 0.033
0.241 0.206 0.243 0.31
0.072 0.048 0.046 0.834

4
0.049 0.951
0.492 0.508

18
0.262 0.244 0.494
0.114 0.737 0.149
0.137 0.859 0.004
0.596 0.163 0.241
0.473 0.462 0.065
0.432 0.169 0.399
