V-CREDAL
10
4 4 2 4 3 2 4 4 4 2
10
1 0
2 0 1
2 1 2
2 2 3
2 3 4
2 4 5
2 5 6
2 6 7
2 7 8
2 8 9

16
0.071 0.051 0.732 0.146
0.533 0.158 0.119 0.19
0.943 0.01 0.022 0.025
0.111 0.061 0.129 0.699

16
0.416 0.133 0.031 0.42
0.006 0.002 0.096 0.896
0.509 0.039 0.389 0.063
0.036 0.951 0.004 0.009
16
0.001 0.005 0.683 0.311
0.361 0.145 0.174 0.32
0.466 0.107 0.153 0.274
0.659 0.229 0.016 0.096
16
0.281 0.182 0.268 0.269
0.183 0.173 0.056 0.588
0.953 0.003 0.042 0.002
0.365 0.441 0.139 0.055
16
0.131 0.144 0.069 0.656
0.053 0.859 0.067 0.021
0.081 0.308 0.15 0.461
0.046 0.135 0.169 0.65

4
0.177 0.823
0.676 0.324
4
0.635 0.365
0.509 0.491
4
0.395 0.605
0.052 0.948
4
0.553 0.447
0.168 0.832

16
0.098 0.289 0.374 0.239
0.345 0.174 0.365 0.116
0.046 0.105 0.777 0.072
0.111 0.589 0.06 0.24
16
0.681 0.099 0.098 0.122
0.382 0.48 0.035 0.103
0.044 0.003 0.55 0.403
0.752 0.031 0.003 0.214

12
0.017 0.961 0.022
0.114 0.066 0.82
0.663 0.173 0.164
0.065 0.204 0.731
12
0.625 0.369 0.006
0.686 0.282 0.032
0.004 0.647 0.349
0.535 0.182 0.283
12
0.016 0.286 0.698
0.301 0.098 0.601
0.067 0.672 0.261
0.573 0.076 0.351
12
0.029 0.41 0.561
0.154 0.178 0.668
0.662 0.148 0.19
0.652 0.061 0.287

4
0.069 0.931
0.549 0.451
4
0.803 0.197
0.259 0.741
4
0.47 0.53
0.838 0.162

16
0.611 0.102 0.165 0.122
0.337 0.399 0.258 0.006
0.114 0.21 0.436 0.24
0.208 0.256 0.455 0.081
16
0.193 0.565 0.239 0.003
0.015 0.005 0.054 0.926
0.006 0.599 0.162 0.233
0.088 0.108 0.328 0.476

16
0.637 0.013 0.329 0.021
0.591 0.019 0.161 0.229
0.558 0.013 0.225 0.204
0.012 0.024 0.014 0.95
16
0.28 0.022 0.036 0.662
0.03 0.019 0.048 0.903
0.371 0.002 0.286 0.341
0.054 0.112 0.456 0.378
16
0.056 0.809 0.012 0.123
0.126 0.179 0.09 0.605
0.798 0.026 0.01 0.166
0.201 0.218 0.366 0.215
16
0.129 0.115 0.134 0.622
0.562 0.12 0.159 0.159
0.318 0.003 0.415 0.264
0.167 0.234 0.434 0.165

16
0.213 0.031 0.515 0.241
0.083 0.079 0.695 0.143
0.027 0.211 0.412 0.35
0.065 0.66 0.151 0.124
16
0.902 0.012 0.021 0.065
0.112 0.001 0.003 0.884
0.033 0.298 0.239 0.43
0.029 0.075 0.005 0.891
16
0.146 0.483 0.225 0.146
0.15 0.182 0.471 0.197
0.059 0.023 0.333 0.585
0.194 0.257 0.513 0.036
16
0.01 0.25 0.732 0.008
0.094 0.322 0.298 0.286
0.281 0.279 0.155 0.285
0.018 0.384 0.045 0.553

4
0.441 0.559
0.024 0.976
4
0.163 0.837
0.609 0.391
4
0.313 0.687
0.98 0.02
4
0.198 0.802
0.286 0.714
