V-CREDAL
6
4 2 3 2 3 4
6
1 0
2 0 1
2 1 2
2 2 3
2 3 4
2 4 5

16
0.005 0.427 0.002 0.566
0.176 0.681 0.05 0.093
0.215 0.1 0.535 0.15
0.014 0.023 0.108 0.855

4
0.252 0.748
0.936 0.064
4
0.537 0.463
0.818 0.182
4
0.948 0.052
0.667 0.333
4
0.712 0.288
0.672 0.328

12
0.81 0.058 0.132
0.603 0.238 0.159
0.705 0.29 0.005
0.385 0.447 0.168
12
0.298 0.407 0.295
0.689 0.3 0.011
0.141 0.242 0.617
0.479 0.499 0.022

4
0.599 0.401
0.194 0.806
4
0.777 0.223
0.097 0.903
4
0.875 0.125
0.13 0.87

12
0.863 0.118 0.019
0.861 0.037 0.102
0.708 0.08 0.212
0.488 0.365 0.147
12
0.833 0.036 0.131
0.07 0.594 0.336
0.044 0.013 0.943
0.787 0.179 0.034

16
0.382 0.016 0.098 0.504
0.456 0.365 0.11 0.069
0.107 0.131 0.296 0.466
0.128 0.008 0.174 0.69
16
0.542 0.185 0.142 0.131
0.35 0.101 0.489 0.06
0.825 0.155 0.012 0.008
0.146 0.133 0.069 0.652
16
0.245 0.066 0.141 0.548
0.286 0.123 0.095 0.496
0.727 0.263 0.002 0.008
0.684 0.011 0.171 0.134
