V-CREDAL
4
2 4 2 4
4
1 0
2 0 1
2 1 2
2 2 3

4
0.816 0.184
0.501 0.499

16
0.827 0.084 0.035 0.054
0.123 0.664 0.125 0.088
0.014 0.009 0.858 0.119
0.027 0.538 0.056 0.379
16
0.036 0.64 0.317 0.007
0.244 0.031 0.4 0.325
0.008 0.948 0.006 0.038
0.168 0.792 0.02 0.02

4
0.797 0.203
0.143 0.857
4
0.433 0.567
0.125 0.875
4
0.084 0.916
0.662 0.338
4
0.978 0.022
0.324 0.676

16
0.17 0.195 0.45 0.185
0.411 0.041 0.293 0.255
0.021 0.03 0.085 0.864
0.276 0.306 0.275 0.143
16
0.714 0.008 0.202 0.076
0.004 0.804 0.002 0.19
0.174 0.032 0.028 0.766
0.255 0.487 0.071 0.187
