V-CREDAL
8
4 4 4 3 2 2 3 4
8
1 0
2 0 1
2 1 2
2 2 3
2 3 4
2 4 5
2 5 6
2 6 7

24
0.742 0.103 0.034 0.121
0.416 0.015 0.01 0.559
0.307 0.01 0.107 0.576
0.042 0.333 0.0 0.625
0.104 0.836 0.039 0.021
0.038 0.131 0.148 0.683

24
0.214 0.084 0.626 0.076
0.227 0.529 0.203 0.041
0.069 0.26 0.297 0.374
0.082 0.841 0.039 0.038
0.054 0.299 0.004 0.643
0.022 0.617 0.266 0.095
24
0.083 0.627 0.171 0.119
0.638 0.074 0.137 0.151
0.082 0.001 0.087 0.83
0.827 0.16 0.008 0.005
0.795 0.099 0.105 0.001
0.216 0.543 0.114 0.127
24
0.07 0.243 0.487 0.2
0.612 0.119 0.148 0.121
0.323 0.337 0.064 0.276
0.522 0.004 0.29 0.184
0.353 0.091 0.008 0.548
0.553 0.001 0.284 0.162
24
0.109 0.289 0.055 0.547
0.788 0.167 0.019 0.026
0.085 0.842 0.031 0.042
0.005 0.797 0.072 0.126
0.008 0.141 0.847 0.004
0.031 0.007 0.587 0.375

24
0.494 0.148 0.186 0.172
0.097 0.046 0.027 0.83
0.123 0.346 0.436 0.095
0.803 0.157 0.038 0.002
0.104 0.261 0.465 0.17
0.019 0.795 0.155 0.031
24
0.003 0.011 0.821 0.165
0.921 0.018 0.018 0.043
0.266 0.505 0.075 0.154
0.044 0.038 0.482 0.436
0.869 0.008 0.028 0.095
0.011 0.94 0.024 0.025
24
0.199 0.182 0.126 0.493
0.716 0.171 0.024 0.089
0.567 0.052 0.365 0.016
0.567 0.014 0.064 0.355
0.039 0.071 0.161 0.729
0.779 0.099 0.051 0.071
24
0.001 0.727 0.229 0.043
0.079 0.069 0.585 0.267
0.055 0.333 0.204 0.408
0.05 0.034 0.761 0.155
0.152 0.065 0.39 0.393
0.922 0.013 0.057 0.008

18
0.737 0.066 0.197
0.211 0.167 0.622
0.465 0.431 0.104
0.79 0.075 0.135
0.083 0.383 0.534
0.045 0.278 0.677
18
0.015 0.563 0.422
0.028 0.129 0.843
0.966 0.003 0.031
0.148 0.838 0.014
0.061 0.092 0.847
0.069 0.085 0.846
18
0.573 0.302 0.125
0.406 0.511 0.083
0.036 0.909 0.055
0.197 0.002 0.801
0.051 0.033 0.916
0.04 0.174 0.786
18
0.037 0.899 0.064
0.636 0.164 0.2
0.007 0.498 0.495
0.35 0.055 0.595
0.02 0.834 0.146
0.676 0.028 0.296

4
0.383 0.617
0.176 0.824
4
0.976 0.024
0.332 0.668
4
0.117 0.883
0.165 0.835

4
0.559 0.441
0.723 0.277
4
0.577 0.423
0.693 0.307

18
0.016 0.1 0.884
0.491 0.239 0.27
0.04 0.743 0.217
0.542 0.276 0.182
0.424 0.214 0.362
0.185 0.741 0.074
18
0.044 0.604 0.352
0.145 0.14 0.715
0.678 0.068 0.254
0.188 0.106 0.706
0.185 0.749 0.066
0.031 0.901 0.068

24
0.006 0.018 0.137 0.839
0.016 0.081 0.184 0.719
0.439 0.074 0.14 0.347
0.653 0.277 0.052 0.018
0.066 0.778 0.114 0.042
0.307 0.068 0.612 0.013
24
0.059 0.911 0.026 0.004
0.015 0.02 0.944 0.021
0.004 0.92 0.055 0.021
0.653 0.023 0.018 0.306
0.21 0.163 0.104 0.523
0.019 0.802 0.005 0.174
24
0.151 0.336 0.101 0.412
0.152 0.075 0.013 0.76
0.049 0.3 0.087 0.564
0.139 0.127 0.722 0.012
0.115 0.012 0.26 0.613
0.663 0.091 0.02 0.226
