V-CREDAL
6
4 4 4 2 4 4
6
2 1 0
2 5 1
2 3 2
2 1 3
2 5 4
1 5

16
0.156 0.14 0.386 0.318
0.013 0.161 0.106 0.72
0.873 0.085 0.039 0.003
0.01 0.006 0.89 0.094
16
0.012 0.981 0.003 0.004
0.47 0.203 0.301 0.026
0.039 0.685 0.082 0.194
0.082 0.767 0.1 0.051
16
0.374 0.027 0.589 0.01
0.006 0.047 0.576 0.371
0.091 0.083 0.743 0.083
0.383 0.184 0.189 0.244
16
0.016 0.251 0.616 0.117
0.008 0.167 0.031 0.794
0.108 0.334 0.14 0.418
0.433 0.198 0.147 0.222

16
0.9 0.061 0.036 0.003
0.005 0.014 0.971 0.01
0.159 0.462 0.072 0.307
0.118 0.041 0.211 0.63
16
0.001 0.0 0.0 0.999
0.006 0.577 0.056 0.361
0.612 0.001 0.373 0.014
0.074 0.584 0.042 0.3
16
0.017 0.193 0.741 0.049
0.066 0.12 0.808 0.006
0.896 0.084 0.012 0.008
0.006 0.001 0.003 0.99
16
0.269 0.106 0.266 0.359
0.333 0.368 0.133 0.166
0.039 0.089 0.664 0.208
0.059 0.036 0.889 0.016

16
0.057 0.022 0.186 0.735
0.002 0.993 0.004 0.001
0.01 0.049 0.814 0.127
0.033 0.142 0.134 0.691
16
0.083 0.139 0.643 0.135
0.175 0.761 0.007 0.057
0.081 0.018 0.893 0.008
0.939 0.015 0.021 0.025

4
0.571 0.429
0.096 0.904
4
0.87 0.13
0.942 0.058
4
0.575 0.425
0.202 0.798
4
0.732 0.268
0.763 0.237

16
0.102 0.111 0.755 0.032
0.493 0.169 0.022 0.316
0.069 0.462 0.351 0.118
0.002 0.034 0.113 0.851
16
0.644 0.299 0.024 0.033
0.001 0.01 0.039 0.95
0.496 0.314 0.095 0.095
0.364 0.004 0.625 0.007
16
0.013 0.093 0.408 0.486
0.038 0.625 0.314 0.023
0.187 0.332 0.319 0.162
0.14 0.458 0.095 0.307
16
0.365 0.414 0.0 0.221
0.054 0.139 0.0 0.807
0.989 0.005 0.005 0.001
0.242 0.153 0.025 0.58

16
0.095 0.04 0.699 0.166
0.002 0.33 0.058 0.61
0.298 0.162 0.275 0.265
0.359 0.378 0.08 0.183
