V-CREDAL 
10 
2 2 3 3 2 2 3 3 2 3 
10 
1 0 
2 0 1 
2 1 2 
2 2 3 
2 3 4 
2 4 5 
2 5 6 
2 6 7 
2 7 8 
2 8 9 

4 
0.71055 0.28945 
0.0263 0.9737 

4 
0.58271 0.41729 
0.55052 0.44948 
4 
0.07002 0.92998 
0.53661 0.46339 

12 
0.25729 0.70609 0.03662 
0.04425 0.58596 0.36979 
0.09982 0.87317 0.02701 
0.12683 0.1038 0.76937 
12 
0.33339 0.33649 0.33012 
0.53504 0.05877 0.40619 
0.00567 0.7291 0.26523 
0.1044 0.44322 0.45238 

12 
0.1949 0.14243 0.66267 
0.14954 0.1473 0.70316 
0.00284 0.99204 0.00512 
0.37599 0.57146 0.05255 
12 
0.67397 0.3113 0.01473 
0.65584 0.12469 0.21947 
0.96193 0.02854 0.00953 
0.30408 0.58675 0.10917 
12 
0.48331 0.11923 0.39746 
0.01466 0.95054 0.0348 
0.45451 0.29672 0.24877 
0.03217 0.10145 0.86638 

4 
0.72977 0.27023 
0.13202 0.86798 
4 
0.76816 0.23184 
0.17407 0.82593 
4 
0.8352 0.1648 
0.73301 0.26699 

4 
0.15023 0.84977 
0.06168 0.93832 
4 
0.73711 0.26289 
0.00861 0.99139 

12 
0.00256 0.10904 0.8884 
0.49935 0.13924 0.36141 
0.76502 0.22435 0.01063 
0.1481 0.08882 0.76308 
12 
0.4384 0.23654 0.32506 
0.0473 0.65443 0.29827 
0.09612 0.59942 0.30446 
0.7344 0.00251 0.26309 

12 
0.26437 0.55497 0.18066 
0.0946 0.72825 0.17715 
0.51928 0.05224 0.42848 
0.01186 0.8704 0.11774 
12 
0.45062 0.46518 0.0842 
0.30339 0.44833 0.24828 
0.32128 0.45697 0.22175 
0.44482 0.20037 0.35481 
12 
0.95884 0.00204 0.03912 
0.00283 0.5266 0.47057 
0.69131 0.02556 0.28313 
0.55542 0.27805 0.16653 

4 
0.87253 0.12747 
0.19373 0.80627 
4 
0.81472 0.18528 
0.39343 0.60657 
4 
0.83182 0.16818 
0.14934 0.85066 

12 
0.44274 0.46067 0.09659 
0.51611 0.17655 0.30734 
0.30995 0.42243 0.26762 
0.90869 0.05101 0.0403 
12 
0.32133 0.16779 0.51088 
0.77147 0.07769 0.15084 
0.64989 0.07317 0.27694 
0.56931 0.0801 0.35059 
