V-CREDAL
8
3 4 4 2 4 2 3 4
8
1 0
3 2 5 1
2 3 2
1 3
2 3 4
1 5
3 0 1 6
2 3 7

12
0.616 0.129 0.255
0.559 0.352 0.089
0.126 0.113 0.761
0.011 0.425 0.564

16
0.335 0.152 0.048 0.465
0.215 0.004 0.779 0.002
0.572 0.057 0.184 0.187
0.202 0.195 0.009 0.594
16
0.467 0.002 0.341 0.19
0.004 0.069 0.923 0.004
0.556 0.058 0.064 0.322
0.06 0.095 0.683 0.162
16
0.248 0.667 0.042 0.043
0.031 0.052 0.591 0.326
0.125 0.256 0.132 0.487
0.006 0.017 0.058 0.919
16
0.484 0.237 0.103 0.176
0.09 0.249 0.381 0.28
0.868 0.043 0.001 0.088
0.34 0.323 0.312 0.025
16
0.056 0.841 0.016 0.087
0.104 0.645 0.248 0.003
0.604 0.154 0.194 0.048
0.243 0.084 0.566 0.107
16
0.598 0.336 0.017 0.049
0.017 0.003 0.823 0.157
0.568 0.179 0.09 0.163
0.719 0.159 0.005 0.117
16
0.044 0.146 0.036 0.774
0.006 0.717 0.266 0.011
0.012 0.856 0.085 0.047
0.006 0.03 0.939 0.025
16
0.003 0.864 0.064 0.069
0.563 0.137 0.255 0.045
0.072 0.611 0.299 0.018
0.125 0.296 0.099 0.48

16
0.004 0.993 0.001 0.002
0.694 0.05 0.086 0.17
0.435 0.001 0.003 0.561
0.159 0.153 0.621 0.067
16
0.157 0.151 0.027 0.665
0.002 0.907 0.061 0.03
0.01 0.021 0.027 0.942
0.012 0.89 0.083 0.015

4
0.374 0.626
0.111 0.889

16
0.173 0.141 0.279 0.407
0.077 0.448 0.162 0.313
0.296 0.15 0.291 0.263
0.097 0.044 0.451 0.408
16
0.037 0.027 0.828 0.108
0.926 0.008 0.019 0.047
0.392 0.166 0.235 0.207
0.05 0.022 0.904 0.024

4
0.77 0.23
0.914 0.086

12
0.895 0.091 0.014
0.564 0.055 0.381
0.472 0.226 0.302
0.413 0.434 0.153
12
0.065 0.793 0.142
0.616 0.258 0.126
0.54 0.05 0.41
0.069 0.169 0.762
12
0.046 0.186 0.768
0.719 0.22 0.061
0.038 0.944 0.018
0.375 0.018 0.607
12
0.994 0.002 0.004
0.094 0.893 0.013
0.077 0.023 0.9
0.003 0.822 0.175
12
0.019 0.967 0.014
0.897 0.077 0.026
0.102 0.663 0.235
0.252 0.343 0.405
12
0.012 0.88 0.108
0.389 0.183 0.428
0.613 0.257 0.13
0.318 0.569 0.113
12
0.528 0.33 0.142
0.435 0.342 0.223
0.246 0.479 0.275
0.238 0.565 0.197
12
0.371 0.159 0.47
0.252 0.532 0.216
0.698 0.125 0.177
0.063 0.596 0.341
12
0.882 0.105 0.013
0.014 0.665 0.321
0.919 0.015 0.066
0.022 0.2 0.778
12
0.467 0.502 0.031
0.009 0.283 0.708
0.008 0.04 0.952
0.433 0.439 0.128
12
0.802 0.136 0.062
0.168 0.348 0.484
0.286 0.609 0.105
0.809 0.016 0.175
12
0.011 0.161 0.828
0.182 0.018 0.8
0.16 0.806 0.034
0.027 0.852 0.121

16
0.823 0.076 0.074 0.027
0.283 0.034 0.585 0.098
0.002 0.963 0.031 0.004
0.144 0.054 0.668 0.134
16
0.003 0.671 0.043 0.283
0.024 0.186 0.4 0.39
0.006 0.746 0.075 0.173
0.299 0.487 0.024 0.19
