V-CREDAL 
10 
3 4 3 4 2 3 3 2 2 2 
10 
2 4 0 
2 3 1 
2 7 2 
1 3 
3 1 2 4 
2 9 5 
2 4 6 
1 7 
2 5 8 
2 7 9 

12 
0.05608 0.91313 0.03079 
0.69124 0.26526 0.0435 
0.78928 0.12967 0.08105 
0.39511 0.23533 0.36956 
12 
0.50396 0.22701 0.26903 
0.38175 0.01254 0.60571 
0.25759 0.07332 0.66909 
0.68582 0.16435 0.14983 

16 
0.18973 0.51467 0.28435 0.01125 
0.01627 0.30669 0.55099 0.12605 
0.03067 0.57758 0.31809 0.07366 
0.05013 0.06537 0.5274 0.3571 
16 
0.99941 2.2E-4 2.4E-4 1.3E-4 
0.62264 0.16461 0.00336 0.20939 
0.03973 0.01575 0.46563 0.47889 
0.02749 0.54964 0.32897 0.0939 
16 
0.00184 0.42683 0.01248 0.55885 
0.23731 0.44854 0.07998 0.23417 
0.66662 0.14006 0.14129 0.05203 
0.21216 0.07529 0.53025 0.1823 
16 
0.68664 0.09008 0.02381 0.19947 
0.75189 0.14607 0.04265 0.05939 
0.11304 0.55582 0.12639 0.20475 
0.01584 0.2951 0.36875 0.32031 

12 
0.3339 0.34881 0.31729 
0.33662 0.64873 0.01465 
0.00764 0.1274 0.86496 
0.01144 0.96828 0.02028 
12 
0.14759 0.28819 0.56422 
0.48616 0.34324 0.1706 
0.002 0.99367 0.00433 
0.53937 0.16036 0.30027 

16 
0.22783 0.40656 0.24734 0.11827 
0.2648 0.36703 0.03239 0.33578 
0.29256 0.01656 0.39132 0.29956 
0.23498 0.24193 0.1261 0.39699 

4 
0.88311 0.11689 
0.401 0.599 
4 
0.27951 0.72049 
0.67806 0.32194 
4 
0.34719 0.65281 
0.65997 0.34003 
4 
0.71817 0.28183 
0.32552 0.67448 
4 
0.49699 0.50301 
0.62307 0.37693 
4 
0.91835 0.08165 
0.79376 0.20624 
4 
0.47757 0.52243 
0.41331 0.58669 
4 
0.97311 0.02689 
0.47517 0.52483 
4 
0.55164 0.44836 
0.34549 0.65451 
4 
0.89908 0.10092 
0.96942 0.03058 
4 
0.81166 0.18834 
0.59861 0.40139 
4 
0.36985 0.63015 
0.1934 0.8066 

12 
0.99585 5.2E-4 0.00363 
0.33593 0.26873 0.39534 
0.07143 0.48397 0.4446 
0.89842 0.05897 0.04261 
12 
0.83787 0.12185 0.04028 
0.03924 0.05164 0.90912 
0.04197 0.54923 0.4088 
0.52097 0.41581 0.06322 

12 
0.1884 0.38863 0.42297 
0.89342 0.02221 0.08437 
0.00237 0.05337 0.94426 
0.6038 0.22259 0.17361 
12 
0.65446 0.32641 0.01913 
0.25964 0.50109 0.23927 
0.46294 0.03288 0.50418 
0.266 0.69299 0.04101 

4 
0.20375 0.79625 
0.30881 0.69119 

4 
0.53533 0.46467 
0.37265 0.62735 
4 
0.33233 0.66767 
0.82557 0.17443 
4 
0.94563 0.05437 
0.17342 0.82658 

4 
0.78897 0.21103 
0.43949 0.56051 
4 
0.21995 0.78005 
0.23282 0.76718 
