V-CREDAL
4
4 4 3 3
4
1 0
2 0 1
3 1 3 2
1 3

24
0.01 0.216 0.09 0.684
0.953 0.003 0.023 0.021
0.022 0.012 0.813 0.153
0.033 0.901 0.003 0.063
0.204 0.02 0.271 0.505
0.014 0.004 0.971 0.011

24
0.002 0.168 0.76 0.07
0.482 0.031 0.013 0.474
0.007 0.342 0.016 0.635
0.01 0.244 0.024 0.722
0.002 0.017 0.949 0.032
0.068 0.568 0.127 0.237
24
0.703 0.059 0.032 0.206
0.069 0.742 0.163 0.026
0.043 0.032 0.023 0.902
0.038 0.004 0.944 0.014
0.04 0.04 0.645 0.275
0.423 0.32 0.002 0.255
24
0.147 0.386 0.071 0.396
0.009 0.756 0.141 0.094
0.262 0.018 0.03 0.69
0.821 0.033 0.067 0.079
0.025 0.053 0.879 0.043
0.14 0.042 0.784 0.034
24
0.031 0.11 0.022 0.837
0.048 0.644 0.062 0.246
0.482 0.191 0.245 0.082
0.009 0.43 0.049 0.512
0.113 0.378 0.468 0.041
0.181 0.189 0.194 0.436

18
0.809 0.112 0.079
0.046 0.196 0.758
0.737 0.012 0.251
0.761 0.183 0.056
0.624 0.264 0.112
0.28 0.44 0.28
18
0.133 0.065 0.802
0.785 0.091 0.124
0.037 0.917 0.046
0.792 0.019 0.189
0.727 0.209 0.064
0.298 0.034 0.668
18
0.3 0.685 0.015
0.217 0.677 0.106
0.948 0.049 0.003
0.149 0.061 0.79
0.771 0.048 0.181
0.228 0.746 0.026
18
0.436 0.254 0.31
0.01 0.163 0.827
0.186 0.032 0.782
0.073 0.902 0.025
0.105 0.881 0.014
0.01 0.943 0.047
18
0.427 0.482 0.091
0.961 0.033 0.006
0.44 0.491 0.069
0.088 0.191 0.721
0.515 0.016 0.469
0.64 0.323 0.037
18
0.183 0.014 0.803
0.724 0.014 0.262
0.115 0.716 0.169
0.049 0.684 0.267
0.151 0.097 0.752
0.614 0.247 0.139
18
0.391 0.455 0.154
0.105 0.39 0.505
0.001 0.017 0.982
0.761 0.103 0.136
0.809 0.161 0.03
0.465 0.459 0.076
18
0.001 0.31 0.689
0.563 0.24 0.197
0.228 0.722 0.05
0.12 0.1 0.78
0.009 0.98 0.011
0.001 0.982 0.017
18
0.516 0.435 0.049
0.137 0.039 0.824
0.029 0.278 0.693
0.408 0.035 0.557
0.023 0.919 0.058
0.1 0.096 0.804
18
0.996 0.001 0.003
0.002 0.989 0.009
0.001 0.036 0.963
0.111 0.883 0.006
0.752 0.005 0.243
0.596 0.008 0.396
18
0.029 0.011 0.96
0.575 0.34 0.085
0.025 0.131 0.844
0.124 0.859 0.017
0.025 0.028 0.947
0.694 0.106 0.2
18
0.014 0.021 0.965
0.739 0.119 0.142
0.063 0.629 0.308
0.768 0.209 0.023
0.723 0.098 0.179
0.086 0.804 0.11

18
0.116 0.002 0.882
0.908 0.05 0.042
0.029 0.868 0.103
0.719 0.261 0.02
0.003 0.84 0.157
0.15 0.848 0.002
