V-CREDAL
8
4 3 4 3 2 3 3 2
8
1 0
2 0 1
2 1 2
2 2 3
2 3 4
2 4 5
2 5 6
2 6 7

16
0.071 0.818 0.058 0.053
0.472 0.219 0.298 0.011
0.144 0.068 0.247 0.541
0.226 0.466 0.192 0.116

12
0.027 0.069 0.904
0.5 0.433 0.067
0.335 0.629 0.036
0.089 0.793 0.118
12
0.357 0.482 0.161
0.117 0.764 0.119
0.462 0.204 0.334
0.204 0.054 0.742
12
0.175 0.487 0.338
0.003 0.991 0.006
0.406 0.261 0.333
0.46 0.127 0.413
12
0.056 0.931 0.013
0.015 0.963 0.022
0.587 0.282 0.131
0.255 0.667 0.078

16
0.408 0.575 0.008 0.009
0.007 0.001 0.897 0.095
0.326 0.011 0.011 0.652
0.003 0.012 0.96 0.025
16
0.143 0.071 0.775 0.011
0.823 0.021 0.145 0.011
0.095 0.224 0.352 0.329
0.003 0.256 0.004 0.737
16
0.918 0.016 0.007 0.059
0.002 0.087 0.731 0.18
0.016 0.074 0.905 0.005
0.032 0.855 0.029 0.084

12
0.032 0.887 0.081
0.727 0.109 0.164
0.305 0.046 0.649
0.712 0.03 0.258
12
0.327 0.578 0.095
0.682 0.297 0.021
0.662 0.181 0.157
0.115 0.83 0.055
12
0.083 0.075 0.842
0.828 0.02 0.152
0.066 0.697 0.237
0.36 0.046 0.594
12
0.314 0.24 0.446
0.051 0.072 0.877
0.062 0.93 0.008
0.387 0.328 0.285

4
0.285 0.715
0.747 0.253
4
0.116 0.884
0.915 0.085
4
0.943 0.057
0.376 0.624

12
0.04 0.012 0.948
0.158 0.599 0.243
0.722 0.106 0.172
0.568 0.271 0.161
12
0.261 0.394 0.345
0.945 0.005 0.05
0.04 0.889 0.071
0.648 0.07 0.282

12
0.085 0.299 0.616
0.953 0.024 0.023
0.735 0.102 0.163
0.011 0.115 0.874
12
0.217 0.272 0.511
0.682 0.167 0.151
0.065 0.559 0.376
0.015 0.374 0.611
12
0.731 0.067 0.202
0.049 0.049 0.902
0.023 0.503 0.474
0.432 0.046 0.522

4
0.628 0.372
0.283 0.717
4
0.613 0.387
0.84 0.16
4
0.311 0.689
0.754 0.246
