V-CREDAL 
8 
5 5 5 4 4 4 4 4 
8 
1 0 
2 0 1 
2 1 2 
2 2 3 
2 3 4 
2 4 5 
2 5 6 
2 6 7 

20 
0.86771 0.00426 0.00519 0.01491 0.10793 
0.00735 0.0557 0.16018 0.69992 0.07685 
0.10544 0.43615 0.1819 0.15911 0.1174 
0.12475 0.3742 0.29798 0.20181 0.00126 

20 
0.01206 0.67656 0.15721 0.11068 0.04349 
0.40097 0.03258 0.00144 0.56331 0.0017 
0.0739 0.03648 0.01082 0.87216 0.00664 
0.21788 0.09282 0.28708 0.03536 0.36686 
20 
0.11425 0.00234 0.43007 0.12836 0.32498 
0.67694 0.09893 0.17164 0.01239 0.0401 
0.00785 0.20588 0.38611 0.05086 0.3493 
0.05043 0.01911 0.0485 0.02063 0.86133 
20 
0.04593 0.40672 0.43751 0.04589 0.06395 
0.00221 0.2424 0.08615 0.27606 0.39318 
0.13048 0.5653 0.08362 0.0856 0.135 
0.20064 0.34791 0.07586 0.36931 0.00628 
20 
0.00107 0.0067 0.95843 0.01126 0.02254 
0.03113 0.21463 0.31755 0.2962 0.14049 
0.0608 0.04494 0.041 0.85113 0.00213 
0.01383 0.02111 0.01932 0.91108 0.03466 
20 
0.08623 0.10926 0.29545 0.26805 0.24101 
0.06118 0.01983 0.29539 0.36291 0.26069 
0.07977 0.32869 0.34383 0.21466 0.03305 
0.48316 0.0048 0.1181 0.29422 0.09972 

20 
0.15407 0.10863 0.60286 0.07919 0.05525 
0.0319 0.57494 0.02533 0.00679 0.36104 
0.14837 0.24718 0.0244 0.52148 0.05857 
0.20033 0.13663 0.53592 0.09348 0.03364 
20 
0.54428 0.19307 0.08951 0.13577 0.03737 
0.01748 4.5E-4 0.7883 0.00924 0.18453 
0.16785 0.00398 0.02244 0.75415 0.05158 
0.05058 0.49743 0.1165 0.14252 0.19297 
20 
0.18774 0.03681 0.16464 0.5341 0.07671 
0.67273 0.10034 0.04742 0.09809 0.08142 
0.00673 0.05423 0.8743 0.01611 0.04863 
0.08096 0.09907 0.12407 0.23845 0.45745 
20 
0.20382 0.34079 0.18374 0.17858 0.09307 
0.0144 4.2E-4 0.843 2.8E-4 0.1419 
0.00372 0.06715 0.24064 0.00174 0.68675 
0.23108 0.05952 0.04121 0.53249 0.1357 
20 
0.82061 0.02804 0.02631 0.07797 0.04707 
0.11571 0.04428 0.00218 1.2E-4 0.83771 
0.46203 0.35457 0.11527 0.05816 0.00997 
0.93459 0.00438 0.05657 0.00181 0.00265 

16 
0.23998 0.0553 0.02229 0.68243 
0.3689 0.15353 0.43693 0.04064 
0.08023 0.72174 0.13362 0.06441 
7.6E-4 0.03071 0.01259 0.95594 
16 
0.16799 0.03362 0.44308 0.35531 
0.00974 0.04601 0.10375 0.8405 
0.84848 7.5E-4 0.14495 0.00582 
0.08287 2.6E-4 0.88706 0.02981 
16 
0.29197 0.18087 0.46846 0.0587 
0.02928 0.05111 6.1E-4 0.919 
0.00408 0.56833 0.3097 0.11789 
0.36946 0.4081 0.02125 0.20119 
16 
0.0838 0.32854 0.50526 0.0824 
0.02208 0.53821 0.09359 0.34612 
0.37773 0.21404 0.09817 0.31006 
0.39701 0.01865 0.07367 0.51067 
16 
8.7E-4 3.1E-4 0.07055 0.92827 
0.05423 0.94474 1.2E-4 9.1E-4 
0.06421 0.17632 0.43902 0.32045 
0.16653 0.26657 0.5126 0.0543 

16 
0.13781 0.02242 0.53733 0.30244 
0.06384 0.05233 0.60536 0.27847 
0.04073 0.68748 0.08364 0.18815 
0.88799 0.00429 0.08102 0.0267 
16 
0.16372 0.725 0.02774 0.08354 
0.14008 0.02014 0.02423 0.81555 
0.60871 0.23587 0.037 0.11842 
0.74291 0.09289 0.11006 0.05414 
16 
0.20016 0.02141 0.08181 0.69662 
0.2915 0.13593 0.54616 0.02641 
0.06729 0.14427 0.1341 0.65434 
0.7565 0.09965 0.08198 0.06187 
16 
0.01676 0.42629 0.53638 0.02057 
0.86991 8.4E-4 0.09403 0.03522 
0.85428 0.06946 0.00585 0.07041 
0.01069 0.02609 0.06734 0.89588 

16 
0.32877 0.63217 0.02575 0.01331 
0.01858 0.03222 0.4399 0.5093 
0.95608 0.01378 0.02464 0.0055 
0.19527 0.33532 0.27226 0.19715 
16 
6.9E-4 0.03993 0.01404 0.94534 
0.03669 0.27693 0.60681 0.07957 
0.28048 0.14798 0.4788 0.09274 
0.02003 0.58489 0.27438 0.1207 
16 
0.01835 0.22629 0.72416 0.0312 
0.44233 0.3418 0.06084 0.15503 
0.04686 0.62 0.04267 0.29047 
0.18922 0.41875 0.19098 0.20105 
16 
0.11865 0.12709 0.26555 0.48871 
0.05958 0.0796 0.15453 0.70629 
0.01591 0.62732 0.30111 0.05566 
0.12904 0.10586 0.02316 0.74194 

16 
0.70875 0.13025 0.05822 0.10278 
0.66384 0.22012 0.07033 0.04571 
0.22654 0.12783 0.37736 0.26827 
0.01834 0.83384 0.0355 0.11232 
16 
0.01276 0.71094 0.08678 0.18952 
0.03822 0.10768 0.82954 0.02456 
0.44255 0.01051 0.51424 0.0327 
0.13332 0.05979 0.09919 0.7077 
16 
0.06241 0.80603 0.10648 0.02508 
0.03585 0.14818 0.26095 0.55502 
0.10636 0.07058 0.07763 0.74543 
0.25865 0.04777 0.55374 0.13984 
16 
0.45155 0.26059 0.20652 0.08134 
0.59714 0.17788 0.2108 0.01418 
0.57702 0.18595 0.21542 0.02161 
0.05778 0.11597 0.36854 0.45771 

16 
0.00249 0.73765 0.24295 0.01691 
0.27117 0.47229 0.02138 0.23516 
0.44225 0.07478 0.30563 0.17734 
0.96609 0.02848 0.00257 0.00286 
16 
0.00458 0.98478 0.00364 0.007 
0.37757 0.1838 0.08218 0.35645 
0.68101 0.04098 0.16364 0.11437 
0.21316 0.00761 0.62843 0.1508 
16 
0.23395 0.4004 0.19371 0.17194 
0.11854 0.3873 0.38966 0.1045 
0.65168 0.04936 0.2661 0.03286 
3.1E-4 0.88376 0.00373 0.1122 
16 
0.03311 0.74782 0.00361 0.21546 
0.15679 0.11926 0.7197 0.00425 
0.12575 0.69143 0.08538 0.09744 
0.7372 0.2504 0.00244 0.00996 
