V-CREDAL
6
4 4 4 2 4 4
6
2 1 0
2 5 1
2 3 2
2 1 3
2 5 4
1 5

24
0.006 0.113 0.441 0.44
0.022 0.168 0.412 0.398
0.794 0.026 0.156 0.024
0.187 0.005 0.602 0.206
0.297 0.574 0.067 0.062
0.022 0.018 0.951 0.009
24
0.012 0.387 0.032 0.569
0.085 0.72 0.159 0.036
0.473 0.143 0.228 0.156
0.38 0.101 0.413 0.106
0.41 0.021 0.283 0.286
0.167 0.095 0.228 0.51
24
0.031 0.248 0.13 0.591
0.309 0.094 0.508 0.089
0.016 0.002 0.02 0.962
0.432 0.002 0.521 0.045
0.167 0.406 0.313 0.114
0.13 0.619 0.156 0.095
24
0.284 0.072 0.606 0.038
0.156 0.139 0.174 0.531
0.34 0.639 0.002 0.019
0.506 0.235 0.087 0.172
0.162 0.118 0.531 0.189
0.056 0.827 0.096 0.021

24
0.004 0.981 0.001 0.014
0.046 0.656 0.22 0.078
0.004 0.228 0.123 0.645
0.132 0.238 0.122 0.508
0.086 0.831 0.055 0.028
0.011 0.725 0.203 0.061
24
0.016 0.023 0.016 0.945
0.331 0.065 0.594 0.01
0.084 0.732 0.143 0.041
0.69 0.005 0.272 0.033
0.012 0.007 0.526 0.455
0.466 0.135 0.105 0.294
24
0.014 0.539 0.071 0.376
0.002 0.002 0.535 0.461
0.696 0.011 0.2 0.093
0.054 0.263 0.138 0.545
0.083 0.471 0.439 0.007
0.98 0.004 0.016 0.0
24
0.035 0.05 0.862 0.053
0.187 0.01 0.588 0.215
0.972 0.021 0.002 0.005
0.874 0.004 0.114 0.008
0.008 0.192 0.739 0.061
0.074 0.231 0.587 0.108

24
0.088 0.422 0.028 0.462
0.273 0.065 0.661 0.001
0.075 0.476 0.046 0.403
0.659 0.031 0.211 0.099
0.75 0.173 0.018 0.059
0.036 0.029 0.002 0.933
24
0.012 0.073 0.001 0.914
0.0 0.043 0.941 0.016
0.213 0.191 0.125 0.471
0.437 0.025 0.393 0.145
0.03 0.805 0.004 0.161
0.071 0.764 0.135 0.03

4
0.343 0.657
0.768 0.232
4
0.02 0.98
0.659 0.341
4
0.125 0.875
0.415 0.585
4
0.866 0.134
0.103 0.897

24
0.019 0.89 0.078 0.013
0.014 0.003 0.076 0.907
0.867 0.066 0.02 0.047
0.061 0.139 0.046 0.754
0.038 0.065 0.847 0.05
0.048 0.045 0.705 0.202
24
0.054 0.12 0.268 0.558
0.14 0.149 0.0 0.711
0.063 0.8 0.042 0.095
0.042 0.042 0.87 0.046
0.865 0.091 0.033 0.011
0.835 0.007 0.037 0.121
24
0.022 0.901 0.007 0.07
0.84 0.024 0.021 0.115
0.055 0.834 0.107 0.004
0.335 0.009 0.045 0.611
0.002 0.707 0.007 0.284
0.05 0.136 0.39 0.424
24
0.045 0.011 0.909 0.035
0.681 0.007 0.125 0.187
0.011 0.979 0.002 0.008
0.517 0.346 0.008 0.129
0.02 0.624 0.22 0.136
0.579 0.233 0.083 0.105

24
0.711 0.038 0.004 0.247
0.627 0.243 0.077 0.053
0.054 0.506 0.088 0.352
0.821 0.002 0.092 0.085
0.147 0.763 0.047 0.043
0.011 0.973 0.011 0.005
