V-CREDAL 
6 
4 2 2 3 5 5 
6 
1 0 
2 0 1 
2 1 2 
2 2 3 
2 3 4 
2 4 5 

16 
0.52402 0.06152 0.32315 0.09131 
0.05049 0.23296 0.39884 0.31771 
0.88872 0.00663 0.01067 0.09398 
0.22532 0.00209 0.00718 0.76541 

4 
0.15204 0.84796 
0.29937 0.70063 
4 
0.31541 0.68459 
0.23638 0.76362 
4 
0.4584 0.5416 
0.84758 0.15242 
4 
0.93975 0.06025 
0.12258 0.87742 

4 
0.71641 0.28359 
0.41158 0.58842 
4 
0.2296 0.7704 
0.62723 0.37277 

12 
0.38718 0.53267 0.08015 
0.62571 0.09768 0.27661 
0.33846 0.53664 0.1249 
0.38546 0.05439 0.56015 
12 
0.00888 0.01237 0.97875 
0.92293 0.07211 0.00496 
0.01387 0.96025 0.02588 
0.38349 0.02452 0.59199 

20 
0.09897 0.27207 0.05818 0.14776 0.42302 
0.22641 0.25471 0.26592 0.01226 0.2407 
0.01179 0.10125 0.60426 0.23305 0.04965 
1.0E-5 0.99414 0.0055 5.0E-5 3.0E-4 
20 
0.01649 0.05508 0.70153 0.04154 0.18536 
0.0156 0.56743 0.10079 0.04199 0.27419 
0.03922 0.02686 0.84079 0.00215 0.09098 
0.00495 0.00142 0.88565 0.10196 0.00602 
20 
0.33016 0.02034 0.24249 0.35224 0.05477 
0.05443 0.05269 0.11007 0.1793 0.60351 
0.00958 0.01574 0.01735 0.00444 0.95289 
0.81714 0.02137 0.05601 0.09343 0.01205 

20 
0.09409 0.04006 0.75911 0.0648 0.04194 
0.3974 0.00236 0.25825 0.33849 0.0035 
0.77428 0.19905 0.00222 0.01512 0.00933 
0.0338 0.0064 0.00172 0.08295 0.87513 
20 
8.0E-4 0.61396 0.30798 0.07242 0.00484 
9.5E-4 0.02152 0.11228 2.7E-4 0.86498 
0.00567 0.72477 0.00652 0.00481 0.25823 
0.17339 0.62093 0.00221 0.17987 0.0236 
20 
0.0282 0.11822 0.41821 0.34502 0.09035 
0.00734 0.00516 0.00519 0.01424 0.96807 
0.01193 0.13339 0.27449 0.47901 0.10118 
0.37711 0.14731 0.08568 0.36568 0.02422 
20 
0.18146 0.01413 0.41919 0.06089 0.32433 
0.798 0.00469 0.12301 0.01999 0.05431 
0.08537 0.80704 0.00392 0.0023 0.10137 
0.02609 0.1567 0.68335 0.07136 0.0625 
20 
0.39259 0.0578 0.15197 0.05671 0.34093 
0.08221 0.68618 0.22018 0.0021 0.00933 
0.03813 0.75194 0.07908 0.05624 0.07461 
0.74447 0.0718 0.15052 4.3E-4 0.03278 
