V-CREDAL
10
4 4 3 3 3 2 2 2 3 2
10
2 3 0
2 0 1
2 3 2
1 3
2 6 4
3 3 7 5
2 5 6
1 7
2 6 8
2 5 9

16
0.471 0.155 0.218 0.156
0.083 0.691 0.027 0.199
0.195 0.002 0.053 0.75
0.046 0.036 0.086 0.832
16
0.083 0.186 0.186 0.545
0.114 0.138 0.304 0.444
0.027 0.596 0.167 0.21
0.065 0.303 0.015 0.617
16
0.428 0.137 0.192 0.243
0.01 0.125 0.815 0.05
0.518 0.168 0.147 0.167
0.079 0.381 0.016 0.524

16
0.035 0.038 0.31 0.617
0.289 0.046 0.084 0.581
0.023 0.866 0.047 0.064
0.115 0.632 0.031 0.222
16
0.888 0.036 0.064 0.012
0.001 0.181 0.794 0.024
0.012 0.948 0.006 0.034
0.144 0.276 0.108 0.472
16
0.11 0.003 0.22 0.667
0.002 0.105 0.82 0.073
0.0 0.038 0.959 0.003
0.015 0.059 0.286 0.64
16
0.332 0.059 0.091 0.518
0.014 0.019 0.179 0.788
0.108 0.138 0.607 0.147
0.009 0.024 0.954 0.013

12
0.926 0.067 0.007
0.087 0.275 0.638
0.173 0.246 0.581
0.041 0.616 0.343
12
0.015 0.484 0.501
0.891 0.072 0.037
0.008 0.955 0.037
0.626 0.028 0.346
12
0.33 0.585 0.085
0.055 0.003 0.942
0.085 0.003 0.912
0.016 0.863 0.121

12
0.087 0.117 0.796
0.319 0.631 0.05
0.354 0.067 0.579
0.258 0.076 0.666

12
0.06 0.526 0.414
0.19 0.628 0.182
0.366 0.385 0.249
0.554 0.394 0.052
12
0.732 0.238 0.03
0.114 0.747 0.139
0.011 0.246 0.743
0.025 0.022 0.953

4
0.568 0.432
0.092 0.908
4
0.797 0.203
0.871 0.129
4
0.732 0.268
0.003 0.997
4
0.506 0.494
0.62 0.38
4
0.67 0.33
0.246 0.754
4
0.401 0.599
0.518 0.482

4
0.028 0.972
0.165 0.835
4
0.516 0.484
0.911 0.089

4
0.787 0.213
0.728 0.272

12
0.176 0.391 0.433
0.398 0.415 0.187
0.937 0.051 0.012
0.084 0.602 0.314
12
0.14 0.828 0.032
0.884 0.015 0.101
0.09 0.262 0.648
0.408 0.076 0.516

4
0.515 0.485
0.363 0.637
4
0.063 0.937
0.517 0.483
