V-CREDAL
4
3 3 3 4
4
1 0
2 0 1
2 0 2
2 0 3

12
0.077 0.01 0.913
0.277 0.609 0.114
0.163 0.763 0.074
0.359 0.225 0.416

12
0.521 0.262 0.217
0.322 0.414 0.264
0.104 0.21 0.686
0.416 0.109 0.475
12
0.878 0.072 0.05
0.624 0.306 0.07
0.261 0.269 0.47
0.094 0.707 0.199
12
0.905 0.01 0.085
0.599 0.34 0.061
0.993 0.005 0.002
0.252 0.393 0.355

12
0.796 0.188 0.016
0.37 0.487 0.143
0.113 0.154 0.733
0.037 0.152 0.811
12
0.304 0.022 0.674
0.181 0.506 0.313
0.203 0.305 0.492
0.333 0.622 0.045
12
0.001 0.109 0.89
0.448 0.002 0.55
0.077 0.508 0.415
0.681 0.298 0.021

16
0.131 0.506 0.336 0.027
0.063 0.525 0.242 0.17
0.107 0.807 0.029 0.057
0.899 0.021 0.06 0.02
16
0.006 0.508 0.472 0.014
0.368 0.007 0.511 0.114
0.054 0.785 0.087 0.074
0.8 0.14 0.052 0.008
16
0.032 0.949 0.014 0.005
0.488 0.264 0.029 0.219
0.118 0.335 0.33 0.217
0.764 0.217 0.01 0.009
