V-CREDAL
5
3 3 3 4 2
5
1 0
2 0 1
2 1 2
2 2 3
2 3 4

18
0.363 0.081 0.556
0.432 0.336 0.232
0.103 0.161 0.736
0.038 0.791 0.171
0.039 0.747 0.214
0.45 0.122 0.428

18
0.268 0.033 0.699
0.504 0.44 0.056
0.546 0.015 0.439
0.37 0.565 0.065
0.082 0.167 0.751
0.938 0.003 0.059
18
0.327 0.125 0.548
0.571 0.063 0.366
0.544 0.002 0.454
0.451 0.473 0.076
0.243 0.245 0.512
0.017 0.723 0.26
18
0.149 0.007 0.844
0.305 0.695 0.0
0.038 0.641 0.321
0.999 0.0 0.001
0.054 0.891 0.055
0.042 0.474 0.484

18
0.748 0.118 0.134
0.007 0.148 0.845
0.499 0.043 0.458
0.643 0.276 0.081
0.045 0.65 0.305
0.714 0.017 0.269
18
0.045 0.028 0.927
0.811 0.16 0.029
0.219 0.053 0.728
0.08 0.644 0.276
0.025 0.636 0.339
0.279 0.664 0.057
18
0.778 0.013 0.209
0.337 0.049 0.614
0.37 0.475 0.155
0.715 0.24 0.045
0.752 0.177 0.071
0.356 0.047 0.597

24
0.031 0.004 0.029 0.936
0.023 0.907 0.067 0.003
0.017 0.119 0.817 0.047
0.011 0.197 0.015 0.777
0.024 0.69 0.012 0.274
0.034 0.531 0.0 0.435
24
0.279 0.238 0.008 0.475
0.246 0.142 0.172 0.44
0.129 0.435 0.073 0.363
0.719 0.116 0.042 0.123
0.162 0.37 0.266 0.202
0.81 0.024 0.05 0.116
24
0.025 0.931 0.013 0.031
0.757 0.014 0.1 0.129
0.101 0.399 0.116 0.384
0.823 0.167 0.006 0.004
0.533 0.252 0.107 0.108
0.005 0.012 0.344 0.639

4
0.098 0.902
0.709 0.291
4
0.619 0.381
0.369 0.631
4
0.547 0.453
0.464 0.536
4
0.04 0.96
0.311 0.689
