V-CREDAL
7
4 3 3 4 2 2 4
7
1 0
2 0 1
2 1 2
2 2 3
2 3 4
2 4 5
2 5 6

16
0.65 0.154 0.157 0.039
0.175 0.12 0.356 0.349
0.362 0.003 0.614 0.021
0.055 0.044 0.709 0.192

12
0.028 0.048 0.924
0.794 0.149 0.057
0.227 0.534 0.239
0.394 0.588 0.018
12
0.422 0.417 0.161
0.042 0.267 0.691
0.445 0.242 0.313
0.093 0.263 0.644
12
0.532 0.405 0.063
0.652 0.196 0.152
0.021 0.559 0.42
0.007 0.642 0.351
12
0.934 0.057 0.009
0.145 0.227 0.628
0.494 0.498 0.008
0.978 0.006 0.016

12
0.069 0.119 0.812
0.246 0.219 0.535
0.216 0.763 0.021
0.429 0.433 0.138
12
0.686 0.145 0.169
0.232 0.733 0.035
0.05 0.87 0.08
0.073 0.537 0.39
12
0.0 0.232 0.768
0.34 0.254 0.406
0.269 0.029 0.702
0.217 0.282 0.501

16
0.224 0.123 0.201 0.452
0.333 0.216 0.301 0.15
0.044 0.179 0.577 0.2
0.896 0.021 0.066 0.017
16
0.007 0.871 0.121 0.001
0.141 0.715 0.128 0.016
0.732 0.004 0.161 0.103
0.265 0.172 0.367 0.196
16
0.171 0.257 0.336 0.236
0.188 0.068 0.021 0.723
0.813 0.042 0.052 0.093
0.188 0.426 0.119 0.267

4
0.782 0.218
0.473 0.527
4
0.332 0.668
0.614 0.386
4
0.553 0.447
0.333 0.667
4
0.645 0.355
0.84 0.16

4
0.382 0.618
0.34 0.66
4
0.139 0.861
0.993 0.007

16
0.551 0.035 0.33 0.084
0.248 0.036 0.073 0.643
0.207 0.396 0.049 0.348
0.568 0.112 0.266 0.054
16
0.09 0.121 0.073 0.716
0.014 0.184 0.159 0.643
0.432 0.179 0.017 0.372
0.04 0.058 0.852 0.05
