V-CREDAL
4
3 3 3 4
4
1 0
2 0 1
2 1 2
2 2 3

12
0.945 0.042 0.013
0.713 0.117 0.17
0.147 0.275 0.578
0.973 0.008 0.019

12
0.18 0.059 0.761
0.442 0.555 0.003
0.728 0.232 0.04
0.151 0.149 0.7
12
0.72 0.278 0.002
0.177 0.567 0.256
0.253 0.626 0.121
0.361 0.381 0.258
12
0.623 0.284 0.093
0.298 0.192 0.51
0.62 0.349 0.031
0.036 0.351 0.613

12
0.752 0.135 0.113
0.602 0.307 0.091
0.651 0.324 0.025
0.795 0.086 0.119
12
0.36 0.473 0.167
0.103 0.032 0.865
0.024 0.024 0.952
0.257 0.085 0.658
12
0.825 0.073 0.102
0.753 0.238 0.009
0.021 0.491 0.488
0.472 0.428 0.1

16
0.077 0.184 0.032 0.707
0.023 0.03 0.881 0.066
0.318 0.218 0.058 0.406
0.979 0.01 0.002 0.009
16
0.299 0.126 0.084 0.491
0.155 0.272 0.225 0.348
0.569 0.023 0.005 0.403
0.01 0.736 0.048 0.206
16
0.828 0.033 0.001 0.138
0.063 0.773 0.088 0.076
0.083 0.045 0.535 0.337
0.667 0.018 0.122 0.193
