V-CREDAL 
10 
3 5 3 2 2 5 5 4 5 2 
10 
1 0 
2 0 1 
2 1 2 
2 2 3 
2 3 4 
2 4 5 
2 5 6 
2 6 7 
2 7 8 
2 8 9 

12 
0.57384 0.30394 0.12222 
0.8851 3.0E-4 0.1146 
0.00464 0.62106 0.3743 
0.30264 0.53611 0.16125 

20 
0.12604 0.41075 0.42924 0.00386 0.03011 
0.0683 0.00792 0.00229 2.7E-4 0.92122 
0.90011 0.00499 0.04612 0.04476 0.00402 
0.00528 0.29573 0.01008 0.68722 0.00169 
20 
0.1151 0.07876 0.07154 0.72931 0.00529 
0.0597 0.46753 0.0066 0.02305 0.44312 
0.67776 0.19593 0.01156 0.10107 0.01368 
0.00489 0.02578 0.96886 2.2E-4 2.5E-4 
20 
0.1525 0.68682 0.0022 5.9E-4 0.15789 
0.01703 0.00354 0.00276 0.9731 0.00357 
0.23053 0.27707 0.24658 0.12359 0.12223 
0.77255 0.02124 7.9E-4 0.19902 0.0064 

12 
0.75857 0.12212 0.11931 
0.11616 0.02347 0.86037 
0.91948 0.03448 0.04604 
0.50239 0.0044 0.49321 
12 
0.35023 0.58931 0.06046 
0.42843 0.40082 0.17075 
0.14189 0.0107 0.84741 
0.04251 0.11789 0.8396 
12 
0.01571 1.3E-4 0.98416 
0.43566 0.10734 0.457 
0.28502 0.35855 0.35643 
0.13076 0.55261 0.31663 
12 
0.82976 0.01533 0.15491 
0.12211 0.32515 0.55274 
0.15506 0.28981 0.55513 
0.04545 0.80477 0.14978 
12 
0.95814 0.02932 0.01254 
0.05123 0.03583 0.91294 
0.17639 0.29619 0.52742 
0.94948 0.03649 0.01403 

4 
0.59406 0.40594 
0.02226 0.97774 
4 
0.33789 0.66211 
0.41344 0.58656 
4 
0.88349 0.11651 
0.33157 0.66843 

4 
0.58506 0.41494 
0.35157 0.64843 
4 
0.30858 0.69142 
0.63632 0.36368 

20 
0.36436 0.46458 0.0038 0.16119 0.00607 
0.35339 0.27563 0.25995 0.09968 0.01135 
0.26153 0.41033 0.11622 0.05731 0.15461 
0.03263 0.07947 0.00574 0.75457 0.12759 
20 
0.47337 0.50534 0.00385 0.00615 0.01129 
0.0129 0.08372 0.00981 0.62039 0.27318 
0.02207 0.00605 0.95161 0.01856 0.00171 
0.21813 0.13636 0.36476 0.24435 0.0364 

20 
0.25188 0.02164 0.0177 0.5121 0.19668 
0.017 0.09914 0.02862 0.44995 0.40529 
0.00542 0.00349 0.10234 0.88341 0.00534 
0.25179 0.56391 0.00237 0.02126 0.16067 
20 
0.05691 0.06668 0.32073 0.55099 0.00469 
0.25715 0.12149 0.1566 0.15658 0.30818 
0.1742 0.03401 0.59356 0.08234 0.11589 
0.04826 0.28663 0.1973 0.10606 0.36175 
20 
0.1311 8.0E-5 0.51068 0.24727 0.11087 
0.11157 0.27309 0.01748 0.23892 0.35894 
0.19789 0.27203 0.03495 0.41359 0.08154 
0.02543 0.08036 0.03699 0.67469 0.18253 
20 
0.88135 0.02798 0.01618 0.07375 7.4E-4 
0.48491 0.04506 0.00774 0.36973 0.09256 
0.41227 0.49391 0.06927 0.02396 5.9E-4 
0.05903 0.40017 0.35067 0.15988 0.03025 
20 
0.01228 0.79612 0.0652 0.11335 0.01305 
0.06718 0.25249 0.63848 0.02217 0.01968 
0.08249 0.07814 0.44757 0.28347 0.10833 
0.40609 0.39049 0.00418 0.06046 0.13878 

16 
0.05995 0.25636 0.28064 0.40305 
0.05424 0.38025 0.03546 0.53005 
5.2E-4 0.00164 0.99711 7.3E-4 
0.16331 0.21691 0.03376 0.58602 
16 
0.02156 0.0521 0.0325 0.89384 
0.00605 0.7801 0.08153 0.13232 
0.06804 0.06692 0.17732 0.68772 
0.03437 0.1462 0.28435 0.53508 
16 
0.74394 0.21209 0.03504 0.00893 
0.0643 0.01051 0.43455 0.49064 
0.02633 4.7E-4 0.97251 6.9E-4 
7.2E-4 0.91022 0.08877 2.9E-4 
16 
0.01796 0.744 0.22937 0.00867 
0.03006 0.11267 0.84873 0.00854 
0.18383 0.00579 0.7025 0.10788 
0.21191 0.32229 0.20608 0.25972 
16 
0.01332 0.32318 0.65551 0.00799 
0.34375 0.28551 0.0445 0.32624 
0.02122 0.72083 0.00454 0.25341 
0.05818 0.10419 0.11047 0.72716 

20 
0.16594 0.19027 0.00286 0.60023 0.0407 
0.04026 0.0439 0.863 0.04042 0.01242 
0.09369 0.2523 0.05553 0.19691 0.40157 
0.36002 0.02012 0.00738 0.01752 0.59496 
20 
0.00603 0.00324 0.97941 0.00565 0.00567 
0.0055 0.31947 0.00337 5.6E-4 0.6711 
0.10404 0.08199 0.79262 0.00846 0.01289 
0.01374 0.09429 0.01676 0.85803 0.01718 
20 
0.06825 0.13685 0.13866 0.2383 0.41794 
0.18943 0.00718 0.16387 0.63888 6.4E-4 
0.3403 0.01184 0.44912 0.05767 0.14107 
0.03586 0.72128 0.03172 0.14025 0.07089 
20 
0.51703 0.06162 0.28705 0.11899 0.01531 
0.13086 0.00944 0.00431 0.26814 0.58725 
0.00676 0.00851 0.94705 0.03332 0.00436 
0.24192 0.00187 1.6E-4 0.74025 0.0158 

4 
0.01953 0.98047 
0.25165 0.74835 
4 
0.81479 0.18521 
0.06091 0.93909 
4 
0.00517 0.99483 
0.11667 0.88333 
4 
0.06858 0.93142 
0.44494 0.55506 
4 
0.96201 0.03799 
0.65837 0.34163 
