V-CREDAL
8
4 3 4 4 4 3 4 4
8
1 0
2 0 1
2 1 2
2 2 3
2 3 4
2 4 5
2 5 6
2 6 7

24
0.377 0.167 0.027 0.429
0.294 0.474 0.181 0.051
0.576 0.054 0.344 0.026
0.139 0.573 0.248 0.04
0.077 0.014 0.405 0.504
0.227 0.338 0.16 0.275

18
0.306 0.515 0.179
0.024 0.018 0.958
0.17 0.023 0.807
0.037 0.518 0.445
0.007 0.023 0.97
0.148 0.625 0.227
18
0.743 0.194 0.063
0.138 0.629 0.233
0.257 0.731 0.012
0.618 0.138 0.244
0.817 0.028 0.155
0.067 0.781 0.152
18
0.806 0.189 0.005
0.018 0.118 0.864
0.73 0.087 0.183
0.083 0.096 0.821
0.338 0.451 0.211
0.191 0.358 0.451
18
0.007 0.124 0.869
0.918 0.082 0.0
0.001 0.471 0.528
0.212 0.026 0.762
0.533 0.429 0.038
0.997 0.002 0.001

24
0.014 0.089 0.012 0.885
0.001 0.662 0.167 0.17
0.063 0.632 0.131 0.174
0.48 0.321 0.194 0.005
0.324 0.023 0.414 0.239
0.7 0.141 0.068 0.091
24
0.014 0.804 0.181 0.001
0.187 0.146 0.065 0.602
0.005 0.004 0.974 0.017
0.228 0.158 0.002 0.612
0.349 0.116 0.078 0.457
0.139 0.044 0.504 0.313
24
0.073 0.036 0.159 0.732
0.726 0.024 0.026 0.224
0.432 0.288 0.239 0.041
0.556 0.001 0.045 0.398
0.753 0.079 0.019 0.149
0.163 0.354 0.279 0.204

24
0.521 0.246 0.07 0.163
0.003 0.069 0.906 0.022
0.068 0.099 0.115 0.718
0.347 0.025 0.573 0.055
0.026 0.029 0.015 0.93
0.978 0.002 0.008 0.012
24
0.006 0.137 0.474 0.383
0.857 0.139 0.004 0.0
0.323 0.041 0.106 0.53
0.071 0.928 0.001 0.0
0.035 0.331 0.311 0.323
0.23 0.454 0.197 0.119
24
0.001 0.058 0.309 0.632
0.035 0.346 0.573 0.046
0.003 0.002 0.41 0.585
0.104 0.103 0.594 0.199
0.261 0.56 0.085 0.094
0.122 0.445 0.04 0.393
24
0.1 0.018 0.008 0.874
0.225 0.43 0.31 0.035
0.283 0.49 0.178 0.049
0.337 0.371 0.252 0.04
0.027 0.668 0.041 0.264
0.483 0.025 0.189 0.303

24
0.064 0.039 0.845 0.052
0.15 0.549 0.292 0.009
0.275 0.401 0.078 0.246
0.986 0.01 0.003 0.001
0.076 0.009 0.692 0.223
0.049 0.032 0.007 0.912
24
0.353 0.161 0.037 0.449
0.022 0.091 0.599 0.288
0.843 0.015 0.117 0.025
0.539 0.004 0.449 0.008
0.057 0.383 0.407 0.153
0.457 0.348 0.044 0.151
24
0.032 0.001 0.072 0.895
0.36 0.052 0.446 0.142
0.027 0.271 0.022 0.68
0.337 0.311 0.251 0.101
0.013 0.743 0.166 0.078
0.002 0.091 0.014 0.893
24
0.913 0.001 0.071 0.015
0.986 0.013 0.001 0.0
0.638 0.083 0.262 0.017
0.307 0.192 0.491 0.01
0.338 0.089 0.006 0.567
0.076 0.518 0.291 0.115

18
0.012 0.985 0.003
0.454 0.163 0.383
0.685 0.121 0.194
0.63 0.215 0.155
0.084 0.632 0.284
0.138 0.859 0.003
18
0.114 0.877 0.009
0.027 0.371 0.602
0.004 0.954 0.042
0.927 0.01 0.063
0.962 0.022 0.016
0.053 0.16 0.787
18
0.308 0.037 0.655
0.039 0.17 0.791
0.104 0.824 0.072
0.514 0.397 0.089
0.618 0.218 0.164
0.067 0.855 0.078
18
0.409 0.423 0.168
0.028 0.024 0.948
0.187 0.493 0.32
0.932 0.059 0.009
0.964 0.007 0.029
0.007 0.029 0.964

24
0.106 0.116 0.254 0.524
0.928 0.035 0.033 0.004
0.527 0.354 0.117 0.002
0.1 0.101 0.734 0.065
0.013 0.0 0.104 0.883
0.964 0.012 0.013 0.011
24
0.219 0.102 0.309 0.37
0.019 0.917 0.056 0.008
0.402 0.028 0.125 0.445
0.001 0.996 0.0 0.003
0.076 0.045 0.813 0.066
0.322 0.1 0.505 0.073
24
0.05 0.106 0.766 0.078
0.06 0.112 0.827 0.001
0.066 0.081 0.842 0.011
0.014 0.303 0.123 0.56
0.084 0.85 0.01 0.056
0.363 0.051 0.403 0.183

24
0.219 0.021 0.016 0.744
0.763 0.029 0.177 0.031
0.049 0.566 0.089 0.296
0.208 0.043 0.741 0.008
0.118 0.219 0.534 0.129
0.232 0.377 0.316 0.075
24
0.169 0.028 0.308 0.495
0.252 0.151 0.43 0.167
0.648 0.09 0.078 0.184
0.416 0.434 0.016 0.134
0.58 0.138 0.252 0.03
0.186 0.261 0.336 0.217
24
0.147 0.015 0.146 0.692
0.033 0.007 0.934 0.026
0.54 0.192 0.081 0.187
0.306 0.182 0.497 0.015
0.113 0.762 0.018 0.107
0.003 0.796 0.008 0.193
24
0.092 0.423 0.33 0.155
0.529 0.005 0.164 0.302
0.576 0.261 0.049 0.114
0.806 0.0 0.026 0.168
0.825 0.077 0.082 0.016
0.047 0.099 0.035 0.819
