V-CREDAL
8
3 4 4 2 2 2 3 4
8
2 2 0
1 1
2 1 2
4 1 4 5 3
1 4
1 5
2 0 6
2 5 7

12
0.784 0.059 0.157
0.764 0.103 0.133
0.614 0.297 0.089
0.353 0.401 0.246
12
0.629 0.156 0.215
0.003 0.027 0.97
0.329 0.371 0.3
0.15 0.391 0.459
12
0.815 0.014 0.171
0.644 0.189 0.167
0.103 0.145 0.752
0.066 0.414 0.52
12
0.043 0.623 0.334
0.326 0.586 0.088
0.603 0.014 0.383
0.632 0.176 0.192

16
0.218 0.165 0.014 0.603
0.131 0.314 0.41 0.145
0.128 0.112 0.621 0.139
0.215 0.044 0.439 0.302

16
0.069 0.173 0.03 0.728
0.961 0.016 0.013 0.01
0.307 0.453 0.149 0.091
0.091 0.049 0.73 0.13
16
0.001 0.009 0.002 0.988
0.068 0.042 0.412 0.478
0.033 0.006 0.027 0.934
0.288 0.138 0.511 0.063
16
0.097 0.869 0.003 0.031
0.967 0.027 0.006 0.0
0.245 0.419 0.235 0.101
0.035 0.241 0.03 0.694
16
0.017 0.458 0.477 0.048
0.78 0.196 0.012 0.012
0.009 0.008 0.23 0.753
0.28 0.453 0.216 0.051

4
0.342 0.658
0.758 0.242
4
0.425 0.575
0.925 0.075
4
0.808 0.192
0.455 0.545
4
0.865 0.135
0.521 0.479
4
0.674 0.326
0.452 0.548
4
0.517 0.483
0.119 0.881
4
0.885 0.115
0.693 0.307
4
0.79 0.21
0.949 0.051
4
0.562 0.438
0.727 0.273
4
0.268 0.732
0.941 0.059
4
0.78 0.22
0.279 0.721
4
0.07 0.93
0.326 0.674
4
0.687 0.313
0.335 0.665
4
0.763 0.237
0.932 0.068
4
0.805 0.195
0.685 0.315
4
0.992 0.008
0.167 0.833

4
0.267 0.733
0.098 0.902

4
0.035 0.965
0.103 0.897

12
0.004 0.742 0.254
0.029 0.628 0.343
0.234 0.031 0.735
0.076 0.724 0.2
12
0.119 0.05 0.831
0.325 0.328 0.347
0.094 0.778 0.128
0.267 0.732 0.001
12
0.287 0.016 0.697
0.168 0.112 0.72
0.048 0.936 0.016
0.067 0.79 0.143

16
0.142 0.202 0.373 0.283
0.35 0.069 0.076 0.505
0.159 0.52 0.274 0.047
0.654 0.198 0.103 0.045
16
0.012 0.419 0.016 0.553
0.016 0.743 0.094 0.147
0.154 0.596 0.2 0.05
0.034 0.193 0.417 0.356
