V-CREDAL 
4 
3 4 3 3 
4 
1 0 
2 0 1 
2 1 2 
2 2 3 

18 
0.11013 0.31717 0.5727 
0.85682 0.05303 0.09015 
0.09754 0.86 0.04246 
0.80871 0.0573 0.13399 
0.85755 0.04303 0.09942 
0.03469 0.57375 0.39156 

24 
0.14782 0.41541 0.25435 0.18242 
0.1158 0.66105 0.04401 0.17914 
0.94643 0.01087 0.01504 0.02766 
0.56103 0.3813 0.05058 0.00709 
0.24459 0.09201 0.28064 0.38276 
0.12774 0.70281 0.09195 0.0775 
24 
0.11623 0.08631 0.02536 0.7721 
0.42845 0.42032 0.1165 0.03473 
0.16807 0.18653 0.38638 0.25902 
0.16072 0.00333 0.63171 0.20424 
0.06437 0.00459 0.89117 0.03987 
0.68271 0.07765 0.15638 0.08326 
24 
0.039 0.08206 0.28812 0.59082 
0.83339 0.1569 0.00825 0.00146 
0.20299 0.08189 0.00743 0.70769 
0.13182 0.18235 0.25029 0.43554 
0.8116 0.01906 0.05063 0.11871 
0.0629 0.14857 0.03461 0.75392 

18 
0.02486 0.0734 0.90174 
0.01332 0.95427 0.03241 
0.67702 0.10491 0.21807 
0.04314 0.01456 0.9423 
0.05295 0.00804 0.93901 
0.66584 0.1333 0.20086 
18 
0.13939 0.02563 0.83498 
0.95338 0.00347 0.04315 
0.31283 0.68107 0.0061 
0.06044 0.17303 0.76653 
0.00388 0.99599 1.3E-4 
0.21845 0.77926 0.00229 
18 
0.16922 0.61027 0.22051 
0.94958 0.0493 0.00112 
0.02908 0.11017 0.86075 
0.92846 0.0374 0.03414 
0.29248 0.53826 0.16926 
0.85943 0.11884 0.02173 
18 
0.87935 0.04625 0.0744 
0.40465 0.04566 0.54969 
0.34225 0.10098 0.55677 
0.09794 0.35625 0.54581 
0.18177 0.5217 0.29653 
0.84481 0.12174 0.03345 

18 
0.03631 0.92855 0.03514 
0.02264 0.14931 0.82805 
0.51469 0.33787 0.14744 
0.00482 0.79575 0.19943 
0.35653 0.59082 0.05265 
0.27747 0.06491 0.65762 
18 
0.04474 0.13268 0.82258 
0.16404 0.08529 0.75067 
0.02764 0.96969 0.00267 
0.97961 4.3E-4 0.01996 
0.43666 0.02964 0.5337 
0.03353 0.54823 0.41824 
18 
0.87667 0.10052 0.02281 
1.0E-4 0.02455 0.97535 
0.01318 0.90835 0.07847 
0.22484 0.76231 0.01285 
0.37982 0.0108 0.60938 
0.95214 0.02061 0.02725 
