V-CREDAL 
10 
4 2 4 3 4 2 2 4 4 2 
10 
1 0 
2 0 1 
2 1 2 
2 2 3 
2 3 4 
2 4 5 
2 5 6 
2 6 7 
2 7 8 
2 8 9 

16 
0.10225 0.0019 0.44549 0.45036 
0.95018 0.00835 0.03612 0.00535 
0.03404 0.44126 0.04123 0.48347 
0.03223 0.08472 0.87631 0.00674 

4 
0.45882 0.54118 
0.37816 0.62184 
4 
0.68024 0.31976 
0.01524 0.98476 
4 
0.5549 0.4451 
0.69605 0.30395 
4 
0.8224 0.1776 
0.57412 0.42588 

16 
0.02525 0.13529 0.00299 0.83647 
0.13795 0.03638 0.81366 0.01201 
0.2264 0.5815 0.11716 0.07494 
0.44697 0.2753 0.13981 0.13792 
16 
0.0025 0.34949 0.6477 3.1E-4 
0.04125 0.0401 0.09419 0.82446 
0.47042 0.22872 0.23009 0.07077 
1.5E-4 0.6222 0.37699 6.6E-4 

12 
0.0284 0.42891 0.54269 
0.7195 0.02385 0.25665 
0.08237 0.83575 0.08188 
0.10484 0.17195 0.72321 
12 
0.05067 0.84641 0.10292 
0.23587 0.0404 0.72373 
0.74748 0.10336 0.14916 
0.14226 0.27675 0.58099 
12 
0.54414 0.08014 0.37572 
0.8025 0.06509 0.13241 
0.4321 0.15372 0.41418 
0.03104 0.93508 0.03388 
12 
0.08884 0.09283 0.81833 
0.10789 0.05294 0.83917 
0.00532 0.90423 0.09045 
0.88345 0.11492 0.00163 

16 
0.01285 0.97258 0.00147 0.0131 
0.26122 0.59511 0.0849 0.05877 
0.01581 1.4E-4 0.9839 1.5E-4 
0.1178 0.04688 0.65011 0.18521 
16 
0.01377 0.84087 0.02066 0.1247 
0.15836 0.05363 0.4215 0.36651 
0.14049 0.02135 0.80393 0.03423 
0.05156 0.50549 0.0811 0.36185 
16 
0.49287 0.03863 0.02573 0.44277 
0.41985 0.44082 0.07326 0.06607 
0.19756 0.73919 0.03217 0.03108 
0.06006 0.03389 0.8467 0.05935 

4 
0.73596 0.26404 
0.77874 0.22126 
4 
0.07279 0.92721 
0.60193 0.39807 
4 
0.15838 0.84162 
0.69218 0.30782 
4 
0.77063 0.22937 
0.94917 0.05083 

4 
0.99673 0.00327 
0.81812 0.18188 
4 
0.73308 0.26692 
0.42906 0.57094 

16 
0.18556 0.1208 0.08307 0.61057 
0.00183 0.0201 0.60099 0.37708 
0.00393 0.05391 0.08367 0.85849 
0.76456 0.04293 0.18813 0.00438 
16 
0.06027 0.35456 0.34394 0.24123 
0.12249 0.82358 0.01803 0.0359 
0.41814 0.36712 0.06886 0.14588 
0.23441 0.52668 0.20205 0.03686 

16 
0.13121 0.14911 0.48624 0.23344 
0.21818 0.40811 0.18123 0.19248 
0.35846 0.28654 0.07269 0.28231 
0.02085 0.51401 0.1613 0.30384 
16 
0.13456 0.23447 0.10277 0.5282 
0.42831 0.14794 0.28401 0.13974 
0.03485 0.34902 0.43754 0.17859 
0.02418 0.05903 0.41056 0.50623 
16 
0.00464 0.0071 0.01189 0.97637 
0.14167 0.34078 0.19336 0.32419 
0.12736 0.30782 0.08259 0.48223 
0.04918 0.45936 0.05775 0.43371 
16 
0.00849 0.79329 0.05629 0.14193 
0.75154 0.041 0.20593 0.00153 
0.77451 0.00903 0.05822 0.15824 
0.10494 0.11602 0.77677 0.00227 

4 
0.33425 0.66575 
0.98402 0.01598 
4 
0.04214 0.95786 
0.10999 0.89001 
4 
0.21786 0.78214 
0.00791 0.99209 
4 
0.29005 0.70995 
0.97819 0.02181 
