V-CREDAL 
6 
4 2 4 3 5 5 
6 
2 5 0 
3 4 5 1 
2 5 2 
2 4 3 
1 4 
1 5 

16 
0.15849 0.40679 0.38072 0.054 
0.91565 0.00538 0.0471 0.03187 
0.512 0.01071 0.02265 0.45464 
0.37532 0.16759 0.45197 0.00512 
16 
0.33019 0.40847 0.25982 0.00152 
0.27089 0.04068 0.62227 0.06616 
0.09027 0.06315 0.38364 0.46294 
0.50445 0.22377 0.11519 0.15659 
16 
6.4E-4 0.00903 0.09241 0.89792 
0.19298 0.28968 0.22775 0.28959 
0.88366 0.04395 0.02352 0.04887 
0.18414 0.06153 0.51119 0.24314 
16 
0.24261 0.14639 0.30485 0.30615 
0.25009 0.28848 0.04122 0.42021 
0.2084 0.02533 0.76287 0.0034 
0.48101 0.3166 0.06353 0.13886 
16 
0.36989 0.19817 0.38266 0.04928 
0.05439 0.91239 0.01826 0.01496 
0.11321 0.02659 0.08233 0.77787 
0.041 0.12705 0.76497 0.06698 

4 
0.45145 0.54855 
0.88676 0.11324 
4 
0.19629 0.80371 
0.55507 0.44493 
4 
0.06105 0.93895 
0.37759 0.62241 
4 
0.48096 0.51904 
0.70051 0.29949 
4 
0.10872 0.89128 
0.92558 0.07442 
4 
0.99122 0.00878 
0.00877 0.99123 
4 
0.16856 0.83144 
0.53069 0.46931 
4 
0.09225 0.90775 
0.77034 0.22966 
4 
0.05669 0.94331 
0.92882 0.07118 
4 
0.12614 0.87386 
0.55856 0.44144 
4 
0.03972 0.96028 
0.98887 0.01113 
4 
0.49147 0.50853 
0.2671 0.7329 
4 
0.53655 0.46345 
0.00472 0.99528 
4 
0.98211 0.01789 
0.15057 0.84943 
4 
0.40216 0.59784 
0.64357 0.35643 
4 
0.56246 0.43754 
0.46243 0.53757 
4 
0.77299 0.22701 
0.04401 0.95599 
4 
0.80568 0.19432 
0.21607 0.78393 
4 
0.23257 0.76743 
0.78288 0.21712 
4 
0.80001 0.19999 
0.5974 0.4026 
4 
0.00936 0.99064 
0.89377 0.10623 
4 
0.24991 0.75009 
0.72692 0.27308 
4 
0.83708 0.16292 
0.32709 0.67291 
4 
0.97155 0.02845 
0.81953 0.18047 
4 
0.00432 0.99568 
0.20411 0.79589 

16 
0.17096 0.01525 0.00732 0.80647 
0.11064 0.76666 0.08698 0.03572 
0.16998 0.04004 0.43369 0.35629 
0.15171 0.2054 0.19711 0.44578 
16 
0.41482 0.1131 0.34209 0.12999 
0.3928 0.54518 0.05344 0.00858 
0.79362 0.12843 0.06753 0.01042 
0.35597 0.21173 0.28535 0.14695 
16 
0.01233 0.08081 0.00571 0.90115 
0.22677 0.40105 0.33521 0.03697 
0.25201 0.49277 0.08237 0.17285 
0.01861 0.60944 0.21587 0.15608 
16 
0.01194 0.69859 0.27975 0.00972 
0.99736 0.00138 9.7E-4 2.9E-4 
0.09933 0.00158 0.00995 0.88914 
0.37824 0.2353 0.07695 0.30951 
16 
0.04934 0.914 0.02953 0.00713 
0.27906 0.13026 0.06602 0.52466 
0.03927 0.25353 0.6005 0.1067 
0.80902 0.03797 0.14383 0.00918 

12 
0.52974 0.11105 0.35921 
0.79419 0.19606 0.00975 
0.30575 0.68438 0.00987 
0.17993 0.55393 0.26614 
12 
0.80153 0.07273 0.12574 
0.24158 0.65024 0.10818 
0.02836 0.2334 0.73824 
0.17255 0.16378 0.66367 
12 
0.12806 0.73781 0.13413 
0.4281 0.56764 0.00426 
0.22827 0.74829 0.02344 
0.30174 0.59681 0.10145 
12 
0.67936 0.12425 0.19639 
0.59336 0.23297 0.17367 
0.84149 0.05122 0.10729 
0.86095 0.06462 0.07443 
12 
0.08596 0.56834 0.3457 
0.31034 0.33474 0.35492 
0.32936 0.11865 0.55199 
0.59526 0.03506 0.36968 

20 
0.00451 0.22002 0.00113 0.76929 0.00505 
0.02277 0.94473 1.1E-4 0.03138 0.00101 
0.08015 0.08744 0.06866 0.12281 0.64094 
0.27511 0.48426 0.15152 0.05879 0.03032 

20 
0.00422 0.92831 0.00254 0.02411 0.04082 
0.03077 0.15221 0.00336 0.00348 0.81018 
0.64715 0.13519 0.11912 0.03998 0.05856 
0.08587 0.05595 0.12056 0.57835 0.15927 
