V-CREDAL
4
4 3 3 3
4
2 3 0
2 2 1
2 3 2
1 3

16
0.003 0.99 0.003 0.004
0.083 0.01 0.087 0.82
0.063 0.049 0.036 0.852
0.052 0.008 0.868 0.072
16
0.16 0.345 0.292 0.203
0.117 0.051 0.021 0.811
0.949 0.003 0.002 0.046
0.132 0.175 0.65 0.043
16
0.195 0.591 0.05 0.164
0.623 0.002 0.048 0.327
0.577 0.049 0.197 0.177
0.002 0.439 0.252 0.307

12
0.153 0.251 0.596
0.687 0.09 0.223
0.225 0.092 0.683
0.012 0.913 0.075
12
0.798 0.082 0.12
0.861 0.049 0.09
0.281 0.021 0.698
0.005 0.153 0.842
12
0.104 0.506 0.39
0.678 0.179 0.143
0.745 0.06 0.195
0.136 0.035 0.829

12
0.147 0.373 0.48
0.459 0.033 0.508
0.726 0.152 0.122
0.184 0.624 0.192
12
0.256 0.67 0.074
0.119 0.855 0.026
0.062 0.935 0.003
0.128 0.857 0.015
12
0.069 0.589 0.342
0.168 0.378 0.454
0.079 0.104 0.817
0.206 0.107 0.687

12
0.76 0.005 0.235
0.099 0.187 0.714
0.356 0.566 0.078
0.473 0.475 0.052
