V-CREDAL 
6 
4 4 4 2 4 4 
6 
2 1 0 
2 5 1 
2 3 2 
2 1 3 
2 5 4 
1 5 

16 
0.00845 0.22345 0.66707 0.10103 
6.2E-4 0.97961 0.00112 0.01865 
0.24518 0.61881 0.04477 0.09124 
0.08745 0.02451 0.86159 0.02645 
16 
0.02934 0.86382 0.08571 0.02113 
0.49887 0.00737 0.47792 0.01584 
0.05656 0.53346 0.34388 0.0661 
0.07094 0.92728 3.1E-4 0.00147 
16 
0.67271 0.00555 0.29178 0.02996 
0.09807 0.44648 0.24933 0.20612 
0.00285 0.03282 0.91336 0.05097 
0.7272 0.22394 0.04335 0.00551 
16 
0.05405 0.03336 0.75029 0.1623 
0.13671 0.23384 0.4547 0.17475 
0.19707 0.44571 0.05629 0.30093 
0.24906 0.38763 0.20572 0.15759 

16 
0.28636 0.16935 0.50096 0.04333 
0.61025 0.08734 0.0904 0.21201 
0.00985 0.73133 0.14797 0.11085 
0.36197 0.44665 0.16824 0.02314 
16 
0.03581 0.37782 0.07984 0.50653 
0.01196 0.46393 0.5024 0.02171 
0.00468 0.98935 0.00179 0.00418 
0.04592 0.23035 0.20378 0.51995 
16 
0.20127 0.53846 0.20163 0.05864 
0.00253 0.48203 0.00474 0.5107 
0.4201 0.06375 0.4335 0.08265 
0.15555 0.29493 0.46465 0.08487 
16 
0.06066 0.14033 0.10867 0.69034 
0.14591 0.04959 0.69977 0.10473 
0.96045 0.00725 0.02613 0.00617 
0.10217 0.46171 0.34381 0.09231 

16 
0.02268 0.12213 0.44775 0.40744 
0.20246 0.46952 0.32322 0.0048 
0.00362 0.74682 0.20461 0.04495 
0.44433 0.11633 0.4289 0.01044 
16 
0.01922 0.15036 0.67599 0.15443 
0.58883 0.15662 0.23006 0.02449 
0.32882 0.33612 0.26499 0.07007 
0.25339 0.54864 0.0749 0.12307 

4 
0.6639 0.3361 
0.96714 0.03286 
4 
0.09049 0.90951 
0.40439 0.59561 
4 
0.36503 0.63497 
0.95566 0.04434 
4 
0.53736 0.46264 
0.14924 0.85076 

16 
0.78278 0.04135 0.08112 0.09475 
0.00359 0.89712 0.05637 0.04292 
0.6443 0.02512 0.07338 0.2572 
0.30983 0.42296 0.14444 0.12277 
16 
0.0892 0.85519 0.05163 0.00398 
0.05023 0.17121 0.05532 0.72324 
0.12992 0.02667 0.44765 0.39576 
0.16277 0.52802 0.11765 0.19156 
16 
0.02221 0.08533 0.00883 0.88363 
0.28883 0.17911 0.07412 0.45794 
0.38476 0.04962 0.04196 0.52366 
0.22272 0.20172 0.52496 0.0506 
16 
0.53815 0.08072 0.07708 0.30405 
0.01573 0.0325 0.40259 0.54918 
0.07351 0.06083 0.12967 0.73599 
0.45161 0.07179 0.41711 0.05949 

16 
0.09952 0.08785 0.64748 0.16515 
0.7751 0.16864 0.02643 0.02983 
0.08514 0.02013 0.31828 0.57645 
0.01285 0.00986 0.07317 0.90412 
