V-CREDAL
10
4 3 2 4 4 3 3 4 4 3
10
2 7 0
1 1
3 1 5 2
2 0 3
2 5 4
1 5
3 4 7 6
1 7
2 0 8
2 5 9

24
0.009 0.777 0.01 0.204
0.116 0.18 0.198 0.506
0.595 0.133 0.01 0.262
0.18 0.236 0.336 0.248
0.909 0.029 0.059 0.003
0.026 0.573 0.28 0.121
24
0.423 0.45 0.106 0.021
0.111 0.637 0.048 0.204
0.003 0.046 0.028 0.923
0.857 0.129 0.002 0.012
0.014 0.535 0.105 0.346
0.078 0.669 0.232 0.021
24
0.056 0.71 0.14 0.094
0.338 0.548 0.027 0.087
0.237 0.046 0.264 0.453
0.005 0.134 0.385 0.476
0.257 0.321 0.314 0.108
0.074 0.188 0.586 0.152
24
0.063 0.377 0.141 0.419
0.626 0.286 0.01 0.078
0.017 0.082 0.844 0.057
0.267 0.089 0.344 0.3
0.011 0.905 0.038 0.046
0.486 0.016 0.344 0.154

18
0.842 0.129 0.029
0.483 0.42 0.097
0.088 0.043 0.869
0.109 0.563 0.328
0.343 0.017 0.64
0.085 0.509 0.406

4
0.169 0.831
0.436 0.564
4
0.711 0.289
0.261 0.739
4
0.024 0.976
0.634 0.366
4
0.167 0.833
0.072 0.928
4
0.441 0.559
0.823 0.177
4
0.234 0.766
0.774 0.226
4
0.022 0.978
0.352 0.648
4
0.175 0.825
0.8 0.2
4
0.695 0.305
0.425 0.575

24
0.004 0.608 0.387 0.001
0.576 0.176 0.047 0.201
0.26 0.062 0.034 0.644
0.77 0.008 0.204 0.018
0.451 0.129 0.011 0.409
0.131 0.386 0.31 0.173
24
0.312 0.173 0.222 0.293
0.947 0.009 0.01 0.034
0.434 0.069 0.156 0.341
0.555 0.209 0.231 0.005
0.193 0.598 0.06 0.149
0.039 0.749 0.174 0.038
24
0.024 0.604 0.272 0.1
0.002 0.092 0.072 0.834
0.003 0.032 0.961 0.004
0.321 0.002 0.441 0.236
0.015 0.422 0.177 0.386
0.587 0.195 0.113 0.105
24
0.008 0.032 0.95 0.01
0.046 0.204 0.012 0.738
0.811 0.174 0.013 0.002
0.06 0.171 0.003 0.766
0.043 0.635 0.057 0.265
0.416 0.072 0.419 0.093

24
0.126 0.754 0.073 0.047
0.025 0.877 0.086 0.012
0.043 0.042 0.696 0.219
0.336 0.026 0.521 0.117
0.043 0.098 0.738 0.121
0.092 0.006 0.811 0.091
24
0.185 0.066 0.611 0.138
0.71 0.128 0.098 0.064
0.025 0.339 0.401 0.235
0.009 0.268 0.722 0.001
0.037 0.89 0.057 0.016
0.07 0.112 0.299 0.519
24
0.605 0.045 0.265 0.085
0.042 0.935 0.019 0.004
0.009 0.123 0.002 0.866
0.235 0.054 0.001 0.71
0.088 0.205 0.486 0.221
0.087 0.054 0.277 0.582

18
0.05 0.844 0.106
0.034 0.741 0.225
0.06 0.897 0.043
0.144 0.091 0.765
0.881 0.002 0.117
0.756 0.167 0.077

18
0.012 0.697 0.291
0.609 0.296 0.095
0.287 0.342 0.371
0.07 0.804 0.126
0.445 0.168 0.387
0.832 0.068 0.1
18
0.026 0.652 0.322
0.006 0.286 0.708
0.082 0.168 0.75
0.797 0.191 0.012
0.349 0.018 0.633
0.828 0.008 0.164
18
0.028 0.93 0.042
0.85 0.117 0.033
0.009 0.011 0.98
0.105 0.888 0.007
0.725 0.016 0.259
0.117 0.009 0.874
18
0.846 0.022 0.132
0.726 0.205 0.069
0.027 0.217 0.756
0.015 0.107 0.878
0.347 0.342 0.311
0.005 0.005 0.99
18
0.283 0.714 0.003
0.003 0.003 0.994
0.048 0.86 0.092
0.966 0.007 0.027
0.275 0.72 0.005
0.859 0.139 0.002
18
0.679 0.236 0.085
0.338 0.111 0.551
0.13 0.062 0.808
0.075 0.599 0.326
0.079 0.488 0.433
0.086 0.904 0.01
18
0.974 0.007 0.019
0.089 0.795 0.116
0.042 0.404 0.554
0.485 0.475 0.04
0.558 0.082 0.36
0.144 0.773 0.083
18
0.948 0.023 0.029
0.053 0.099 0.848
0.353 0.616 0.031
0.113 0.748 0.139
0.161 0.733 0.106
0.041 0.207 0.752
18
0.715 0.044 0.241
0.886 0.045 0.069
0.414 0.068 0.518
0.813 0.167 0.02
0.063 0.636 0.301
0.089 0.469 0.442
18
0.151 0.808 0.041
0.041 0.008 0.951
0.075 0.798 0.127
0.89 0.021 0.089
0.031 0.162 0.807
0.279 0.001 0.72
18
0.844 0.152 0.004
0.407 0.099 0.494
0.215 0.779 0.006
0.568 0.015 0.417
0.008 0.877 0.115
0.733 0.065 0.202
18
0.804 0.082 0.114
0.481 0.463 0.056
0.724 0.235 0.041
0.177 0.054 0.769
0.162 0.529 0.309
0.254 0.559 0.187
18
0.206 0.053 0.741
0.213 0.561 0.226
0.046 0.155 0.799
0.582 0.191 0.227
0.592 0.236 0.172
0.281 0.551 0.168
18
0.002 0.997 0.001
0.122 0.052 0.826
0.961 0.029 0.01
0.006 0.848 0.146
0.706 0.012 0.282
0.071 0.206 0.723
18
0.041 0.917 0.042
0.407 0.008 0.585
0.111 0.059 0.83
0.223 0.763 0.014
0.947 0.032 0.021
0.034 0.883 0.083
18
0.429 0.05 0.521
0.041 0.021 0.938
0.537 0.126 0.337
0.002 0.91 0.088
0.098 0.013 0.889
0.524 0.38 0.096

24
0.687 0.027 0.068 0.218
0.644 0.19 0.02 0.146
0.252 0.683 0.024 0.041
0.109 0.019 0.858 0.014
0.039 0.154 0.334 0.473
0.317 0.516 0.136 0.031

24
0.724 0.003 0.008 0.265
0.473 0.313 0.026 0.188
0.047 0.163 0.546 0.244
0.773 0.073 0.051 0.103
0.078 0.057 0.191 0.674
0.825 0.008 0.12 0.047
24
0.039 0.084 0.411 0.466
0.621 0.226 0.088 0.065
0.018 0.116 0.851 0.015
0.042 0.087 0.095 0.776
0.028 0.87 0.043 0.059
0.077 0.083 0.137 0.703
24
0.057 0.471 0.083 0.389
0.313 0.025 0.021 0.641
0.007 0.002 0.937 0.054
0.269 0.015 0.68 0.036
0.23 0.416 0.038 0.316
0.437 0.026 0.035 0.502
24
0.008 0.013 0.129 0.85
0.041 0.774 0.102 0.083
0.521 0.132 0.232 0.115
0.631 0.033 0.067 0.269
0.006 0.01 0.001 0.983
0.014 0.91 0.042 0.034

18
0.078 0.673 0.249
0.201 0.01 0.789
0.006 0.574 0.42
0.881 0.047 0.072
0.731 0.189 0.08
0.099 0.036 0.865
18
0.113 0.779 0.108
0.558 0.135 0.307
0.178 0.014 0.808
0.012 0.406 0.582
0.581 0.069 0.35
0.053 0.569 0.378
18
0.336 0.662 0.002
0.89 0.062 0.048
0.032 0.927 0.041
0.049 0.355 0.596
0.365 0.073 0.562
0.496 0.014 0.49
