V-CREDAL
8
3 4 4 3 3 3 2 3
8
1 0
2 0 1
2 1 2
2 2 3
2 3 4
2 4 5
2 5 6
2 6 7

12
0.717 0.21 0.073
0.112 0.082 0.806
0.034 0.955 0.011
0.767 0.071 0.162

16
0.516 0.057 0.382 0.045
0.263 0.065 0.349 0.323
0.457 0.138 0.333 0.072
0.258 0.253 0.336 0.153
16
0.03 0.094 0.675 0.201
0.13 0.154 0.414 0.302
0.251 0.03 0.384 0.335
0.982 0.001 0.011 0.006
16
0.503 0.078 0.306 0.113
0.075 0.278 0.026 0.621
0.079 0.588 0.113 0.22
0.15 0.282 0.494 0.074

16
0.468 0.358 0.136 0.038
0.642 0.215 0.059 0.084
0.007 0.118 0.058 0.817
0.317 0.004 0.577 0.102
16
0.168 0.409 0.331 0.092
0.011 0.037 0.817 0.135
0.172 0.619 0.046 0.163
0.572 0.215 0.178 0.035
16
0.071 0.608 0.277 0.044
0.028 0.438 0.009 0.525
0.154 0.357 0.183 0.306
0.076 0.166 0.567 0.191
16
0.103 0.599 0.296 0.002
0.19 0.021 0.146 0.643
0.079 0.126 0.016 0.779
0.049 0.008 0.814 0.129

12
0.081 0.464 0.455
0.056 0.023 0.921
0.857 0.131 0.012
0.05 0.045 0.905
12
0.993 0.007 0.0
0.018 0.003 0.979
0.119 0.876 0.005
0.016 0.973 0.011
12
0.11 0.498 0.392
0.569 0.085 0.346
0.08 0.448 0.472
0.419 0.479 0.102
12
0.318 0.024 0.658
0.242 0.699 0.059
0.011 0.902 0.087
0.314 0.564 0.122

12
0.364 0.622 0.014
0.36 0.357 0.283
0.404 0.134 0.462
0.441 0.191 0.368
12
0.148 0.25 0.602
0.024 0.089 0.887
0.995 0.001 0.004
0.337 0.223 0.44
12
0.001 0.138 0.861
0.627 0.056 0.317
0.612 0.331 0.057
0.015 0.82 0.165

12
0.132 0.221 0.647
0.02 0.954 0.026
0.869 0.127 0.004
0.911 0.043 0.046
12
0.547 0.383 0.07
0.137 0.687 0.176
0.191 0.557 0.252
0.267 0.642 0.091
12
0.409 0.519 0.072
0.3 0.409 0.291
0.14 0.142 0.718
0.646 0.197 0.157

4
0.381 0.619
0.269 0.731
4
0.924 0.076
0.577 0.423
4
0.674 0.326
0.259 0.741

12
0.995 0.002 0.003
0.004 0.384 0.612
0.005 0.936 0.059
0.66 0.014 0.326
12
0.085 0.062 0.853
0.65 0.245 0.105
0.001 0.854 0.145
0.007 0.097 0.896
