V-CREDAL 
6 
2 3 4 2 4 4 
6 
3 3 5 0 
2 2 1 
1 2 
1 3 
1 4 
3 1 4 5 

4 
0.17267 0.82733 
0.18362 0.81638 
4 
0.74101 0.25899 
0.016 0.984 
4 
0.36208 0.63792 
0.05315 0.94685 
4 
0.96102 0.03898 
0.55845 0.44155 
4 
0.86866 0.13134 
0.79747 0.20253 
4 
0.65826 0.34174 
0.16008 0.83992 
4 
0.01243 0.98757 
0.95494 0.04506 
4 
0.00942 0.99058 
0.30579 0.69421 

18 
0.86851 0.01495 0.11654 
0.41219 0.5589 0.02891 
8.3E-4 0.00848 0.99069 
0.00416 0.98614 0.0097 
0.25809 0.00254 0.73937 
0.61551 0.32328 0.06121 
18 
0.00557 0.97832 0.01611 
0.01518 0.31883 0.66599 
3.4E-4 0.64319 0.35647 
0.79993 0.11253 0.08754 
0.18856 0.0241 0.78734 
0.42691 0.54938 0.02371 
18 
0.12546 0.38145 0.49309 
0.52978 0.31363 0.15659 
0.07368 0.30461 0.62171 
0.49177 0.2463 0.26193 
0.05067 0.00883 0.9405 
0.0836 0.0187 0.8977 
18 
0.62881 0.33591 0.03528 
0.58507 0.14789 0.26704 
0.06804 0.52107 0.41089 
0.04617 0.0141 0.93973 
0.36569 0.55978 0.07453 
0.26732 0.05906 0.67362 

24 
0.05596 0.14687 0.66496 0.13221 
0.02263 0.01587 0.8676 0.0939 
0.21564 0.00546 0.7281 0.0508 
0.10782 0.04901 0.78199 0.06118 
0.02701 0.03976 0.48728 0.44595 
0.81177 0.14738 0.00452 0.03633 

4 
0.0099 0.9901 
0.71307 0.28693 

24 
0.1953 0.25312 0.53536 0.01622 
0.24997 0.41391 0.32993 0.00619 
0.97638 0.02176 8.6E-4 0.001 
0.28279 0.55754 0.02891 0.13076 
0.22748 0.14627 0.28287 0.34338 
0.1255 0.32329 0.26178 0.28943 

24 
0.87076 0.05615 0.03217 0.04092 
0.10139 0.52309 0.3054 0.07012 
0.14564 0.31275 0.53932 0.00229 
0.07513 0.07009 0.84433 0.01045 
0.36946 0.07796 0.53628 0.0163 
0.13199 0.05346 0.37489 0.43966 
24 
0.55465 0.01336 0.2952 0.13679 
0.0172 0.33751 0.48623 0.15906 
0.08654 0.32308 0.32783 0.26255 
0.2389 0.18618 0.52224 0.05268 
0.48639 0.09699 0.07434 0.34228 
0.04618 0.41502 0.34189 0.19691 
24 
0.05841 0.85064 0.07317 0.01778 
0.01183 0.36906 0.03924 0.57987 
0.00263 0.00169 0.98783 0.00785 
0.98483 9.8E-4 0.00995 0.00424 
0.04383 0.21373 0.18001 0.56243 
0.04822 0.1741 0.31718 0.4605 
24 
0.34667 0.42435 0.15088 0.0781 
0.02421 0.12244 0.06936 0.78399 
0.21575 0.03958 0.60455 0.14012 
0.70413 0.28512 0.00321 0.00754 
0.03304 0.01166 8.0E-4 0.9545 
0.50735 0.10642 0.16533 0.2209 
24 
0.59186 0.04461 0.25193 0.1116 
0.10785 0.2435 0.4676 0.18105 
0.31684 0.01252 0.58458 0.08606 
0.71885 0.17106 0.0755 0.03459 
0.21145 0.70182 0.06295 0.02378 
0.59032 0.03051 0.03149 0.34768 
24 
0.04089 0.37583 0.03976 0.54352 
0.01548 0.85415 0.02273 0.10764 
0.49317 0.07451 0.05779 0.37453 
0.93364 0.0014 0.05691 0.00805 
4.3E-4 0.52894 0.39617 0.07446 
0.09605 0.08211 0.41512 0.40672 
24 
0.74941 0.03114 0.02532 0.19413 
0.59672 0.10306 0.01502 0.2852 
0.88144 0.03032 0.04623 0.04201 
0.0306 0.36135 0.18705 0.421 
0.72858 0.15222 0.02985 0.08935 
0.17169 0.68223 0.08263 0.06345 
24 
0.46888 0.06143 0.46567 0.00402 
0.03398 0.68891 0.18315 0.09396 
0.10741 0.56503 0.12717 0.20039 
0.66024 0.27863 0.0317 0.02943 
0.48537 0.12614 0.06411 0.32438 
0.01179 0.87934 0.0643 0.04457 
24 
0.06312 0.83827 0.04203 0.05658 
0.17615 0.2501 0.11379 0.45996 
0.21752 0.59156 0.13815 0.05277 
0.01977 0.49807 0.36092 0.12124 
0.03208 0.22038 0.71235 0.03519 
0.22731 0.10636 0.62558 0.04075 
24 
0.08724 0.03462 0.04819 0.82995 
0.03719 0.00877 0.93849 0.01555 
0.93436 0.05435 0.00976 0.00153 
0.0481 0.4373 0.48872 0.02588 
0.01049 0.66263 0.27508 0.0518 
0.13646 0.72608 0.1053 0.03216 
24 
0.07169 0.20663 0.35488 0.3668 
0.91755 7.7E-4 0.01961 0.06207 
0.0485 0.81806 0.07573 0.05771 
0.0523 0.28647 0.6375 0.02373 
0.54443 0.0044 0.24195 0.20922 
0.02396 0.39195 0.04066 0.54343 
24 
0.55619 0.09403 0.12859 0.22119 
0.08525 0.14104 0.01818 0.75553 
0.16383 0.14759 0.06187 0.62671 
0.26355 0.02364 0.22442 0.48839 
0.18303 0.1697 0.28165 0.36562 
0.09688 0.18589 0.19952 0.51771 
