V-CREDAL
4
3 2 4 3
4
1 0
2 0 1
2 1 2
2 2 3

12
0.975 0.003 0.022
0.052 0.096 0.852
0.839 0.127 0.034
0.427 0.348 0.225

4
0.056 0.944
0.751 0.249
4
0.292 0.708
0.005 0.995
4
0.145 0.855
0.289 0.711

16
0.174 0.03 0.776 0.02
0.012 0.526 0.298 0.164
0.764 0.146 0.077 0.013
0.757 0.021 0.185 0.037
16
0.013 0.103 0.267 0.617
0.107 0.712 0.137 0.044
0.476 0.186 0.31 0.028
0.333 0.067 0.093 0.507

12
0.564 0.38 0.056
0.234 0.363 0.403
0.654 0.187 0.159
0.141 0.248 0.611
12
0.75 0.04 0.21
0.295 0.174 0.531
0.874 0.032 0.094
0.032 0.966 0.002
12
0.519 0.328 0.153
0.145 0.775 0.08
0.339 0.163 0.498
0.115 0.627 0.258
12
0.628 0.046 0.326
0.194 0.563 0.243
0.931 0.009 0.06
0.561 0.414 0.025
