V-CREDAL 
6 
5 5 3 2 5 4 
6 
2 2 0 
2 4 1 
2 5 2 
1 3 
2 2 4 
2 3 5 

20 
0.1109 0.76901 0.03845 0.06106 0.02058 
0.02469 0.00167 0.01203 0.05922 0.90239 
0.80412 0.01201 0.00129 0.00531 0.17727 
0.0054 0.00578 0.07644 0.91196 4.2E-4 
20 
0.17333 0.01 0.00284 0.10272 0.71111 
0.23902 0.05659 0.4951 0.18693 0.02236 
0.01258 0.02538 0.02317 0.7528 0.18607 
0.00247 0.04469 0.00476 0.44071 0.50737 
20 
0.5473 0.03007 0.18092 0.15501 0.0867 
0.04485 0.78611 0.00609 0.01533 0.14762 
0.2918 0.70598 2.3E-4 2.5E-4 0.00174 
0.08736 0.00295 0.09663 0.71192 0.10114 

20 
0.1164 0.16563 0.18649 0.51058 0.0209 
0.00381 0.06219 0.12185 0.11916 0.69299 
0.69445 0.02671 0.10858 0.03427 0.13599 
0.02898 0.14132 0.05113 0.03559 0.74298 
20 
0.00343 0.24414 0.00573 0.05113 0.69557 
0.04971 0.90653 0.00791 0.02325 0.0126 
0.02756 0.00782 0.001 0.46061 0.50301 
0.00946 0.01169 0.29142 0.03333 0.6541 
20 
0.06567 1.0E-4 5.3E-4 0.93364 6.0E-5 
0.22178 0.18189 0.26926 0.11013 0.21694 
0.63753 0.01692 0.03729 0.05373 0.25453 
0.09116 0.03223 0.29897 0.4584 0.11924 
20 
0.1089 0.02543 0.01238 0.64151 0.21178 
0.00861 0.11948 0.55869 0.31055 0.00267 
0.06304 0.49651 0.26354 0.01419 0.16272 
0.00119 0.91832 1.0E-5 2.0E-5 0.08046 
20 
0.01097 0.56952 0.19579 0.07804 0.14568 
0.14973 0.28208 0.00369 0.43982 0.12468 
0.185 0.58304 0.13019 0.0327 0.06907 
0.07252 0.01907 0.05025 0.19657 0.66159 

12 
0.76151 0.06424 0.17425 
0.9483 0.01133 0.04037 
0.01816 0.06186 0.91998 
0.31797 0.06396 0.61807 
12 
0.15285 0.76835 0.0788 
0.64774 0.06095 0.29131 
0.36206 0.45178 0.18616 
0.83393 0.08688 0.07919 
12 
0.41607 0.00716 0.57677 
0.81211 0.15523 0.03266 
0.01926 0.17094 0.8098 
0.6213 0.23542 0.14328 
12 
0.93035 0.03717 0.03248 
0.3046 0.54237 0.15303 
0.80543 0.00938 0.18519 
0.45183 0.29047 0.2577 

4 
0.67793 0.32207 
0.78151 0.21849 

20 
0.20184 0.053 0.37419 0.05155 0.31942 
0.15642 0.17996 0.30735 0.25844 0.09783 
0.01803 0.08049 7.0E-5 4.0E-5 0.90137 
0.38697 0.20449 0.00616 0.07607 0.32631 
20 
0.18315 0.60269 0.05723 0.1228 0.03413 
0.00452 0.93678 0.05629 0.00224 1.7E-4 
0.01916 0.7679 0.04585 0.11424 0.05285 
0.70858 0.1098 0.13915 0.02543 0.01704 
20 
0.08531 0.00242 0.43021 0.43794 0.04412 
0.0502 0.45704 0.27384 0.1528 0.06612 
0.01478 0.03803 0.10457 0.00601 0.83661 
0.07048 0.61266 0.2417 0.02728 0.04788 

16 
0.0325 0.22307 0.28234 0.46209 
0.23177 0.48801 0.20595 0.07427 
0.09903 0.70324 0.10195 0.09578 
0.3435 0.36926 0.01523 0.27201 
16 
0.01201 0.15168 0.54794 0.28837 
0.64195 0.05495 0.1024 0.2007 
0.4437 0.134 0.11233 0.30997 
0.04373 0.0189 0.56921 0.36816 
