V-CREDAL
10
3 3 2 2 4 4 4 4 3 3
10
1 0
1 1
2 9 2
2 8 3
3 0 6 4
1 5
3 1 5 6
1 7
2 1 8
3 7 8 9

12
0.598 0.347 0.055
0.014 0.034 0.952
0.004 0.974 0.022
0.116 0.041 0.843

12
0.094 0.188 0.718
0.053 0.682 0.265
0.65 0.311 0.039
0.558 0.064 0.378

4
0.42 0.58
0.103 0.897
4
0.876 0.124
0.186 0.814
4
0.422 0.578
0.189 0.811

4
0.262 0.738
0.711 0.289
4
0.243 0.757
0.048 0.952
4
0.741 0.259
0.602 0.398

16
0.06 0.028 0.036 0.876
0.995 0.001 0.002 0.002
0.024 0.007 0.963 0.006
0.035 0.791 0.134 0.04
16
0.223 0.625 0.102 0.05
0.351 0.222 0.191 0.236
0.255 0.173 0.24 0.332
0.292 0.243 0.365 0.1
16
0.082 0.179 0.294 0.445
0.542 0.231 0.001 0.226
0.089 0.071 0.011 0.829
0.287 0.08 0.302 0.331
16
0.349 0.197 0.145 0.309
0.343 0.398 0.087 0.172
0.463 0.059 0.206 0.272
0.116 0.02 0.249 0.615
16
0.324 0.191 0.204 0.281
0.407 0.021 0.431 0.141
0.9 0.004 0.059 0.037
0.004 0.206 0.672 0.118
16
0.217 0.449 0.248 0.086
0.01 0.002 0.014 0.974
0.171 0.149 0.182 0.498
0.326 0.082 0.557 0.035
16
0.014 0.023 0.044 0.919
0.852 0.095 0.027 0.026
0.013 0.427 0.414 0.146
0.696 0.061 0.224 0.019
16
0.156 0.084 0.596 0.164
0.793 0.008 0.019 0.18
0.371 0.442 0.106 0.081
0.009 0.6 0.179 0.212
16
0.228 0.745 0.018 0.009
0.057 0.482 0.441 0.02
0.105 0.185 0.692 0.018
0.02 0.326 0.03 0.624
16
0.617 0.287 0.075 0.021
0.101 0.168 0.613 0.118
0.934 0.002 0.002 0.062
0.497 0.303 0.048 0.152
16
0.156 0.013 0.709 0.122
0.023 0.347 0.625 0.005
0.051 0.162 0.076 0.711
0.087 0.319 0.535 0.059
16
0.242 0.268 0.338 0.152
0.022 0.382 0.005 0.591
0.004 0.21 0.004 0.782
0.268 0.465 0.169 0.098

16
0.21 0.003 0.763 0.024
0.03 0.038 0.848 0.084
0.595 0.015 0.381 0.009
0.278 0.145 0.054 0.523

16
0.393 0.444 0.007 0.156
0.051 0.928 0.009 0.012
0.478 0.068 0.148 0.306
0.076 0.035 0.556 0.333
16
0.226 0.617 0.133 0.024
0.476 0.166 0.308 0.05
0.246 0.615 0.033 0.106
0.622 0.145 0.102 0.131
16
0.114 0.248 0.179 0.459
0.006 0.947 0.028 0.019
0.013 0.584 0.39 0.013
0.114 0.561 0.194 0.131
16
0.824 0.012 0.161 0.003
0.08 0.808 0.089 0.023
0.002 0.004 0.004 0.99
0.643 0.352 0.004 0.001
16
0.095 0.024 0.704 0.177
0.017 0.054 0.032 0.897
0.422 0.097 0.395 0.086
0.258 0.045 0.148 0.549
16
0.016 0.137 0.566 0.281
0.715 0.025 0.08 0.18
0.352 0.198 0.193 0.257
0.007 0.246 0.165 0.582
16
0.16 0.294 0.173 0.373
0.964 0.012 0.001 0.023
0.01 0.571 0.012 0.407
0.047 0.949 0.002 0.002
16
0.229 0.013 0.744 0.014
0.146 0.044 0.22 0.59
0.194 0.131 0.501 0.174
0.008 0.083 0.884 0.025
16
0.094 0.628 0.269 0.009
0.658 0.203 0.033 0.106
0.567 0.012 0.29 0.131
0.223 0.027 0.703 0.047
16
0.093 0.295 0.183 0.429
0.011 0.883 0.093 0.013
0.152 0.413 0.374 0.061
0.026 0.006 0.841 0.127
16
0.519 0.042 0.209 0.23
0.081 0.619 0.101 0.199
0.089 0.837 0.031 0.043
0.112 0.525 0.269 0.094
16
0.088 0.885 0.013 0.014
0.064 0.55 0.071 0.315
0.915 0.012 0.066 0.007
0.837 0.004 0.08 0.079

16
0.099 0.045 0.809 0.047
0.057 0.709 0.107 0.127
0.559 0.114 0.109 0.218
0.218 0.285 0.001 0.496

12
0.93 0.022 0.048
0.961 0.034 0.005
0.349 0.508 0.143
0.444 0.494 0.062
12
0.894 0.099 0.007
0.317 0.061 0.622
0.866 0.016 0.118
0.164 0.608 0.228
12
0.608 0.146 0.246
0.728 0.192 0.08
0.303 0.493 0.204
0.73 0.228 0.042

12
0.83 0.151 0.019
0.014 0.053 0.933
0.009 0.919 0.072
0.561 0.067 0.372
12
0.116 0.461 0.423
0.407 0.48 0.113
0.257 0.597 0.146
0.424 0.013 0.563
12
0.418 0.265 0.317
0.199 0.568 0.233
0.045 0.934 0.021
0.359 0.246 0.395
12
0.064 0.119 0.817
0.918 0.021 0.061
0.031 0.95 0.019
0.107 0.043 0.85
12
0.252 0.248 0.5
0.231 0.659 0.11
0.091 0.86 0.049
0.232 0.322 0.446
12
0.668 0.038 0.294
0.019 0.969 0.012
0.464 0.155 0.381
0.223 0.349 0.428
12
0.178 0.378 0.444
0.08 0.804 0.116
0.956 0.012 0.032
0.416 0.157 0.427
12
0.451 0.198 0.351
0.412 0.086 0.502
0.326 0.581 0.093
0.005 0.965 0.03
12
0.624 0.274 0.102
0.075 0.261 0.664
0.356 0.127 0.517
0.042 0.855 0.103
12
0.827 0.019 0.154
0.548 0.253 0.199
0.524 0.365 0.111
0.612 0.15 0.238
12
0.363 0.145 0.492
0.608 0.043 0.349
0.315 0.596 0.089
0.281 0.221 0.498
12
0.467 0.503 0.03
0.004 0.977 0.019
0.07 0.455 0.475
0.557 0.406 0.037
