V-CREDAL 
4 
4 4 4 2 
4 
3 1 2 0 
1 1 
2 3 2 
1 3 

24 
0.91474 0.00591 0.00351 0.07584 
0.15904 0.293 0.35965 0.18831 
0.0441 0.04556 0.51324 0.3971 
0.06225 0.25868 0.48532 0.19375 
0.00545 0.57527 0.11803 0.30125 
0.03908 0.32189 0.16006 0.47897 
24 
0.02503 0.92022 0.03352 0.02123 
0.20525 0.40853 0.11297 0.27325 
0.06445 0.43667 0.38086 0.11802 
0.21777 0.28711 0.38343 0.11169 
0.10614 0.77952 0.03712 0.07722 
0.64133 0.27108 0.0392 0.04839 
24 
0.58758 0.01679 0.3751 0.02053 
0.10241 0.55262 0.03134 0.31363 
0.30417 0.10098 0.10783 0.48702 
0.01782 0.10072 0.48456 0.3969 
0.20614 0.68036 0.03046 0.08304 
0.08847 0.30944 0.05224 0.54985 
24 
0.0049 0.92673 0.01678 0.05159 
0.0713 0.56033 0.22421 0.14416 
0.01544 0.17233 0.11579 0.69644 
0.14417 0.12466 0.34778 0.38339 
0.40924 0.0019 0.00251 0.58635 
0.17372 0.57046 0.24196 0.01386 
24 
0.00944 0.01287 0.00784 0.96985 
0.02114 0.90979 0.00664 0.06243 
0.21915 0.73267 0.03619 0.01199 
0.50678 0.15628 0.30149 0.03545 
0.39258 0.08135 0.27656 0.24951 
0.1521 0.70749 0.10038 0.04003 
24 
0.03232 0.01196 0.93803 0.01769 
0.61161 0.07234 0.09857 0.21748 
0.01856 0.32203 0.57683 0.08258 
0.71994 0.13343 0.08595 0.06068 
0.33171 0.3264 0.3395 0.00239 
0.25997 0.48744 0.05762 0.19497 
24 
0.03656 0.05362 0.1182 0.79162 
0.04573 0.61778 0.30227 0.03422 
0.30196 0.29294 0.21896 0.18614 
0.08465 0.6634 0.18442 0.06753 
0.03841 0.02818 0.01157 0.92184 
0.43067 0.19944 0.05611 0.31378 
24 
0.31426 0.38698 0.05554 0.24322 
0.24503 0.50414 0.24133 0.0095 
0.69704 0.19768 0.08551 0.01977 
0.0523 0.76015 0.08462 0.10293 
0.79272 0.03851 0.02245 0.14632 
0.81179 0.13701 0.00543 0.04577 
24 
0.13581 0.63429 0.0488 0.1811 
0.46658 0.03348 0.00917 0.49077 
0.07961 0.19191 0.12306 0.60542 
0.28648 0.05606 0.17341 0.48405 
0.8308 0.05027 0.11413 0.0048 
0.89482 0.01188 0.05747 0.03583 
24 
0.00648 0.13511 0.16818 0.69023 
0.87589 0.06192 0.00636 0.05583 
0.93606 0.02554 0.00889 0.02951 
0.25475 0.10381 0.09951 0.54193 
0.40742 0.53002 0.04038 0.02218 
0.02488 0.05373 0.46957 0.45182 
24 
0.16919 0.1498 0.12152 0.55949 
0.41054 0.00618 0.00171 0.58157 
0.08795 0.29636 0.26268 0.35301 
0.05036 0.04675 0.82917 0.07372 
0.33736 0.14011 0.4405 0.08203 
0.96824 0.02849 0.00102 0.00225 
24 
0.55465 0.31732 0.062 0.06603 
0.01659 0.00571 0.00985 0.96785 
0.24116 0.22436 0.24334 0.29114 
0.44405 0.01446 0.48721 0.05428 
0.55443 0.02795 0.25919 0.15843 
0.65997 2.9E-4 0.3333 0.00644 
24 
0.03458 0.93198 0.0152 0.01824 
0.15553 0.08197 0.71067 0.05183 
0.10834 0.0318 0.01171 0.84815 
0.95837 0.01489 0.00778 0.01896 
0.03277 0.40959 0.3579 0.19974 
0.05759 0.14118 0.50337 0.29786 
24 
0.57651 0.20377 0.0033 0.21642 
0.06829 0.79653 0.04565 0.08953 
0.83973 0.1335 0.00709 0.01968 
0.74567 0.07075 0.0278 0.15578 
0.15399 0.05098 0.7046 0.09043 
0.24133 0.1464 0.41043 0.20184 
24 
0.28698 0.3872 0.18481 0.14101 
0.02595 0.7563 0.16334 0.05441 
0.06569 0.33625 0.12082 0.47724 
0.25245 0.34211 0.35236 0.05308 
0.03402 0.12194 0.65479 0.18925 
0.0022 0.64666 0.27553 0.07561 
24 
0.62364 0.00572 0.36392 0.00672 
0.2633 0.23884 0.16234 0.33552 
0.08953 0.29061 0.50749 0.11237 
0.00533 0.15976 0.03175 0.80316 
0.02041 0.8301 0.00941 0.14008 
0.24592 0.05322 0.58498 0.11588 

24 
0.05936 0.03195 0.00803 0.90066 
0.19045 0.25089 0.34469 0.21397 
0.09004 0.86424 0.02737 0.01835 
0.55199 0.27102 0.07482 0.10217 
0.21096 0.10943 0.05605 0.62356 
0.07091 0.2689 0.03436 0.62583 

24 
0.5548 0.25847 0.1779 0.00883 
0.12172 0.52577 0.03805 0.31446 
0.23648 0.29144 0.30221 0.16987 
0.35871 0.18025 0.1293 0.33174 
0.4371 0.05856 0.47303 0.03131 
0.14154 0.44089 0.13417 0.2834 
24 
0.56618 0.11241 0.17623 0.14518 
0.25663 0.42631 0.14078 0.17628 
0.02601 0.00323 0.62206 0.3487 
0.0233 0.04556 0.00733 0.92381 
0.6178 0.04706 0.13992 0.19522 
0.25444 7.0E-5 0.7407 0.00479 

4 
0.0742 0.9258 
0.51217 0.48783 
