V-CREDAL 
10 
2 2 3 4 4 4 3 2 4 3 
10 
1 0 
2 0 1 
2 1 2 
2 2 3 
2 3 4 
2 4 5 
2 5 6 
2 6 7 
2 7 8 
2 8 9 

4 
0.99192 0.00808 
0.03047 0.96953 

4 
0.01488 0.98512 
0.64139 0.35861 
4 
0.04881 0.95119 
0.91652 0.08348 

12 
0.01443 0.01305 0.97252 
0.41091 0.27869 0.3104 
0.0222 0.00154 0.97626 
0.00931 0.98701 0.00368 
12 
0.77322 0.17777 0.04901 
0.60715 0.02333 0.36952 
0.20293 0.77651 0.02056 
0.06463 0.28907 0.6463 

16 
9.4E-4 1.6E-4 0.99782 0.00108 
0.67077 0.19701 0.09108 0.04114 
0.17142 0.16717 0.59364 0.06777 
0.37497 0.03655 0.01134 0.57714 
16 
0.02251 0.11076 0.40125 0.46548 
0.21442 0.08393 0.13497 0.56668 
0.12977 0.11026 0.73233 0.02764 
0.50591 0.02653 0.2616 0.20596 
16 
0.00194 0.5041 0.0091 0.48486 
0.50108 0.35334 0.08431 0.06127 
0.1895 0.03415 0.28758 0.48877 
0.02811 0.02486 0.83318 0.11385 

16 
0.88831 0.07231 4.9E-4 0.03889 
0.85128 0.02859 0.06381 0.05632 
0.06408 0.04343 0.08289 0.8096 
0.02458 0.00286 0.04037 0.93219 
16 
0.02026 0.00167 0.10494 0.87313 
0.84344 0.10641 0.00827 0.04188 
0.83648 0.01131 0.02336 0.12885 
0.06306 0.00979 0.06326 0.86389 
16 
0.2546 0.15257 0.0436 0.54923 
0.32049 0.10118 0.29834 0.27999 
0.4975 0.37603 0.01072 0.11575 
0.31514 0.55368 0.10725 0.02393 
16 
0.23086 0.01858 0.13311 0.61745 
0.98397 0.00133 0.00849 0.00621 
0.9666 1.0E-5 0.03335 4.0E-5 
0.73454 0.09165 0.13843 0.03538 

16 
0.20016 0.13147 0.50109 0.16728 
0.00476 0.98168 0.0049 0.00866 
0.39903 0.04629 0.26359 0.29109 
0.47663 0.13581 0.07175 0.31581 
16 
0.22678 0.0153 0.09394 0.66398 
0.36986 0.49778 0.0709 0.06146 
0.667 0.09752 0.05126 0.18422 
0.17823 0.54126 0.13336 0.14715 
16 
0.02843 0.14189 0.42578 0.4039 
0.07952 0.03413 0.00219 0.88416 
0.25869 0.23655 0.3997 0.10506 
0.09076 0.04732 0.85628 0.00564 
16 
0.14521 0.12964 0.57279 0.15236 
0.47089 0.02214 0.07868 0.42829 
0.12127 0.72595 0.11037 0.04241 
0.3657 0.07221 0.18225 0.37984 

12 
0.09604 0.49479 0.40917 
0.42701 0.38147 0.19152 
0.87522 0.09277 0.03201 
0.19672 0.40209 0.40119 
12 
0.51573 0.10327 0.381 
0.52322 0.27156 0.20522 
0.06041 0.01095 0.92864 
0.02408 0.01112 0.9648 
12 
0.75312 0.14908 0.0978 
0.33449 0.30021 0.3653 
0.24333 0.05531 0.70136 
0.16187 0.12172 0.71641 
12 
0.7361 0.26261 0.00129 
0.06222 0.42393 0.51385 
0.81987 0.03013 0.15 
0.06218 0.12881 0.80901 

4 
0.72647 0.27353 
0.39668 0.60332 
4 
0.33231 0.66769 
0.40104 0.59896 
4 
0.57298 0.42702 
0.63061 0.36939 

16 
0.20622 0.02703 0.57142 0.19533 
0.89945 0.08225 0.00637 0.01193 
0.54768 0.00886 0.00619 0.43727 
0.01663 0.41154 0.20365 0.36818 
16 
0.41797 0.14486 0.42127 0.0159 
0.20444 0.11459 0.35819 0.32278 
0.86591 0.07422 0.00268 0.05719 
0.05371 0.01024 0.00788 0.92817 

12 
0.07923 0.08026 0.84051 
0.51657 0.10701 0.37642 
0.0277 0.97168 6.2E-4 
0.01249 0.17154 0.81597 
12 
0.06809 0.75613 0.17578 
0.80112 0.15519 0.04369 
0.42951 0.2731 0.29739 
0.24099 0.63812 0.12089 
12 
0.17478 0.79753 0.02769 
0.9581 0.00407 0.03783 
0.21202 0.31933 0.46865 
0.23126 0.74664 0.0221 
12 
0.54643 0.19473 0.25884 
0.13859 0.78356 0.07785 
0.34033 0.59508 0.06459 
0.23539 0.7329 0.03171 
