V-CREDAL 
8 
2 4 2 3 3 3 4 2 
8 
1 0 
2 0 1 
2 1 2 
2 2 3 
2 3 4 
2 4 5 
2 5 6 
2 6 7 

4 
0.29798 0.70202 
0.40374 0.59626 

24 
0.47152 0.16601 0.1275 0.23497 
0.24623 0.1278 0.0037 0.62227 
0.00152 0.04873 0.0013 0.94845 
0.07044 0.79216 0.02211 0.11529 
0.06913 0.55717 0.17036 0.20334 
0.03269 0.45951 0.12581 0.38199 
24 
0.11697 0.32116 0.06092 0.50095 
0.95859 0.00386 0.00646 0.03109 
0.03762 0.01733 0.30698 0.63807 
0.41783 0.46645 0.0542 0.06152 
0.15589 0.01551 0.78928 0.03932 
0.02326 0.23056 0.745 0.00118 

4 
0.73622 0.26378 
0.14404 0.85596 
4 
0.32806 0.67194 
0.35694 0.64306 
4 
0.41948 0.58052 
0.32164 0.67836 
4 
0.68113 0.31887 
0.57897 0.42103 

18 
0.5099 0.01586 0.47424 
0.01557 0.70939 0.27504 
0.44546 0.2582 0.29634 
0.31343 0.03779 0.64878 
0.37588 0.44768 0.17644 
0.08954 0.15555 0.75491 
18 
0.05089 0.20489 0.74422 
0.03693 0.94506 0.01801 
0.13391 0.10083 0.76526 
0.9796 0.01292 0.00748 
0.00832 0.50952 0.48216 
0.22528 0.04003 0.73469 

18 
0.9829 0.00379 0.01331 
0.16147 0.79898 0.03955 
0.0756 0.00752 0.91688 
0.06397 0.88517 0.05086 
0.14071 0.00447 0.85482 
0.04459 0.8497 0.10571 
18 
0.00416 0.67605 0.31979 
0.58914 0.02407 0.38679 
0.80075 0.17647 0.02278 
0.79854 0.11739 0.08407 
0.04384 0.13597 0.82019 
0.76331 0.06293 0.17376 
18 
0.59996 0.33211 0.06793 
0.74416 0.02457 0.23127 
0.03377 0.00233 0.9639 
0.11884 0.76777 0.11339 
0.91171 0.03167 0.05662 
0.02428 0.63012 0.3456 

18 
0.18747 0.6954 0.11713 
0.71803 0.04077 0.2412 
0.4017 0.04976 0.54854 
0.10117 0.08822 0.81061 
0.87603 0.08409 0.03988 
0.11416 0.72513 0.16071 
18 
0.77997 0.17988 0.04015 
0.11804 0.87353 0.00843 
0.84643 0.04704 0.10653 
0.64641 0.00711 0.34648 
0.09289 0.62109 0.28602 
0.36581 0.6292 0.00499 
18 
0.14909 0.84799 0.00292 
0.26986 0.0224 0.70774 
0.04891 0.85472 0.09637 
0.11985 0.02083 0.85932 
0.93402 0.05707 0.00891 
0.75968 0.2382 0.00212 

24 
0.17133 0.06734 0.57683 0.1845 
0.60458 0.15735 0.09126 0.14681 
0.563 0.38374 0.04606 0.0072 
4.1E-4 0.55809 0.38512 0.05638 
0.71048 0.01072 0.13835 0.14045 
0.08499 0.00651 0.40244 0.50606 
24 
3.0E-5 0.47417 0.0853 0.4405 
0.62901 0.04783 0.10895 0.21421 
0.46214 0.10905 0.02843 0.40038 
0.37606 0.34812 0.26222 0.0136 
0.14427 0.62414 0.11917 0.11242 
0.00196 0.82466 0.00173 0.17165 
24 
0.11438 0.09383 0.3767 0.41509 
0.73351 0.01618 0.1143 0.13601 
0.26967 0.10647 0.5306 0.09326 
0.25157 0.06362 0.12126 0.56355 
0.0034 0.00111 0.0845 0.91099 
0.12312 0.04368 0.04399 0.78921 

4 
0.51173 0.48827 
0.58242 0.41758 
4 
0.66111 0.33889 
0.66646 0.33354 
4 
0.76618 0.23382 
0.71257 0.28743 
4 
0.51798 0.48202 
0.49176 0.50824 
