V-CREDAL
10
4 2 3 3 2 3 4 3 3 3
10
3 1 7 0
2 9 1
1 2
1 3
2 5 4
1 5
3 3 5 6
3 2 3 7
2 7 8
1 9

24
0.075 0.688 0.199 0.038
0.0 0.0 0.001 0.999
0.051 0.16 0.627 0.162
0.352 0.005 0.113 0.53
0.007 0.358 0.551 0.084
0.874 0.11 0.012 0.004
24
0.106 0.501 0.346 0.047
0.142 0.478 0.057 0.323
0.122 0.002 0.822 0.054
0.017 0.282 0.017 0.684
0.043 0.184 0.689 0.084
0.167 0.052 0.125 0.656
24
0.096 0.51 0.083 0.311
0.118 0.007 0.822 0.053
0.434 0.213 0.001 0.352
0.287 0.512 0.007 0.194
0.034 0.181 0.281 0.504
0.054 0.038 0.366 0.542
24
0.088 0.65 0.039 0.223
0.034 0.53 0.072 0.364
0.086 0.007 0.187 0.72
0.561 0.004 0.053 0.382
0.094 0.043 0.199 0.664
0.217 0.714 0.016 0.053
24
0.409 0.26 0.327 0.004
0.006 0.604 0.053 0.337
0.012 0.938 0.002 0.048
0.169 0.078 0.096 0.657
0.048 0.113 0.204 0.635
0.36 0.012 0.107 0.521
24
0.347 0.143 0.175 0.335
0.02 0.344 0.254 0.382
0.018 0.48 0.329 0.173
0.007 0.276 0.02 0.697
0.938 0.039 0.007 0.016
0.908 0.025 0.011 0.056

4
0.906 0.094
0.167 0.833
4
0.98 0.02
0.544 0.456
4
0.659 0.341
0.456 0.544

18
0.219 0.391 0.39
0.019 0.11 0.871
0.409 0.394 0.197
0.753 0.091 0.156
0.706 0.29 0.004
0.763 0.236 0.001

18
0.023 0.08 0.897
0.101 0.073 0.826
0.048 0.796 0.156
0.737 0.226 0.037
0.11 0.777 0.113
0.693 0.285 0.022

4
0.921 0.079
0.941 0.059
4
0.893 0.107
0.024 0.976
4
0.74 0.26
0.021 0.979

18
0.262 0.734 0.004
0.187 0.57 0.243
0.818 0.001 0.181
0.293 0.35 0.357
0.915 0.002 0.083
0.016 0.961 0.023

24
0.09 0.253 0.457 0.2
0.17 0.02 0.749 0.061
0.065 0.254 0.118 0.563
0.53 0.146 0.129 0.195
0.083 0.029 0.883 0.005
0.232 0.26 0.463 0.045
24
0.807 0.003 0.004 0.186
0.185 0.69 0.1 0.025
0.863 0.076 0.046 0.015
0.033 0.081 0.851 0.035
0.439 0.052 0.122 0.387
0.363 0.089 0.073 0.475
24
0.112 0.08 0.209 0.599
0.099 0.68 0.033 0.188
0.631 0.071 0.03 0.268
0.136 0.013 0.838 0.013
0.248 0.17 0.522 0.06
0.075 0.908 0.001 0.016
24
0.0 0.998 0.0 0.002
0.052 0.106 0.682 0.16
0.002 0.0 0.052 0.946
0.325 0.249 0.389 0.037
0.525 0.425 0.027 0.023
0.04 0.637 0.004 0.319
24
0.021 0.11 0.472 0.397
0.106 0.055 0.427 0.412
0.389 0.004 0.0 0.607
0.019 0.135 0.216 0.63
0.095 0.047 0.297 0.561
0.128 0.78 0.012 0.08
24
0.004 0.133 0.038 0.825
0.234 0.057 0.397 0.312
0.103 0.036 0.858 0.003
0.258 0.391 0.138 0.213
0.635 0.172 0.016 0.177
0.34 0.018 0.618 0.024
24
0.003 0.224 0.008 0.765
0.286 0.486 0.051 0.177
0.076 0.153 0.353 0.418
0.045 0.161 0.683 0.111
0.012 0.407 0.558 0.023
0.081 0.208 0.7 0.011
24
0.015 0.467 0.422 0.096
0.563 0.067 0.369 0.001
0.087 0.043 0.403 0.467
0.09 0.19 0.156 0.564
0.378 0.191 0.12 0.311
0.266 0.029 0.668 0.037
24
0.651 0.176 0.117 0.056
0.828 0.072 0.001 0.099
0.152 0.0 0.443 0.405
0.041 0.895 0.021 0.043
0.203 0.037 0.605 0.155
0.008 0.013 0.086 0.893

18
0.156 0.683 0.161
0.018 0.002 0.98
0.896 0.091 0.013
0.388 0.603 0.009
0.908 0.044 0.048
0.583 0.014 0.403
18
0.014 0.985 0.001
0.112 0.035 0.853
0.903 0.055 0.042
0.172 0.012 0.816
0.867 0.093 0.04
0.013 0.95 0.037
18
0.217 0.082 0.701
0.051 0.864 0.085
0.04 0.706 0.254
0.472 0.381 0.147
0.347 0.081 0.572
0.424 0.217 0.359
18
0.044 0.923 0.033
0.843 0.072 0.085
0.019 0.681 0.3
0.052 0.585 0.363
0.483 0.262 0.255
0.77 0.178 0.052
18
0.005 0.0 0.995
0.014 0.808 0.178
0.429 0.547 0.024
0.828 0.114 0.058
0.924 0.004 0.072
0.016 0.909 0.075
18
0.37 0.113 0.517
0.101 0.399 0.5
0.023 0.954 0.023
0.59 0.141 0.269
0.386 0.563 0.051
0.59 0.169 0.241
18
0.719 0.045 0.236
0.024 0.029 0.947
0.886 0.077 0.037
0.045 0.424 0.531
0.074 0.812 0.114
0.026 0.017 0.957
18
0.002 0.53 0.468
0.562 0.357 0.081
0.815 0.043 0.142
0.007 0.986 0.007
0.001 0.011 0.988
0.197 0.779 0.024
18
0.019 0.051 0.93
0.867 0.054 0.079
0.035 0.001 0.964
0.003 0.989 0.008
0.009 0.233 0.758
0.654 0.328 0.018

18
0.007 0.836 0.157
0.093 0.029 0.878
0.998 0.001 0.001
0.992 0.0 0.008
0.345 0.605 0.05
0.031 0.233 0.736
18
0.008 0.507 0.485
0.025 0.045 0.93
0.984 0.003 0.013
0.2 0.772 0.028
0.035 0.831 0.134
0.006 0.069 0.925
18
0.113 0.133 0.754
0.152 0.029 0.819
0.64 0.139 0.221
0.087 0.852 0.061
0.283 0.671 0.046
0.018 0.886 0.096

18
0.006 0.01 0.984
0.013 0.801 0.186
0.987 0.003 0.01
0.008 0.578 0.414
0.143 0.789 0.068
0.063 0.799 0.138
