V-CREDAL
4
4 3 2 3
4
1 0
2 0 1
2 1 2
2 2 3

24
0.021 0.507 0.099 0.373
0.046 0.847 0.044 0.063
0.003 0.151 0.537 0.309
0.262 0.653 0.011 0.074
0.316 0.426 0.185 0.073
0.224 0.111 0.577 0.088

18
0.338 0.105 0.557
0.01 0.23 0.76
0.031 0.812 0.157
0.494 0.348 0.158
0.455 0.435 0.11
0.532 0.234 0.234
18
0.184 0.188 0.628
0.224 0.157 0.619
0.074 0.622 0.304
0.846 0.036 0.118
0.757 0.24 0.003
0.128 0.731 0.141
18
0.492 0.004 0.504
0.729 0.159 0.112
0.982 0.015 0.003
0.307 0.11 0.583
0.561 0.218 0.221
0.187 0.041 0.772
18
0.196 0.021 0.783
0.988 0.002 0.01
0.681 0.006 0.313
0.122 0.863 0.015
0.974 0.026 0.0
0.241 0.753 0.006

4
0.518 0.482
0.547 0.453
4
0.278 0.722
0.579 0.421
4
0.457 0.543
0.469 0.531

18
0.24 0.305 0.455
0.276 0.677 0.047
0.243 0.345 0.412
0.91 0.033 0.057
0.84 0.145 0.015
0.42 0.158 0.422
18
0.033 0.18 0.787
0.436 0.554 0.01
0.022 0.579 0.399
0.989 0.007 0.004
0.157 0.076 0.767
0.105 0.093 0.802
