V-CREDAL
4
3 4 3 4
4
1 0
2 0 1
2 1 2
2 2 3

12
0.133 0.856 0.011
0.838 0.143 0.019
0.015 0.006 0.979
0.935 0.009 0.056

16
0.045 0.126 0.775 0.054
0.144 0.324 0.455 0.077
0.953 0.009 0.004 0.034
0.376 0.111 0.131 0.382
16
0.145 0.72 0.074 0.061
0.216 0.188 0.407 0.189
0.257 0.357 0.112 0.274
0.024 0.47 0.138 0.368
16
0.896 0.003 0.043 0.058
0.506 0.147 0.07 0.277
0.005 0.163 0.824 0.008
0.559 0.002 0.205 0.234

12
0.717 0.052 0.231
0.01 0.009 0.981
0.005 0.379 0.616
0.729 0.22 0.051
12
0.479 0.444 0.077
0.322 0.574 0.104
0.165 0.012 0.823
0.08 0.201 0.719
12
0.137 0.697 0.166
0.041 0.208 0.751
0.047 0.157 0.796
0.816 0.129 0.055
12
0.684 0.074 0.242
0.847 0.051 0.102
0.831 0.156 0.013
0.522 0.251 0.227

16
0.586 0.106 0.156 0.152
0.756 0.104 0.071 0.069
0.948 0.016 0.019 0.017
0.08 0.819 0.005 0.096
16
0.002 0.003 0.017 0.978
0.43 0.169 0.189 0.212
0.96 0.021 0.017 0.002
0.207 0.645 0.049 0.099
16
0.031 0.732 0.221 0.016
0.029 0.005 0.037 0.929
0.048 0.003 0.014 0.935
0.08 0.298 0.45 0.172
