V-CREDAL
10
3 3 3 4 2 2 4 4 3 4
10
1 0
2 0 1
2 1 2
2 2 3
2 3 4
2 4 5
2 5 6
2 6 7
2 7 8
2 8 9

12
0.172 0.65 0.178
0.03 0.959 0.011
0.05 0.403 0.547
0.279 0.405 0.316

12
0.041 0.033 0.926
0.033 0.655 0.312
0.015 0.63 0.355
0.746 0.03 0.224
12
0.34 0.057 0.603
0.021 0.035 0.944
0.711 0.171 0.118
0.689 0.098 0.213
12
0.38 0.521 0.099
0.055 0.086 0.859
0.408 0.072 0.52
0.68 0.217 0.103

12
0.066 0.02 0.914
0.194 0.501 0.305
0.008 0.827 0.165
0.201 0.032 0.767
12
0.563 0.105 0.332
0.219 0.567 0.214
0.944 0.037 0.019
0.008 0.99 0.002
12
0.802 0.195 0.003
0.471 0.025 0.504
0.231 0.381 0.388
0.021 0.14 0.839

16
0.435 0.004 0.014 0.547
0.004 0.911 0.013 0.072
0.025 0.006 0.434 0.535
0.014 0.021 0.943 0.022
16
0.045 0.595 0.067 0.293
0.047 0.766 0.128 0.059
0.093 0.588 0.318 0.001
0.228 0.129 0.173 0.47
16
0.935 0.007 0.004 0.054
0.287 0.003 0.624 0.086
0.774 0.132 0.004 0.09
0.791 0.069 0.012 0.128

4
0.806 0.194
0.81 0.19
4
0.778 0.222
0.802 0.198
4
0.677 0.323
0.75 0.25
4
0.673 0.327
0.027 0.973

4
0.9 0.1
0.334 0.666
4
0.31 0.69
0.649 0.351

16
0.569 0.119 0.065 0.247
0.799 0.057 0.132 0.012
0.227 0.04 0.695 0.038
0.889 0.001 0.106 0.004
16
0.013 0.324 0.526 0.137
0.1 0.176 0.475 0.249
0.012 0.978 0.0 0.01
0.059 0.843 0.097 0.001

16
0.113 0.018 0.224 0.645
0.033 0.04 0.011 0.916
0.151 0.061 0.041 0.747
0.006 0.116 0.785 0.093
16
0.009 0.237 0.087 0.667
0.006 0.085 0.568 0.341
0.046 0.704 0.222 0.028
0.177 0.163 0.214 0.446
16
0.025 0.005 0.8 0.17
0.475 0.377 0.115 0.033
0.065 0.037 0.866 0.032
0.012 0.702 0.249 0.037
16
0.148 0.051 0.036 0.765
0.082 0.06 0.564 0.294
0.204 0.079 0.273 0.444
0.165 0.632 0.185 0.018

12
0.229 0.007 0.764
0.474 0.294 0.232
0.089 0.515 0.396
0.13 0.269 0.601
12
0.263 0.438 0.299
0.243 0.367 0.39
0.251 0.521 0.228
0.161 0.375 0.464
12
0.072 0.186 0.742
0.577 0.272 0.151
0.382 0.102 0.516
0.213 0.386 0.401
12
0.631 0.031 0.338
0.411 0.285 0.304
0.028 0.014 0.958
0.026 0.032 0.942

16
0.019 0.749 0.089 0.143
0.039 0.024 0.032 0.905
0.022 0.11 0.864 0.004
0.8 0.02 0.047 0.133
16
0.578 0.194 0.044 0.184
0.417 0.15 0.068 0.365
0.146 0.032 0.464 0.358
0.388 0.14 0.455 0.017
16
0.249 0.411 0.178 0.162
0.186 0.357 0.063 0.394
0.007 0.5 0.398 0.095
0.444 0.504 0.048 0.004
