V-CREDAL
6
4 4 4 2 4 4
6
1 0
1 1
3 1 5 2
2 2 3
3 0 1 4
1 5

16
0.164 0.489 0.286 0.061
0.141 0.155 0.285 0.419
0.061 0.243 0.272 0.424
0.3 0.658 0.02 0.022

16
0.236 0.03 0.236 0.498
0.155 0.576 0.069 0.2
0.198 0.187 0.466 0.149
0.265 0.189 0.33 0.216

16
0.209 0.185 0.047 0.559
0.66 0.246 0.059 0.035
0.271 0.558 0.135 0.036
0.141 0.211 0.476 0.172
16
0.489 0.032 0.046 0.433
0.006 0.194 0.378 0.422
0.928 0.056 0.012 0.004
0.762 0.034 0.178 0.026
16
0.006 0.423 0.394 0.177
0.409 0.31 0.108 0.173
0.016 0.125 0.021 0.838
0.017 0.293 0.621 0.069
16
0.377 0.063 0.288 0.272
0.247 0.209 0.088 0.456
0.003 0.511 0.017 0.469
0.009 0.104 0.008 0.879
16
0.179 0.114 0.085 0.622
0.21 0.084 0.512 0.194
0.06 0.928 0.004 0.008
0.031 0.332 0.51 0.127
16
0.125 0.347 0.043 0.485
0.015 0.059 0.788 0.138
0.022 0.348 0.61 0.02
0.062 0.079 0.72 0.139
16
0.921 0.024 0.054 0.001
0.087 0.592 0.282 0.039
0.931 0.018 0.043 0.008
0.298 0.493 0.202 0.007
16
0.025 0.42 0.378 0.177
0.146 0.368 0.346 0.14
0.06 0.834 0.046 0.06
0.262 0.104 0.042 0.592
16
0.051 0.055 0.03 0.864
0.051 0.799 0.094 0.056
0.002 0.934 0.037 0.027
0.184 0.034 0.401 0.381
16
0.329 0.132 0.462 0.077
0.027 0.002 0.761 0.21
0.404 0.077 0.306 0.213
0.377 0.029 0.025 0.569
16
0.142 0.75 0.078 0.03
0.11 0.311 0.462 0.117
0.49 0.088 0.089 0.333
0.029 0.005 0.04 0.926
16
0.12 0.079 0.548 0.253
0.345 0.327 0.005 0.323
0.16 0.054 0.008 0.778
0.766 0.037 0.16 0.037
16
0.036 0.899 0.016 0.049
0.011 0.982 0.006 0.001
0.002 0.004 0.992 0.002
0.183 0.029 0.368 0.42
16
0.058 0.062 0.846 0.034
0.062 0.232 0.402 0.304
0.24 0.513 0.097 0.15
0.732 0.25 0.012 0.006
16
0.047 0.001 0.876 0.076
0.137 0.03 0.813 0.02
0.048 0.624 0.162 0.166
0.044 0.341 0.078 0.537
16
0.768 0.061 0.107 0.064
0.055 0.0 0.003 0.942
0.027 0.035 0.85 0.088
0.018 0.353 0.204 0.425

4
0.871 0.129
0.864 0.136
4
0.404 0.596
0.549 0.451
4
0.003 0.997
0.439 0.561
4
0.356 0.644
0.44 0.56

16
0.056 0.445 0.298 0.201
0.232 0.535 0.178 0.055
0.027 0.019 0.873 0.081
0.207 0.242 0.047 0.504
16
0.343 0.211 0.255 0.191
0.744 0.093 0.115 0.048
0.002 0.168 0.808 0.022
0.067 0.042 0.34 0.551
16
0.055 0.591 0.175 0.179
0.96 0.001 0.003 0.036
0.925 0.004 0.005 0.066
0.073 0.226 0.081 0.62
16
0.083 0.772 0.033 0.112
0.006 0.463 0.0 0.531
0.212 0.602 0.155 0.031
0.578 0.068 0.111 0.243
16
0.254 0.035 0.021 0.69
0.108 0.442 0.042 0.408
0.007 0.455 0.039 0.499
0.019 0.237 0.072 0.672
16
0.389 0.084 0.502 0.025
0.212 0.024 0.286 0.478
0.022 0.001 0.37 0.607
0.063 0.777 0.069 0.091
16
0.457 0.361 0.008 0.174
0.033 0.069 0.876 0.022
0.994 0.001 0.003 0.002
0.022 0.172 0.696 0.11
16
0.065 0.643 0.184 0.108
0.012 0.089 0.729 0.17
0.614 0.056 0.143 0.187
0.033 0.111 0.307 0.549
16
0.341 0.006 0.52 0.133
0.0 0.98 0.018 0.002
0.971 0.001 0.013 0.015
0.11 0.495 0.306 0.089
16
0.567 0.201 0.181 0.051
0.034 0.004 0.831 0.131
0.005 0.987 0.008 0.0
0.544 0.003 0.207 0.246
16
0.541 0.171 0.248 0.04
0.298 0.183 0.036 0.483
0.954 0.028 0.001 0.017
0.287 0.314 0.196 0.203
16
0.607 0.188 0.126 0.079
0.074 0.658 0.244 0.024
0.168 0.154 0.246 0.432
0.266 0.52 0.064 0.15
16
0.851 0.006 0.115 0.028
0.339 0.47 0.114 0.077
0.811 0.015 0.034 0.14
0.064 0.008 0.063 0.865
16
0.278 0.204 0.153 0.365
0.344 0.077 0.518 0.061
0.793 0.134 0.027 0.046
0.642 0.281 0.067 0.01
16
0.419 0.099 0.059 0.423
0.137 0.094 0.09 0.679
0.096 0.097 0.475 0.332
0.185 0.315 0.072 0.428
16
0.009 0.546 0.027 0.418
0.802 0.132 0.06 0.006
0.302 0.642 0.054 0.002
0.024 0.068 0.004 0.904

16
0.258 0.041 0.309 0.392
0.234 0.696 0.054 0.016
0.114 0.219 0.44 0.227
0.11 0.883 0.006 0.001
