V-CREDAL
10
2 2 4 4 4 4 2 3 3 4
10
2 1 0
2 8 1
3 6 9 2
1 3
3 5 6 4
1 5
2 1 6
2 3 7
2 7 8
1 9

4
0.439 0.561
0.646 0.354
4
0.222 0.778
0.927 0.073

4
0.124 0.876
0.875 0.125
4
0.045 0.955
0.121 0.879
4
0.607 0.393
0.644 0.356

24
0.058 0.812 0.006 0.124
0.014 0.033 0.024 0.929
0.354 0.135 0.297 0.214
0.753 0.006 0.234 0.007
0.778 0.119 0.016 0.087
0.14 0.484 0.34 0.036
24
0.919 0.005 0.051 0.025
0.952 0.012 0.014 0.022
0.793 0.008 0.063 0.136
0.335 0.069 0.037 0.559
0.025 0.508 0.012 0.455
0.007 0.147 0.015 0.831
24
0.014 0.125 0.343 0.518
0.139 0.05 0.802 0.009
0.453 0.267 0.106 0.174
0.103 0.05 0.835 0.012
0.002 0.838 0.15 0.01
0.874 0.082 0.028 0.016
24
0.127 0.061 0.073 0.739
0.005 0.157 0.003 0.835
0.012 0.909 0.063 0.016
0.847 0.017 0.068 0.068
0.032 0.84 0.109 0.019
0.202 0.166 0.292 0.34
24
0.175 0.11 0.047 0.668
0.002 0.243 0.716 0.039
0.092 0.766 0.017 0.125
0.047 0.052 0.321 0.58
0.019 0.05 0.027 0.904
0.147 0.023 0.735 0.095
24
0.248 0.171 0.11 0.471
0.232 0.18 0.559 0.029
0.716 0.134 0.074 0.076
0.045 0.421 0.497 0.037
0.391 0.081 0.052 0.476
0.12 0.234 0.508 0.138
24
0.058 0.729 0.158 0.055
0.29 0.654 0.022 0.034
0.103 0.258 0.029 0.61
0.178 0.537 0.133 0.152
0.08 0.504 0.191 0.225
0.045 0.008 0.02 0.927
24
0.111 0.604 0.03 0.255
0.278 0.033 0.194 0.495
0.132 0.573 0.187 0.108
0.381 0.438 0.018 0.163
0.126 0.136 0.635 0.103
0.006 0.141 0.028 0.825

24
0.013 0.058 0.01 0.919
0.572 0.027 0.075 0.326
0.023 0.029 0.758 0.19
0.212 0.034 0.549 0.205
0.008 0.149 0.82 0.023
0.115 0.004 0.052 0.829

24
0.056 0.127 0.107 0.71
0.246 0.085 0.139 0.53
0.006 0.003 0.004 0.987
0.06 0.9 0.03 0.01
0.305 0.536 0.157 0.002
0.416 0.169 0.12 0.295
24
0.274 0.098 0.01 0.618
0.548 0.24 0.145 0.067
0.058 0.561 0.31 0.071
0.466 0.219 0.304 0.011
0.613 0.227 0.024 0.136
0.008 0.265 0.005 0.722
24
0.02 0.032 0.92 0.028
0.696 0.181 0.035 0.088
0.445 0.394 0.105 0.056
0.259 0.007 0.09 0.644
0.006 0.343 0.0 0.651
0.638 0.071 0.18 0.111
24
0.013 0.031 0.398 0.558
0.039 0.068 0.002 0.891
0.17 0.429 0.183 0.218
0.031 0.001 0.122 0.846
0.081 0.605 0.078 0.236
0.037 0.335 0.001 0.627
24
0.514 0.155 0.154 0.177
0.375 0.083 0.292 0.25
0.112 0.248 0.241 0.399
0.163 0.069 0.141 0.627
0.766 0.103 0.124 0.007
0.009 0.088 0.893 0.01
24
0.168 0.034 0.043 0.755
0.001 0.708 0.001 0.29
0.528 0.051 0.418 0.003
0.048 0.932 0.017 0.003
0.66 0.019 0.197 0.124
0.041 0.259 0.165 0.535
24
0.068 0.497 0.41 0.025
0.705 0.036 0.004 0.255
0.01 0.813 0.008 0.169
0.196 0.158 0.203 0.443
0.049 0.516 0.013 0.422
0.678 0.145 0.01 0.167
24
0.009 0.434 0.036 0.521
0.71 0.02 0.088 0.182
0.113 0.241 0.017 0.629
0.281 0.171 0.522 0.026
0.222 0.422 0.111 0.245
0.005 0.106 0.804 0.085

24
0.062 0.001 0.045 0.892
0.242 0.422 0.222 0.114
0.882 0.047 0.025 0.046
0.247 0.458 0.088 0.207
0.817 0.001 0.018 0.164
0.038 0.006 0.948 0.008

4
0.157 0.843
0.464 0.536
4
0.838 0.162
0.305 0.695

18
0.016 0.049 0.935
0.194 0.795 0.011
0.748 0.009 0.243
0.032 0.86 0.108
0.935 0.045 0.02
0.371 0.007 0.622
18
0.743 0.17 0.087
0.121 0.038 0.841
0.006 0.953 0.041
0.014 0.981 0.005
0.703 0.089 0.208
0.053 0.043 0.904
18
0.98 0.018 0.002
0.004 0.876 0.12
0.006 0.006 0.988
0.004 0.994 0.002
0.99 0.006 0.004
0.736 0.002 0.262
18
0.734 0.026 0.24
0.974 0.012 0.014
0.318 0.075 0.607
0.267 0.641 0.092
0.589 0.039 0.372
0.176 0.366 0.458

18
0.823 0.127 0.05
0.042 0.943 0.015
0.016 0.071 0.913
0.396 0.582 0.022
0.014 0.468 0.518
0.016 0.628 0.356
18
0.117 0.13 0.753
0.022 0.438 0.54
0.524 0.425 0.051
0.561 0.037 0.402
0.068 0.88 0.052
0.535 0.029 0.436
18
0.0 0.001 0.999
0.958 0.027 0.015
0.001 0.997 0.002
0.43 0.567 0.003
0.001 0.0 0.999
0.73 0.016 0.254

24
0.525 0.007 0.012 0.456
0.08 0.413 0.002 0.505
0.047 0.227 0.361 0.365
0.564 0.143 0.226 0.067
0.107 0.555 0.171 0.167
0.842 0.038 0.028 0.092
