V-CREDAL 
6 
2 4 4 3 5 2 
6 
3 2 4 0 
2 2 1 
3 3 5 2 
1 3 
1 4 
1 5 

4 
0.10242 0.89758 
0.97859 0.02141 
4 
0.64829 0.35171 
0.38226 0.61774 
4 
0.9627 0.0373 
0.20944 0.79056 
4 
0.98919 0.01081 
0.96075 0.03925 
4 
0.86086 0.13914 
0.23237 0.76763 
4 
0.98915 0.01085 
0.06157 0.93843 
4 
0.74529 0.25471 
0.02704 0.97296 
4 
0.9604 0.0396 
0.04062 0.95938 
4 
0.6864 0.3136 
0.64575 0.35425 
4 
0.91837 0.08163 
0.84401 0.15599 
4 
0.17303 0.82697 
0.32874 0.67126 
4 
0.5408 0.4592 
0.35632 0.64368 
4 
0.59271 0.40729 
0.31421 0.68579 
4 
0.63719 0.36281 
0.27499 0.72501 
4 
0.07385 0.92615 
0.87659 0.12341 
4 
0.98232 0.01768 
0.10918 0.89082 
4 
0.17428 0.82572 
0.4801 0.5199 
4 
0.42424 0.57576 
0.12221 0.87779 
4 
0.77186 0.22814 
0.5243 0.4757 
4 
0.81879 0.18121 
0.96092 0.03908 

16 
0.00369 0.20314 0.20617 0.587 
0.34368 0.17696 0.17787 0.30149 
0.60907 0.20769 0.06061 0.12263 
0.15775 0.15035 0.61206 0.07984 
16 
0.68903 0.14727 0.11853 0.04517 
0.87346 0.04723 0.04995 0.02936 
0.10688 0.41323 0.0136 0.46629 
0.88175 0.01401 0.09736 0.00688 
16 
0.04846 0.01451 0.28461 0.65242 
0.92578 0.02985 0.02907 0.0153 
0.99417 0.0026 0.00317 6.0E-5 
0.218 0.18376 0.40401 0.19423 
16 
0.26678 0.00134 0.68519 0.04669 
0.08883 0.4162 0.1115 0.38347 
0.85794 0.04186 0.00579 0.09441 
0.02504 0.01538 0.09877 0.86081 

16 
0.11709 0.45163 0.1446 0.28668 
5.3E-4 3.6E-4 0.71833 0.28078 
0.23027 0.0198 0.53439 0.21554 
0.06525 0.00524 0.92479 0.00472 
16 
0.00153 0.47435 0.52368 4.4E-4 
0.32525 0.22997 0.4247 0.02008 
0.0028 0.83551 0.16104 6.5E-4 
0.18426 0.42784 0.20174 0.18616 
16 
0.22069 0.02743 0.25855 0.49333 
0.1034 0.41315 0.06219 0.42126 
0.38356 0.45924 0.09017 0.06703 
0.02148 0.85733 0.09259 0.0286 
16 
0.00208 5.1E-4 0.99288 0.00453 
0.52102 0.36984 0.07288 0.03626 
0.38303 0.01459 0.3073 0.29508 
0.59725 0.15442 0.06628 0.18205 
16 
0.83687 0.11545 0.00779 0.03989 
0.14085 0.72203 0.12971 0.00741 
0.44859 0.1132 0.29154 0.14667 
0.78492 0.00256 0.2103 0.00222 
16 
0.07264 0.9127 0.00968 0.00498 
0.31471 0.11147 0.10032 0.4735 
0.14371 0.23634 0.23587 0.38408 
0.66994 0.30025 0.0109 0.01891 

12 
0.93797 0.05451 0.00752 
0.04881 0.53877 0.41242 
0.27612 0.04398 0.6799 
0.15102 0.79754 0.05144 

20 
0.2342 0.07875 0.01279 0.00733 0.66693 
0.11505 0.2768 0.04911 0.06444 0.4946 
0.94645 0.0248 0.01801 4.2E-4 0.01032 
0.27565 0.27846 0.04999 0.10673 0.28917 

4 
0.73014 0.26986 
0.79033 0.20967 
