V-CREDAL 
4 
3 4 2 3 
4 
3 2 3 0 
2 3 1 
1 2 
1 3 

12 
0.83441 0.07627 0.08932 
0.02293 0.96246 0.01461 
0.00847 0.01674 0.97479 
0.08377 0.0125 0.90373 
12 
0.49781 0.43449 0.0677 
0.16935 0.61961 0.21104 
0.26375 0.0214 0.71485 
0.20168 0.78445 0.01387 
12 
0.7987 0.08831 0.11299 
0.05125 0.25388 0.69487 
0.25187 0.54029 0.20784 
0.81787 0.02164 0.16049 
12 
0.04082 0.13426 0.82492 
0.36676 0.45688 0.17636 
0.03148 0.91806 0.05046 
0.5799 0.12883 0.29127 
12 
0.1392 0.84008 0.02072 
0.02731 0.71212 0.26057 
0.96131 0.03425 0.00444 
0.49478 0.16946 0.33576 
12 
0.10991 0.18835 0.70174 
0.15969 0.53258 0.30773 
0.97789 0.00783 0.01428 
0.13564 0.51777 0.34659 

16 
0.03009 0.35855 0.48304 0.12832 
0.01539 0.54815 0.07566 0.3608 
0.02437 0.70568 0.03897 0.23098 
0.42841 0.22011 0.04861 0.30287 
16 
0.10626 0.09162 0.02821 0.77391 
0.36403 0.10657 0.42127 0.10813 
0.18436 0.4036 0.10987 0.30217 
0.01463 0.56872 0.3059 0.11075 
16 
0.017 0.00108 0.74356 0.23836 
0.36426 0.03306 0.3826 0.22008 
0.89335 6.5E-4 0.06552 0.04048 
0.18504 0.32453 0.234 0.25643 

4 
0.43921 0.56079 
0.07931 0.92069 

12 
0.51496 0.03649 0.44855 
0.25979 0.53539 0.20482 
0.28051 0.20502 0.51447 
0.49751 0.3073 0.19519 
