V-CREDAL
6
3 4 3 4 2 3
6
1 0
3 0 2 1
1 2
2 2 3
2 0 4
2 0 5

18
0.036 0.105 0.859
0.121 0.829 0.05
0.031 0.138 0.831
0.962 0.006 0.032
0.02 0.628 0.352
0.226 0.026 0.748

24
0.951 0.004 0.041 0.004
0.017 0.06 0.151 0.772
0.264 0.333 0.219 0.184
0.34 0.126 0.372 0.162
0.156 0.39 0.064 0.39
0.664 0.012 0.069 0.255
24
0.187 0.314 0.283 0.216
0.066 0.246 0.29 0.398
0.608 0.022 0.004 0.366
0.284 0.12 0.152 0.444
0.019 0.013 0.327 0.641
0.034 0.17 0.507 0.289
24
0.929 0.01 0.013 0.048
0.093 0.867 0.018 0.022
0.143 0.445 0.039 0.373
0.04 0.259 0.435 0.266
0.005 0.01 0.371 0.614
0.096 0.51 0.276 0.118
24
0.186 0.069 0.317 0.428
0.004 0.017 0.003 0.976
0.022 0.024 0.127 0.827
0.063 0.177 0.704 0.056
0.003 0.992 0.002 0.003
0.177 0.464 0.106 0.253
24
0.034 0.878 0.085 0.003
0.003 0.043 0.13 0.824
0.178 0.245 0.076 0.501
0.001 0.078 0.891 0.03
0.264 0.002 0.733 0.001
0.088 0.005 0.854 0.053
24
0.098 0.439 0.077 0.386
0.125 0.037 0.825 0.013
0.331 0.66 0.006 0.003
0.966 0.016 0.002 0.016
0.728 0.192 0.007 0.073
0.021 0.242 0.309 0.428
24
0.217 0.06 0.297 0.426
0.113 0.577 0.075 0.235
0.213 0.108 0.469 0.21
0.092 0.294 0.43 0.184
0.124 0.009 0.094 0.773
0.023 0.299 0.047 0.631
24
0.241 0.312 0.107 0.34
0.191 0.129 0.011 0.669
0.184 0.361 0.179 0.276
0.1 0.089 0.325 0.486
0.09 0.251 0.421 0.238
0.23 0.45 0.258 0.062
24
0.038 0.918 0.022 0.022
0.645 0.086 0.012 0.257
0.824 0.151 0.022 0.003
0.033 0.115 0.758 0.094
0.157 0.062 0.273 0.508
0.041 0.006 0.769 0.184

18
0.874 0.071 0.055
0.126 0.778 0.096
0.735 0.247 0.018
0.051 0.007 0.942
0.11 0.004 0.886
0.025 0.031 0.944

24
0.073 0.556 0.039 0.332
0.082 0.008 0.432 0.478
0.283 0.321 0.238 0.158
0.003 0.012 0.976 0.009
0.519 0.021 0.3 0.16
0.147 0.313 0.538 0.002
24
0.263 0.299 0.042 0.396
0.189 0.309 0.093 0.409
0.105 0.024 0.756 0.115
0.571 0.078 0.307 0.044
0.727 0.113 0.016 0.144
0.059 0.423 0.106 0.412
24
0.825 0.014 0.055 0.106
0.131 0.722 0.024 0.123
0.246 0.39 0.328 0.036
0.971 0.017 0.009 0.003
0.568 0.008 0.369 0.055
0.176 0.397 0.322 0.105

4
0.808 0.192
0.268 0.732
4
0.163 0.837
0.52 0.48
4
0.983 0.017
0.313 0.687

18
0.412 0.527 0.061
0.376 0.043 0.581
0.727 0.014 0.259
0.041 0.216 0.743
0.11 0.877 0.013
0.043 0.203 0.754
18
0.367 0.04 0.593
0.885 0.097 0.018
0.264 0.551 0.185
0.037 0.146 0.817
0.89 0.003 0.107
0.642 0.354 0.004
18
0.021 0.008 0.971
0.831 0.167 0.002
0.872 0.005 0.123
0.684 0.297 0.019
0.002 0.69 0.308
0.719 0.004 0.277
