V-CREDAL
8
3 3 3 3 2 3 2 3
8
2 4 0
3 0 7 1
1 2
2 6 3
2 5 4
1 5
2 2 6
2 3 7

12
0.534 0.118 0.348
0.019 0.941 0.04
0.348 0.395 0.257
0.834 0.095 0.071
12
0.397 0.204 0.399
0.258 0.089 0.653
0.004 0.075 0.921
0.553 0.35 0.097

12
0.052 0.931 0.017
0.519 0.139 0.342
0.023 0.025 0.952
0.58 0.316 0.104
12
0.137 0.663 0.2
0.031 0.232 0.737
0.906 0.005 0.089
0.583 0.359 0.058
12
0.596 0.199 0.205
0.353 0.416 0.231
0.041 0.598 0.361
0.942 0.017 0.041
12
0.003 0.607 0.39
0.414 0.132 0.454
0.039 0.675 0.286
0.045 0.332 0.623
12
0.775 0.222 0.003
0.587 0.118 0.295
0.629 0.331 0.04
0.237 0.374 0.389
12
0.355 0.471 0.174
0.257 0.275 0.468
0.531 0.094 0.375
0.399 0.146 0.455
12
0.028 0.672 0.3
0.133 0.028 0.839
0.245 0.209 0.546
0.165 0.828 0.007
12
0.171 0.808 0.021
0.352 0.641 0.007
0.067 0.868 0.065
0.256 0.127 0.617
12
0.825 0.107 0.068
0.914 0.019 0.067
0.946 0.036 0.018
0.156 0.195 0.649

12
0.36 0.281 0.359
0.275 0.528 0.197
0.508 0.339 0.153
0.031 0.504 0.465

12
0.425 0.001 0.574
0.867 0.097 0.036
0.814 0.081 0.105
0.093 0.533 0.374
12
0.073 0.848 0.079
0.047 0.911 0.042
0.593 0.225 0.182
0.588 0.381 0.031

4
0.148 0.852
0.874 0.126
4
0.647 0.353
0.85 0.15
4
0.537 0.463
0.191 0.809

12
0.291 0.329 0.38
0.147 0.317 0.536
0.711 0.161 0.128
0.708 0.083 0.209

4
0.32 0.68
0.512 0.488
4
0.775 0.225
0.122 0.878
4
0.298 0.702
0.435 0.565

12
0.459 0.297 0.244
0.066 0.872 0.062
0.679 0.283 0.038
0.261 0.483 0.256
12
0.325 0.444 0.231
0.005 0.135 0.86
0.582 0.272 0.146
0.006 0.561 0.433
12
0.029 0.849 0.122
0.759 0.229 0.012
0.004 0.603 0.393
0.014 0.127 0.859
