V-CREDAL 
8 
4 3 4 4 4 3 4 4 
8 
1 0 
2 0 1 
2 1 2 
2 2 3 
2 3 4 
2 4 5 
2 5 6 
2 6 7 

24 
0.2801 0.30748 0.0465 0.36592 
1.0E-4 0.00311 1.1E-4 0.99668 
0.62705 0.31783 0.03277 0.02235 
0.00144 0.06282 0.91236 0.02338 
0.45348 0.02903 0.16216 0.35533 
0.14323 0.17097 0.039 0.6468 

18 
0.81865 0.01947 0.16188 
0.44629 0.34836 0.20535 
0.19885 0.09417 0.70698 
0.892 0.03664 0.07136 
0.58428 0.29845 0.11727 
0.89133 0.05728 0.05139 
18 
0.00667 0.81907 0.17426 
0.18408 0.19258 0.62334 
0.06753 0.93027 0.0022 
0.29754 0.62203 0.08043 
0.02876 0.71451 0.25673 
0.38248 0.14372 0.4738 
18 
0.0026 0.25184 0.74556 
0.00914 0.92492 0.06594 
0.26845 0.69488 0.03667 
0.36558 0.09083 0.54359 
0.09028 0.13009 0.77963 
0.64842 0.27035 0.08123 
18 
0.29571 0.68833 0.01596 
0.0138 0.01029 0.97591 
0.70035 0.16484 0.13481 
0.05702 0.91509 0.02789 
0.32851 0.0542 0.61729 
0.04038 0.73004 0.22958 

24 
0.48449 0.20411 0.27661 0.03479 
0.83459 0.04574 0.02638 0.09329 
0.0226 0.82914 0.03496 0.1133 
0.2321 0.06924 0.08437 0.61429 
0.09743 0.01479 0.48021 0.40757 
0.67166 0.07991 0.23426 0.01417 
24 
0.17528 0.13573 0.49615 0.19284 
0.51427 0.00995 0.46965 0.00613 
0.08928 0.09991 0.3472 0.46361 
0.02023 0.78734 0.15266 0.03977 
0.06799 0.38522 0.11744 0.42935 
0.20012 0.28182 0.05298 0.46508 
24 
0.00313 0.93934 0.02322 0.03431 
0.5615 0.39065 0.01983 0.02802 
0.88267 0.07238 0.01147 0.03348 
0.00131 0.09226 1.2E-4 0.90631 
0.14124 0.03027 0.47665 0.35184 
0.00198 1.8E-4 0.94042 0.05742 

24 
0.17561 0.00807 0.03518 0.78114 
0.17728 0.59153 0.0124 0.21879 
0.1939 0.38238 0.39451 0.02921 
0.00724 0.7188 0.01821 0.25575 
0.81109 0.02914 0.10008 0.05969 
0.00377 0.64597 0.07843 0.27183 
24 
0.12224 0.502 0.26363 0.11213 
0.14923 0.48316 0.07842 0.28919 
0.38485 0.54649 0.00522 0.06344 
0.6038 0.21726 0.09824 0.0807 
0.03944 0.01548 0.04228 0.9028 
0.10456 0.23065 0.4877 0.17709 
24 
0.04304 0.25355 0.18902 0.51439 
0.00294 0.01801 0.96295 0.0161 
0.47857 0.05855 0.08147 0.38141 
0.18422 0.30181 0.36909 0.14488 
0.24428 0.39261 0.07537 0.28774 
0.00157 0.02812 0.77037 0.19994 
24 
0.21515 0.13823 0.13534 0.51128 
0.26398 0.10399 0.14536 0.48667 
0.11595 0.20946 0.59957 0.07502 
0.56384 0.00118 0.42701 0.00797 
0.55744 0.26011 0.08593 0.09652 
0.10996 0.1632 0.50733 0.21951 

24 
0.00195 0.01889 0.95392 0.02524 
0.09255 0.23049 0.66079 0.01617 
0.55815 0.06827 0.35331 0.02027 
0.00613 0.41396 0.31861 0.2613 
0.09847 0.30188 0.56647 0.03318 
0.02898 0.36202 0.35414 0.25486 
24 
0.05874 0.13493 0.78048 0.02585 
0.38871 0.02901 0.26549 0.31679 
0.82146 0.05826 0.11608 0.0042 
0.89933 2.0E-5 4.6E-4 0.10019 
0.13458 0.26338 0.03444 0.5676 
0.20745 0.07346 0.29076 0.42833 
24 
0.7697 0.06551 0.09285 0.07194 
0.02219 0.87708 0.07455 0.02618 
0.03751 5.2E-4 0.0029 0.95907 
0.48599 0.16915 0.24418 0.10068 
0.11061 0.01954 0.03434 0.83551 
0.70607 0.04829 0.16869 0.07695 
24 
0.01059 0.29368 0.65611 0.03962 
0.24238 0.00348 0.05471 0.69943 
0.17994 0.02046 0.01153 0.78807 
0.21352 0.76517 0.00484 0.01647 
0.13629 0.01358 0.81772 0.03241 
0.70563 0.20467 0.01782 0.07188 

18 
0.038 0.89203 0.06997 
0.0099 0.03932 0.95078 
0.88027 0.01862 0.10111 
5.8E-4 0.16708 0.83234 
0.2061 0.77349 0.02041 
0.03351 0.81442 0.15207 
18 
0.00209 0.90682 0.09109 
0.07184 0.04631 0.88185 
0.70729 0.21826 0.07445 
0.49366 0.02239 0.48395 
0.71455 0.1395 0.14595 
0.03813 0.8813 0.08057 
18 
0.00196 0.95105 0.04699 
0.00457 0.41705 0.57838 
0.02187 0.20027 0.77786 
0.87215 0.05142 0.07643 
0.68871 0.00593 0.30536 
0.76628 0.00494 0.22878 
18 
0.34685 0.07198 0.58117 
0.09907 0.026 0.87493 
0.06085 0.83925 0.0999 
0.03237 0.26892 0.69871 
0.3879 0.54389 0.06821 
0.03837 0.13145 0.83018 

24 
0.03482 0.00593 0.06356 0.89569 
0.00647 0.29016 0.60783 0.09554 
0.90997 0.08347 0.00394 0.00262 
0.32318 0.10986 0.05413 0.51283 
0.0039 0.00114 0.98742 0.00754 
0.03001 0.2719 0.68077 0.01732 
24 
0.06412 0.5443 0.09307 0.29851 
0.21197 0.19649 0.347 0.24454 
0.40999 0.14889 0.29396 0.14716 
0.67949 0.16968 0.09271 0.05812 
0.10499 0.07224 0.19752 0.62525 
0.50686 0.25973 0.22639 0.00702 
24 
0.42083 0.00184 0.28616 0.29117 
0.01597 0.00121 0.98118 0.00164 
0.09851 0.0243 0.87658 6.1E-4 
0.58768 0.33142 0.00208 0.07882 
0.03221 0.08214 0.32193 0.56372 
0.26732 0.07359 0.65779 0.0013 

24 
0.01163 0.00203 0.97608 0.01026 
0.26732 0.00846 0.0106 0.71362 
0.27454 0.24931 0.32761 0.14854 
0.02742 0.49829 0.04156 0.43273 
0.00522 0.77699 0.2123 0.00549 
0.01861 0.77697 0.06004 0.14438 
24 
0.01043 0.79906 0.16864 0.02187 
0.01465 0.02611 0.89183 0.06741 
0.1645 0.61718 0.07237 0.14595 
0.07397 0.10377 0.46419 0.35807 
0.36441 0.0215 0.13153 0.48256 
0.03569 0.26588 0.04949 0.64894 
24 
0.0176 0.1193 0.02886 0.83424 
0.5142 0.0062 0.41912 0.06048 
0.67763 0.01789 0.11766 0.18682 
0.13908 0.05096 0.4726 0.33736 
0.12621 0.00413 0.02187 0.84779 
0.63144 0.00439 0.07504 0.28913 
24 
0.00268 0.00259 0.00335 0.99138 
0.06589 0.86172 0.06508 0.00731 
0.24055 0.07249 0.14794 0.53902 
0.02001 0.96424 0.00242 0.01333 
0.97086 4.8E-4 4.5E-4 0.02821 
0.00768 0.97748 0.01277 0.00207 
