V-CREDAL
6
2 2 2 3 2 4
6
1 0
3 0 5 1
1 2
2 2 3
2 1 4
2 3 5

4
0.782 0.218
0.835 0.165

4
0.615 0.385
0.979 0.021
4
0.409 0.591
0.159 0.841
4
0.07 0.93
0.212 0.788
4
0.177 0.823
0.376 0.624
4
0.484 0.516
0.245 0.755
4
0.516 0.484
0.948 0.052
4
0.83 0.17
0.82 0.18
4
0.399 0.601
0.576 0.424

4
0.154 0.846
0.623 0.377

18
0.994 0.005 0.001
0.306 0.664 0.03
0.587 0.038 0.375
0.114 0.835 0.051
0.093 0.788 0.119
0.18 0.524 0.296
18
0.853 0.118 0.029
0.237 0.68 0.083
0.027 0.042 0.931
0.767 0.018 0.215
0.018 0.793 0.189
0.077 0.804 0.119

4
0.2 0.8
0.876 0.124
4
0.699 0.301
0.135 0.865

24
0.319 0.279 0.149 0.253
0.036 0.376 0.137 0.451
0.921 0.044 0.023 0.012
0.662 0.233 0.101 0.004
0.009 0.85 0.02 0.121
0.106 0.002 0.012 0.88
24
0.058 0.407 0.133 0.402
0.223 0.461 0.007 0.309
0.001 0.012 0.004 0.983
0.077 0.062 0.241 0.62
0.001 0.167 0.002 0.83
0.484 0.148 0.248 0.12
24
0.227 0.307 0.179 0.287
0.069 0.308 0.068 0.555
0.921 0.009 0.015 0.055
0.412 0.202 0.236 0.15
0.469 0.393 0.045 0.093
0.044 0.157 0.292 0.507
