V-CREDAL 
4 
3 3 3 2 
4 
1 0 
3 0 2 1 
1 2 
2 1 3 

18 
0.01903 0.91168 0.06929 
0.13313 0.09792 0.76895 
0.03014 0.08372 0.88614 
0.23578 0.18218 0.58204 
0.41724 0.4154 0.16736 
0.23599 0.67394 0.09007 

18 
6.1E-4 0.90803 0.09136 
0.65612 0.17337 0.17051 
0.02381 0.01214 0.96405 
0.36815 0.03115 0.6007 
0.28544 0.02102 0.69354 
0.06575 0.92799 0.00626 
18 
0.1071 0.49847 0.39443 
0.19348 0.15666 0.64986 
0.69483 0.17584 0.12933 
0.08753 0.90445 0.00802 
0.44504 0.00632 0.54864 
0.03669 0.92719 0.03612 
18 
0.20185 0.06058 0.73757 
0.57797 0.34596 0.07607 
0.03567 0.95874 0.00559 
0.03486 0.93368 0.03146 
0.06183 0.06423 0.87394 
0.16431 0.04882 0.78687 
18 
0.09208 0.77812 0.1298 
0.09363 0.87171 0.03466 
0.82602 0.15512 0.01886 
0.1071 0.23904 0.65386 
0.75796 0.06144 0.1806 
0.18336 0.14654 0.6701 
18 
0.05557 0.91134 0.03309 
0.10841 0.26712 0.62447 
0.97733 0.00151 0.02116 
0.47226 5.0E-4 0.52724 
0.03483 0.52256 0.44261 
0.75033 0.23105 0.01862 
18 
0.01188 0.06587 0.92225 
0.19203 0.65036 0.15761 
0.07313 0.39375 0.53312 
0.87973 0.08593 0.03434 
0.39268 0.51072 0.0966 
0.00309 0.13457 0.86234 
18 
0.10299 0.40535 0.49166 
0.10748 0.82977 0.06275 
0.10248 0.49289 0.40463 
0.72565 0.02902 0.24533 
0.91091 0.0506 0.03849 
0.17129 0.27244 0.55627 
18 
0.20291 0.53209 0.265 
0.70204 0.06711 0.23085 
0.11629 0.543 0.34071 
0.4484 0.3868 0.1648 
0.99543 0.00268 0.00189 
0.99392 0.0015 0.00458 
18 
0.05864 0.02865 0.91271 
0.0391 0.06595 0.89495 
0.21522 0.74462 0.04016 
0.10248 0.61233 0.28519 
0.98805 5.1E-4 0.01144 
0.23407 0.75845 0.00748 

18 
0.24141 0.40867 0.34992 
0.06931 0.41808 0.51261 
0.3068 0.02093 0.67227 
0.09099 0.85546 0.05355 
0.05649 0.01094 0.93257 
0.18496 0.70074 0.1143 

4 
0.32664 0.67336 
0.82155 0.17845 
4 
0.04521 0.95479 
0.03161 0.96839 
4 
0.01929 0.98071 
0.60142 0.39858 
