V-CREDAL
4
3 3 3 3
4
1 0
2 3 1
1 2
3 0 2 3

18
0.035 0.886 0.079
0.859 0.056 0.085
0.009 0.058 0.933
0.535 0.453 0.012
0.693 0.05 0.257
0.916 0.062 0.022

18
0.02 0.027 0.953
0.107 0.878 0.015
0.615 0.101 0.284
0.804 0.138 0.058
0.022 0.798 0.18
0.756 0.229 0.015
18
0.143 0.805 0.052
0.551 0.1 0.349
0.454 0.07 0.476
0.155 0.107 0.738
0.024 0.187 0.789
0.323 0.046 0.631
18
0.033 0.762 0.205
0.069 0.089 0.842
0.26 0.024 0.716
0.141 0.762 0.097
0.426 0.204 0.37
0.04 0.51 0.45

18
0.933 0.015 0.052
0.075 0.053 0.872
0.113 0.883 0.004
0.973 0.02 0.007
0.007 0.951 0.042
0.564 0.027 0.409

18
0.057 0.104 0.839
0.013 0.84 0.147
0.982 0.005 0.013
0.073 0.813 0.114
0.291 0.631 0.078
0.032 0.456 0.512
18
0.091 0.252 0.657
0.392 0.009 0.599
0.081 0.911 0.008
0.027 0.826 0.147
0.348 0.009 0.643
0.905 0.075 0.02
18
0.122 0.035 0.843
0.082 0.877 0.041
0.72 0.225 0.055
0.772 0.086 0.142
0.139 0.026 0.835
0.749 0.033 0.218
18
0.874 0.0 0.126
0.009 0.882 0.109
0.964 0.025 0.011
0.064 0.05 0.886
0.571 0.416 0.013
0.028 0.276 0.696
18
0.015 0.097 0.888
0.02 0.925 0.055
0.147 0.812 0.041
0.772 0.213 0.015
0.808 0.009 0.183
0.875 0.071 0.054
18
0.044 0.273 0.683
0.35 0.553 0.097
0.699 0.053 0.248
0.096 0.765 0.139
0.212 0.093 0.695
0.769 0.074 0.157
18
0.036 0.92 0.044
0.857 0.015 0.128
0.227 0.225 0.548
0.063 0.554 0.383
0.434 0.483 0.083
0.038 0.777 0.185
18
0.145 0.854 0.001
0.022 0.122 0.856
0.996 0.003 0.001
0.056 0.779 0.165
0.09 0.867 0.043
0.042 0.017 0.941
18
0.108 0.499 0.393
0.002 0.016 0.982
0.348 0.544 0.108
0.298 0.686 0.016
0.23 0.174 0.596
0.077 0.466 0.457
