V-CREDAL 
8 
4 3 2 4 2 2 4 3 
8 
1 0 
2 0 1 
2 1 2 
2 2 3 
2 3 4 
2 4 5 
2 5 6 
2 6 7 

16 
0.007 0.139 0.273 0.581 
0.519 0.428 0.044 0.009 
0.078 0.031 0.817 0.074 
0.006 0.218 0.012 0.764 

12 
0.061 0.488 0.451 
0.249 0.21 0.541 
0.597 0.389 0.014 
0.104 0.326 0.57 
12 
0.188 0.195 0.617 
0.023 0.372 0.605 
0.919 0.003 0.078 
0.087 0.255 0.658 
12 
0.214 0.66 0.126 
0.753 0.221 0.026 
0.004 0.458 0.538 
0.005 0.342 0.653 
12 
0.609 0.241 0.15 
0.03 0.02 0.95 
0.369 0.221 0.41 
0.77 0.195 0.035 

4 
0.434 0.566 
0.467 0.533 
4 
0.326 0.674 
0.616 0.384 
4 
0.62 0.38 
0.343 0.657 

16 
0.03 0.328 0.382 0.26 
0.795 0.03 0.038 0.137 
0.005 0.06 0.127 0.808 
0.093 0.187 0.676 0.044 
16 
0.008 0.048 0.745 0.199 
0.21 0.077 0.035 0.678 
0.059 0.49 0.341 0.11 
0.526 0.006 0.131 0.337 

4 
0.251 0.749 
0.076 0.924 
4 
0.58 0.42 
0.659 0.341 
4 
0.238 0.762 
0.619 0.381 
4 
0.862 0.138 
0.524 0.476 

4 
0.795 0.205 
0.63 0.37 
4 
0.448 0.552 
0.772 0.228 

16 
0.258 0.448 0.059 0.235 
0.089 0.116 0.704 0.091 
0.203 0.154 0.32 0.323 
0.016 0.812 0.148 0.024 
16 
0.096 0.454 0.162 0.288 
0.342 0.236 0.26 0.162 
0.055 0.092 0.023 0.83 
0.089 0.274 0.308 0.329 

12 
0.032 0.07 0.898 
0.9 0.013 0.087 
0.006 0.967 0.027 
0.108 0.037 0.855 
12 
0.528 0.408 0.064 
0.232 0.324 0.444 
0.157 0.342 0.501 
0.298 0.405 0.297 
12 
0.931 0.015 0.054 
0.675 0.283 0.042 
0.234 0.58 0.186 
0.819 0.03 0.151 
12 
0.318 0.452 0.23 
0.956 0.011 0.033 
0.898 0.025 0.077 
0.6 0.1 0.3 
