V-CREDAL
5
4 2 2 4 2
5
1 0
2 0 1
2 1 2
2 2 3
2 3 4

24
0.102 0.106 0.365 0.427
0.628 0.004 0.345 0.023
0.352 0.176 0.017 0.455
0.121 0.099 0.482 0.298
0.642 0.001 0.342 0.015
0.121 0.113 0.133 0.633

4
0.747 0.253
0.223 0.777
4
0.607 0.393
0.805 0.195
4
0.245 0.755
0.033 0.967
4
0.978 0.022
0.634 0.366

4
0.179 0.821
0.133 0.867
4
0.12 0.88
0.96 0.04

24
0.505 0.002 0.382 0.111
0.188 0.272 0.334 0.206
0.02 0.266 0.624 0.09
0.024 0.809 0.137 0.03
0.177 0.001 0.559 0.263
0.446 0.271 0.203 0.08
24
0.508 0.054 0.328 0.11
0.067 0.257 0.655 0.021
0.335 0.057 0.016 0.592
0.071 0.478 0.218 0.233
0.21 0.522 0.195 0.073
0.132 0.021 0.004 0.843

4
0.959 0.041
0.461 0.539
4
0.476 0.524
0.946 0.054
4
0.653 0.347
0.618 0.382
4
0.993 0.007
0.289 0.711
