V-CREDAL
8
4 2 2 4 4 2 4 2
8
1 0
2 0 1
2 1 2
2 2 3
2 3 4
2 4 5
2 5 6
2 6 7

24
0.144 0.133 0.081 0.642
0.099 0.023 0.797 0.081
0.093 0.002 0.583 0.322
0.204 0.218 0.421 0.157
0.277 0.171 0.056 0.496
0.04 0.003 0.892 0.065

4
0.32 0.68
0.238 0.762
4
0.223 0.777
0.023 0.977
4
0.341 0.659
0.635 0.365
4
0.984 0.016
0.517 0.483

4
0.201 0.799
0.753 0.247
4
0.14 0.86
0.377 0.623

24
0.126 0.28 0.55 0.044
0.002 0.056 0.416 0.526
0.001 0.49 0.018 0.491
0.11 0.544 0.007 0.339
0.168 0.707 0.022 0.103
0.326 0.021 0.138 0.515
24
0.7 0.051 0.048 0.201
0.137 0.02 0.047 0.796
0.001 0.959 0.021 0.019
0.338 0.141 0.432 0.089
0.519 0.037 0.178 0.266
0.06 0.01 0.001 0.929

24
0.004 0.068 0.463 0.465
0.143 0.225 0.056 0.576
0.013 0.263 0.046 0.678
0.013 0.004 0.861 0.122
0.587 0.335 0.043 0.035
0.161 0.125 0.676 0.038
24
0.084 0.691 0.002 0.223
0.684 0.127 0.128 0.061
0.232 0.048 0.699 0.021
0.643 0.079 0.264 0.014
0.014 0.091 0.889 0.006
0.022 0.325 0.629 0.024
24
0.197 0.127 0.018 0.658
0.708 0.262 0.006 0.024
0.103 0.129 0.296 0.472
0.55 0.074 0.047 0.329
0.667 0.033 0.235 0.065
0.019 0.07 0.101 0.81
24
0.894 0.03 0.003 0.073
0.029 0.048 0.904 0.019
0.032 0.274 0.403 0.291
0.27 0.024 0.009 0.697
0.077 0.626 0.083 0.214
0.085 0.875 0.036 0.004

4
0.614 0.386
0.949 0.051
4
0.261 0.739
0.629 0.371
4
0.286 0.714
0.52 0.48
4
0.449 0.551
0.867 0.133

24
0.006 0.103 0.667 0.224
0.173 0.084 0.351 0.392
0.021 0.833 0.002 0.144
0.59 0.025 0.186 0.199
0.999 0.001 0.0 0.0
0.13 0.528 0.11 0.232
24
0.054 0.177 0.003 0.766
0.004 0.928 0.039 0.029
0.57 0.26 0.05 0.12
0.82 0.038 0.071 0.071
0.041 0.501 0.301 0.157
0.113 0.537 0.265 0.085

4
0.236 0.764
0.335 0.665
4
0.01 0.99
0.302 0.698
4
0.409 0.591
0.147 0.853
4
0.643 0.357
0.847 0.153
