V-CREDAL 
6 
4 4 4 2 2 5 
6 
1 0 
2 0 1 
2 1 2 
2 2 3 
2 3 4 
2 4 5 

24 
0.05908 0.32325 0.13761 0.48006 
0.18342 0.39415 0.02214 0.40029 
0.7644 0.01723 0.04496 0.17341 
0.80238 0.16257 0.00178 0.03327 
0.13794 0.81953 0.01663 0.0259 
0.73367 0.03009 0.09164 0.1446 

24 
0.0024 0.27974 0.43455 0.28331 
0.65744 0.17586 0.0781 0.0886 
0.5077 0.25555 0.20718 0.02957 
0.006 0.04647 0.09854 0.84899 
0.46919 0.31248 0.07983 0.1385 
0.65804 0.30748 0.02541 0.00907 
24 
0.00408 0.37103 0.38604 0.23885 
0.01767 0.25222 0.0873 0.64281 
0.14062 0.57472 0.04719 0.23747 
0.29397 0.1251 0.36752 0.21341 
0.45624 0.43185 0.0646 0.04731 
0.15863 0.02291 0.24233 0.57613 
24 
0.15189 0.26375 0.02036 0.564 
0.06794 0.08806 0.83399 0.01001 
0.12014 0.40671 0.47306 9.0E-5 
0.47241 0.19661 0.29014 0.04084 
0.03941 0.04668 0.12942 0.78449 
0.62111 0.03219 0.16389 0.18281 
24 
0.29697 0.04877 0.4748 0.17946 
0.06247 0.07411 0.78668 0.07674 
0.55286 0.00362 0.03076 0.41276 
0.34899 0.16046 0.02711 0.46344 
0.10057 0.03553 0.70807 0.15583 
0.41669 0.37287 0.02298 0.18746 

24 
0.27008 0.22807 0.40229 0.09956 
0.12207 0.44725 0.24298 0.1877 
0.09291 0.89539 0.00798 0.00372 
0.0352 0.01578 0.00225 0.94677 
0.19134 0.06585 0.20642 0.53639 
0.21924 0.01305 0.06896 0.69875 
24 
0.31378 0.37269 0.05876 0.25477 
0.00161 6.4E-4 0.75346 0.24429 
0.05319 0.87182 0.03443 0.04056 
0.65388 0.0602 0.24304 0.04288 
0.90245 0.02424 0.01483 0.05848 
0.12898 0.2188 0.33787 0.31435 
24 
0.00263 0.00392 0.00696 0.98649 
0.15631 0.76185 0.06394 0.0179 
0.01715 0.83107 0.08434 0.06744 
0.29433 0.31616 0.27065 0.11886 
0.08268 0.27245 0.59454 0.05033 
2.0E-5 0.03028 3.1E-4 0.96939 
24 
0.03856 0.8753 0.00436 0.08178 
0.3909 0.21393 0.05066 0.34451 
0.85983 0.03014 0.00969 0.10034 
0.00234 0.29342 0.58138 0.12286 
0.21042 0.68264 0.0354 0.07154 
0.09427 0.08081 0.78251 0.04241 

4 
0.2561 0.7439 
0.76371 0.23629 
4 
0.84297 0.15703 
0.84294 0.15706 
4 
0.98621 0.01379 
0.21826 0.78174 
4 
0.82193 0.17807 
0.45564 0.54436 

4 
0.05146 0.94854 
0.95452 0.04548 
4 
0.59143 0.40857 
0.55659 0.44341 

30 
8.2E-4 0.01052 0.17984 0.80356 0.00526 
0.28341 0.18606 0.11014 0.25676 0.16363 
0.18415 0.01401 0.13606 0.42439 0.24139 
0.05225 0.07288 0.04628 0.82525 0.00334 
0.92739 7.5E-4 0.00668 0.03379 0.03139 
0.14089 0.43384 0.04932 0.07094 0.30501 
30 
0.22715 0.0242 0.09577 0.63972 0.01316 
0.05349 0.46254 0.0121 0.0074 0.46447 
0.13915 0.13618 0.06079 0.01264 0.65124 
0.00686 0.97234 2.4E-4 0.01385 0.00671 
0.06404 0.05007 0.83965 0.01746 0.02878 
0.02296 0.31622 0.00247 0.62207 0.03628 
