V-CREDAL
10
4 4 4 3 4 2 3 2 4 4
10
3 1 9 0
1 1
2 0 2
3 0 7 3
2 1 4
1 5
1 6
2 5 7
2 9 8
2 6 9

24
0.362 0.004 0.066 0.568
0.151 0.726 0.004 0.119
0.162 0.349 0.053 0.436
0.133 0.202 0.126 0.539
0.221 0.159 0.052 0.568
0.112 0.706 0.05 0.132
24
0.18 0.533 0.05 0.237
0.608 0.388 0.004 0.0
0.148 0.007 0.501 0.344
0.007 0.031 0.741 0.221
0.091 0.02 0.581 0.308
0.1 0.2 0.362 0.338
24
0.272 0.05 0.093 0.585
0.707 0.11 0.157 0.026
0.135 0.0 0.782 0.083
0.004 0.911 0.022 0.063
0.039 0.064 0.893 0.004
0.004 0.009 0.791 0.196
24
0.04 0.004 0.013 0.943
0.053 0.691 0.076 0.18
0.011 0.2 0.602 0.187
0.843 0.13 0.022 0.005
0.573 0.045 0.277 0.105
0.011 0.058 0.895 0.036
24
0.773 0.003 0.061 0.163
0.094 0.006 0.864 0.036
0.509 0.342 0.137 0.012
0.127 0.035 0.086 0.752
0.046 0.2 0.214 0.54
0.018 0.015 0.793 0.174
24
0.003 0.239 0.498 0.26
0.502 0.432 0.023 0.043
0.055 0.185 0.658 0.102
0.057 0.296 0.434 0.213
0.623 0.097 0.138 0.142
0.499 0.011 0.081 0.409
24
0.03 0.148 0.636 0.186
0.257 0.305 0.208 0.23
0.319 0.03 0.614 0.037
0.107 0.143 0.23 0.52
0.006 0.155 0.519 0.32
0.001 0.002 0.596 0.401
24
0.279 0.006 0.648 0.067
0.132 0.713 0.154 0.001
0.316 0.061 0.069 0.554
0.145 0.334 0.206 0.315
0.382 0.276 0.062 0.28
0.47 0.011 0.461 0.058
24
0.005 0.792 0.197 0.006
0.074 0.147 0.681 0.098
0.516 0.056 0.27 0.158
0.882 0.109 0.004 0.005
0.088 0.012 0.178 0.722
0.022 0.014 0.237 0.727
24
0.788 0.033 0.018 0.161
0.013 0.322 0.475 0.19
0.083 0.012 0.77 0.135
0.003 0.0 0.044 0.953
0.124 0.057 0.073 0.746
0.668 0.094 0.143 0.095
24
0.133 0.419 0.309 0.139
0.008 0.004 0.259 0.729
0.397 0.378 0.202 0.023
0.007 0.008 0.07 0.915
0.124 0.312 0.29 0.274
0.688 0.089 0.072 0.151
24
0.02 0.027 0.017 0.936
0.005 0.321 0.0 0.674
0.54 0.16 0.14 0.16
0.138 0.011 0.733 0.118
0.011 0.096 0.871 0.022
0.178 0.151 0.538 0.133
24
0.482 0.013 0.18 0.325
0.07 0.178 0.075 0.677
0.667 0.089 0.006 0.238
0.015 0.018 0.039 0.928
0.017 0.005 0.826 0.152
0.014 0.092 0.053 0.841
24
0.085 0.022 0.234 0.659
0.481 0.098 0.228 0.193
0.041 0.027 0.629 0.303
0.246 0.246 0.327 0.181
0.186 0.486 0.028 0.3
0.058 0.676 0.095 0.171
24
0.012 0.7 0.018 0.27
0.371 0.176 0.081 0.372
0.163 0.115 0.548 0.174
0.185 0.618 0.108 0.089
0.069 0.375 0.037 0.519
0.093 0.292 0.51 0.105
24
0.027 0.892 0.076 0.005
0.255 0.332 0.366 0.047
0.034 0.186 0.666 0.114
0.057 0.0 0.004 0.939
0.885 0.052 0.02 0.043
0.006 0.224 0.008 0.762

24
0.002 0.008 0.99 0.0
0.467 0.188 0.325 0.02
0.177 0.509 0.272 0.042
0.325 0.532 0.003 0.14
0.039 0.022 0.764 0.175
0.315 0.159 0.324 0.202

24
0.177 0.525 0.047 0.251
0.444 0.274 0.002 0.28
0.034 0.598 0.0 0.368
0.515 0.138 0.27 0.077
0.102 0.042 0.204 0.652
0.0 0.023 0.023 0.954
24
0.0 0.161 0.207 0.632
0.838 0.004 0.003 0.155
0.733 0.217 0.014 0.036
0.03 0.009 0.81 0.151
0.099 0.145 0.627 0.129
0.731 0.095 0.02 0.154
24
0.543 0.256 0.164 0.037
0.421 0.029 0.037 0.513
0.041 0.812 0.147 0.0
0.213 0.673 0.05 0.064
0.221 0.129 0.412 0.238
0.926 0.058 0.0 0.016
24
0.072 0.2 0.019 0.709
0.823 0.039 0.002 0.136
0.502 0.251 0.035 0.212
0.179 0.009 0.006 0.806
0.087 0.485 0.322 0.106
0.589 0.052 0.284 0.075

18
0.821 0.063 0.116
0.207 0.011 0.782
0.008 0.153 0.839
0.917 0.083 0.0
0.012 0.972 0.016
0.01 0.001 0.989
18
0.716 0.157 0.127
0.037 0.923 0.04
0.007 0.003 0.99
0.718 0.162 0.12
0.503 0.067 0.43
0.08 0.909 0.011
18
0.042 0.106 0.852
0.775 0.17 0.055
0.583 0.309 0.108
0.234 0.008 0.758
0.053 0.525 0.422
0.029 0.45 0.521
18
0.163 0.128 0.709
0.574 0.334 0.092
0.735 0.0 0.265
0.432 0.006 0.562
0.024 0.677 0.299
0.014 0.984 0.002
18
0.01 0.201 0.789
0.261 0.64 0.099
0.77 0.192 0.038
0.621 0.356 0.023
0.054 0.008 0.938
0.165 0.697 0.138
18
0.459 0.085 0.456
0.023 0.112 0.865
0.006 0.992 0.002
0.498 0.501 0.001
0.677 0.236 0.087
0.157 0.039 0.804
18
0.146 0.105 0.749
0.033 0.346 0.621
0.888 0.096 0.016
0.001 0.744 0.255
0.644 0.049 0.307
0.248 0.729 0.023
18
0.291 0.016 0.693
0.546 0.205 0.249
0.496 0.097 0.407
0.017 0.943 0.04
0.023 0.015 0.962
0.36 0.529 0.111

24
0.272 0.588 0.09 0.05
0.043 0.616 0.151 0.19
0.116 0.352 0.201 0.331
0.001 0.02 0.001 0.978
0.731 0.13 0.044 0.095
0.045 0.26 0.106 0.589
24
0.88 0.001 0.071 0.048
0.088 0.723 0.031 0.158
0.003 0.001 0.985 0.011
0.275 0.193 0.064 0.468
0.005 0.974 0.011 0.01
0.393 0.514 0.074 0.019
24
0.163 0.001 0.746 0.09
0.338 0.399 0.121 0.142
0.539 0.255 0.099 0.107
0.009 0.3 0.194 0.497
0.212 0.08 0.208 0.5
0.065 0.756 0.156 0.023
24
0.012 0.311 0.027 0.65
0.089 0.084 0.207 0.62
0.007 0.914 0.027 0.052
0.412 0.278 0.014 0.296
0.045 0.083 0.863 0.009
0.162 0.116 0.213 0.509

4
0.792 0.208
0.37 0.63

18
0.053 0.882 0.065
0.993 0.006 0.001
0.003 0.232 0.765
0.001 0.105 0.894
0.022 0.711 0.267
0.637 0.348 0.015

4
0.814 0.186
0.496 0.504
4
0.913 0.087
0.939 0.061

24
0.215 0.005 0.586 0.194
0.327 0.34 0.104 0.229
0.014 0.031 0.009 0.946
0.178 0.382 0.173 0.267
0.445 0.04 0.509 0.006
0.038 0.131 0.536 0.295
24
0.073 0.428 0.002 0.497
0.074 0.026 0.786 0.114
0.86 0.038 0.067 0.035
0.026 0.039 0.012 0.923
0.477 0.512 0.004 0.007
0.077 0.373 0.24 0.31
24
0.031 0.027 0.437 0.505
0.093 0.285 0.104 0.518
0.186 0.701 0.057 0.056
0.291 0.065 0.59 0.054
0.047 0.747 0.003 0.203
0.025 0.716 0.094 0.165
24
0.618 0.117 0.111 0.154
0.966 0.003 0.001 0.03
0.035 0.38 0.071 0.514
0.803 0.113 0.084 0.0
0.075 0.145 0.013 0.767
0.978 0.0 0.017 0.005

24
0.051 0.014 0.889 0.046
0.989 0.001 0.008 0.002
0.018 0.018 0.753 0.211
0.315 0.382 0.009 0.294
0.152 0.808 0.038 0.002
0.019 0.121 0.662 0.198
24
0.007 0.97 0.001 0.022
0.028 0.125 0.074 0.773
0.07 0.011 0.876 0.043
0.486 0.414 0.043 0.057
0.773 0.028 0.023 0.176
0.669 0.098 0.173 0.06
24
0.277 0.068 0.024 0.631
0.19 0.179 0.178 0.453
0.473 0.058 0.397 0.072
0.018 0.554 0.369 0.059
0.256 0.275 0.13 0.339
0.043 0.047 0.871 0.039
