V-CREDAL
4
2 3 2 3
4
1 0
1 1
2 0 2
3 0 1 3

4
0.483 0.517
0.242 0.758

12
0.321 0.606 0.073
0.226 0.318 0.456
0.177 0.02 0.803
0.895 0.004 0.101

4
0.992 0.008
0.754 0.246
4
0.404 0.596
0.418 0.582

12
0.133 0.322 0.545
0.216 0.545 0.239
0.653 0.175 0.172
0.173 0.089 0.738
12
0.379 0.173 0.448
0.2 0.302 0.498
0.002 0.994 0.004
0.62 0.184 0.196
12
0.92 0.055 0.025
0.073 0.29 0.637
0.266 0.33 0.404
0.401 0.176 0.423
12
0.029 0.802 0.169
0.253 0.034 0.713
0.747 0.1 0.153
0.59 0.287 0.123
12
0.03 0.899 0.071
0.181 0.033 0.786
0.948 0.043 0.009
0.032 0.849 0.119
12
0.192 0.232 0.576
0.013 0.943 0.044
0.294 0.09 0.616
0.129 0.615 0.256
