V-CREDAL 
4 
3 2 2 3 
4 
1 0 
2 0 1 
2 1 2 
2 2 3 

18 
0.03542 0.0682 0.89638 
0.03069 0.01516 0.95415 
0.95002 0.00655 0.04343 
0.44288 0.49974 0.05738 
0.14491 0.44561 0.40948 
0.07347 0.37842 0.54811 

4 
0.63521 0.36479 
0.22343 0.77657 
4 
0.79808 0.20192 
0.81721 0.18279 
4 
0.09973 0.90027 
0.49097 0.50903 

4 
0.61934 0.38066 
0.72627 0.27373 
4 
0.3104 0.6896 
0.03865 0.96135 

18 
0.99072 2.3E-4 0.00905 
0.01201 0.66652 0.32147 
0.11013 0.86306 0.02681 
0.27499 0.01422 0.71079 
0.10222 0.22124 0.67654 
0.00648 0.9547 0.03882 
18 
0.68183 0.03444 0.28373 
0.20164 0.71984 0.07852 
0.8917 0.09277 0.01553 
0.04985 0.7223 0.22785 
0.4666 0.03478 0.49862 
0.68186 0.2937 0.02444 
