V-CREDAL
8
3 4 3 4 4 3 4 3
8
1 0
1 1
2 1 2
2 4 3
2 0 4
3 0 2 5
2 5 6
2 4 7

18
0.931 0.064 0.005
0.769 0.005 0.226
0.001 0.997 0.002
0.0 0.069 0.931
0.044 0.014 0.942
0.812 0.017 0.171

24
0.0 0.154 0.843 0.003
0.003 0.151 0.037 0.809
0.262 0.004 0.5 0.234
0.287 0.035 0.041 0.637
0.128 0.378 0.362 0.132
0.505 0.072 0.137 0.286

18
0.732 0.054 0.214
0.978 0.011 0.011
0.099 0.554 0.347
0.191 0.778 0.031
0.144 0.79 0.066
0.133 0.486 0.381
18
0.239 0.738 0.023
0.725 0.149 0.126
0.045 0.232 0.723
0.007 0.937 0.056
0.736 0.044 0.22
0.504 0.006 0.49
18
0.985 0.002 0.013
0.015 0.984 0.001
0.008 0.002 0.99
0.002 0.988 0.01
0.002 0.993 0.005
0.401 0.597 0.002
18
0.54 0.307 0.153
0.069 0.185 0.746
0.704 0.037 0.259
0.087 0.461 0.452
0.904 0.045 0.051
0.401 0.029 0.57

24
0.559 0.418 0.02 0.003
0.005 0.573 0.127 0.295
0.025 0.356 0.444 0.175
0.961 0.011 0.025 0.003
0.034 0.216 0.218 0.532
0.011 0.423 0.034 0.532
24
0.084 0.623 0.273 0.02
0.56 0.013 0.064 0.363
0.677 0.116 0.172 0.035
0.215 0.682 0.057 0.046
0.28 0.173 0.056 0.491
0.576 0.019 0.208 0.197
24
0.64 0.043 0.148 0.169
0.113 0.534 0.009 0.344
0.145 0.124 0.16 0.571
0.016 0.406 0.46 0.118
0.11 0.111 0.012 0.767
0.426 0.341 0.09 0.143
24
0.651 0.014 0.317 0.018
0.025 0.573 0.039 0.363
0.07 0.047 0.753 0.13
0.148 0.607 0.162 0.083
0.59 0.361 0.027 0.022
0.287 0.003 0.683 0.027

24
0.004 0.044 0.003 0.949
0.029 0.028 0.929 0.014
0.058 0.828 0.064 0.05
0.652 0.07 0.227 0.051
0.269 0.282 0.09 0.359
0.545 0.186 0.185 0.084
24
0.202 0.031 0.138 0.629
0.959 0.011 0.028 0.002
0.303 0.022 0.45 0.225
0.096 0.252 0.362 0.29
0.044 0.06 0.87 0.026
0.739 0.083 0.051 0.127
24
0.086 0.791 0.035 0.088
0.049 0.884 0.031 0.036
0.163 0.344 0.439 0.054
0.915 0.037 0.022 0.026
0.255 0.274 0.377 0.094
0.345 0.419 0.052 0.184

18
0.668 0.311 0.021
0.177 0.775 0.048
0.973 0.017 0.01
0.194 0.143 0.663
0.113 0.783 0.104
0.546 0.055 0.399
18
0.922 0.029 0.049
0.808 0.007 0.185
0.133 0.863 0.004
0.005 0.004 0.991
0.023 0.263 0.714
0.876 0.085 0.039
18
0.018 0.042 0.94
0.824 0.061 0.115
0.664 0.326 0.01
0.017 0.981 0.002
0.014 0.739 0.247
0.824 0.142 0.034
18
0.943 0.012 0.045
0.017 0.974 0.009
0.004 0.766 0.23
0.887 0.075 0.038
0.098 0.135 0.767
0.036 0.43 0.534
18
0.033 0.952 0.015
0.971 0.008 0.021
0.006 0.951 0.043
0.032 0.039 0.929
0.007 0.958 0.035
0.004 0.661 0.335
18
0.779 0.012 0.209
0.996 0.003 0.001
0.171 0.052 0.777
0.12 0.824 0.056
0.054 0.856 0.09
0.01 0.737 0.253
18
0.425 0.43 0.145
0.081 0.899 0.02
0.283 0.057 0.66
0.011 0.088 0.901
0.453 0.224 0.323
0.032 0.449 0.519
18
0.413 0.199 0.388
0.524 0.085 0.391
0.685 0.016 0.299
0.184 0.694 0.122
0.025 0.854 0.121
0.077 0.634 0.289
18
0.012 0.97 0.018
0.065 0.383 0.552
0.649 0.005 0.346
0.812 0.075 0.113
0.819 0.126 0.055
0.323 0.098 0.579

24
0.375 0.597 0.004 0.024
0.714 0.221 0.033 0.032
0.724 0.003 0.001 0.272
0.224 0.077 0.555 0.144
0.023 0.635 0.262 0.08
0.009 0.849 0.129 0.013
24
0.146 0.038 0.546 0.27
0.248 0.152 0.041 0.559
0.034 0.02 0.924 0.022
0.685 0.048 0.266 0.001
0.029 0.445 0.5 0.026
0.871 0.003 0.003 0.123
24
0.115 0.003 0.654 0.228
0.068 0.557 0.343 0.032
0.021 0.161 0.549 0.269
0.004 0.016 0.018 0.962
0.232 0.5 0.046 0.222
0.422 0.228 0.254 0.096

18
0.941 0.01 0.049
0.046 0.08 0.874
0.055 0.896 0.049
0.795 0.002 0.203
0.135 0.841 0.024
0.041 0.187 0.772
18
0.571 0.03 0.399
0.705 0.136 0.159
0.002 0.002 0.996
0.28 0.626 0.094
0.586 0.292 0.122
0.548 0.016 0.436
18
0.028 0.382 0.59
0.883 0.114 0.003
0.369 0.003 0.628
0.976 0.007 0.017
0.009 0.986 0.005
0.119 0.242 0.639
18
0.447 0.013 0.54
0.531 0.286 0.183
0.462 0.465 0.073
0.008 0.004 0.988
0.054 0.715 0.231
0.072 0.711 0.217
