V-CREDAL 
4 
2 2 4 4 
4 
1 0 
2 0 1 
2 1 2 
2 2 3 

4 
0.8622 0.1378 
5.6E-4 0.99944 

4 
0.19155 0.80845 
0.69769 0.30231 
4 
0.61886 0.38114 
0.03407 0.96593 

24 
7.3E-4 0.00261 0.08799 0.90867 
0.10128 0.05431 0.84069 0.00372 
0.53813 0.13126 0.301 0.02961 
0.28448 0.0321 0.02013 0.66329 
0.04875 0.89355 0.01697 0.04073 
0.14889 0.79816 0.04642 0.00653 
24 
0.07183 0.52483 0.37114 0.0322 
0.00321 0.10052 0.00426 0.89201 
0.03616 0.00774 0.59964 0.35646 
0.28052 0.07888 0.60892 0.03168 
0.6529 0.23489 0.10534 0.00687 
0.54724 0.04369 0.04664 0.36243 

24 
0.0019 0.52955 0.41818 0.05037 
0.10956 0.61354 0.00209 0.27481 
0.97039 0.0292 3.8E-4 3.0E-5 
0.23181 0.03252 0.03905 0.69662 
0.22776 0.31455 0.3911 0.06659 
0.2737 0.02263 0.04634 0.65733 
24 
0.24145 0.13148 0.53723 0.08984 
0.06678 0.39573 0.17072 0.36677 
0.54359 0.04717 0.05844 0.3508 
0.32833 0.04446 0.41299 0.21422 
0.01686 0.27793 0.69705 0.00816 
0.2569 0.26899 0.42451 0.0496 
24 
0.00966 8.8E-4 0.02602 0.96344 
0.24021 0.01509 0.11259 0.63211 
0.05112 0.34824 0.24938 0.35126 
0.14126 0.78282 0.02994 0.04598 
0.20272 0.53634 0.21802 0.04292 
0.18193 0.21303 0.57788 0.02716 
24 
0.50826 0.11369 0.31519 0.06286 
0.07101 0.12078 0.7816 0.02661 
0.05272 0.096 0.72268 0.1286 
0.32973 0.46003 0.04951 0.16073 
0.02845 0.90923 0.03063 0.03169 
0.05648 0.00501 0.35623 0.58228 
