V-CREDAL 
8 
2 3 3 3 2 3 2 3 
8 
3 3 4 0 
2 7 1 
2 5 2 
1 3 
2 7 4 
1 5 
2 0 6 
2 5 7 

4 
0.64318 0.35682 
0.60775 0.39225 
4 
0.68073 0.31927 
0.97231 0.02769 
4 
0.32018 0.67982 
0.39446 0.60554 
4 
0.8568 0.1432 
0.92885 0.07115 
4 
0.01578 0.98422 
0.15558 0.84442 
4 
0.81659 0.18341 
0.99184 0.00816 

18 
0.07343 0.82705 0.09952 
0.82615 0.00466 0.16919 
0.00518 0.44443 0.55039 
0.88587 0.00699 0.10714 
0.84752 0.14995 0.00253 
0.34604 0.24024 0.41372 
18 
0.16089 0.00287 0.83624 
0.83154 0.01763 0.15083 
0.1202 0.80762 0.07218 
0.38877 0.55705 0.05418 
0.57592 0.37768 0.0464 
0.03097 0.4788 0.49023 
18 
0.0031 0.9827 0.0142 
0.94384 0.01851 0.03765 
0.00442 0.84759 0.14799 
0.02433 0.05476 0.92091 
0.92488 0.06706 0.00806 
0.92011 0.01726 0.06263 

18 
0.17855 0.0223 0.79915 
0.28904 0.56287 0.14809 
0.14655 0.48384 0.36961 
0.45996 0.50966 0.03038 
0.01695 0.07388 0.90917 
0.50519 0.31942 0.17539 
18 
0.1032 0.60584 0.29096 
0.5883 0.10854 0.30316 
0.29768 0.32827 0.37405 
0.49572 0.34801 0.15627 
0.5316 0.10761 0.36079 
0.17237 0.6087 0.21893 
18 
0.01217 0.15373 0.8341 
0.0029 0.9882 0.0089 
0.14804 0.03474 0.81722 
0.07657 0.92233 0.0011 
0.87543 0.11394 0.01063 
0.05372 0.07344 0.87284 

18 
0.84189 0.08471 0.0734 
0.20685 2.5E-4 0.7929 
0.04536 0.93973 0.01491 
0.09954 0.3186 0.58186 
0.52314 0.03509 0.44177 
0.01261 0.69132 0.29607 

4 
0.4316 0.5684 
0.38465 0.61535 
4 
0.89117 0.10883 
0.03605 0.96395 
4 
0.47554 0.52446 
0.53174 0.46826 

18 
0.22144 0.48484 0.29372 
0.2917 0.07674 0.63156 
0.56745 0.37514 0.05741 
0.35813 0.0502 0.59167 
0.43824 0.54652 0.01524 
0.59229 0.15826 0.24945 

4 
0.08808 0.91192 
0.04778 0.95222 
4 
0.22589 0.77411 
0.72062 0.27938 

18 
0.02616 0.05666 0.91718 
0.11535 0.58294 0.30171 
0.20917 0.03935 0.75148 
0.73676 0.16765 0.09559 
0.63799 0.09899 0.26302 
0.48562 0.35614 0.15824 
18 
0.58981 0.16743 0.24276 
0.05591 0.08634 0.85775 
0.4004 0.05664 0.54296 
0.01336 0.81992 0.16672 
0.57425 0.12469 0.30106 
0.40151 0.5786 0.01989 
18 
0.46846 0.40195 0.12959 
0.26721 0.4882 0.24459 
0.09799 0.11991 0.7821 
0.19027 0.40427 0.40546 
0.65354 0.08588 0.26058 
0.15095 0.05314 0.79591 
