V-CREDAL
6
4 2 3 2 2 2
6
1 0
2 0 1
2 1 2
2 2 3
2 3 4
2 4 5

16
0.186 0.373 0.313 0.128
0.11 0.09 0.691 0.109
0.058 0.715 0.207 0.02
0.714 0.023 0.008 0.255

4
0.354 0.646
0.579 0.421
4
0.489 0.511
0.665 0.335
4
0.097 0.903
0.026 0.974
4
0.616 0.384
0.089 0.911

12
0.08 0.186 0.734
0.62 0.13 0.25
0.032 0.921 0.047
0.662 0.334 0.004
12
0.876 0.088 0.036
0.604 0.237 0.159
0.387 0.61 0.003
0.104 0.735 0.161

4
0.938 0.062
0.652 0.348
4
0.146 0.854
0.534 0.466
4
0.17 0.83
0.074 0.926

4
0.792 0.208
0.74 0.26
4
0.223 0.777
0.66 0.34

4
0.8 0.2
0.965 0.035
4
0.791 0.209
0.173 0.827
