V-CREDAL
10
2 2 3 3 2 4 2 3 2 4
10
2 7 0
2 4 1
2 0 2
1 3
2 5 4
3 0 6 5
1 6
1 7
4 3 5 9 8
1 9

4
0.33 0.67
0.898 0.102
4
0.818 0.182
1.0 0.0
4
0.438 0.562
0.847 0.153

4
0.312 0.688
0.062 0.938
4
0.913 0.087
0.358 0.642

18
0.003 0.977 0.02
0.768 0.217 0.015
0.007 0.985 0.008
0.037 0.026 0.937
0.961 0.007 0.032
0.107 0.009 0.884
18
0.054 0.765 0.181
0.09 0.753 0.157
0.109 0.556 0.335
0.968 0.0 0.032
0.714 0.223 0.063
0.608 0.01 0.382

18
0.504 0.092 0.404
0.593 0.336 0.071
0.222 0.057 0.721
0.03 0.188 0.782
0.451 0.444 0.105
0.532 0.401 0.067

4
0.789 0.211
0.666 0.334
4
0.706 0.294
0.873 0.127
4
0.028 0.972
0.358 0.642
4
0.988 0.012
0.487 0.513

24
0.728 0.002 0.004 0.266
0.491 0.169 0.308 0.032
0.021 0.163 0.331 0.485
0.185 0.001 0.401 0.413
0.416 0.136 0.393 0.055
0.782 0.001 0.008 0.209
24
0.877 0.08 0.019 0.024
0.014 0.033 0.195 0.758
0.581 0.213 0.163 0.043
0.09 0.219 0.281 0.41
0.62 0.101 0.028 0.251
0.563 0.101 0.204 0.132
24
0.019 0.013 0.668 0.3
0.586 0.002 0.393 0.019
0.0 0.004 0.008 0.988
0.206 0.515 0.149 0.13
0.617 0.148 0.064 0.171
0.454 0.083 0.439 0.024
24
0.235 0.391 0.036 0.338
0.032 0.047 0.17 0.751
0.168 0.13 0.132 0.57
0.087 0.192 0.247 0.474
0.17 0.662 0.026 0.142
0.155 0.049 0.594 0.202

4
0.9 0.1
0.855 0.145

18
0.775 0.21 0.015
0.919 0.01 0.071
0.033 0.007 0.96
0.002 0.104 0.894
0.147 0.746 0.107
0.869 0.112 0.019

4
0.249 0.751
0.346 0.654
4
0.535 0.465
0.06 0.94
4
0.806 0.194
0.592 0.408
4
0.386 0.614
0.294 0.706
4
0.442 0.558
0.027 0.973
4
0.557 0.443
0.261 0.739
4
0.019 0.981
0.614 0.386
4
0.575 0.425
0.985 0.015
4
0.891 0.109
0.294 0.706
4
0.52 0.48
0.054 0.946
4
0.855 0.145
0.353 0.647
4
0.15 0.85
0.195 0.805
4
0.117 0.883
0.507 0.493
4
0.538 0.462
0.96 0.04
4
0.889 0.111
0.695 0.305
4
0.811 0.189
0.848 0.152
4
0.555 0.445
0.249 0.751
4
0.22 0.78
0.026 0.974
4
0.597 0.403
0.096 0.904
4
0.168 0.832
0.639 0.361
4
0.1 0.9
0.326 0.674
4
0.289 0.711
0.122 0.878
4
0.677 0.323
0.047 0.953
4
0.429 0.571
0.476 0.524
4
0.715 0.285
0.89 0.11
4
0.724 0.276
0.235 0.765
4
0.434 0.566
0.587 0.413
4
0.832 0.168
0.06 0.94
4
0.176 0.824
0.114 0.886
4
0.927 0.073
0.362 0.638
4
0.4 0.6
0.757 0.243
4
0.074 0.926
0.735 0.265
4
0.244 0.756
0.172 0.828
4
0.956 0.044
0.76 0.24
4
0.257 0.743
0.995 0.005
4
0.046 0.954
0.68 0.32
4
0.746 0.254
0.268 0.732
4
0.079 0.921
0.205 0.795
4
0.602 0.398
0.597 0.403
4
0.773 0.227
0.302 0.698
4
0.409 0.591
0.532 0.468
4
0.302 0.698
0.871 0.129
4
0.774 0.226
0.41 0.59
4
0.878 0.122
0.721 0.279
4
0.589 0.411
0.156 0.844
4
0.156 0.844
0.694 0.306
4
0.943 0.057
0.581 0.419
4
0.758 0.242
0.559 0.441

24
0.059 0.9 0.025 0.016
0.573 0.067 0.024 0.336
0.026 0.918 0.023 0.033
0.158 0.772 0.057 0.013
0.017 0.098 0.039 0.846
0.226 0.453 0.194 0.127
