V-CREDAL
10
4 3 2 4 4 3 3 4 4 3
10
2 7 0
1 1
3 1 5 2
2 0 3
2 5 4
1 5
3 4 7 6
1 7
2 0 8
2 5 9

16
0.434 0.178 0.113 0.275
0.246 0.144 0.563 0.047
0.321 0.087 0.542 0.05
0.828 0.008 0.08 0.084
16
0.426 0.409 0.032 0.133
0.05 0.687 0.077 0.186
0.939 0.043 0.013 0.005
0.063 0.011 0.694 0.232
16
0.115 0.072 0.408 0.405
0.24 0.134 0.603 0.023
0.152 0.76 0.033 0.055
0.307 0.096 0.187 0.41
16
0.024 0.666 0.183 0.127
0.994 0.001 0.001 0.004
0.203 0.538 0.089 0.17
0.131 0.007 0.028 0.834

12
0.06 0.375 0.565
0.008 0.009 0.983
0.549 0.317 0.134
0.234 0.515 0.251

4
0.575 0.425
0.536 0.464
4
0.88 0.12
0.917 0.083
4
0.667 0.333
0.488 0.512
4
0.732 0.268
0.342 0.658
4
0.291 0.709
0.514 0.486
4
0.566 0.434
0.091 0.909
4
0.389 0.611
0.25 0.75
4
0.834 0.166
0.408 0.592
4
0.572 0.428
0.887 0.113

16
0.048 0.058 0.869 0.025
0.008 0.274 0.642 0.076
0.041 0.073 0.162 0.724
0.04 0.048 0.902 0.01
16
0.016 0.94 0.029 0.015
0.421 0.181 0.347 0.051
0.288 0.57 0.072 0.07
0.384 0.009 0.039 0.568
16
0.002 0.008 0.238 0.752
0.514 0.03 0.005 0.451
0.039 0.373 0.007 0.581
0.004 0.977 0.016 0.003
16
0.098 0.018 0.194 0.69
0.009 0.135 0.018 0.838
0.863 0.057 0.037 0.043
0.013 0.101 0.866 0.02

16
0.053 0.02 0.063 0.864
0.388 0.302 0.005 0.305
0.338 0.155 0.085 0.422
0.243 0.141 0.336 0.28
16
0.674 0.111 0.167 0.048
0.299 0.271 0.082 0.348
0.306 0.441 0.238 0.015
0.052 0.054 0.587 0.307
16
0.396 0.056 0.046 0.502
0.274 0.231 0.305 0.19
0.394 0.288 0.316 0.002
0.727 0.096 0.029 0.148

12
0.017 0.515 0.468
0.028 0.93 0.042
0.163 0.092 0.745
0.452 0.268 0.28

12
0.328 0.399 0.273
0.896 0.043 0.061
0.757 0.227 0.016
0.122 0.563 0.315
12
0.06 0.795 0.145
0.298 0.48 0.222
0.187 0.352 0.461
0.474 0.095 0.431
12
0.334 0.569 0.097
0.056 0.504 0.44
0.204 0.067 0.729
0.296 0.367 0.337
12
0.97 0.009 0.021
0.256 0.742 0.002
0.183 0.037 0.78
0.108 0.889 0.003
12
0.102 0.752 0.146
0.308 0.53 0.162
0.015 0.06 0.925
0.157 0.193 0.65
12
0.478 0.126 0.396
0.071 0.801 0.128
0.941 0.035 0.024
0.136 0.782 0.082
12
0.022 0.849 0.129
0.938 0.012 0.05
0.118 0.701 0.181
0.826 0.039 0.135
12
0.128 0.729 0.143
0.697 0.037 0.266
0.18 0.539 0.281
0.611 0.101 0.288
12
0.255 0.144 0.601
0.072 0.61 0.318
0.597 0.271 0.132
0.088 0.389 0.523
12
0.649 0.05 0.301
0.199 0.556 0.245
0.634 0.214 0.152
0.052 0.207 0.741
12
0.158 0.027 0.815
0.034 0.03 0.936
0.101 0.764 0.135
0.706 0.021 0.273
12
0.606 0.372 0.022
0.139 0.023 0.838
0.086 0.062 0.852
0.382 0.499 0.119
12
0.044 0.692 0.264
0.456 0.24 0.304
0.117 0.147 0.736
0.052 0.212 0.736
12
0.115 0.773 0.112
0.212 0.768 0.02
0.443 0.122 0.435
0.69 0.19 0.12
12
0.256 0.644 0.1
0.524 0.454 0.022
0.758 0.03 0.212
0.438 0.232 0.33
12
0.077 0.901 0.022
0.08 0.503 0.417
0.281 0.673 0.046
0.252 0.105 0.643

16
0.536 0.103 0.215 0.146
0.192 0.379 0.207 0.222
0.144 0.181 0.072 0.603
0.216 0.053 0.024 0.707

16
0.47 0.19 0.291 0.049
0.046 0.122 0.358 0.474
0.431 0.366 0.186 0.017
0.436 0.298 0.072 0.194
16
0.009 0.788 0.023 0.18
0.013 0.024 0.239 0.724
0.298 0.053 0.175 0.474
0.19 0.055 0.212 0.543
16
0.15 0.254 0.25 0.346
0.015 0.001 0.982 0.002
0.792 0.16 0.023 0.025
0.003 0.02 0.018 0.959
16
0.781 0.027 0.069 0.123
0.794 0.082 0.093 0.031
0.165 0.057 0.103 0.675
0.084 0.001 0.86 0.055

12
0.148 0.082 0.77
0.075 0.893 0.032
0.519 0.044 0.437
0.16 0.042 0.798
12
0.722 0.025 0.253
0.949 0.002 0.049
0.17 0.795 0.035
0.04 0.54 0.42
12
0.236 0.129 0.635
0.059 0.505 0.436
0.996 0.001 0.003
0.531 0.423 0.046
