V-CREDAL
10
4 3 2 4 4 3 3 4 4 3
10
2 7 0
1 1
3 1 5 2
2 0 3
2 5 4
1 5
3 4 7 6
1 7
2 0 8
2 5 9

16
0.04 0.251 0.194 0.515
0.635 0.097 0.124 0.144
0.348 0.003 0.626 0.023
0.808 0.028 0.056 0.108
16
0.292 0.115 0.585 0.008
0.118 0.866 0.015 0.001
0.054 0.91 0.036 0.0
0.423 0.073 0.11 0.394
16
0.013 0.464 0.508 0.015
0.438 0.204 0.212 0.146
0.532 0.035 0.104 0.329
0.024 0.444 0.532 0.0
16
0.555 0.194 0.039 0.212
0.011 0.529 0.017 0.443
0.09 0.069 0.36 0.481
0.279 0.435 0.013 0.273

12
0.033 0.107 0.86
0.21 0.724 0.066
0.331 0.445 0.224
0.015 0.928 0.057

4
0.849 0.151
0.452 0.548
4
0.987 0.013
0.661 0.339
4
0.687 0.313
0.132 0.868
4
0.533 0.467
0.513 0.487
4
0.673 0.327
0.119 0.881
4
0.817 0.183
0.462 0.538
4
0.127 0.873
0.312 0.688
4
0.058 0.942
0.193 0.807
4
0.334 0.666
0.173 0.827

16
0.052 0.672 0.146 0.13
0.562 0.25 0.135 0.053
0.008 0.12 0.059 0.813
0.095 0.284 0.063 0.558
16
0.644 0.103 0.04 0.213
0.407 0.039 0.009 0.545
0.022 0.025 0.028 0.925
0.014 0.088 0.579 0.319
16
0.003 0.048 0.949 0.0
0.493 0.007 0.493 0.007
0.405 0.038 0.482 0.075
0.304 0.624 0.042 0.03
16
0.117 0.082 0.032 0.769
0.008 0.231 0.246 0.515
0.073 0.052 0.103 0.772
0.718 0.007 0.197 0.078

16
0.03 0.049 0.017 0.904
0.207 0.676 0.062 0.055
0.142 0.088 0.717 0.053
0.013 0.312 0.442 0.233
16
0.05 0.938 0.009 0.003
0.11 0.476 0.095 0.319
0.604 0.033 0.246 0.117
0.517 0.087 0.291 0.105
16
0.082 0.663 0.043 0.212
0.061 0.196 0.252 0.491
0.014 0.966 0.012 0.008
0.105 0.818 0.023 0.054

12
0.117 0.813 0.07
0.303 0.246 0.451
0.112 0.656 0.232
0.372 0.514 0.114

12
0.484 0.046 0.47
0.377 0.535 0.088
0.105 0.466 0.429
0.046 0.932 0.022
12
0.37 0.359 0.271
0.476 0.22 0.304
0.721 0.222 0.057
0.563 0.293 0.144
12
0.045 0.365 0.59
0.071 0.177 0.752
0.241 0.413 0.346
0.703 0.194 0.103
12
0.187 0.221 0.592
0.545 0.069 0.386
0.056 0.874 0.07
0.445 0.081 0.474
12
0.368 0.437 0.195
0.033 0.0 0.967
0.673 0.267 0.06
0.996 0.001 0.003
12
0.74 0.078 0.182
0.127 0.203 0.67
0.436 0.354 0.21
0.223 0.48 0.297
12
0.785 0.203 0.012
0.18 0.103 0.717
0.106 0.194 0.7
0.864 0.021 0.115
12
0.236 0.621 0.143
0.849 0.107 0.044
0.425 0.574 0.001
0.168 0.082 0.75
12
0.108 0.446 0.446
0.056 0.103 0.841
0.017 0.778 0.205
0.03 0.247 0.723
12
0.71 0.285 0.005
0.078 0.841 0.081
0.026 0.354 0.62
0.036 0.865 0.099
12
0.028 0.669 0.303
0.97 0.018 0.012
0.529 0.077 0.394
0.43 0.565 0.005
12
0.023 0.069 0.908
0.774 0.094 0.132
0.248 0.619 0.133
0.11 0.468 0.422
12
0.025 0.058 0.917
0.813 0.074 0.113
0.101 0.116 0.783
0.376 0.242 0.382
12
0.613 0.236 0.151
0.249 0.591 0.16
0.209 0.044 0.747
0.001 0.694 0.305
12
0.842 0.073 0.085
0.114 0.417 0.469
0.104 0.878 0.018
0.011 0.966 0.023
12
0.002 0.579 0.419
0.239 0.179 0.582
0.1 0.502 0.398
0.132 0.16 0.708

16
0.099 0.033 0.076 0.792
0.047 0.027 0.161 0.765
0.639 0.09 0.007 0.264
0.523 0.072 0.037 0.368

16
0.032 0.135 0.068 0.765
0.196 0.297 0.497 0.01
0.043 0.041 0.045 0.871
0.178 0.522 0.072 0.228
16
0.1 0.132 0.622 0.146
0.175 0.035 0.277 0.513
0.236 0.251 0.489 0.024
0.08 0.028 0.763 0.129
16
0.265 0.513 0.195 0.027
0.224 0.491 0.065 0.22
0.154 0.552 0.154 0.14
0.393 0.379 0.037 0.191
16
0.135 0.01 0.062 0.793
0.135 0.029 0.26 0.576
0.16 0.529 0.066 0.245
0.094 0.078 0.018 0.81

12
0.208 0.617 0.175
0.353 0.071 0.576
0.743 0.037 0.22
0.249 0.609 0.142
12
0.641 0.353 0.006
0.315 0.047 0.638
0.037 0.033 0.93
0.685 0.19 0.125
12
0.372 0.386 0.242
0.846 0.114 0.04
0.138 0.102 0.76
0.172 0.171 0.657
