V-CREDAL 
8 
3 4 4 2 2 2 3 4 
8 
2 2 0 
1 1 
2 1 2 
4 1 4 5 3 
1 4 
1 5 
2 0 6 
2 5 7 

12 
0.56282 0.4326 0.00458 
0.00738 0.00822 0.9844 
0.42235 0.3413 0.23635 
0.23217 0.04623 0.7216 
12 
0.11244 0.29552 0.59204 
0.42175 0.22972 0.34853 
0.07509 0.32471 0.6002 
0.75874 0.19515 0.04611 
12 
0.24742 0.42767 0.32491 
0.4728 0.32326 0.20394 
0.71465 0.09641 0.18894 
0.16059 0.56988 0.26953 
12 
0.74016 0.09595 0.16389 
0.0166 0.00125 0.98215 
0.16396 0.55674 0.2793 
0.66647 0.02283 0.3107 

16 
0.0283 0.85853 0.04451 0.06866 
6.7E-4 0.8409 0.05813 0.1003 
0.82127 0.02539 0.00867 0.14467 
0.92565 0.06138 0.0063 0.00667 

16 
0.484 0.10624 0.16325 0.24651 
0.01111 0.34183 0.02592 0.62114 
0.11098 0.54889 0.21545 0.12468 
0.0305 0.61563 0.02397 0.3299 
16 
0.26086 0.14434 0.59201 0.00279 
0.21993 0.49411 0.11638 0.16958 
0.64453 0.11807 0.20027 0.03713 
0.156 0.38849 0.12053 0.33498 
16 
0.13304 0.03412 0.01524 0.8176 
0.12532 0.07936 0.09278 0.70254 
0.02997 0.08577 0.8609 0.02336 
0.05362 0.04194 0.2918 0.61264 
16 
0.0168 0.04652 0.63039 0.30629 
0.7003 0.01264 0.05814 0.22892 
0.00276 0.41494 0.00343 0.57887 
0.41984 0.51413 0.03043 0.0356 

4 
0.93702 0.06298 
0.99627 0.00373 
4 
0.11507 0.88493 
0.7964 0.2036 
4 
0.86027 0.13973 
0.6819 0.3181 
4 
0.32974 0.67026 
0.18076 0.81924 
4 
0.02871 0.97129 
0.31035 0.68965 
4 
0.83117 0.16883 
0.30504 0.69496 
4 
0.95949 0.04051 
0.45188 0.54812 
4 
0.99315 0.00685 
0.77399 0.22601 
4 
0.50001 0.49999 
0.43299 0.56701 
4 
0.79479 0.20521 
0.26807 0.73193 
4 
0.97123 0.02877 
0.11797 0.88203 
4 
0.76059 0.23941 
0.56438 0.43562 
4 
0.4281 0.5719 
0.36398 0.63602 
4 
0.8176 0.1824 
0.64165 0.35835 
4 
0.81987 0.18013 
0.17028 0.82972 
4 
0.1085 0.8915 
0.28716 0.71284 

4 
0.64438 0.35562 
0.92343 0.07657 

4 
0.71423 0.28577 
0.89554 0.10446 

12 
0.9731 0.01982 0.00708 
0.00116 0.17084 0.828 
0.06504 0.79582 0.13914 
0.0102 0.68172 0.30808 
12 
0.13049 0.02458 0.84493 
0.67235 0.0156 0.31205 
0.38999 0.595 0.01501 
0.14346 0.81007 0.04647 
12 
0.01812 0.1154 0.86648 
0.74704 0.05761 0.19535 
0.02382 0.02859 0.94759 
0.02929 0.89987 0.07084 

16 
0.22562 0.28218 0.47226 0.01994 
0.54089 0.26477 0.06905 0.12529 
0.05432 0.14186 0.24777 0.55605 
0.0179 0.23646 0.43728 0.30836 
16 
0.32264 0.02856 0.32762 0.32118 
0.03133 0.08991 0.86281 0.01595 
0.01294 0.33941 0.12688 0.52077 
8.0E-5 0.75573 0.24279 0.0014 
