V-CREDAL 
10 
2 5 3 3 3 4 3 2 2 5 
10 
3 1 3 0 
1 1 
2 1 2 
1 3 
2 3 4 
2 4 5 
2 2 6 
1 7 
3 0 7 8 
2 5 9 

4 
0.08354 0.91646 
0.22085 0.77915 
4 
0.79102 0.20898 
0.11914 0.88086 
4 
0.72967 0.27033 
0.92025 0.07975 
4 
0.81094 0.18906 
0.04195 0.95805 
4 
0.96458 0.03542 
0.70705 0.29295 
4 
0.56084 0.43916 
0.95753 0.04247 
4 
0.16837 0.83163 
0.53035 0.46965 
4 
0.24692 0.75308 
0.38958 0.61042 
4 
0.82766 0.17234 
0.69716 0.30284 
4 
0.84646 0.15354 
0.14074 0.85926 
4 
0.48568 0.51432 
0.85436 0.14564 
4 
0.0855 0.9145 
0.76288 0.23712 
4 
0.01206 0.98794 
0.54577 0.45423 
4 
0.21586 0.78414 
0.46899 0.53101 
4 
0.87903 0.12097 
0.82437 0.17563 

20 
0.0426 0.02715 0.07722 0.83745 0.01558 
0.02119 0.14409 0.43548 0.21534 0.1839 
4.0E-5 0.99883 5.7E-4 3.2E-4 2.4E-4 
0.0851 0.03726 0.65766 0.04679 0.17319 

12 
0.46567 0.44554 0.08879 
0.04205 0.34766 0.61029 
0.00683 0.00545 0.98772 
0.723 0.02646 0.25054 
12 
0.12173 0.81354 0.06473 
0.76817 0.09733 0.1345 
0.07555 0.70723 0.21722 
0.35171 0.63095 0.01734 
12 
0.28394 0.21772 0.49834 
0.44095 0.50176 0.05729 
0.03186 0.54196 0.42618 
0.0395 0.13353 0.82697 
12 
0.21447 0.14368 0.64185 
0.81927 0.16614 0.01459 
0.03436 0.10456 0.86108 
0.97366 0.01114 0.0152 
12 
0.08719 0.33275 0.58006 
0.16946 0.01749 0.81305 
0.88886 0.02844 0.0827 
0.15753 0.53186 0.31061 

12 
0.50708 0.47624 0.01668 
0.15937 0.32503 0.5156 
0.11656 0.01753 0.86591 
0.45488 0.09727 0.44785 

12 
0.37794 0.23697 0.38509 
0.52989 0.31574 0.15437 
0.04687 0.93211 0.02102 
0.2968 0.27241 0.43079 
12 
0.54909 0.40109 0.04982 
0.01118 0.18379 0.80503 
0.16099 0.75757 0.08144 
0.61374 0.21529 0.17097 
12 
0.49432 0.01813 0.48755 
0.01131 0.93141 0.05728 
0.40305 0.38125 0.2157 
0.0124 0.51172 0.47588 

16 
0.01855 0.02449 0.85797 0.09899 
0.05173 0.62744 0.25705 0.06378 
0.29051 0.24186 0.09996 0.36767 
0.36907 0.05938 0.36113 0.21042 
16 
0.08265 0.21516 0.1101 0.59209 
0.89328 0.08519 0.01176 0.00977 
0.0061 0.40604 0.10211 0.48575 
0.11938 0.54199 0.14711 0.19152 
16 
0.10057 0.55884 0.17515 0.16544 
0.00151 0.00462 0.20171 0.79216 
0.29195 0.64818 0.00741 0.05246 
0.46203 0.30294 0.17042 0.06461 

12 
0.41202 0.31627 0.27171 
0.1547 0.43089 0.41441 
0.07351 0.82649 0.1 
0.67904 0.21236 0.1086 
12 
0.67153 0.20134 0.12713 
0.43801 0.34754 0.21445 
0.48223 0.42173 0.09604 
0.17599 0.54532 0.27869 
12 
0.95908 0.01406 0.02686 
0.50303 0.40814 0.08883 
0.43524 0.01089 0.55387 
0.00459 0.04491 0.9505 

4 
0.18498 0.81502 
0.94219 0.05781 

4 
0.49382 0.50618 
0.97896 0.02104 
4 
0.84582 0.15418 
0.08042 0.91958 
4 
0.59795 0.40205 
0.26722 0.73278 
4 
0.06316 0.93684 
0.03267 0.96733 

20 
0.09909 0.84436 0.01776 0.02862 0.01017 
0.11081 0.01905 0.01168 0.01447 0.84399 
0.12176 0.04062 0.05569 0.11037 0.67156 
0.01322 0.12124 0.7566 0.01356 0.09538 
20 
0.277 0.36006 0.1623 0.14017 0.06047 
0.15584 0.00482 0.16416 0.29664 0.37854 
0.15445 0.03429 0.73657 0.01154 0.06315 
0.02428 0.19451 0.23655 0.17504 0.36962 
20 
0.53138 0.02028 0.12928 0.16564 0.15342 
0.43774 0.00567 0.08681 0.42344 0.04634 
6.9E-4 0.9925 0.00475 0.00145 6.1E-4 
0.1965 0.16988 0.08167 0.21435 0.3376 
20 
0.02885 0.009 0.08391 0.0678 0.81044 
0.08151 0.02252 0.59341 0.03859 0.26397 
0.00268 0.0421 0.00186 0.03474 0.91862 
0.5099 0.06395 0.23874 0.05285 0.13456 
