V-CREDAL 
8 
3 2 2 2 3 2 3 2 
8 
1 0 
1 1 
1 2 
2 2 3 
2 2 4 
4 1 4 6 5 
2 7 6 
2 0 7 

18 
0.06907 0.82526 0.10567 
0.57977 0.37019 0.05004 
0.23326 0.12638 0.64036 
0.00859 0.85989 0.13152 
0.04056 0.36219 0.59725 
0.06302 0.01307 0.92391 

4 
0.24393 0.75607 
0.66562 0.33438 

4 
0.2948 0.7052 
0.05848 0.94152 

4 
0.61379 0.38621 
0.71809 0.28191 
4 
0.79254 0.20746 
0.71158 0.28842 

18 
0.05298 0.90516 0.04186 
0.01785 0.28755 0.6946 
0.97807 0.01594 0.00599 
0.04741 0.04299 0.9096 
0.1553 0.81715 0.02755 
0.98407 0.00838 0.00755 
18 
0.1069 0.73773 0.15537 
0.05726 0.08141 0.86133 
0.5642 0.1508 0.285 
0.30605 0.61052 0.08343 
0.21599 0.69409 0.08992 
0.42141 0.48732 0.09127 

4 
0.9734 0.0266 
0.3074 0.6926 
4 
0.79798 0.20202 
0.82954 0.17046 
4 
0.30774 0.69226 
0.17246 0.82754 
4 
0.39695 0.60305 
0.51863 0.48137 
4 
0.75806 0.24194 
0.55689 0.44311 
4 
0.20072 0.79928 
0.52713 0.47287 
4 
0.54635 0.45365 
0.06356 0.93644 
4 
0.5283 0.4717 
0.26678 0.73322 
4 
0.14383 0.85617 
0.36807 0.63193 
4 
0.12613 0.87387 
0.97265 0.02735 
4 
0.67632 0.32368 
0.96173 0.03827 
4 
0.3811 0.6189 
0.33587 0.66413 
4 
0.93774 0.06226 
0.45483 0.54517 
4 
0.91492 0.08508 
0.05564 0.94436 
4 
0.98419 0.01581 
0.5936 0.4064 
4 
0.18417 0.81583 
0.89607 0.10393 
4 
0.4429 0.5571 
0.05974 0.94026 
4 
0.23352 0.76648 
0.95981 0.04019 

18 
0.0018 0.14064 0.85756 
0.70478 0.10264 0.19258 
0.01377 0.0085 0.97773 
0.05497 0.94285 0.00218 
0.40391 0.02406 0.57203 
0.01087 0.69914 0.28999 
18 
0.23615 0.3444 0.41945 
0.13112 0.69913 0.16975 
0.93485 0.05686 0.00829 
0.00793 0.50753 0.48454 
0.70022 0.07247 0.22731 
0.21229 0.78149 0.00622 

4 
0.25957 0.74043 
0.05309 0.94691 
4 
0.12513 0.87487 
0.18328 0.81672 
4 
0.86236 0.13764 
0.82377 0.17623 
