V-CREDAL 
8 
3 2 4 3 3 5 3 4 
8 
1 0 
2 3 1 
3 1 6 2 
1 3 
3 0 5 4 
2 6 5 
1 6 
2 5 7 

12 
0.57773 0.4179 0.00437 
0.25464 0.39549 0.34987 
0.00894 0.18555 0.80551 
0.62676 0.10182 0.27142 

4 
0.15686 0.84314 
0.67314 0.32686 
4 
0.22451 0.77549 
0.54963 0.45037 
4 
0.4857 0.5143 
0.17426 0.82574 

16 
0.00908 0.7706 0.20697 0.01335 
0.0531 0.0265 0.9038 0.0166 
0.27075 0.48242 0.03468 0.21215 
0.2727 0.40749 0.24809 0.07172 
16 
0.23343 0.59402 0.12038 0.05217 
0.04346 0.52942 0.41453 0.01259 
0.00383 0.45109 0.01012 0.53496 
0.13175 0.03996 0.41298 0.41531 
16 
0.93339 0.00373 0.05761 0.00527 
0.02114 0.77764 0.00637 0.19485 
0.04201 0.11296 0.66459 0.18044 
0.08816 0.42617 0.42179 0.06388 
16 
0.21499 0.0155 0.30749 0.46202 
0.14743 0.1663 0.2958 0.39047 
0.01228 0.39165 0.54507 0.051 
0.62247 0.31708 0.05336 0.00709 
16 
0.00636 0.1421 0.17049 0.68105 
0.06199 0.51845 0.37558 0.04398 
0.23992 0.63582 0.00272 0.12154 
0.08512 0.19829 0.14604 0.57055 
16 
0.72797 0.17676 0.01184 0.08343 
0.04232 0.37024 0.0748 0.51264 
0.01019 0.54566 0.41389 0.03026 
0.66256 0.25416 0.06443 0.01885 

12 
0.1663 0.5491 0.2846 
0.30017 0.69201 0.00782 
0.46741 0.24565 0.28694 
0.50286 0.48542 0.01172 

12 
0.22297 0.71724 0.05979 
0.40086 0.4599 0.13924 
0.11818 0.04109 0.84073 
4.4E-4 0.44174 0.55782 
12 
0.07671 0.29851 0.62478 
0.01817 0.56546 0.41637 
0.20442 0.05356 0.74202 
0.67347 0.10136 0.22517 
12 
0.1116 0.54373 0.34467 
0.09623 0.42257 0.4812 
0.79297 0.15763 0.0494 
0.05926 0.06073 0.88001 
12 
0.13497 0.38649 0.47854 
0.45086 0.53677 0.01237 
0.37759 0.06403 0.55838 
0.53343 0.13799 0.32858 
12 
0.04082 0.76824 0.19094 
0.79164 0.00257 0.20579 
0.21986 0.03189 0.74825 
0.87045 0.05078 0.07877 
12 
0.32274 0.60487 0.07239 
0.37842 0.35251 0.26907 
0.19381 0.12491 0.68128 
0.24722 0.1191 0.63368 
12 
0.3475 0.08295 0.56955 
0.10567 0.17802 0.71631 
0.81757 0.08931 0.09312 
0.28599 0.4075 0.30651 
12 
0.48055 0.46269 0.05676 
0.19983 0.59862 0.20155 
0.15215 0.2494 0.59845 
0.34302 0.25048 0.4065 
12 
0.23023 0.1725 0.59727 
0.90864 0.02201 0.06935 
0.05556 0.55471 0.38973 
0.43458 0.1247 0.44072 
12 
0.07599 0.29011 0.6339 
0.05564 0.93781 0.00655 
0.51075 0.47627 0.01298 
0.37285 0.24055 0.3866 
12 
0.11716 0.53876 0.34408 
0.33565 0.59712 0.06723 
0.01154 0.06253 0.92593 
0.49471 0.1373 0.36799 
12 
0.82447 0.07824 0.09729 
0.55479 0.161 0.28421 
0.43102 0.12529 0.44369 
0.05388 0.27801 0.66811 
12 
0.00358 0.01666 0.97976 
0.16237 0.48727 0.35036 
0.33576 0.3809 0.28334 
0.32371 0.22243 0.45386 
12 
0.00184 0.99716 0.001 
0.2337 0.66349 0.10281 
0.21417 0.68483 0.101 
0.05756 0.8676 0.07484 
12 
0.1037 0.5102 0.3861 
0.40315 0.10829 0.48856 
0.04001 0.23538 0.72461 
0.38429 0.07921 0.5365 

20 
0.01556 0.0219 0.4116 0.02717 0.52377 
0.00255 0.06132 0.05329 0.12188 0.76096 
0.47053 0.10127 0.17562 0.00467 0.24791 
0.19609 0.1825 0.01575 0.29087 0.31479 
20 
0.21507 0.47442 0.03891 0.21721 0.05439 
0.01809 0.00129 3.7E-4 2.9E-4 0.97996 
0.38557 0.31079 0.00607 0.25163 0.04594 
0.26002 0.15843 0.00377 0.09727 0.48051 
20 
0.08898 0.86559 0.02934 0.00809 0.008 
0.0775 0.47362 0.17439 0.08636 0.18813 
0.05262 0.01657 0.0247 0.88818 0.01793 
0.04639 0.02163 0.06287 8.1E-4 0.8683 

12 
0.77174 0.08756 0.1407 
0.52128 0.3899 0.08882 
0.00649 0.64322 0.35029 
0.30703 0.38267 0.3103 

16 
0.03919 0.0035 0.4937 0.46361 
0.12206 0.45757 0.201 0.21937 
0.40542 0.08385 0.09533 0.4154 
0.02429 0.02197 0.05426 0.89948 
16 
0.18823 0.02628 0.75389 0.0316 
0.4384 0.10595 0.08092 0.37473 
0.2631 0.199 0.52263 0.01527 
0.23138 0.43173 0.16099 0.1759 
16 
0.00457 0.93462 0.05889 0.00192 
7.6E-4 0.0143 0.00129 0.98365 
0.01934 0.05749 0.16258 0.76059 
0.5564 0.00528 0.41976 0.01856 
16 
0.0922 0.62024 0.26355 0.02401 
0.01272 0.02733 0.91688 0.04307 
0.01989 0.9248 0.0156 0.03971 
0.14729 0.64321 0.07242 0.13708 
16 
0.38549 0.56128 0.0251 0.02813 
0.03759 0.20295 0.62591 0.13355 
0.05657 0.36715 0.39438 0.1819 
0.01957 0.84353 0.11582 0.02108 
