V-CREDAL
10
2 2 3 3 2 4 2 3 2 4
10
2 7 0
2 4 1
2 0 2
1 3
2 5 4
3 0 6 5
1 6
1 7
4 3 5 9 8
1 9

4
0.727 0.273
0.695 0.305
4
0.983 0.017
0.289 0.711
4
0.677 0.323
0.528 0.472

4
0.115 0.885
0.297 0.703
4
0.086 0.914
0.721 0.279

18
0.699 0.28 0.021
0.041 0.802 0.157
0.07 0.851 0.079
0.011 0.021 0.968
0.931 0.05 0.019
0.197 0.764 0.039
18
0.023 0.007 0.97
0.01 0.822 0.168
0.012 0.923 0.065
0.8 0.191 0.009
0.874 0.024 0.102
0.018 0.972 0.01

18
0.197 0.048 0.755
0.268 0.654 0.078
0.64 0.198 0.162
0.086 0.819 0.095
0.07 0.65 0.28
0.501 0.085 0.414

4
0.795 0.205
0.921 0.079
4
0.56 0.44
0.727 0.273
4
0.565 0.435
0.072 0.928
4
0.965 0.035
0.766 0.234

24
0.025 0.301 0.532 0.142
0.259 0.025 0.081 0.635
0.001 0.078 0.016 0.905
0.054 0.363 0.579 0.004
0.571 0.223 0.04 0.166
0.157 0.177 0.397 0.269
24
0.006 0.003 0.002 0.989
0.03 0.117 0.037 0.816
0.68 0.119 0.167 0.034
0.092 0.048 0.781 0.079
0.176 0.51 0.253 0.061
0.023 0.002 0.633 0.342
24
0.036 0.953 0.002 0.009
0.382 0.148 0.163 0.307
0.292 0.646 0.017 0.045
0.004 0.849 0.144 0.003
0.024 0.005 0.222 0.749
0.001 0.003 0.993 0.003
24
0.717 0.016 0.023 0.244
0.019 0.19 0.206 0.585
0.017 0.805 0.054 0.124
0.142 0.089 0.388 0.381
0.726 0.017 0.015 0.242
0.286 0.051 0.324 0.339

4
0.988 0.012
0.487 0.513

18
0.417 0.583 0.0
0.922 0.031 0.047
0.166 0.57 0.264
0.424 0.06 0.516
0.876 0.018 0.106
0.306 0.108 0.586

4
0.817 0.183
0.195 0.805
4
0.586 0.414
0.034 0.966
4
0.117 0.883
0.02 0.98
4
0.163 0.837
0.732 0.268
4
0.163 0.837
0.22 0.78
4
0.359 0.641
0.904 0.096
4
0.655 0.345
0.12 0.88
4
0.826 0.174
0.632 0.368
4
0.581 0.419
0.438 0.562
4
0.807 0.193
0.603 0.397
4
0.611 0.389
0.449 0.551
4
0.851 0.149
0.12 0.88
4
0.079 0.921
0.851 0.149
4
0.71 0.29
0.644 0.356
4
0.315 0.685
0.145 0.855
4
0.046 0.954
0.077 0.923
4
0.55 0.45
0.572 0.428
4
0.053 0.947
0.09 0.91
4
0.996 0.004
0.46 0.54
4
0.572 0.428
0.382 0.618
4
0.009 0.991
0.631 0.369
4
0.392 0.608
0.013 0.987
4
0.765 0.235
0.948 0.052
4
0.691 0.309
0.546 0.454
4
0.583 0.417
0.154 0.846
4
0.991 0.009
0.266 0.734
4
0.038 0.962
0.137 0.863
4
0.409 0.591
0.212 0.788
4
0.861 0.139
0.257 0.743
4
0.196 0.804
0.509 0.491
4
0.68 0.32
0.032 0.968
4
0.354 0.646
0.996 0.004
4
0.41 0.59
0.914 0.086
4
0.155 0.845
0.938 0.062
4
0.133 0.867
0.902 0.098
4
0.752 0.248
0.799 0.201
4
0.408 0.592
0.666 0.334
4
0.292 0.708
0.293 0.707
4
0.443 0.557
0.758 0.242
4
0.019 0.981
0.58 0.42
4
0.934 0.066
0.735 0.265
4
0.601 0.399
0.499 0.501
4
0.888 0.112
0.732 0.268
4
0.068 0.932
0.523 0.477
4
0.696 0.304
0.327 0.673
4
0.365 0.635
0.975 0.025
4
0.667 0.333
0.718 0.282
4
0.211 0.789
0.928 0.072

24
0.6 0.227 0.121 0.052
0.012 0.969 0.003 0.016
0.586 0.172 0.223 0.019
0.129 0.404 0.008 0.459
0.269 0.035 0.578 0.118
0.019 0.013 0.668 0.3
