V-CREDAL 
10 
4 2 4 2 4 4 4 3 4 2 
10 
1 0 
2 6 1 
1 2 
2 0 3 
5 2 5 6 7 4 
3 8 9 5 
1 6 
2 0 7 
1 8 
1 9 

16 
0.1965 0.27305 0.30627 0.22418 
0.13232 0.36631 0.40862 0.09275 
0.76514 0.00999 0.1482 0.07667 
0.36222 0.11926 0.46838 0.05014 

4 
0.8509 0.1491 
0.13333 0.86667 
4 
0.66031 0.33969 
0.47216 0.52784 
4 
0.49448 0.50552 
0.47118 0.52882 
4 
0.75507 0.24493 
0.09704 0.90296 

16 
0.20687 0.02621 0.08967 0.67725 
0.41622 0.51125 0.05577 0.01676 
0.03068 0.31981 0.06623 0.58328 
0.13852 0.55708 0.26463 0.03977 

4 
0.56971 0.43029 
0.04623 0.95377 
4 
0.03015 0.96985 
0.21577 0.78423 
4 
0.29876 0.70124 
0.11094 0.88906 
4 
0.28332 0.71668 
0.46511 0.53489 

16 
0.01718 0.22421 0.04687 0.71174 
0.04223 0.29921 0.46058 0.19798 
0.50497 0.25051 0.18766 0.05686 
1.9E-4 0.98468 0.00107 0.01406 
16 
0.06901 0.13064 0.20536 0.59499 
0.90246 0.02749 0.0579 0.01215 
0.06202 0.06838 0.14718 0.72242 
0.87434 0.05589 0.05361 0.01616 
16 
0.01098 0.01271 0.94803 0.02828 
0.06441 0.00456 0.85271 0.07832 
0.01907 0.11562 0.12319 0.74212 
0.85737 0.05245 0.04544 0.04474 
16 
0.0359 0.26306 0.04897 0.65207 
0.18898 0.10266 0.19308 0.51528 
0.24751 0.66114 0.01909 0.07226 
0.06995 0.64588 0.19 0.09417 
16 
0.11675 0.18434 0.29078 0.40813 
0.00259 0.00461 0.96909 0.02371 
0.02925 0.62035 0.07816 0.27224 
0.01743 0.88435 0.0456 0.05262 
16 
0.59752 0.02225 0.16013 0.2201 
0.04674 0.02265 0.69814 0.23247 
0.18192 0.10558 0.46507 0.24743 
0.04586 0.45397 0.44028 0.05989 
16 
0.11414 0.65895 0.14052 0.08639 
0.03902 0.07607 0.02681 0.8581 
0.02223 0.84805 0.11199 0.01773 
0.02656 0.82216 0.09658 0.0547 
16 
0.64813 0.00326 0.02762 0.32099 
0.54469 0.08439 0.09699 0.27393 
0.57926 0.05005 0.00166 0.36903 
0.00476 0.18 0.13437 0.68087 
16 
0.49023 0.30409 0.18499 0.02069 
0.30131 0.35587 0.11001 0.23281 
0.00601 0.17457 0.00849 0.81093 
0.00606 0.04954 0.89789 0.04651 
16 
0.04343 0.0052 0.01164 0.93973 
0.03625 0.1707 0.13779 0.65526 
0.06834 0.04109 0.82016 0.07041 
0.4175 0.07893 0.00746 0.49611 
16 
0.05958 0.7852 0.10821 0.04701 
0.00886 0.87067 0.06231 0.05816 
0.18661 0.48741 0.22208 0.1039 
0.00396 0.00304 0.0035 0.9895 
16 
0.15912 0.00109 0.83035 0.00944 
0.31808 1.9E-4 0.4897 0.19203 
0.26175 0.23923 0.09377 0.40525 
0.45391 0.25098 0.02501 0.2701 
16 
0.23673 0.07493 0.44165 0.24669 
0.01123 6.1E-4 0.00685 0.98131 
0.37339 0.14879 0.02538 0.45244 
0.01265 0.49074 0.02691 0.4697 
16 
0.13268 0.22671 0.01639 0.62422 
0.33678 0.1966 0.44866 0.01796 
0.84463 0.00103 0.02422 0.13012 
0.01641 0.21852 0.11583 0.64924 
16 
0.42243 0.01221 0.13928 0.42608 
0.96889 0.01639 0.00676 0.00796 
0.0874 0.00103 0.07712 0.83445 
0.86667 0.00554 0.03556 0.09223 
16 
0.10806 0.0905 0.5018 0.29964 
0.39892 0.04545 0.52128 0.03435 
0.05289 0.58443 0.14294 0.21974 
0.38501 0.02639 0.29593 0.29267 
16 
0.23206 0.66119 0.09972 0.00703 
0.73476 0.0566 0.10629 0.10235 
0.15016 0.38289 0.27458 0.19237 
0.08041 0.6207 0.01977 0.27912 
16 
0.07002 0.18949 0.48847 0.25202 
0.05304 0.10403 0.79266 0.05027 
0.73864 0.19479 0.05066 0.01591 
0.16799 0.20141 0.59575 0.03485 
16 
0.05975 0.10424 0.04842 0.78759 
0.09237 0.59237 0.12923 0.18603 
0.47083 0.10627 0.10558 0.31732 
0.00335 0.08007 0.85205 0.06453 
16 
0.02867 0.32361 0.04984 0.59788 
0.30008 0.44288 0.05103 0.20601 
0.13545 0.09901 0.25722 0.50832 
0.5878 0.18365 0.19542 0.03313 
16 
0.1376 0.0233 0.07898 0.76012 
0.47775 0.49221 0.00171 0.02833 
0.22375 0.13043 0.04357 0.60225 
0.45399 0.15737 0.09139 0.29725 
16 
0.00775 0.23342 0.07924 0.67959 
0.94199 0.00175 0.01097 0.04529 
0.23671 0.56746 0.15576 0.04007 
0.15103 0.38468 0.24613 0.21816 
16 
0.26387 0.15195 0.23802 0.34616 
0.0141 0.1688 0.02784 0.78926 
0.01366 0.09583 0.76363 0.12688 
0.75219 0.00784 0.03946 0.20051 
16 
0.50017 0.00371 0.10266 0.39346 
0.12895 0.00371 0.51759 0.34975 
0.06597 0.84692 0.02116 0.06595 
0.77118 0.01014 0.00814 0.21054 
16 
0.16792 0.09872 0.66854 0.06482 
0.32063 0.01241 0.661 0.00596 
0.50429 0.02384 0.39522 0.07665 
0.05169 0.2462 0.00563 0.69648 
16 
0.14237 0.12644 0.23696 0.49423 
0.18291 0.1384 0.12194 0.55675 
0.81539 9.5E-4 0.0303 0.15336 
0.36834 0.08685 0.04179 0.50302 
16 
0.01175 0.6228 0.07818 0.28727 
0.05379 0.11332 0.17108 0.66181 
0.09353 0.05452 0.76053 0.09142 
0.05402 0.03301 0.72048 0.19249 
16 
0.95806 0.00937 0.03056 0.00201 
0.14753 0.80897 0.02865 0.01485 
0.13946 0.58931 0.21908 0.05215 
0.07167 0.01082 0.01396 0.90355 
16 
0.59992 0.04849 0.05297 0.29862 
0.50627 0.30745 0.13126 0.05502 
3.8E-4 0.42312 0.57624 2.6E-4 
0.04389 0.71314 0.00351 0.23946 
16 
0.2974 0.58082 0.01708 0.1047 
2.0E-4 0.98682 1.4E-4 0.01284 
0.79074 0.08904 0.01136 0.10886 
0.15617 0.0452 0.16839 0.63024 
16 
0.74583 0.00159 0.20812 0.04446 
0.00535 0.20477 0.26325 0.52663 
0.01799 0.00829 0.97321 5.1E-4 
0.63654 0.07113 0.23665 0.05568 
16 
0.1201 0.8149 0.03795 0.02705 
0.80681 0.08446 0.08323 0.0255 
0.15035 0.20012 0.27754 0.37199 
0.37981 0.00269 0.57558 0.04192 
16 
0.98909 0.0014 0.00844 0.00107 
0.04184 0.01929 0.01614 0.92273 
0.44609 0.01104 0.43122 0.11165 
0.01002 0.01872 0.64233 0.32893 
16 
0.09218 0.04321 0.58307 0.28154 
0.02305 0.28797 0.03072 0.65826 
0.98755 0.00391 0.00497 0.00357 
0.08581 0.33029 0.46343 0.12047 
16 
0.34857 0.10159 0.543 0.00684 
0.06857 0.00409 0.91164 0.0157 
0.6258 0.1658 0.04345 0.16495 
0.19418 0.24998 0.18189 0.37395 
16 
0.86575 0.01414 0.01306 0.10705 
0.26445 0.00921 0.04544 0.6809 
0.2664 0.0336 0.32312 0.37688 
0.43325 0.4872 0.06796 0.01159 
16 
0.22983 0.09823 0.31851 0.35343 
0.01567 0.058 0.79416 0.13217 
0.00133 9.9E-4 0.01073 0.98695 
0.08638 0.71217 0.13435 0.0671 
16 
0.09036 0.03018 0.30203 0.57743 
0.02911 0.45751 0.27904 0.23434 
0.16474 0.12992 0.47538 0.22996 
0.08318 0.2661 0.23584 0.41488 
16 
0.09789 0.68084 0.01153 0.20974 
0.22814 0.01091 0.68775 0.0732 
0.21637 0.32748 0.22254 0.23361 
0.40154 0.04267 0.48542 0.07037 
16 
0.34109 0.20441 0.23904 0.21546 
0.01362 0.63719 0.22203 0.12716 
0.18003 0.1454 0.31436 0.36021 
0.99894 0.001 4.0E-5 2.0E-5 
16 
0.4032 0.02234 0.54386 0.0306 
0.68343 0.04662 0.00434 0.26561 
0.17244 0.15608 0.10672 0.56476 
0.15161 0.81382 0.02426 0.01031 
16 
0.09049 0.24685 0.54418 0.11848 
0.04492 0.12761 0.00411 0.82336 
0.28224 0.03683 0.15671 0.52422 
0.81893 0.00627 0.17102 0.00378 
16 
0.00407 0.60506 0.02481 0.36606 
0.06151 0.00187 0.79766 0.13896 
0.08688 0.35637 0.25552 0.30123 
0.26071 0.60083 0.00776 0.1307 
16 
0.19978 0.05073 0.56298 0.18651 
0.82976 0.10899 0.04153 0.01972 
0.00948 0.0374 0.00327 0.94985 
0.64055 0.00288 0.35214 0.00443 
16 
0.07129 0.49692 0.06469 0.3671 
0.5506 0.15539 0.03417 0.25984 
0.27784 0.19536 0.41072 0.11608 
0.44708 0.03815 0.20049 0.31428 
16 
0.45272 0.02818 0.01089 0.50821 
0.21449 0.48973 0.16228 0.1335 
0.0257 0.79273 0.10605 0.07552 
6.0E-5 0.75615 0.2079 0.03589 
16 
0.00944 0.33769 0.05688 0.59599 
0.194 0.40015 0.00852 0.39733 
0.01895 0.81186 0.11869 0.0505 
0.91842 0.04005 0.03736 0.00417 
16 
0.61797 0.10805 0.24011 0.03387 
0.01303 0.00511 0.91717 0.06469 
0.11558 0.30704 0.34624 0.23114 
0.08538 0.15125 0.09564 0.66773 
16 
0.5027 0.13463 0.08957 0.2731 
0.88397 0.0634 0.00465 0.04798 
0.36307 0.09897 0.30052 0.23744 
0.47284 0.19596 0.15574 0.17546 
16 
0.03076 0.02472 0.52102 0.4235 
0.21161 0.25047 0.40666 0.13126 
0.15888 0.07153 0.39791 0.37168 
0.17334 0.74163 0.00588 0.07915 
16 
0.13679 0.77882 0.04 0.04439 
0.1371 0.21128 0.00957 0.64205 
0.06848 0.5718 0.13511 0.22461 
0.11229 0.45628 0.14658 0.28485 
16 
0.23026 0.53726 0.226 0.00648 
0.12948 0.01855 0.24724 0.60473 
0.63651 1.4E-4 1.1E-4 0.36324 
0.13428 0.5598 0.17591 0.13001 
16 
0.21399 0.04532 0.66563 0.07506 
0.3717 0.03573 0.26491 0.32766 
0.36174 0.49169 0.07468 0.07189 
0.02973 0.00991 0.31571 0.64465 
16 
0.28971 0.01201 0.09051 0.60777 
0.98662 7.0E-5 4.0E-5 0.01327 
0.41184 0.06362 0.21636 0.30818 
0.31461 0.04731 0.27494 0.36314 
16 
0.50864 0.0231 0.12505 0.34321 
0.01727 0.34682 0.63374 0.00217 
0.08651 0.14849 0.10253 0.66247 
0.02362 0.89867 0.04281 0.0349 
16 
0.92892 0.02005 0.02462 0.02641 
0.48174 0.02661 0.11795 0.3737 
0.33283 0.12818 0.0765 0.46249 
0.39903 0.38166 0.15615 0.06316 
16 
0.28762 0.20809 0.09917 0.40512 
0.09861 0.38143 0.16288 0.35708 
0.23387 0.49882 0.25577 0.01154 
0.85771 0.00197 0.06895 0.07137 
16 
0.2652 0.03013 0.22848 0.47619 
0.16118 0.39858 0.29516 0.14508 
0.32789 0.09994 0.41163 0.16054 
0.90387 0.04012 0.0481 0.00791 
16 
0.42888 0.06074 0.014 0.49638 
0.12366 0.02135 0.00859 0.8464 
0.00705 0.02571 0.01226 0.95498 
0.0893 0.7668 0.05814 0.08576 
16 
0.29322 0.55373 0.06175 0.0913 
0.35097 0.35857 0.24923 0.04123 
0.40282 0.10326 0.13914 0.35478 
0.24336 0.09372 0.55965 0.10327 
16 
0.15829 0.14214 0.52881 0.17076 
0.16781 0.01856 0.29152 0.52211 
0.37992 0.02014 0.57758 0.02236 
0.14193 0.17692 0.17285 0.5083 
16 
0.09081 0.68452 0.02608 0.19859 
0.96956 0.02955 5.4E-4 3.5E-4 
0.09487 0.6732 1.4E-4 0.23179 
0.24946 0.05172 0.68671 0.01211 
16 
0.25299 0.01141 0.72605 0.00955 
0.02002 0.01303 0.95559 0.01136 
0.75072 0.06468 0.06319 0.12141 
0.85343 0.04474 0.09462 0.00721 
16 
0.05785 0.32419 0.23058 0.38738 
0.3489 0.0724 0.15361 0.42509 
0.45766 0.34442 0.05787 0.14005 
0.10468 0.62656 0.0922 0.17656 
16 
0.66196 0.03728 0.08529 0.21547 
0.0018 0.05628 0.03064 0.91128 
0.20969 0.41402 0.2701 0.10619 
0.0029 0.00184 7.0E-5 0.99519 
16 
0.09029 0.60114 0.19394 0.11463 
0.07033 0.24776 0.00853 0.67338 
0.13314 0.01349 0.40174 0.45163 
0.01224 0.55028 0.19744 0.24004 
16 
0.02954 0.0166 0.0316 0.92226 
0.24062 0.14117 0.0907 0.52751 
0.8754 0.0507 0.0467 0.0272 
0.3749 0.34582 0.06163 0.21765 
16 
0.39373 0.00977 0.51075 0.08575 
0.2881 0.01578 0.62973 0.06639 
0.48526 0.05937 0.35689 0.09848 
0.01248 0.0666 0.79312 0.1278 
16 
0.65437 0.12384 0.18802 0.03377 
0.0468 0.00288 0.8232 0.12712 
0.03222 0.08117 0.62541 0.2612 
0.00987 0.88928 0.00154 0.09931 
16 
0.0391 0.72579 0.07567 0.15944 
0.13688 0.05653 0.74696 0.05963 
0.23148 0.57275 0.11189 0.08388 
0.05484 0.20613 0.63547 0.10356 
16 
0.05321 0.40641 0.25977 0.28061 
0.10217 0.21166 0.19781 0.48836 
0.19104 0.25763 0.48938 0.06195 
0.20721 0.33614 0.05153 0.40512 
16 
0.07429 0.56255 0.118 0.24516 
0.031 0.02771 0.72915 0.21214 
0.60388 0.05732 0.28701 0.05179 
0.14308 0.52756 0.17288 0.15648 
16 
0.01421 0.58721 0.11275 0.28583 
0.46845 0.40018 0.08377 0.0476 
0.64459 0.08525 0.01176 0.2584 
0.01398 0.01457 0.72526 0.24619 
16 
0.81358 0.09144 0.07252 0.02246 
0.97823 0.00968 0.00586 0.00623 
0.08646 0.03864 0.79702 0.07788 
0.03985 0.41997 0.51087 0.02931 
16 
0.03118 0.04891 0.62532 0.29459 
0.06117 0.43926 0.11248 0.38709 
0.00996 0.6634 0.18954 0.1371 
7.0E-5 0.86213 0.13779 1.0E-5 
16 
0.02823 0.15264 0.81814 9.9E-4 
0.4287 0.2017 0.07675 0.29285 
0.14063 0.07126 0.60648 0.18163 
0.02849 0.02754 0.84303 0.10094 
16 
0.05349 0.43661 0.49128 0.01862 
0.94237 0.04891 0.00665 0.00207 
0.7834 0.01344 0.04814 0.15502 
0.07691 0.42347 0.33312 0.1665 
16 
0.00329 0.00696 0.04282 0.94693 
0.04902 0.18814 0.35122 0.41162 
0.22166 0.63762 0.04079 0.09993 
0.06049 0.92015 0.01323 0.00613 
16 
0.05787 0.06476 0.15985 0.71752 
0.45475 0.08552 0.1821 0.27763 
0.4735 0.01637 0.4001 0.11003 
0.24724 0.12449 0.46142 0.16685 
16 
0.21016 0.01574 0.54734 0.22676 
0.18925 0.74709 0.04534 0.01832 
0.31754 0.27928 0.30866 0.09452 
0.2372 0.182 0.56188 0.01892 
16 
0.73295 0.208 0.04264 0.01641 
0.03231 0.26909 0.21644 0.48216 
0.04875 0.22685 0.54188 0.18252 
0.7132 0.0815 0.01306 0.19224 
16 
0.00782 0.00107 3.3E-4 0.99078 
0.46457 0.03297 0.35259 0.14987 
0.13569 0.16254 0.16664 0.53513 
0.00989 5.2E-4 0.93644 0.05315 
16 
0.51737 0.29134 0.04421 0.14708 
0.0074 0.05557 0.00514 0.93189 
0.78111 0.12863 0.04106 0.0492 
0.4806 0.06165 0.2982 0.15955 
16 
0.97652 0.02116 0.00109 0.00123 
0.06177 0.86373 0.05017 0.02433 
0.37258 0.36064 0.19604 0.07074 
0.8936 0.00736 0.04423 0.05481 
16 
0.16145 0.52804 0.20277 0.10774 
0.85246 0.08761 0.0153 0.04463 
0.52158 0.04117 0.4173 0.01995 
4.0E-4 0.15076 0.02195 0.82689 
16 
0.21335 0.12214 0.25727 0.40724 
0.206 0.34495 0.04771 0.40134 
0.03873 0.72393 0.14228 0.09506 
0.87038 0.07109 0.04304 0.01549 
16 
0.01221 0.10593 0.06254 0.81932 
0.0304 0.25957 0.14301 0.56702 
0.0416 0.03769 0.76704 0.15367 
0.25534 0.35085 0.22616 0.16765 
16 
0.43054 0.19569 0.36923 0.00454 
0.11868 0.06928 0.748 0.06404 
0.08222 0.03502 0.0036 0.87916 
0.37247 0.21217 0.0677 0.34766 
16 
0.39447 0.03561 0.47962 0.0903 
0.00225 0.97288 0.00191 0.02296 
0.00307 0.01022 0.58157 0.40514 
0.04787 0.00574 0.01377 0.93262 
16 
0.46562 0.23788 0.0969 0.1996 
0.42572 0.19021 0.2967 0.08737 
0.19703 0.18943 0.05004 0.5635 
0.00143 0.96766 0.02939 0.00152 
16 
0.41238 0.01584 0.11415 0.45763 
0.50372 0.03019 0.45316 0.01293 
0.02381 0.11495 0.03574 0.8255 
0.36059 0.26515 0.02802 0.34624 
16 
0.36358 0.26948 0.20216 0.16478 
0.27137 0.21765 0.26628 0.2447 
0.02622 0.03172 0.24899 0.69307 
0.06959 0.09241 0.81475 0.02325 
16 
2.0E-4 2.5E-4 0.99094 0.00861 
0.53629 0.05255 0.20232 0.20884 
0.71623 0.04868 0.20153 0.03356 
0.90885 0.03672 0.0055 0.04893 
16 
0.13369 0.44322 0.11174 0.31135 
0.01207 0.85913 0.03657 0.09223 
0.82592 0.00211 0.03084 0.14113 
0.27838 0.06409 0.03016 0.62737 
16 
0.03582 0.01036 0.02525 0.92857 
0.02837 0.86888 0.07357 0.02918 
0.07604 0.86582 0.02501 0.03313 
0.98853 9.4E-4 4.9E-4 0.01004 
16 
0.10167 0.10673 0.66782 0.12378 
0.01527 0.56504 0.00558 0.41411 
0.84567 0.02126 0.00437 0.1287 
0.84138 0.05482 0.00292 0.10088 
16 
0.79821 0.04793 0.14919 0.00467 
0.14208 0.78001 0.02023 0.05768 
0.20288 0.01681 0.61015 0.17016 
0.03181 0.58556 0.01849 0.36414 
16 
0.0184 0.09756 0.52182 0.36222 
0.05517 0.57899 0.10842 0.25742 
0.44419 0.26219 0.22481 0.06881 
0.00391 0.97407 0.02047 0.00155 
16 
0.00382 0.48924 0.00177 0.50517 
0.80557 0.10487 0.06523 0.02433 
0.38579 0.03363 0.54178 0.0388 
0.22332 2.4E-4 0.68723 0.08921 
16 
0.01105 0.11202 0.06577 0.81116 
0.02408 0.84755 0.04499 0.08338 
0.53411 0.13065 0.15401 0.18123 
0.34609 0.53903 0.0882 0.02668 
16 
0.11235 0.51302 0.26194 0.11269 
0.11879 0.28703 0.07409 0.52009 
0.7272 0.17575 0.05658 0.04047 
0.01607 0.97143 0.00238 0.01012 
16 
0.03348 0.14903 0.34302 0.47447 
0.42663 0.25575 0.16695 0.15067 
0.16634 0.61525 0.13997 0.07844 
0.0027 0.00969 0.00655 0.98106 
16 
0.37005 0.3515 0.22059 0.05786 
0.20897 0.02126 0.03386 0.73591 
0.03478 0.04552 0.01178 0.90792 
0.40895 0.07702 0.36845 0.14558 
16 
0.93376 0.00815 0.03873 0.01936 
0.21567 0.54663 0.06098 0.17672 
0.0909 0.03466 0.87202 0.00242 
0.23332 0.08858 0.3095 0.3686 
16 
0.12603 0.16349 0.70945 0.00103 
0.17479 0.3495 0.136 0.33971 
0.03304 0.02178 0.83381 0.11137 
0.00592 0.75053 0.2309 0.01265 
16 
0.02077 0.12569 0.65313 0.20041 
0.03462 0.11898 0.71321 0.13319 
0.6425 0.22834 0.04537 0.08379 
0.05163 0.08654 0.86097 8.6E-4 
16 
0.18912 0.29245 0.46529 0.05314 
0.11201 0.54271 0.19512 0.15016 
0.86728 0.04171 0.06862 0.02239 
0.0501 0.00113 0.00552 0.94325 
16 
0.23374 0.14462 0.05712 0.56452 
0.12463 0.44782 0.06682 0.36073 
0.23325 0.3054 0.08352 0.37783 
0.05272 0.10165 0.38922 0.45641 
16 
0.42853 0.09205 0.04242 0.437 
0.02651 0.1082 0.72938 0.13591 
0.02956 0.00203 0.93353 0.03488 
0.03045 0.14122 0.04433 0.784 
16 
0.48076 0.23418 0.21385 0.07121 
0.0692 0.01103 0.70219 0.21758 
0.17694 0.02852 0.41227 0.38227 
0.17352 0.17036 0.04498 0.61114 
16 
0.07278 0.70685 0.01148 0.20889 
0.2799 0.21182 0.22373 0.28455 
0.33944 0.39619 0.05629 0.20808 
0.01387 0.47524 0.31766 0.19323 
16 
0.14019 0.00664 0.02688 0.82629 
0.30259 0.48483 0.20488 0.0077 
0.17652 0.1161 0.37587 0.33151 
0.01543 0.58704 0.10808 0.28945 
16 
0.03812 0.60484 0.26543 0.09161 
0.15286 0.00314 0.04529 0.79871 
0.29168 0.26451 0.17617 0.26764 
0.72841 0.17181 0.07741 0.02237 
16 
0.28808 0.00373 0.39463 0.31356 
0.22159 0.67522 0.03947 0.06372 
0.13276 0.08839 0.64827 0.13058 
0.09455 0.51055 0.10085 0.29405 
16 
0.61007 0.08664 0.24735 0.05594 
0.30041 0.11033 0.54099 0.04827 
0.98049 0.00842 0.00249 0.0086 
0.02393 0.046 0.71385 0.21622 
16 
0.06672 0.10449 0.73845 0.09034 
0.54652 0.43022 0.02322 4.0E-5 
0.01853 0.41728 0.00891 0.55528 
0.21845 0.39204 0.3783 0.01121 
16 
0.52955 0.02038 0.44431 0.00576 
0.90138 0.09108 0.00673 8.1E-4 
0.10464 0.02961 0.86043 0.00532 
0.12341 0.05841 0.05341 0.76477 
16 
0.02038 0.87713 0.07875 0.02374 
0.43669 0.32745 0.22825 0.00761 
0.01602 9.2E-4 0.08848 0.89458 
0.15745 0.04592 0.02302 0.77361 
16 
0.00579 0.76169 0.03924 0.19328 
0.02503 0.20108 0.07093 0.70296 
0.02823 0.58529 0.03446 0.35202 
0.01215 0.90325 0.0014 0.0832 
16 
0.98408 0.00768 0.00138 0.00686 
0.31385 0.07967 0.03104 0.57544 
0.10785 0.43562 0.08779 0.36874 
0.06815 0.0779 0.62522 0.22873 
16 
0.6754 0.10119 0.03344 0.18997 
0.65343 0.21116 0.13444 9.7E-4 
0.44953 0.30765 0.1108 0.13202 
0.0796 0.35264 0.39599 0.17177 
16 
0.65336 0.1212 0.08792 0.13752 
0.22534 0.34626 0.34689 0.08151 
0.20979 0.33357 0.41265 0.04399 
0.38915 0.17634 0.33284 0.10167 
16 
0.09705 0.16421 0.59119 0.14755 
0.73452 0.08618 0.08303 0.09627 
0.03844 0.76084 0.19306 0.00766 
0.43443 0.14205 0.12421 0.29931 
16 
0.67658 0.05642 0.0053 0.2617 
9.1E-4 0.92552 0.06977 0.0038 
0.07567 0.07616 0.54683 0.30134 
0.10446 0.62668 0.24967 0.01919 
16 
0.3018 0.15604 0.31272 0.22944 
0.15027 6.2E-4 0.01929 0.82982 
0.00707 0.82042 0.14475 0.02776 
0.03006 0.90853 2.9E-4 0.06112 
16 
0.10392 0.41778 0.41061 0.06769 
0.00286 0.17544 0.77097 0.05073 
0.01076 0.16997 0.00164 0.81763 
0.36931 0.01748 0.04689 0.56632 
16 
0.05224 0.28607 0.48483 0.17686 
0.40257 0.24598 0.17665 0.1748 
0.00859 0.44713 0.24307 0.30121 
0.00964 0.05584 0.90062 0.0339 
16 
0.14504 0.16829 0.52896 0.15771 
0.32075 0.01176 0.00816 0.65933 
0.21319 0.00506 0.02483 0.75692 
0.78367 0.00435 0.0221 0.18988 
16 
0.14652 0.09116 0.19191 0.57041 
0.18664 0.57245 0.01029 0.23062 
0.03158 0.62414 0.17232 0.17196 
0.41308 0.00668 0.18624 0.394 
16 
0.52131 0.26369 0.11561 0.09939 
0.2055 0.23861 0.08752 0.46837 
0.18521 0.05032 0.61907 0.1454 
0.20391 0.45456 0.23309 0.10844 
16 
0.00111 0.01056 0.27731 0.71102 
0.20572 0.01088 0.28096 0.50244 
0.80397 0.01416 0.08877 0.0931 
0.02115 0.09003 0.27248 0.61634 
16 
0.04029 0.0048 0.93526 0.01965 
0.11383 0.50303 0.01741 0.36573 
0.07759 0.12811 0.51789 0.27641 
0.47503 0.08676 0.19275 0.24546 
16 
0.03105 0.44675 0.44535 0.07685 
0.0013 0.99519 1.6E-4 0.00335 
0.65894 0.2322 0.05022 0.05864 
0.055 0.10764 0.16724 0.67012 
16 
0.05131 0.23269 0.10037 0.61563 
0.02339 0.03773 0.05247 0.88641 
0.0578 0.00744 3.2E-4 0.93444 
0.87449 0.02888 0.0897 0.00693 
16 
0.66297 0.11498 0.07267 0.14938 
0.85671 0.08629 0.01166 0.04534 
0.08235 0.01078 0.07716 0.82971 
0.08197 0.41794 0.13885 0.36124 
16 
0.6948 0.07085 0.08099 0.15336 
0.39819 0.16748 0.35368 0.08065 
0.12508 0.00198 1.5E-4 0.87279 
0.00296 0.26566 0.5466 0.18478 
16 
0.02882 0.88556 0.02369 0.06193 
0.54813 0.23136 0.19799 0.02252 
0.27606 0.02919 0.08936 0.60539 
0.08872 0.87056 0.00615 0.03457 
16 
0.32257 0.45534 0.13722 0.08487 
0.24972 0.01275 0.00662 0.73091 
0.07878 0.76397 0.11302 0.04423 
0.0645 0.65957 0.25087 0.02506 
16 
0.93234 0.05058 0.01582 0.00126 
0.50862 0.02399 0.31648 0.15091 
0.52751 0.31549 0.13319 0.02381 
0.20187 0.12395 0.07689 0.59729 
16 
0.44336 0.16083 0.09896 0.29685 
0.08333 0.80462 0.10373 0.00832 
0.04735 0.00414 0.59829 0.35022 
0.05057 0.05296 0.12689 0.76958 
16 
0.02964 0.89944 0.0115 0.05942 
0.00106 0.28504 0.71084 0.00306 
0.14391 0.4264 0.10465 0.32504 
0.4877 0.14287 0.31213 0.0573 
16 
0.53947 0.30435 0.12225 0.03393 
0.30584 0.17816 0.39668 0.11932 
0.04918 0.58149 0.11611 0.25322 
0.22561 0.06033 0.48891 0.22515 
16 
0.58657 0.37671 0.03608 6.4E-4 
0.52732 0.04953 0.11825 0.3049 
0.01929 0.5453 0.02551 0.4099 
0.09032 0.81689 0.08237 0.01042 
16 
0.00544 0.01977 0.97087 0.00392 
0.02904 0.04326 0.01076 0.91694 
0.02084 0.0246 0.9222 0.03236 
0.07216 0.04045 0.78872 0.09867 
16 
0.62285 0.12033 0.04417 0.21265 
0.88625 0.01151 0.03077 0.07147 
0.16149 0.75158 0.01155 0.07538 
0.0228 0.04481 0.93228 1.1E-4 
16 
0.10517 0.087 0.58847 0.21936 
0.329 0.41347 0.12274 0.13479 
2.5E-4 5.0E-4 0.00118 0.99807 
0.15485 0.70114 0.10078 0.04323 
16 
0.381 0.30304 0.20375 0.11221 
0.99986 2.0E-5 1.0E-5 1.1E-4 
0.48685 0.21868 0.00913 0.28534 
0.19585 0.0857 0.41984 0.29861 
16 
0.90366 0.0109 0.04753 0.03791 
0.20276 0.45752 0.01449 0.32523 
0.51546 0.17174 0.18012 0.13268 
0.12264 0.05581 0.03595 0.7856 
16 
0.06786 0.06493 0.39898 0.46823 
0.20347 0.18116 0.29244 0.32293 
0.11995 0.12029 0.39189 0.36787 
0.86091 0.04676 0.03636 0.05597 
16 
0.87259 0.01184 0.07896 0.03661 
0.10421 0.77828 0.06712 0.05039 
0.15516 0.03304 0.63704 0.17476 
0.39102 0.1673 0.37362 0.06806 
16 
0.1616 0.01494 0.01312 0.81034 
0.46647 0.35265 0.15871 0.02217 
0.0036 0.11469 0.00781 0.8739 
0.25419 0.0653 0.58589 0.09462 
16 
0.23276 0.38996 0.20913 0.16815 
0.08792 0.41277 0.08138 0.41793 
0.05302 0.17441 0.70546 0.06711 
0.05531 0.01251 0.38364 0.54854 
16 
0.54975 0.17539 0.04199 0.23287 
0.04606 0.59607 0.31907 0.0388 
0.18262 0.4875 0.32854 0.00134 
0.66261 0.12064 0.1633 0.05345 
16 
0.4211 3.1E-4 0.00234 0.57625 
0.32553 0.13022 0.54027 0.00398 
0.31297 0.57057 0.03433 0.08213 
0.02638 0.00184 0.00815 0.96363 
16 
0.46922 0.02834 0.45588 0.04656 
0.4626 0.21058 0.06533 0.26149 
0.0019 0.002 0.33221 0.66389 
5.5E-4 0.0964 0.18246 0.72059 
16 
0.11612 0.06986 0.37081 0.44321 
0.62694 0.12095 0.00643 0.24568 
0.05535 7.0E-4 0.00346 0.94049 
0.15899 0.03925 0.6071 0.19466 
16 
0.05221 0.33213 0.01808 0.59758 
0.66818 0.01605 0.1071 0.20867 
0.12899 0.15256 0.3839 0.33455 
0.778 0.02301 0.03371 0.16528 
16 
3.1E-4 0.99 0.00435 0.00534 
0.97783 0.00249 0.01289 0.00679 
0.13702 0.04542 0.05064 0.76692 
0.10062 0.37963 0.42591 0.09384 
16 
0.31071 0.41414 0.19019 0.08496 
0.86184 0.11227 0.00835 0.01754 
0.86523 0.0283 0.10067 0.0058 
0.46466 0.27131 0.1959 0.06813 
16 
0.4985 0.04871 0.44764 0.00515 
0.03608 0.08449 0.79633 0.0831 
0.34608 0.10535 0.49189 0.05668 
0.13014 0.04827 0.66857 0.15302 
16 
0.02883 0.21413 0.68097 0.07607 
0.05783 0.09896 0.34928 0.49393 
0.00933 0.55212 0.00823 0.43032 
0.66821 0.09146 0.00954 0.23079 
16 
0.0043 0.43374 0.01947 0.54249 
0.01289 0.11148 0.16881 0.70682 
0.02203 0.02153 0.92457 0.03187 
0.02679 0.13874 0.03041 0.80406 
16 
0.75694 0.03388 0.20678 0.0024 
0.35512 0.00177 0.64066 0.00245 
0.2878 0.05629 0.27248 0.38343 
0.71935 0.13457 0.00213 0.14395 
16 
0.20239 0.01574 0.54423 0.23764 
0.23646 0.37773 0.03695 0.34886 
0.1042 0.07607 0.4177 0.40203 
0.68725 0.13541 0.07104 0.1063 
16 
0.08159 0.04046 0.20759 0.67036 
0.0975 0.2357 0.20905 0.45775 
0.07545 0.04306 0.01252 0.86897 
0.03466 0.0264 0.00949 0.92945 
16 
0.91428 0.02112 0.04821 0.01639 
0.28368 0.21598 0.44907 0.05127 
0.05075 0.24907 0.02736 0.67282 
0.2955 0.54302 0.09584 0.06564 
16 
0.53988 0.23177 0.03595 0.1924 
0.60744 0.35372 0.00394 0.0349 
0.05846 0.86324 0.05798 0.02032 
0.88127 0.00515 0.01641 0.09717 
16 
0.24689 0.05827 0.69089 0.00395 
0.11627 0.48875 0.32088 0.0741 
0.02938 0.01805 0.92016 0.03241 
0.14109 0.18795 0.52169 0.14927 
16 
0.12177 0.53254 0.15272 0.19297 
0.62602 0.25314 0.04614 0.0747 
0.00491 0.07855 0.37938 0.53716 
0.67211 0.00509 0.04141 0.28139 
16 
0.06583 0.09918 0.70336 0.13163 
0.00205 0.00157 0.00521 0.99117 
0.04473 0.315 0.11124 0.52903 
0.17651 0.40861 0.34758 0.0673 
16 
0.61337 0.19803 0.05089 0.13771 
0.13329 0.30925 0.40834 0.14912 
0.00869 0.92657 0.01741 0.04733 
0.14962 0.57822 0.23785 0.03431 
16 
0.08167 0.54973 0.15928 0.20932 
0.11682 0.02437 0.85369 0.00512 
0.3901 0.16629 0.40827 0.03534 
0.25352 0.16038 0.04416 0.54194 
16 
0.15582 0.24407 0.47071 0.1294 
0.35381 0.04495 0.57383 0.02741 
0.18998 0.63216 0.00368 0.17418 
0.61689 0.01152 0.34108 0.03051 
16 
0.02754 0.7866 0.1399 0.04596 
0.04592 0.89645 0.02564 0.03199 
0.73553 0.15005 0.10918 0.00524 
0.59674 0.26366 0.10274 0.03686 
16 
0.11527 0.46427 0.3613 0.05916 
0.26611 0.41076 0.2555 0.06763 
0.0939 0.30115 0.24222 0.36273 
0.79016 0.06617 0.13688 0.00679 
16 
0.03605 0.30681 0.44337 0.21377 
0.01523 0.84805 0.01144 0.12528 
0.00258 0.37914 0.09979 0.51849 
0.00882 0.03275 0.95712 0.00131 
16 
0.68191 0.08333 0.01866 0.2161 
0.23672 0.17384 0.57463 0.01481 
0.55751 0.12594 0.14123 0.17532 
0.01996 0.97664 0.00233 0.00107 
16 
0.00633 0.79396 0.19847 0.00124 
0.02202 0.52916 0.3528 0.09602 
0.01211 0.02631 0.0115 0.95008 
0.06121 0.07017 0.86669 0.00193 
16 
0.01084 0.13011 0.20361 0.65544 
0.15417 0.11479 0.04775 0.68329 
0.52712 0.07014 0.00593 0.39681 
0.09279 0.01932 0.00575 0.88214 
16 
0.00567 0.0045 0.35132 0.63851 
0.11417 0.00596 0.81703 0.06284 
0.05415 0.74721 0.13586 0.06278 
0.08423 0.89901 0.00361 0.01315 
16 
0.17472 0.17479 0.17382 0.47667 
0.34749 0.05942 0.55753 0.03556 
0.17121 0.71138 0.02382 0.09359 
0.14955 0.26948 0.03821 0.54276 
16 
0.63171 0.30329 0.00318 0.06182 
3.2E-4 0.90939 0.06701 0.02328 
0.50386 0.06566 0.319 0.11148 
0.21897 0.1087 0.28651 0.38582 
16 
0.00355 0.91013 0.03312 0.0532 
0.49291 0.04137 0.36576 0.09996 
0.2978 0.04982 0.60864 0.04374 
0.06135 0.0904 0.59406 0.25419 
16 
0.69453 0.09585 0.11454 0.09508 
0.40156 0.22761 0.05266 0.31817 
0.61832 0.02087 0.31949 0.04132 
0.03637 0.06527 0.0322 0.86616 
16 
0.40624 0.10576 0.07431 0.41369 
0.02422 0.20626 0.22847 0.54105 
0.2686 0.20189 0.0383 0.49121 
0.07825 0.24053 0.61677 0.06445 
16 
2.2E-4 0.45962 0.53583 0.00433 
0.64171 0.08714 0.21028 0.06087 
0.37912 0.04329 0.48403 0.09356 
0.09366 0.58233 0.00718 0.31683 
16 
0.78115 0.02342 0.00229 0.19314 
0.99561 4.7E-4 0.00118 0.00274 
0.17406 0.03201 0.11195 0.68198 
0.43858 0.1799 0.16777 0.21375 
16 
1.1E-4 0.99711 8.0E-5 0.0027 
0.03965 0.11409 0.16367 0.68259 
0.09769 0.72722 0.08949 0.0856 
0.0504 0.73292 0.1922 0.02448 
16 
0.91438 0.01745 0.04162 0.02655 
0.84882 0.06121 0.00143 0.08854 
0.17282 0.51159 0.26587 0.04972 
0.01469 0.31273 0.26187 0.41071 
16 
0.41172 0.31211 0.2594 0.01677 
0.04214 0.27341 0.11083 0.57362 
0.42158 0.12269 0.06826 0.38747 
0.19429 0.65735 0.14299 0.00537 
16 
0.12764 0.13435 0.67673 0.06128 
0.01148 0.76113 0.14996 0.07743 
0.24884 0.04139 0.04767 0.6621 
0.38547 0.23954 0.15543 0.21956 
16 
0.1637 0.42955 0.2203 0.18645 
0.96325 0.00641 0.02694 0.0034 
0.08057 0.01049 0.76786 0.14108 
0.00104 0.00589 0.00617 0.9869 

16 
0.91133 0.04615 0.00316 0.03936 
0.79982 0.12845 0.05159 0.02014 
0.00595 0.12536 0.85976 0.00893 
0.93307 0.01867 0.04334 0.00492 
16 
0.2422 0.44082 0.14414 0.17284 
0.88617 0.05202 0.02391 0.0379 
0.10538 0.04631 0.6785 0.16981 
0.11639 0.42186 0.40209 0.05966 
16 
0.5922 0.26059 0.14656 6.5E-4 
0.14796 0.02682 0.73642 0.0888 
0.65281 0.21194 0.01092 0.12433 
0.3877 0.60969 9.0E-5 0.00252 
16 
0.69401 0.13781 0.12186 0.04632 
0.07591 0.28242 0.08771 0.55396 
0.56641 0.25734 0.00899 0.16726 
0.01106 0.01676 0.33233 0.63985 
16 
0.07088 0.12832 0.48518 0.31562 
0.40782 0.13189 0.15209 0.3082 
0.09306 0.10739 0.33735 0.4622 
5.6E-4 0.30638 0.01005 0.68301 
16 
0.93338 0.06239 0.00234 0.00189 
0.04505 0.3287 0.25128 0.37497 
0.30981 0.07644 0.35011 0.26364 
0.05728 0.76655 0.03749 0.13868 
16 
0.19758 0.30869 0.30818 0.18555 
0.20687 0.54692 0.02031 0.2259 
0.30013 0.01547 0.08362 0.60078 
0.23535 0.7122 0.02149 0.03096 
16 
0.35499 0.01585 0.56596 0.0632 
0.19923 0.36081 0.3449 0.09506 
0.17831 0.08741 0.71328 0.021 
0.07674 0.18786 0.42613 0.30927 

16 
0.24713 0.31234 0.06992 0.37061 
0.13098 0.3271 0.49583 0.04609 
0.10486 0.0457 0.81714 0.0323 
0.19085 0.56436 0.0709 0.17389 

12 
0.00328 0.02354 0.97318 
0.17341 0.12276 0.70383 
0.20923 0.64639 0.14438 
0.2742 0.65112 0.07468 
12 
0.24806 0.69542 0.05652 
0.08117 0.82187 0.09696 
0.89682 0.08905 0.01413 
0.33668 0.41872 0.2446 
12 
0.46716 0.01406 0.51878 
0.0053 0.34216 0.65254 
0.78166 0.15693 0.06141 
0.46139 0.283 0.25561 
12 
0.42338 0.17764 0.39898 
0.31508 0.12313 0.56179 
0.20796 0.74337 0.04867 
0.19164 0.69171 0.11665 

16 
0.13243 0.28208 0.22164 0.36385 
0.00133 0.30822 0.16903 0.52142 
2.5E-4 0.66024 0.33116 0.00835 
0.31094 0.56331 0.01654 0.10921 

4 
0.33192 0.66808 
0.05742 0.94258 
