V-CREDAL 
8 
3 2 3 3 3 2 2 3 
8 
1 0 
2 0 1 
2 1 2 
2 2 3 
2 3 4 
2 4 5 
2 5 6 
2 6 7 

12 
0.33463 0.42876 0.23661 
0.76644 0.11468 0.11888 
0.67463 0.12297 0.2024 
0.56495 0.30815 0.1269 

4 
0.18967 0.81033 
0.23622 0.76378 
4 
0.38836 0.61164 
0.2644 0.7356 
4 
0.68541 0.31459 
0.80079 0.19921 

12 
0.2006 0.08143 0.71797 
0.19663 0.66371 0.13966 
0.90253 0.0339 0.06357 
0.02127 0.46121 0.51752 
12 
0.14032 0.73944 0.12024 
0.7548 0.13829 0.10691 
0.5184 0.34457 0.13703 
0.89304 0.04263 0.06433 

12 
0.7204 0.2556 0.024 
0.5091 0.29184 0.19906 
0.57789 0.20957 0.21254 
0.41052 0.41628 0.1732 
12 
0.82142 0.01455 0.16403 
0.00361 0.00975 0.98664 
0.01295 0.22979 0.75726 
0.81547 0.12075 0.06378 
12 
0.3422 0.00899 0.64881 
0.11685 0.80284 0.08031 
0.16193 0.26968 0.56839 
0.11637 0.78994 0.09369 

12 
0.11894 0.8311 0.04996 
0.73754 0.18305 0.07941 
0.2047 0.7504 0.0449 
0.0816 0.71336 0.20504 
12 
0.54592 0.25171 0.20237 
0.1664 0.36719 0.46641 
0.05806 0.92124 0.0207 
0.05479 0.91207 0.03314 
12 
0.04873 0.17847 0.7728 
0.09638 0.73743 0.16619 
0.0604 0.91515 0.02445 
1.6E-4 0.94626 0.05358 

4 
0.0027 0.9973 
0.35244 0.64756 
4 
0.44655 0.55345 
0.33949 0.66051 
4 
0.45493 0.54507 
0.10523 0.89477 

4 
0.97794 0.02206 
0.94804 0.05196 
4 
0.47541 0.52459 
0.26922 0.73078 

12 
0.04526 0.00423 0.95051 
0.92052 0.05634 0.02314 
0.16296 0.76108 0.07596 
0.26432 4.5E-4 0.73523 
12 
0.35914 0.32642 0.31444 
0.0488 0.04953 0.90167 
0.12286 0.58121 0.29593 
0.03873 0.21934 0.74193 
