V-CREDAL
7
4 2 4 2 4 4 2
7
2 2 0
2 5 1
1 2
2 5 3
2 3 4
2 6 5
2 0 6

24
0.331 0.294 0.033 0.342
0.561 0.08 0.013 0.346
0.221 0.367 0.327 0.085
0.039 0.093 0.834 0.034
0.127 0.48 0.324 0.069
0.003 0.88 0.011 0.106
24
0.186 0.134 0.484 0.196
0.093 0.421 0.368 0.118
0.247 0.12 0.564 0.069
0.463 0.378 0.002 0.157
0.273 0.018 0.527 0.182
0.272 0.441 0.1 0.187
24
0.231 0.067 0.318 0.384
0.249 0.464 0.19 0.097
0.005 0.164 0.428 0.403
0.29 0.137 0.448 0.125
0.228 0.089 0.516 0.167
0.077 0.084 0.278 0.561
24
0.004 0.003 0.005 0.988
0.769 0.044 0.16 0.027
0.43 0.35 0.143 0.077
0.222 0.416 0.076 0.286
0.024 0.198 0.776 0.002
0.26 0.376 0.281 0.083

4
0.833 0.167
0.692 0.308
4
0.086 0.914
0.691 0.309
4
0.871 0.129
0.639 0.361
4
0.041 0.959
0.838 0.162

24
0.063 0.536 0.091 0.31
0.107 0.198 0.44 0.255
0.132 0.742 0.038 0.088
0.04 0.258 0.533 0.169
0.04 0.073 0.131 0.756
0.332 0.503 0.035 0.13

4
0.892 0.108
0.737 0.263
4
0.431 0.569
0.15 0.85
4
0.233 0.767
0.04 0.96
4
0.203 0.797
0.175 0.825

24
0.492 0.039 0.067 0.402
0.753 0.065 0.055 0.127
0.086 0.045 0.198 0.671
0.007 0.294 0.226 0.473
0.557 0.389 0.017 0.037
0.044 0.02 0.136 0.8
24
0.147 0.095 0.755 0.003
0.014 0.579 0.062 0.345
0.065 0.043 0.858 0.034
0.003 0.101 0.037 0.859
0.522 0.174 0.289 0.015
0.006 0.485 0.087 0.422

24
0.584 0.001 0.002 0.413
0.093 0.446 0.23 0.231
0.3 0.388 0.072 0.24
0.17 0.236 0.322 0.272
0.162 0.418 0.033 0.387
0.413 0.089 0.128 0.37
24
0.862 0.002 0.054 0.082
0.001 0.709 0.0 0.29
0.03 0.871 0.086 0.013
0.015 0.005 0.971 0.009
0.004 0.016 0.014 0.966
0.022 0.839 0.089 0.05

4
0.304 0.696
0.103 0.897
4
0.437 0.563
0.02 0.98
4
0.492 0.508
0.055 0.945
4
0.809 0.191
0.842 0.158
