V-CREDAL
9
3 2 4 2 2 4 3 3 3
9
1 0
2 0 1
2 1 2
2 2 3
2 3 4
2 4 5
2 5 6
2 6 7
2 7 8

18
0.292 0.521 0.187
0.253 0.13 0.617
0.72 0.156 0.124
0.513 0.341 0.146
0.579 0.121 0.3
0.1 0.171 0.729

4
0.41 0.59
0.979 0.021
4
0.382 0.618
0.1 0.9
4
0.849 0.151
0.248 0.752

24
0.01 0.01 0.039 0.941
0.022 0.023 0.801 0.154
0.121 0.429 0.373 0.077
0.528 0.024 0.447 0.001
0.306 0.013 0.659 0.022
0.165 0.314 0.169 0.352
24
0.556 0.055 0.234 0.155
0.0 0.002 0.997 0.001
0.019 0.005 0.004 0.972
0.293 0.572 0.116 0.019
0.062 0.543 0.129 0.266
0.613 0.107 0.013 0.267

4
0.101 0.899
0.226 0.774
4
0.777 0.223
0.008 0.992
4
0.11 0.89
0.132 0.868
4
0.902 0.098
0.564 0.436

4
0.154 0.846
0.277 0.723
4
0.953 0.047
0.633 0.367

24
0.143 0.555 0.174 0.128
0.195 0.28 0.025 0.5
0.224 0.005 0.752 0.019
0.257 0.224 0.184 0.335
0.035 0.464 0.254 0.247
0.125 0.224 0.462 0.189
24
0.506 0.177 0.238 0.079
0.2 0.072 0.007 0.721
0.075 0.803 0.121 0.001
0.017 0.4 0.001 0.582
0.015 0.774 0.041 0.17
0.176 0.04 0.772 0.012

18
0.914 0.062 0.024
0.845 0.019 0.136
0.138 0.498 0.364
0.21 0.79 0.0
0.15 0.32 0.53
0.207 0.211 0.582
18
0.092 0.632 0.276
0.026 0.04 0.934
0.935 0.061 0.004
0.112 0.803 0.085
0.204 0.776 0.02
0.322 0.673 0.005
18
0.137 0.328 0.535
0.227 0.119 0.654
0.545 0.45 0.005
0.051 0.605 0.344
0.854 0.034 0.112
0.392 0.018 0.59
18
0.004 0.983 0.013
0.116 0.011 0.873
0.016 0.77 0.214
0.896 0.06 0.044
0.747 0.003 0.25
0.124 0.005 0.871

18
0.123 0.286 0.591
0.831 0.165 0.004
0.01 0.936 0.054
0.745 0.05 0.205
0.799 0.08 0.121
0.022 0.546 0.432
18
0.75 0.165 0.085
0.311 0.119 0.57
0.729 0.14 0.131
0.67 0.224 0.106
0.438 0.217 0.345
0.68 0.121 0.199
18
0.002 0.997 0.001
0.976 0.001 0.023
0.977 0.016 0.007
0.009 0.005 0.986
0.953 0.047 0.0
0.0 0.926 0.074

18
0.01 0.834 0.156
0.106 0.858 0.036
0.336 0.03 0.634
0.024 0.163 0.813
0.642 0.036 0.322
0.075 0.874 0.051
18
0.071 0.928 0.001
0.502 0.473 0.025
0.801 0.12 0.079
0.009 0.04 0.951
0.028 0.688 0.284
0.06 0.939 0.001
18
0.317 0.005 0.678
0.701 0.02 0.279
0.033 0.556 0.411
0.667 0.156 0.177
0.089 0.896 0.015
0.116 0.295 0.589
