V-CREDAL
6
3 4 3 3 2 2
6
1 0
2 0 1
2 1 2
2 2 3
2 3 4
2 4 5

12
0.656 0.023 0.321
0.003 0.927 0.07
0.074 0.101 0.825
0.056 0.142 0.802

16
0.001 0.346 0.584 0.069
0.51 0.192 0.17 0.128
0.434 0.238 0.1 0.228
0.265 0.102 0.449 0.184
16
0.031 0.004 0.543 0.422
0.562 0.172 0.062 0.204
0.801 0.007 0.101 0.091
0.524 0.026 0.011 0.439
16
0.561 0.101 0.141 0.197
0.008 0.377 0.029 0.586
0.016 0.979 0.003 0.002
0.177 0.646 0.128 0.049

12
0.473 0.484 0.043
0.165 0.01 0.825
0.096 0.789 0.115
0.423 0.084 0.493
12
0.042 0.322 0.636
0.195 0.518 0.287
0.365 0.152 0.483
0.022 0.195 0.783
12
0.027 0.93 0.043
0.68 0.305 0.015
0.415 0.005 0.58
0.24 0.127 0.633
12
0.276 0.23 0.494
0.334 0.355 0.311
0.181 0.424 0.395
0.688 0.086 0.226

12
0.669 0.302 0.029
0.766 0.052 0.182
0.882 0.106 0.012
0.053 0.356 0.591
12
0.068 0.92 0.012
0.15 0.027 0.823
0.82 0.142 0.038
0.063 0.123 0.814
12
0.639 0.053 0.308
0.097 0.848 0.055
0.739 0.104 0.157
0.0 0.507 0.493

4
0.8 0.2
0.66 0.34
4
0.519 0.481
0.763 0.237
4
0.105 0.895
0.088 0.912

4
0.017 0.983
0.469 0.531
4
0.325 0.675
0.345 0.655
