V-CREDAL 
8 
3 4 4 3 4 3 3 4 
8 
1 0 
3 0 2 1 
1 2 
2 5 3 
2 6 4 
2 2 5 
2 2 6 
2 5 7 

18 
0.38399 0.00457 0.61144 
0.14294 0.73992 0.11714 
0.07064 0.03569 0.89367 
0.10374 0.71739 0.17887 
0.74944 0.21869 0.03187 
0.01602 0.38471 0.59927 

24 
0.43829 0.05505 0.3162 0.19046 
0.06506 0.92414 0.00588 0.00492 
0.02821 0.17672 0.10525 0.68982 
0.22743 0.13764 0.24801 0.38692 
0.19811 0.0204 0.00595 0.77554 
0.21115 0.56755 0.06153 0.15977 
24 
0.96488 0.01713 0.00487 0.01312 
0.01786 0.52643 0.1705 0.28521 
0.40379 0.26506 0.23115 0.1 
0.28907 0.08747 0.18099 0.44247 
0.18004 0.20869 0.53725 0.07402 
0.01533 0.00391 0.97564 0.00512 
24 
0.63883 0.17609 0.12375 0.06133 
0.03415 0.55699 0.17901 0.22985 
0.26247 0.09955 0.3189 0.31908 
0.00168 0.72837 0.19776 0.07219 
0.46056 0.33533 0.06341 0.1407 
0.0199 0.00908 0.92101 0.05001 
24 
0.29945 0.13208 0.08575 0.48272 
9.6E-4 0.17468 0.37605 0.44831 
9.8E-4 0.01307 0.94396 0.04199 
0.00873 0.31961 0.61683 0.05483 
0.58328 0.03897 0.03972 0.33803 
0.47494 0.01489 0.04122 0.46895 
24 
0.01278 0.95746 0.00222 0.02754 
0.74852 1.4E-4 0.04704 0.2043 
0.26199 0.1188 0.46113 0.15808 
0.01934 0.00288 0.0303 0.94748 
0.32279 0.44469 0.15942 0.0731 
0.07498 0.19492 0.39224 0.33786 
24 
0.00403 0.00764 0.97671 0.01162 
0.00427 0.00416 0.83595 0.15562 
0.01539 0.18181 0.79653 0.00627 
0.0045 4.0E-4 0.10762 0.88748 
0.09118 0.4935 0.4003 0.01502 
0.05803 0.25957 0.52287 0.15953 
24 
0.09179 0.40479 0.25486 0.24856 
0.17638 0.04182 0.07377 0.70803 
0.01757 0.00635 0.97218 0.0039 
0.77914 0.02863 0.04797 0.14426 
0.35695 0.00419 0.06071 0.57815 
0.32818 0.15244 0.07145 0.44793 
24 
0.3958 0.20075 0.11347 0.28998 
0.01797 0.98182 8.0E-5 1.3E-4 
0.04211 0.05338 0.23418 0.67033 
0.03115 0.11801 0.29186 0.55898 
0.59862 0.22714 0.16579 0.00845 
0.49567 0.33897 0.02497 0.14039 
24 
0.00163 0.01402 0.40594 0.57841 
0.08075 0.0072 0.119 0.79305 
0.2775 0.13465 0.03556 0.55229 
0.1151 0.68321 0.05119 0.1505 
0.04559 0.01408 0.00324 0.93709 
0.59341 0.32021 0.03918 0.0472 
24 
0.35282 0.01161 0.27512 0.36045 
0.98866 0.00274 0.0079 7.0E-4 
0.02561 0.01524 0.00291 0.95624 
0.14257 0.81824 0.01902 0.02017 
0.46707 0.09146 0.33732 0.10415 
0.08302 0.04286 0.06065 0.81347 
24 
0.0486 0.10694 0.62516 0.2193 
0.32661 0.12617 0.53964 0.00758 
0.31837 0.14739 0.24362 0.29062 
0.10522 0.37756 0.0014 0.51582 
0.14676 0.36313 0.31505 0.17506 
0.09224 0.19534 0.60477 0.10765 
24 
0.33568 0.15628 0.37949 0.12855 
0.42868 0.03024 0.30896 0.23212 
0.02507 0.8287 0.00491 0.14132 
0.42634 0.03233 0.01545 0.52588 
0.17521 0.61903 0.16037 0.04539 
0.1905 0.5976 0.0575 0.1544 

24 
0.16766 0.01803 0.00281 0.8115 
0.21993 0.16083 0.09383 0.52541 
0.32636 0.374 0.27948 0.02016 
0.08622 0.01023 0.88131 0.02224 
0.40132 0.10487 0.22309 0.27072 
0.43686 0.02625 0.51899 0.0179 

18 
0.05578 0.17989 0.76433 
0.24274 0.05027 0.70699 
0.64968 0.03713 0.31319 
0.35544 0.5898 0.05476 
0.02412 0.81654 0.15934 
0.67064 0.08955 0.23981 
18 
0.08945 0.84358 0.06697 
0.02173 0.60303 0.37524 
0.48912 0.50566 0.00522 
0.13094 0.05709 0.81197 
0.74738 0.06062 0.192 
0.71136 0.25943 0.02921 
18 
0.08268 0.43512 0.4822 
0.04997 0.08114 0.86889 
0.56556 0.04292 0.39152 
0.14274 0.83738 0.01988 
0.78776 0.09434 0.1179 
0.13769 0.03318 0.82913 

24 
0.26384 0.01222 0.67109 0.05285 
0.11768 0.07479 0.73084 0.07669 
0.51871 0.06032 0.04178 0.37919 
0.67751 0.01785 0.02634 0.2783 
0.39269 0.13193 0.45003 0.02535 
0.22812 0.05335 0.15447 0.56406 
24 
0.58253 0.03039 0.31212 0.07496 
0.30523 0.117 0.22826 0.34951 
0.19054 0.35525 0.3678 0.08641 
0.28085 0.23467 0.32956 0.15492 
0.36375 0.02254 0.08974 0.52397 
0.0678 0.48855 0.07197 0.37168 
24 
0.01612 0.31905 0.02792 0.63691 
0.01777 0.02835 0.49715 0.45673 
0.4111 0.06826 0.0039 0.51674 
0.06051 0.0291 0.07444 0.83595 
0.02487 0.8418 0.00799 0.12534 
0.00658 0.67448 0.30926 0.00968 

18 
0.44198 0.52127 0.03675 
0.44658 0.48593 0.06749 
0.12017 0.42983 0.45 
0.1778 0.20292 0.61928 
0.22821 0.20994 0.56185 
0.13322 0.69269 0.17409 
18 
0.02658 0.88192 0.0915 
0.73379 0.26534 8.7E-4 
0.80553 0.04655 0.14792 
0.7107 0.08702 0.20228 
0.45557 0.33539 0.20904 
0.8249 0.11807 0.05703 
18 
0.03501 0.84179 0.1232 
0.93891 0.05128 0.00981 
0.56976 0.39626 0.03398 
0.02901 0.27665 0.69434 
0.84448 0.14707 0.00845 
0.29771 0.63109 0.0712 
18 
0.02894 0.86021 0.11085 
0.11688 0.45434 0.42878 
0.73706 0.04387 0.21907 
0.24809 0.23821 0.5137 
0.88466 0.05924 0.0561 
0.06814 0.61939 0.31247 

18 
0.03302 0.46255 0.50443 
0.13982 0.0583 0.80188 
0.01082 0.96917 0.02001 
0.63679 0.30457 0.05864 
0.06295 0.27228 0.66477 
0.51857 0.23096 0.25047 
18 
0.64062 0.32 0.03938 
0.06504 0.09802 0.83694 
0.39525 0.05111 0.55364 
0.01633 0.90999 0.07368 
0.03187 0.96272 0.00541 
0.00414 0.7685 0.22736 
18 
0.07279 0.12788 0.79933 
0.84113 0.11744 0.04143 
0.08852 0.11247 0.79901 
0.63341 0.31656 0.05003 
0.36135 0.34953 0.28912 
0.32617 0.06631 0.60752 
18 
0.21216 0.48326 0.30458 
0.65542 0.34424 3.4E-4 
0.87361 0.1094 0.01699 
0.00655 0.44832 0.54513 
0.62559 0.05781 0.3166 
0.26757 0.16715 0.56528 

24 
0.06522 0.45984 0.31349 0.16145 
0.05223 0.48098 0.46159 0.0052 
0.00676 0.00688 0.06847 0.91789 
0.02346 0.26474 0.43563 0.27617 
0.72952 0.00463 0.18515 0.0807 
0.94177 0.013 0.02803 0.0172 
24 
0.01939 0.64924 0.11647 0.2149 
0.94681 0.00486 0.02597 0.02236 
0.02236 0.07049 0.64478 0.26237 
0.00992 0.00424 0.03377 0.95207 
0.22544 0.30247 0.37935 0.09274 
0.00184 0.65071 0.34503 0.00242 
24 
0.00619 0.02866 0.78196 0.18319 
0.30077 0.09121 0.17381 0.43421 
0.32207 0.57095 0.07128 0.0357 
0.09954 0.302 0.5876 0.01086 
0.06512 0.22003 0.08256 0.63229 
0.00368 0.98194 0.00912 0.00526 
