V-CREDAL 
10 
2 5 5 3 2 4 5 4 5 2 
10 
3 2 7 0 
2 4 1 
2 5 2 
2 2 3 
1 4 
2 4 5 
2 2 6 
2 8 7 
1 8 
2 5 9 

4 
0.96867 0.03133 
0.50128 0.49872 
4 
0.34789 0.65211 
0.74 0.26 
4 
0.20657 0.79343 
0.26713 0.73287 
4 
0.51933 0.48067 
0.79518 0.20482 
4 
0.3065 0.6935 
0.47494 0.52506 
4 
0.19667 0.80333 
0.57563 0.42437 
4 
0.27545 0.72455 
0.65023 0.34977 
4 
0.13656 0.86344 
0.49754 0.50246 
4 
0.33194 0.66806 
0.05548 0.94452 
4 
0.47129 0.52871 
0.57667 0.42333 
4 
0.31639 0.68361 
0.53686 0.46314 
4 
0.2111 0.7889 
0.08921 0.91079 
4 
0.69078 0.30922 
0.21394 0.78606 
4 
0.58986 0.41014 
0.80088 0.19912 
4 
0.18412 0.81588 
0.78839 0.21161 
4 
0.89665 0.10335 
0.94822 0.05178 
4 
0.64095 0.35905 
0.0091 0.9909 
4 
0.61947 0.38053 
0.5021 0.4979 
4 
0.65869 0.34131 
0.58305 0.41695 
4 
0.43383 0.56617 
0.74631 0.25369 

20 
0.00233 0.93216 2.3E-4 0.05558 0.0097 
0.04847 0.28288 0.27728 0.33439 0.05698 
0.04485 0.05272 0.0098 0.64682 0.24581 
0.01222 0.0538 0.63032 0.28465 0.01901 
20 
4.7E-4 0.95194 2.8E-4 0.0037 0.04361 
0.01053 0.72055 0.05508 0.1302 0.08364 
0.16278 0.15512 0.45972 0.00851 0.21387 
0.07412 0.04832 0.41762 0.14826 0.31168 

20 
0.0902 0.02592 0.73003 0.13372 0.02013 
0.00477 0.01945 0.80106 0.14548 0.02924 
0.00812 0.96563 0.01559 0.009 0.00166 
9.9E-4 0.01124 0.00946 0.96385 0.01446 
20 
0.03123 0.18038 0.00139 0.02924 0.75776 
0.00144 0.02174 0.84397 0.01779 0.11506 
0.11918 0.17998 0.1811 0.11568 0.40406 
0.58324 0.02536 0.34454 0.007 0.03986 
20 
0.07272 0.49405 0.27028 0.05088 0.11207 
0.00831 0.2025 0.01278 0.68914 0.08727 
0.0071 0.62647 0.04208 0.00278 0.32157 
0.08122 0.01428 0.39432 0.2092 0.30098 
20 
0.01129 0.01243 0.00966 0.96468 0.00194 
0.03716 0.05105 0.34409 0.05733 0.51037 
0.03397 0.00174 0.45632 0.04374 0.46423 
0.69813 0.14633 0.02291 0.03305 0.09958 

12 
0.8847 0.00331 0.11199 
0.33344 0.29733 0.36923 
0.23602 0.19499 0.56899 
0.76553 0.17373 0.06074 
12 
0.45915 0.49822 0.04263 
0.1291 0.01023 0.86067 
0.15978 0.7483 0.09192 
0.40528 0.41264 0.18208 
12 
0.24369 0.68158 0.07473 
0.75147 0.22095 0.02758 
0.5191 0.03408 0.44682 
0.08678 0.55489 0.35833 
12 
0.00316 0.941 0.05584 
0.63178 0.23647 0.13175 
0.14439 0.66138 0.19423 
0.55365 0.34471 0.10164 
12 
0.05193 0.12159 0.82648 
0.70998 0.06134 0.22868 
0.12784 0.84608 0.02608 
0.14237 0.85141 0.00622 

4 
0.3892 0.6108 
0.44853 0.55147 

16 
0.60138 0.02398 0.32677 0.04787 
0.09227 0.16067 0.02964 0.71742 
0.76332 0.20565 0.00303 0.028 
0.17602 0.14015 0.17482 0.50901 
16 
0.26659 0.04949 0.21541 0.46851 
0.0507 0.81815 0.01183 0.11932 
0.27312 0.27462 0.12104 0.33122 
0.00182 0.03325 0.12204 0.84289 

20 
0.00134 0.74567 0.16322 0.038 0.05177 
0.06305 0.85612 0.025 0.02081 0.03502 
0.02488 0.32024 0.10742 0.52832 0.01914 
0.59184 0.01822 0.08265 0.02092 0.28637 
20 
0.07063 0.03679 0.12578 0.03389 0.73291 
0.20852 0.55178 0.03217 0.07057 0.13696 
0.00263 0.12247 0.74159 0.13311 2.0E-4 
0.93931 0.03333 0.00863 0.01434 0.00439 
20 
0.42274 0.1259 0.30424 0.03185 0.11527 
0.51239 0.0456 0.02066 0.26503 0.15632 
0.21677 0.01451 0.50261 0.25339 0.01272 
0.03169 0.69407 0.00936 0.00533 0.25955 
20 
0.00989 0.00289 0.01589 0.00293 0.9684 
0.01025 0.39414 0.5394 0.00322 0.05299 
0.36657 5.7E-4 6.8E-4 0.61763 0.01455 
0.05645 0.01683 0.00535 0.91876 0.00261 
20 
0.11893 0.03589 0.01823 0.14517 0.68178 
0.03083 0.04483 0.79214 0.11186 0.02034 
0.0574 0.32773 0.03213 0.55569 0.02705 
0.35282 0.03249 0.03627 0.09702 0.4814 

16 
0.23369 0.4626 0.10399 0.19972 
0.03532 0.46091 0.44682 0.05695 
0.15092 0.05565 0.01845 0.77498 
0.1475 0.04581 0.03521 0.77148 
16 
0.01421 0.03705 0.74728 0.20146 
0.1769 0.49304 0.24914 0.08092 
0.00812 0.08113 0.81802 0.09273 
0.95792 0.016 0.00173 0.02435 
16 
0.0093 0.0221 0.32476 0.64384 
0.0246 0.42266 0.17389 0.37885 
0.046 0.0305 0.12843 0.79507 
0.20662 0.09565 0.55067 0.14706 
16 
0.25862 0.39484 0.17518 0.17136 
0.01987 0.94697 0.00105 0.03211 
0.52499 0.00981 0.0073 0.4579 
0.52625 0.10481 0.2043 0.16464 
16 
0.14435 0.40521 0.29414 0.1563 
0.01494 0.02362 0.74211 0.21933 
0.51233 0.08898 0.0305 0.36819 
0.02104 0.12858 0.10212 0.74826 

20 
0.01321 0.25624 0.10915 0.57497 0.04643 
0.0317 0.69575 0.11929 0.02561 0.12765 
0.00406 0.04452 0.00663 4.9E-4 0.9443 
0.01014 0.89859 0.0355 0.01897 0.0368 

4 
0.68454 0.31546 
0.97941 0.02059 
4 
0.4843 0.5157 
0.63488 0.36512 
4 
0.93954 0.06046 
0.82649 0.17351 
4 
0.94671 0.05329 
0.88999 0.11001 
