V-CREDAL 
6 
3 2 5 2 5 2 
6 
2 3 0 
2 0 1 
2 5 2 
1 3 
2 3 4 
2 4 5 

12 
0.16781 0.74639 0.0858 
0.33301 0.60652 0.06047 
0.624 0.2377 0.1383 
0.66058 0.00452 0.3349 
12 
0.09097 0.46316 0.44587 
0.57604 0.27249 0.15147 
0.21889 0.67826 0.10285 
0.26961 0.01215 0.71824 

4 
0.69042 0.30958 
0.03057 0.96943 
4 
0.50147 0.49853 
0.06608 0.93392 
4 
0.60273 0.39727 
0.75967 0.24033 

20 
0.04878 0.87867 0.07177 6.7E-4 1.1E-4 
0.26995 0.09927 0.51982 0.01697 0.09399 
0.01757 0.23477 0.04518 0.23345 0.46903 
0.13378 0.34256 0.36608 0.0934 0.06418 
20 
0.03785 0.22948 0.08436 0.27925 0.36906 
0.01952 0.00249 0.39388 0.00361 0.5805 
0.23316 0.16694 0.37172 0.20285 0.02533 
0.49219 0.16346 0.04322 0.02602 0.27511 

4 
0.04919 0.95081 
0.84318 0.15682 

20 
0.01586 0.02516 0.01152 0.934 0.01346 
0.09625 0.05824 0.03132 0.0312 0.78299 
0.05562 0.78778 0.00875 0.14179 0.00606 
0.03076 0.01851 0.15542 0.68432 0.11099 
20 
1.2E-4 0.99817 1.1E-4 0.00146 1.4E-4 
0.15408 0.02164 0.0025 0.22188 0.5999 
0.60033 0.09136 0.19725 0.10393 0.00713 
0.26906 0.31553 0.0976 0.31237 0.00544 

4 
0.10618 0.89382 
0.6441 0.3559 
4 
0.95946 0.04054 
0.7483 0.2517 
4 
0.65645 0.34355 
0.35573 0.64427 
4 
0.70858 0.29142 
0.68624 0.31376 
4 
0.13643 0.86357 
0.99342 0.00658 
