V-CREDAL 
8 
4 4 2 2 2 3 4 4 
8 
2 6 0 
1 1 
3 0 1 2 
1 3 
3 3 6 4 
3 0 7 5 
1 6 
1 7 

16 
0.099 0.45 0.299 0.152 
0.278 0.391 0.262 0.069 
0.119 0.221 0.531 0.129 
0.392 0.353 0.217 0.038 
16 
0.002 0.001 0.003 0.994 
0.099 0.5 0.307 0.094 
0.907 0.008 0.075 0.01 
0.065 0.899 0.014 0.022 
16 
0.035 0.066 0.035 0.864 
0.398 0.053 0.127 0.422 
0.012 0.012 0.623 0.353 
0.168 0.388 0.077 0.367 
16 
0.837 0.028 0.047 0.088 
0.155 0.547 0.189 0.109 
0.002 0.734 0.26 0.004 
0.026 0.895 0.039 0.04 

16 
0.266 0.324 0.402 0.008 
0.028 0.213 0.56 0.199 
0.011 0.01 0.938 0.041 
0.49 0.198 0.121 0.191 

4 
0.924 0.076 
0.633 0.367 
4 
0.769 0.231 
0.172 0.828 
4 
0.189 0.811 
0.129 0.871 
4 
0.802 0.198 
0.006 0.994 
4 
0.809 0.191 
0.559 0.441 
4 
0.852 0.148 
0.604 0.396 
4 
0.258 0.742 
0.036 0.964 
4 
0.109 0.891 
0.87 0.13 
4 
0.746 0.254 
0.253 0.747 
4 
0.586 0.414 
0.35 0.65 
4 
0.525 0.475 
0.147 0.853 
4 
0.171 0.829 
0.78 0.22 
4 
0.31 0.69 
0.623 0.377 
4 
0.489 0.511 
0.402 0.598 
4 
0.024 0.976 
0.052 0.948 
4 
0.702 0.298 
0.9 0.1 

4 
0.496 0.504 
0.703 0.297 

4 
0.815 0.185 
0.803 0.197 
4 
0.487 0.513 
0.007 0.993 
4 
0.706 0.294 
0.353 0.647 
4 
0.281 0.719 
0.99 0.01 
4 
0.728 0.272 
0.228 0.772 
4 
0.19 0.81 
0.107 0.893 
4 
0.416 0.584 
0.777 0.223 
4 
0.477 0.523 
0.057 0.943 

12 
0.204 0.574 0.222 
0.062 0.267 0.671 
0.761 0.194 0.045 
0.929 0.008 0.063 
12 
0.323 0.13 0.547 
0.403 0.431 0.166 
0.189 0.706 0.105 
0.029 0.573 0.398 
12 
0.892 0.058 0.05 
0.4 0.02 0.58 
0.007 0.988 0.005 
0.077 0.614 0.309 
12 
0.303 0.044 0.653 
0.257 0.153 0.59 
0.598 0.149 0.253 
0.045 0.694 0.261 
12 
0.501 0.192 0.307 
0.174 0.476 0.35 
0.05 0.471 0.479 
0.26 0.426 0.314 
12 
0.02 0.731 0.249 
0.013 0.003 0.984 
0.046 0.89 0.064 
0.456 0.24 0.304 
12 
0.03 0.36 0.61 
0.156 0.552 0.292 
0.022 0.061 0.917 
0.036 0.072 0.892 
12 
0.278 0.556 0.166 
0.084 0.077 0.839 
0.658 0.122 0.22 
0.021 0.077 0.902 
12 
0.11 0.694 0.196 
0.146 0.81 0.044 
0.127 0.755 0.118 
0.203 0.561 0.236 
12 
0.723 0.149 0.128 
0.006 0.356 0.638 
0.006 0.009 0.985 
0.136 0.706 0.158 
12 
0.84 0.009 0.151 
0.53 0.38 0.09 
0.037 0.953 0.01 
0.054 0.254 0.692 
12 
0.695 0.05 0.255 
0.047 0.662 0.291 
0.952 0.031 0.017 
0.221 0.649 0.13 
12 
0.273 0.229 0.498 
0.489 0.489 0.022 
0.663 0.176 0.161 
0.656 0.219 0.125 
12 
0.072 0.235 0.693 
0.379 0.376 0.245 
0.438 0.072 0.49 
0.848 0.038 0.114 
12 
0.882 0.096 0.022 
0.131 0.438 0.431 
0.272 0.081 0.647 
0.14 0.852 0.008 
12 
0.294 0.624 0.082 
0.397 0.514 0.089 
0.055 0.713 0.232 
0.053 0.337 0.61 

16 
0.051 0.864 0.01 0.075 
0.385 0.155 0.044 0.416 
0.033 0.848 0.021 0.098 
0.12 0.783 0.055 0.042 

16 
0.058 0.049 0.017 0.876 
0.047 0.014 0.609 0.33 
0.733 0.106 0.131 0.03 
0.088 0.064 0.274 0.574 
