V-CREDAL 
6 
3 3 3 2 3 2 
6 
2 5 0 
2 5 1 
2 4 2 
1 3 
3 1 3 4 
1 5 

12 
0.11245 0.84201 0.04554 
0.09114 0.42373 0.48513 
0.0166 0.78796 0.19544 
0.32045 0.30691 0.37264 
12 
0.88962 0.04786 0.06252 
0.10171 0.8482 0.05009 
0.24441 0.09847 0.65712 
0.00391 0.5675 0.42859 

12 
0.02007 0.06497 0.91496 
0.4827 0.0953 0.422 
0.0077 0.9796 0.0127 
0.64641 0.12708 0.22651 
12 
0.30852 0.10671 0.58477 
0.26009 0.4337 0.30621 
0.60062 0.2555 0.14388 
0.13693 0.12769 0.73538 

12 
0.35007 0.02901 0.62092 
0.46494 0.19445 0.34061 
0.08574 0.11996 0.7943 
0.08798 0.74569 0.16633 
12 
0.10811 0.65532 0.23657 
0.0465 0.00643 0.94707 
0.34864 0.35527 0.29609 
0.28038 0.23321 0.48641 
12 
0.03404 0.00638 0.95958 
0.1291 0.79295 0.07795 
0.19753 0.61666 0.18581 
0.15468 0.11655 0.72877 

4 
0.26156 0.73844 
0.71295 0.28705 

12 
0.36887 0.11624 0.51489 
0.12051 0.05271 0.82678 
0.17335 0.54373 0.28292 
0.11075 0.09711 0.79214 
12 
0.21212 0.00872 0.77916 
0.32695 0.64125 0.0318 
0.01306 0.00782 0.97912 
0.01332 0.40743 0.57925 
12 
0.34517 0.13968 0.51515 
0.12873 0.25076 0.62051 
0.82934 0.10841 0.06225 
0.44838 0.46956 0.08206 
12 
0.00603 0.24308 0.75089 
0.50508 0.37462 0.1203 
0.00591 0.70662 0.28747 
0.58515 0.39859 0.01626 
12 
0.13358 0.55378 0.31264 
0.41764 0.22134 0.36102 
0.03259 0.96615 0.00126 
0.00989 0.79131 0.1988 
12 
0.10879 0.55563 0.33558 
0.23188 0.12917 0.63895 
0.43928 0.45223 0.10849 
0.27044 0.1544 0.57516 

4 
0.61875 0.38125 
0.51916 0.48084 
