V-CREDAL 
4 
5 5 4 4 
4 
1 0 
2 0 1 
2 1 2 
2 2 3 

30 
0.28572 0.02299 0.05847 0.09509 0.53773 
0.26163 0.15373 0.08908 0.19109 0.30447 
0.02362 0.05436 0.03803 0.04634 0.83765 
0.52351 0.21405 0.17473 0.07931 0.0084 
0.16097 0.74744 0.00275 0.07972 0.00912 
0.60769 0.20967 0.05526 0.02912 0.09826 

30 
0.48893 0.01251 0.02228 0.43487 0.04141 
0.01698 0.02214 0.58209 0.11951 0.25928 
0.73091 0.05169 0.02132 0.13692 0.05916 
0.00385 0.00921 0.2365 0.74817 0.00227 
0.51172 0.38389 0.07914 0.00193 0.02332 
0.03283 0.85221 0.0561 0.03359 0.02527 
30 
0.02798 0.02246 0.1867 0.23974 0.52312 
0.16549 0.11203 0.36784 0.20243 0.15221 
0.01566 0.04773 0.93456 0.0016 4.5E-4 
0.32812 0.08379 0.01723 0.55658 0.01428 
0.07752 0.02176 0.04502 0.02478 0.83092 
0.0062 0.00317 9.5E-4 0.96881 0.02087 
30 
0.37493 0.00653 0.00398 0.60584 0.00872 
0.54874 0.03655 0.00495 0.4033 0.00646 
0.17792 0.31973 0.43991 0.00772 0.05472 
0.51967 0.25325 0.06619 0.12396 0.03693 
0.09341 0.28449 0.00238 0.56132 0.0584 
0.20664 0.63457 0.03816 0.1034 0.01723 
30 
0.2588 0.41129 0.00512 0.22178 0.10301 
0.11906 0.42688 0.0524 0.00658 0.39508 
0.02327 0.04756 0.19289 0.16887 0.56741 
0.06353 0.02098 0.25214 0.34828 0.31507 
0.35864 0.10991 0.01601 0.17913 0.33631 
0.11192 0.67244 0.06736 0.00944 0.13884 
30 
0.01535 0.00893 0.5439 0.40727 0.02455 
0.02017 0.00551 0.14741 3.0E-5 0.82688 
0.00183 0.62084 0.28473 0.04003 0.05257 
0.03307 0.20231 0.32024 0.40408 0.0403 
0.10831 2.3E-4 0.39092 0.4233 0.07724 
0.56115 0.01836 0.01089 0.32852 0.08108 

24 
0.53734 0.02528 0.0104 0.42698 
0.87008 0.03776 0.08234 0.00982 
0.00135 0.70383 0.00748 0.28734 
0.89218 0.01911 0.01706 0.07165 
0.09343 0.0431 0.51988 0.34359 
0.17457 0.46224 0.19223 0.17096 
24 
0.00788 0.58222 0.39011 0.01979 
0.26304 0.16686 0.17625 0.39385 
0.09515 0.01204 0.5581 0.33471 
0.36646 0.06854 0.28226 0.28274 
0.0403 0.03683 0.01446 0.90841 
0.01066 0.53151 0.07532 0.38251 
24 
0.1435 0.00797 0.68735 0.16118 
0.81727 0.00925 0.11783 0.05565 
0.00151 0.00869 0.95748 0.03232 
0.01728 0.26874 0.1842 0.52978 
4.5E-4 0.30198 0.69461 0.00296 
0.79012 0.07104 0.09262 0.04622 
24 
0.74847 0.00298 0.24813 4.2E-4 
0.69063 0.0162 0.24529 0.04788 
0.01642 0.27558 0.49985 0.20815 
0.01246 0.01087 0.56123 0.41544 
0.04636 0.93902 6.0E-4 0.01402 
0.24488 0.66104 0.01605 0.07803 
24 
0.19214 0.52784 0.04082 0.2392 
0.06188 0.00644 0.78235 0.14933 
0.04067 0.45167 0.06831 0.43935 
0.47068 0.00677 0.39887 0.12368 
0.00291 0.91755 0.06014 0.0194 
0.22173 0.07184 0.23972 0.46671 

24 
0.25433 0.23659 0.01558 0.4935 
0.21476 0.01801 0.75033 0.0169 
0.72157 0.18807 0.05889 0.03147 
0.93545 0.01047 0.02824 0.02584 
0.89829 0.01099 0.07507 0.01565 
0.00107 1.2E-4 0.69342 0.30539 
24 
0.01021 0.09662 0.10224 0.79093 
0.59785 0.0119 0.31367 0.07658 
0.01622 0.04875 0.79366 0.14137 
3.1E-4 0.04854 0.02208 0.92907 
0.03505 0.10971 0.22674 0.6285 
0.08878 0.00587 0.20331 0.70204 
24 
0.12893 0.51435 0.26026 0.09646 
0.34151 0.24592 0.13135 0.28122 
0.24518 0.26926 0.38199 0.10357 
0.2377 0.05318 0.31887 0.39025 
0.01005 0.08779 0.37435 0.52781 
0.25354 0.05815 0.00481 0.6835 
24 
0.11713 0.68111 0.01043 0.19133 
0.98226 0.0033 0.00872 0.00572 
0.17527 0.15329 0.08478 0.58666 
0.54429 0.19865 0.19726 0.0598 
0.04687 0.23475 0.28302 0.43536 
0.02559 0.36089 0.21575 0.39777 
