V-CREDAL 
4 
2 3 2 3 
4 
1 0 
2 0 1 
2 1 2 
2 2 3 

4 
0.24371 0.75629 
0.16917 0.83083 

12 
0.72948 0.21211 0.05841 
0.43373 0.07266 0.49361 
0.5686 0.08517 0.34623 
0.45498 0.27729 0.26773 
12 
0.16452 0.39024 0.44524 
0.32971 0.65998 0.01031 
0.21413 0.68988 0.09599 
0.23097 0.4004 0.36863 

4 
0.48965 0.51035 
0.70609 0.29391 
4 
0.74294 0.25706 
0.65143 0.34857 
4 
0.42672 0.57328 
0.33537 0.66463 

12 
0.37824 0.54525 0.07651 
0.19277 0.2518 0.55543 
0.2529 0.12152 0.62558 
0.11318 0.50669 0.38013 
12 
0.00464 0.03716 0.9582 
0.0085 0.96207 0.02943 
0.61546 0.02403 0.36051 
0.43187 0.44606 0.12207 
