V-CREDAL 
6 
2 2 3 3 3 3 
6 
3 1 3 0 
1 1 
3 0 5 2 
1 3 
1 4 
2 4 5 

4 
0.7706 0.2294 
0.31106 0.68894 
4 
0.51676 0.48324 
0.62821 0.37179 
4 
0.05234 0.94766 
0.00255 0.99745 
4 
0.17161 0.82839 
0.9097 0.0903 
4 
0.27781 0.72219 
0.43486 0.56514 
4 
0.69699 0.30301 
0.28871 0.71129 

4 
0.00938 0.99062 
0.59171 0.40829 

12 
0.0571 0.01086 0.93204 
0.47581 0.51462 0.00957 
0.96676 0.02243 0.01081 
0.95691 0.01003 0.03306 
12 
0.49506 0.42678 0.07816 
0.84261 0.14791 0.00948 
0.30948 0.16206 0.52846 
0.08865 0.54604 0.36531 
12 
0.00949 3.9E-4 0.99012 
0.69309 0.01384 0.29307 
0.63022 0.16628 0.2035 
0.01245 0.58676 0.40079 
12 
0.00574 0.24627 0.74799 
0.01766 0.73257 0.24977 
0.91358 0.06641 0.02001 
0.32713 0.55021 0.12266 
12 
0.73397 0.10014 0.16589 
0.10836 0.28305 0.60859 
0.00539 0.88444 0.11017 
0.25968 0.6951 0.04522 
12 
0.5067 0.39924 0.09406 
0.99264 0.00406 0.0033 
0.18665 0.10437 0.70898 
0.18388 0.26255 0.55357 

12 
0.00928 0.91388 0.07684 
0.34662 0.19719 0.45619 
0.89037 0.07183 0.0378 
0.68748 0.04462 0.2679 

12 
0.16303 0.80705 0.02992 
0.08253 0.87407 0.0434 
0.1797 0.78452 0.03578 
0.0989 0.29156 0.60954 

12 
0.0067 0.0147 0.9786 
0.15604 0.46165 0.38231 
0.97265 0.02014 0.00721 
0.01602 0.50331 0.48067 
12 
0.10387 0.30372 0.59241 
0.08235 0.02733 0.89032 
0.76836 0.122 0.10964 
0.05586 0.10884 0.8353 
12 
0.40552 0.25158 0.3429 
0.09723 0.77024 0.13253 
0.11516 0.4898 0.39504 
0.37788 0.55604 0.06608 
