V-CREDAL
6
3 2 3 4 4 4
6
1 0
2 0 1
2 1 2
2 2 3
2 3 4
2 4 5

18
0.105 0.739 0.156
0.921 0.058 0.021
0.17 0.003 0.827
0.158 0.734 0.108
0.239 0.69 0.071
0.031 0.705 0.264

4
0.052 0.948
0.747 0.253
4
0.191 0.809
0.582 0.418
4
0.918 0.082
0.763 0.237

18
0.041 0.389 0.57
0.075 0.882 0.043
0.123 0.852 0.025
0.814 0.12 0.066
0.092 0.182 0.726
0.314 0.057 0.629
18
0.452 0.122 0.426
0.586 0.379 0.035
0.24 0.216 0.544
0.187 0.496 0.317
0.813 0.121 0.066
0.5 0.424 0.076

24
0.078 0.063 0.655 0.204
0.224 0.002 0.001 0.773
0.522 0.002 0.001 0.475
0.709 0.017 0.017 0.257
0.046 0.128 0.6 0.226
0.003 0.987 0.006 0.004
24
0.157 0.821 0.02 0.002
0.926 0.067 0.006 0.001
0.299 0.134 0.556 0.011
0.064 0.208 0.009 0.719
0.042 0.029 0.368 0.561
0.036 0.657 0.169 0.138
24
0.162 0.452 0.359 0.027
0.05 0.36 0.415 0.175
0.259 0.059 0.067 0.615
0.517 0.059 0.043 0.381
0.146 0.429 0.25 0.175
0.824 0.039 0.116 0.021

24
0.088 0.201 0.15 0.561
0.028 0.075 0.105 0.792
0.006 0.019 0.957 0.018
0.123 0.609 0.258 0.01
0.351 0.193 0.335 0.121
0.323 0.054 0.264 0.359
24
0.553 0.194 0.242 0.011
0.049 0.477 0.315 0.159
0.014 0.411 0.558 0.017
0.139 0.105 0.01 0.746
0.169 0.661 0.093 0.077
0.06 0.745 0.131 0.064
24
0.009 0.015 0.816 0.16
0.513 0.334 0.076 0.077
0.001 0.005 0.979 0.015
0.278 0.014 0.012 0.696
0.76 0.004 0.157 0.079
0.104 0.365 0.039 0.492
24
0.899 0.005 0.007 0.089
0.199 0.318 0.049 0.434
0.046 0.9 0.017 0.037
0.689 0.1 0.205 0.006
0.431 0.19 0.359 0.02
0.241 0.119 0.139 0.501

24
0.129 0.011 0.306 0.554
0.182 0.332 0.48 0.006
0.462 0.03 0.117 0.391
0.01 0.08 0.102 0.808
0.176 0.318 0.157 0.349
0.084 0.199 0.228 0.489
24
0.426 0.255 0.258 0.061
0.426 0.218 0.047 0.309
0.006 0.023 0.962 0.009
0.294 0.542 0.157 0.007
0.008 0.098 0.82 0.074
0.185 0.527 0.052 0.236
24
0.381 0.593 0.006 0.02
0.085 0.045 0.374 0.496
0.082 0.661 0.033 0.224
0.29 0.329 0.052 0.329
0.772 0.223 0.004 0.001
0.191 0.009 0.798 0.002
24
0.099 0.028 0.129 0.744
0.496 0.014 0.153 0.337
0.077 0.181 0.605 0.137
0.135 0.158 0.639 0.068
0.029 0.787 0.056 0.128
0.045 0.039 0.012 0.904
