V-CREDAL 
8 
2 2 2 3 3 3 3 3 
8 
1 0 
2 0 1 
2 1 2 
2 2 3 
2 3 4 
2 4 5 
2 5 6 
2 6 7 

4 
0.7263 0.2737 
0.80611 0.19389 

4 
0.92469 0.07531 
0.47258 0.52742 
4 
0.10189 0.89811 
0.10124 0.89876 

4 
0.22164 0.77836 
0.36918 0.63082 
4 
0.52317 0.47683 
0.02773 0.97227 

18 
0.96318 0.01263 0.02419 
0.60301 0.07701 0.31998 
0.00627 0.99037 0.00336 
0.0192 0.35332 0.62748 
0.14017 0.18513 0.6747 
0.06484 0.26417 0.67099 
18 
0.8975 0.08498 0.01752 
0.75249 0.01808 0.22943 
0.0154 0.956 0.0286 
0.56408 0.43416 0.00176 
0.00753 0.00667 0.9858 
0.00366 0.79037 0.20597 

18 
0.55719 0.00312 0.43969 
0.07047 0.65501 0.27452 
0.00837 0.58375 0.40788 
0.54082 0.07946 0.37972 
0.03768 0.02685 0.93547 
0.46316 0.30646 0.23038 
18 
0.17664 0.74519 0.07817 
0.74533 0.10742 0.14725 
0.44415 0.02354 0.53231 
0.05195 0.05873 0.88932 
0.0521 0.15446 0.79344 
0.11233 0.04497 0.8427 
18 
0.22238 0.06511 0.71251 
0.94981 0.02001 0.03018 
0.01775 0.98028 0.00197 
0.06725 0.24352 0.68923 
0.42554 0.57351 9.5E-4 
0.01137 0.64751 0.34112 

18 
0.16593 0.82227 0.0118 
0.69126 0.06014 0.2486 
0.05574 0.11269 0.83157 
0.0226 0.52684 0.45056 
0.66578 0.31482 0.0194 
0.72625 0.15704 0.11671 
18 
0.33373 0.11807 0.5482 
0.06625 0.77954 0.15421 
0.13294 0.50124 0.36582 
0.43653 0.03778 0.52569 
0.49815 0.45703 0.04482 
0.21715 0.74683 0.03602 
18 
0.25806 0.01563 0.72631 
0.08549 0.82877 0.08574 
0.7615 0.13237 0.10613 
0.00551 0.58144 0.41305 
0.03554 0.00725 0.95721 
0.19134 0.73484 0.07382 

18 
0.01216 0.29137 0.69647 
0.21749 0.73732 0.04519 
0.03739 0.01987 0.94274 
0.81048 0.07236 0.11716 
0.02134 0.43862 0.54004 
0.15978 0.73526 0.10496 
18 
0.63999 0.33151 0.0285 
0.02834 0.94042 0.03124 
0.00244 0.19823 0.79933 
0.22571 0.04588 0.72841 
0.13714 0.03645 0.82641 
0.69322 0.12026 0.18652 
18 
0.05551 0.70843 0.23606 
0.0483 0.83855 0.11315 
0.8117 0.07728 0.11102 
0.79162 0.16459 0.04379 
0.10378 0.1064 0.78982 
0.73179 0.02654 0.24167 

18 
0.31915 0.67601 0.00484 
0.06011 0.74978 0.19011 
0.69956 0.24492 0.05552 
0.02344 0.14907 0.82749 
0.89264 0.02012 0.08724 
0.0203 0.31143 0.66827 
18 
0.3612 0.01869 0.62011 
0.05089 0.8634 0.08571 
0.02266 0.24058 0.73676 
0.96966 0.02583 0.00451 
0.46647 0.00274 0.53079 
0.08982 0.87424 0.03594 
18 
0.00972 0.6369 0.35338 
0.0066 0.11297 0.88043 
0.47395 0.02195 0.5041 
0.73775 0.04609 0.21616 
0.49656 0.32338 0.18006 
0.01167 0.02387 0.96446 
