V-CREDAL
4
3 3 3 3
4
1 0
2 3 1
1 2
3 0 2 3

12
0.756 0.232 0.012
0.27 0.147 0.583
0.064 0.119 0.817
0.381 0.495 0.124

12
0.001 0.951 0.048
0.036 0.425 0.539
0.233 0.175 0.592
0.095 0.892 0.013
12
0.764 0.219 0.017
0.006 0.197 0.797
0.18 0.38 0.44
0.099 0.145 0.756
12
0.096 0.832 0.072
0.355 0.507 0.138
0.168 0.615 0.217
0.466 0.339 0.195

12
0.088 0.772 0.14
0.38 0.146 0.474
0.161 0.025 0.814
0.406 0.013 0.581

12
0.815 0.117 0.068
0.296 0.437 0.267
0.819 0.109 0.072
0.302 0.122 0.576
12
0.098 0.258 0.644
0.61 0.331 0.059
0.544 0.039 0.417
0.102 0.045 0.853
12
0.03 0.507 0.463
0.033 0.665 0.302
0.086 0.175 0.739
0.96 0.008 0.032
12
0.142 0.312 0.546
0.237 0.004 0.759
0.034 0.005 0.961
0.26 0.358 0.382
12
0.39 0.209 0.401
0.457 0.103 0.44
0.179 0.209 0.612
0.164 0.433 0.403
12
0.217 0.613 0.17
0.017 0.258 0.725
0.146 0.127 0.727
0.195 0.761 0.044
12
0.432 0.463 0.105
0.013 0.923 0.064
0.265 0.464 0.271
0.002 0.994 0.004
12
0.557 0.421 0.022
0.419 0.537 0.044
0.397 0.062 0.541
0.389 0.049 0.562
12
0.91 0.043 0.047
0.43 0.537 0.033
0.068 0.182 0.75
0.076 0.006 0.918
