V-CREDAL
4
4 2 2 4
4
1 0
2 0 1
2 1 2
2 2 3

16
0.213 0.049 0.709 0.029
0.832 0.039 0.014 0.115
0.196 0.346 0.182 0.276
0.232 0.074 0.343 0.351

4
0.97 0.03
0.702 0.298
4
0.859 0.141
0.538 0.462
4
0.744 0.256
0.462 0.538
4
0.5 0.5
0.206 0.794

4
0.239 0.761
0.012 0.988
4
0.487 0.513
0.221 0.779

16
0.014 0.419 0.509 0.058
0.156 0.32 0.044 0.48
0.013 0.02 0.699 0.268
0.341 0.005 0.463 0.191
16
0.391 0.099 0.182 0.328
0.084 0.023 0.713 0.18
0.661 0.186 0.041 0.112
0.148 0.823 0.024 0.005
