V-CREDAL 
4 
3 3 3 4 
4 
1 0 
2 0 1 
2 0 2 
2 0 3 

12 
0.42374 0.09817 0.47809 
0.11558 0.47988 0.40454 
0.07642 0.22967 0.69391 
0.59872 0.15241 0.24887 

12 
0.79079 0.04977 0.15944 
0.46304 0.28144 0.25552 
0.84016 0.13555 0.02429 
0.42686 0.50789 0.06525 
12 
0.0969 0.20824 0.69486 
0.13808 0.02322 0.8387 
0.38857 0.46214 0.14929 
0.01854 0.94465 0.03681 
12 
0.41112 0.29822 0.29066 
0.87268 0.12386 0.00346 
0.5605 0.10042 0.33908 
0.2656 0.63184 0.10256 

12 
0.49919 0.20446 0.29635 
0.00683 0.00971 0.98346 
0.23995 0.71024 0.04981 
0.67231 0.3268 8.9E-4 
12 
0.10663 0.26508 0.62829 
0.02914 0.0097 0.96116 
0.3343 0.54247 0.12323 
0.85788 0.0634 0.07872 
12 
0.22717 0.31631 0.45652 
0.22926 0.3301 0.44064 
0.03696 0.38626 0.57678 
0.15511 0.37079 0.4741 

16 
0.87756 0.01894 0.04178 0.06172 
0.00565 0.91287 0.07226 0.00922 
0.20553 0.23597 0.49982 0.05868 
0.82903 0.03929 0.04817 0.08351 
16 
0.00996 0.13535 0.82544 0.02925 
0.01476 0.60849 0.20329 0.17346 
0.25329 0.31937 0.37075 0.05659 
0.25806 0.10983 0.41945 0.21266 
16 
0.21171 0.0967 0.61234 0.07925 
0.182 0.03009 0.00181 0.7861 
0.27894 0.60987 0.05965 0.05154 
0.76 0.12329 0.06872 0.04799 
