V-CREDAL 
4 
2 3 3 2 
4 
3 1 3 0 
2 2 1 
1 2 
1 3 

4 
0.714 0.286 
0.301 0.699 
4 
0.004 0.996 
0.215 0.785 
4 
0.562 0.438 
0.564 0.436 
4 
0.252 0.748 
0.745 0.255 
4 
0.85 0.15 
0.405 0.595 
4 
0.77 0.23 
0.837 0.163 

12 
0.387 0.206 0.407 
0.73 0.108 0.162 
0.5 0.014 0.486 
0.134 0.009 0.857 
12 
0.116 0.163 0.721 
0.067 0.794 0.139 
0.051 0.516 0.433 
0.304 0.434 0.262 
12 
0.949 0.027 0.024 
0.423 0.417 0.16 
0.559 0.263 0.178 
0.956 0.02 0.024 

12 
0.06 0.405 0.535 
0.648 0.042 0.31 
0.696 0.035 0.269 
0.201 0.6 0.199 

4 
0.711 0.289 
0.856 0.144 
