V-CREDAL
4
4 4 4 2
4
1 0
2 0 1
2 1 2
2 2 3

16
0.081 0.525 0.323 0.071
0.885 0.054 0.022 0.039
0.052 0.221 0.694 0.033
0.118 0.571 0.124 0.187

16
0.27 0.162 0.54 0.028
0.235 0.186 0.555 0.024
0.249 0.377 0.261 0.113
0.093 0.077 0.051 0.779
16
0.014 0.144 0.314 0.528
0.506 0.243 0.1 0.151
0.219 0.163 0.611 0.007
0.208 0.392 0.195 0.205
16
0.325 0.145 0.279 0.251
0.933 0.044 0.015 0.008
0.004 0.886 0.04 0.07
0.194 0.03 0.199 0.577
16
0.147 0.489 0.154 0.21
0.83 0.063 0.068 0.039
0.752 0.003 0.211 0.034
0.093 0.39 0.413 0.104

16
0.021 0.723 0.222 0.034
0.431 0.034 0.004 0.531
0.032 0.048 0.853 0.067
0.451 0.173 0.37 0.006
16
0.351 0.094 0.004 0.551
0.65 0.019 0.315 0.016
0.068 0.739 0.155 0.038
0.092 0.033 0.073 0.802
16
0.013 0.94 0.03 0.017
0.648 0.002 0.315 0.035
0.144 0.012 0.074 0.77
0.116 0.527 0.237 0.12
16
0.556 0.385 0.035 0.024
0.103 0.188 0.393 0.316
0.012 0.555 0.308 0.125
0.225 0.255 0.012 0.508

4
0.948 0.052
0.49 0.51
4
0.378 0.622
0.412 0.588
4
0.77 0.23
0.801 0.199
4
0.993 0.007
0.511 0.489
