V-CREDAL 
6 
2 2 2 3 3 2 
6 
1 0 
2 0 1 
2 1 2 
2 2 3 
2 3 4 
2 4 5 

4 
0.69246 0.30754 
0.26593 0.73407 

4 
0.60704 0.39296 
0.54453 0.45547 
4 
0.92084 0.07916 
0.21363 0.78637 

4 
0.75479 0.24521 
0.14383 0.85617 
4 
0.35039 0.64961 
0.97795 0.02205 

18 
0.00946 0.03353 0.95701 
0.03988 0.63894 0.32118 
0.43367 0.46651 0.09982 
0.94101 0.04134 0.01765 
0.88849 0.09444 0.01707 
0.13775 0.59856 0.26369 
18 
0.1259 0.86559 0.00851 
0.97123 0.00465 0.02412 
0.01104 0.608 0.38096 
0.05447 0.35558 0.58995 
0.39097 0.02811 0.58092 
0.00714 0.92251 0.07035 

18 
0.03764 0.84712 0.11524 
0.01803 0.05782 0.92415 
0.6861 0.1233 0.1906 
0.32426 0.00759 0.66815 
0.00125 0.0713 0.92745 
0.67757 0.01159 0.31084 
18 
0.41704 0.026 0.55696 
0.26556 0.71674 0.0177 
0.05948 0.06409 0.87643 
0.00868 0.8997 0.09162 
0.80812 0.07779 0.11409 
0.81951 0.09784 0.08265 
18 
0.82544 0.0439 0.13066 
0.19421 0.70404 0.10175 
0.1423 0.00602 0.85168 
0.06628 0.79134 0.14238 
0.56023 0.02386 0.41591 
0.92444 0.05673 0.01883 

4 
0.67591 0.32409 
0.49142 0.50858 
4 
0.17095 0.82905 
0.47995 0.52005 
4 
0.32389 0.67611 
0.29402 0.70598 
