V-CREDAL
4
4 3 2 3
4
1 0
2 0 1
2 1 2
2 2 3

16
0.2 0.059 0.521 0.22
0.063 0.193 0.026 0.718
0.228 0.02 0.465 0.287
0.119 0.416 0.245 0.22

12
0.373 0.596 0.031
0.339 0.622 0.039
0.87 0.091 0.039
0.586 0.235 0.179
12
0.034 0.572 0.394
0.07 0.588 0.342
0.253 0.235 0.512
0.457 0.158 0.385
12
0.048 0.245 0.707
0.896 0.025 0.079
0.141 0.057 0.802
0.699 0.289 0.012
12
0.005 0.026 0.969
0.785 0.043 0.172
0.012 0.957 0.031
0.322 0.671 0.007

4
0.219 0.781
0.768 0.232
4
0.1 0.9
0.326 0.674
4
0.106 0.894
0.74 0.26

12
0.2 0.465 0.335
0.749 0.098 0.153
0.61 0.079 0.311
0.078 0.034 0.888
12
0.273 0.162 0.565
0.07 0.888 0.042
0.118 0.532 0.35
0.134 0.848 0.018
