V-CREDAL
10
2 2 3 3 4 2 3 2 4 3
10
1 0
2 0 1
2 1 2
2 2 3
2 3 4
2 4 5
2 5 6
2 6 7
2 7 8
2 8 9

4
0.385 0.615
0.758 0.242

4
0.499 0.501
0.769 0.231
4
0.384 0.616
0.213 0.787

12
0.025 0.692 0.283
0.818 0.092 0.09
0.112 0.126 0.762
0.801 0.066 0.133
12
0.009 0.24 0.751
0.045 0.506 0.449
0.078 0.022 0.9
0.092 0.068 0.84

12
0.032 0.845 0.123
0.484 0.186 0.33
0.366 0.609 0.025
0.268 0.316 0.416
12
0.143 0.199 0.658
0.605 0.329 0.066
0.179 0.478 0.343
0.07 0.349 0.581
12
0.872 0.123 0.005
0.076 0.315 0.609
0.076 0.101 0.823
0.084 0.862 0.054

16
0.884 0.047 0.055 0.014
0.145 0.028 0.152 0.675
0.622 0.081 0.065 0.232
0.132 0.018 0.647 0.203
16
0.447 0.264 0.262 0.027
0.207 0.011 0.758 0.024
0.288 0.029 0.623 0.06
0.354 0.098 0.152 0.396
16
0.029 0.119 0.354 0.498
0.014 0.824 0.161 0.001
0.07 0.238 0.599 0.093
0.001 0.353 0.537 0.109

4
0.545 0.455
0.35 0.65
4
0.946 0.054
0.955 0.045
4
0.045 0.955
0.655 0.345
4
0.915 0.085
0.3 0.7

12
0.11 0.418 0.472
0.78 0.054 0.166
0.276 0.327 0.397
0.331 0.386 0.283
12
0.72 0.185 0.095
0.034 0.073 0.893
0.541 0.071 0.388
0.017 0.966 0.017

4
0.85 0.15
0.571 0.429
4
0.479 0.521
0.857 0.143
4
0.432 0.568
0.766 0.234

16
0.056 0.025 0.088 0.831
0.247 0.035 0.203 0.515
0.075 0.458 0.069 0.398
0.174 0.717 0.101 0.008
16
0.003 0.004 0.002 0.991
0.099 0.07 0.498 0.333
0.022 0.189 0.788 0.001
0.071 0.167 0.754 0.008

12
0.065 0.018 0.917
0.225 0.136 0.639
0.807 0.161 0.032
0.023 0.011 0.966
12
0.271 0.434 0.295
0.383 0.437 0.18
0.012 0.02 0.968
0.483 0.166 0.351
12
0.188 0.651 0.161
0.185 0.005 0.81
0.605 0.088 0.307
0.574 0.224 0.202
12
0.862 0.016 0.122
0.131 0.098 0.771
0.006 0.964 0.03
0.022 0.742 0.236
