V-CREDAL
4
4 3 3 2
4
2 2 0
3 2 3 1
1 2
1 3

24
0.089 0.319 0.475 0.117
0.009 0.004 0.004 0.983
0.415 0.093 0.011 0.481
0.483 0.07 0.374 0.073
0.251 0.407 0.039 0.303
0.449 0.022 0.267 0.262
24
0.038 0.025 0.002 0.935
0.635 0.348 0.013 0.004
0.005 0.442 0.092 0.461
0.649 0.139 0.186 0.026
0.002 0.844 0.004 0.15
0.176 0.051 0.658 0.115
24
0.13 0.117 0.221 0.532
0.999 0.001 0.0 0.0
0.006 0.003 0.98 0.011
0.161 0.838 0.001 0.0
0.328 0.081 0.135 0.456
0.828 0.079 0.008 0.085

18
0.092 0.886 0.022
0.601 0.179 0.22
0.303 0.201 0.496
0.153 0.235 0.612
0.191 0.751 0.058
0.054 0.661 0.285
18
0.889 0.009 0.102
0.894 0.049 0.057
0.765 0.212 0.023
0.474 0.245 0.281
0.048 0.162 0.79
0.152 0.003 0.845
18
0.292 0.646 0.062
0.046 0.075 0.879
0.072 0.658 0.27
0.76 0.104 0.136
0.361 0.028 0.611
0.442 0.025 0.533
18
0.242 0.079 0.679
0.035 0.622 0.343
0.868 0.028 0.104
0.015 0.255 0.73
0.694 0.304 0.002
0.031 0.136 0.833
18
0.01 0.625 0.365
0.92 0.079 0.001
0.099 0.842 0.059
0.223 0.116 0.661
0.382 0.017 0.601
0.805 0.045 0.15
18
0.006 0.03 0.964
0.692 0.026 0.282
0.876 0.077 0.047
0.042 0.947 0.011
0.029 0.682 0.289
0.332 0.66 0.008

18
0.014 0.094 0.892
0.511 0.374 0.115
0.002 0.912 0.086
0.006 0.957 0.037
0.009 0.981 0.01
0.485 0.162 0.353

4
0.232 0.768
0.47 0.53
