V-CREDAL
10
3 4 4 3 3 3 2 2 3 3
10
1 0
2 0 1
2 1 2
2 2 3
2 3 4
2 4 5
2 5 6
2 6 7
2 7 8
2 8 9

18
0.869 0.003 0.128
0.002 0.997 0.001
0.005 0.076 0.919
0.236 0.038 0.726
0.972 0.027 0.001
0.043 0.049 0.908

24
0.014 0.071 0.046 0.869
0.043 0.269 0.552 0.136
0.098 0.551 0.092 0.259
0.332 0.625 0.031 0.012
0.027 0.088 0.818 0.067
0.226 0.424 0.164 0.186
24
0.033 0.05 0.86 0.057
0.781 0.112 0.008 0.099
0.023 0.75 0.159 0.068
0.22 0.048 0.426 0.306
0.045 0.056 0.124 0.775
0.071 0.008 0.007 0.914
24
0.517 0.034 0.092 0.357
0.049 0.577 0.013 0.361
0.176 0.21 0.314 0.3
0.39 0.413 0.076 0.121
0.09 0.718 0.034 0.158
0.023 0.337 0.302 0.338

24
0.212 0.671 0.056 0.061
0.703 0.008 0.027 0.262
0.133 0.076 0.678 0.113
0.358 0.559 0.071 0.012
0.571 0.053 0.317 0.059
0.124 0.116 0.359 0.401
24
0.156 0.136 0.663 0.045
0.842 0.139 0.005 0.014
0.352 0.037 0.273 0.338
0.052 0.774 0.149 0.025
0.02 0.055 0.09 0.835
0.106 0.056 0.333 0.505
24
0.053 0.273 0.656 0.018
0.247 0.282 0.215 0.256
0.008 0.928 0.003 0.061
0.028 0.006 0.958 0.008
0.026 0.421 0.422 0.131
0.628 0.021 0.14 0.211
24
0.852 0.063 0.009 0.076
0.137 0.233 0.397 0.233
0.004 0.984 0.01 0.002
0.222 0.007 0.155 0.616
0.572 0.176 0.196 0.056
0.005 0.058 0.544 0.393

18
0.651 0.269 0.08
0.865 0.038 0.097
0.311 0.114 0.575
0.128 0.356 0.516
0.573 0.022 0.405
0.176 0.737 0.087
18
0.001 0.882 0.117
0.677 0.246 0.077
0.19 0.014 0.796
0.075 0.828 0.097
0.852 0.014 0.134
0.169 0.106 0.725
18
0.341 0.413 0.246
0.016 0.347 0.637
0.836 0.05 0.114
0.944 0.043 0.013
0.293 0.137 0.57
0.032 0.191 0.777
18
0.03 0.221 0.749
0.019 0.323 0.658
0.019 0.927 0.054
0.44 0.094 0.466
0.522 0.227 0.251
0.118 0.007 0.875

18
0.201 0.782 0.017
0.44 0.53 0.03
0.022 0.117 0.861
0.874 0.052 0.074
0.039 0.337 0.624
0.157 0.014 0.829
18
0.102 0.272 0.626
0.648 0.126 0.226
0.839 0.135 0.026
0.223 0.403 0.374
0.569 0.348 0.083
0.538 0.372 0.09
18
0.906 0.027 0.067
0.133 0.133 0.734
0.287 0.673 0.04
0.003 0.952 0.045
0.423 0.056 0.521
0.049 0.921 0.03

18
0.243 0.021 0.736
0.643 0.356 0.001
0.966 0.012 0.022
0.05 0.085 0.865
0.193 0.804 0.003
0.131 0.65 0.219
18
0.041 0.458 0.501
0.165 0.678 0.157
0.01 0.987 0.003
0.157 0.011 0.832
0.266 0.34 0.394
0.324 0.078 0.598
18
0.009 0.892 0.099
0.016 0.976 0.008
0.373 0.111 0.516
0.064 0.021 0.915
0.649 0.23 0.121
0.003 0.283 0.714

4
0.953 0.047
0.141 0.859
4
0.161 0.839
0.382 0.618
4
0.98 0.02
0.662 0.338

4
0.18 0.82
0.373 0.627
4
0.491 0.509
0.096 0.904

18
0.171 0.662 0.167
0.431 0.556 0.013
0.625 0.157 0.218
0.562 0.375 0.063
0.46 0.185 0.355
0.138 0.427 0.435
18
0.434 0.534 0.032
0.087 0.5 0.413
0.251 0.142 0.607
0.962 0.002 0.036
0.533 0.04 0.427
0.096 0.787 0.117

18
0.06 0.075 0.865
0.157 0.816 0.027
0.048 0.86 0.092
0.217 0.643 0.14
0.005 0.395 0.6
0.141 0.212 0.647
18
0.1 0.88 0.02
0.095 0.287 0.618
0.553 0.085 0.362
0.188 0.176 0.636
0.119 0.226 0.655
0.505 0.198 0.297
18
0.036 0.007 0.957
0.861 0.09 0.049
0.225 0.73 0.045
0.004 0.395 0.601
0.138 0.77 0.092
0.75 0.077 0.173
