V-CREDAL 
4 
2 3 2 4 
4 
1 0 
2 0 1 
2 1 2 
2 2 3 

4 
0.82278 0.17722 
0.79127 0.20873 

18 
0.20837 0.23545 0.55618 
0.03278 0.93792 0.0293 
0.14184 0.84242 0.01574 
0.92363 0.06649 0.00988 
0.45672 0.06962 0.47366 
0.87755 0.0543 0.06815 
18 
0.482 0.37427 0.14373 
0.14663 0.1076 0.74577 
0.1175 0.77864 0.10386 
0.60543 0.21457 0.18 
0.08927 0.71016 0.20057 
0.02661 0.16035 0.81304 

4 
0.54828 0.45172 
0.3249 0.6751 
4 
0.16691 0.83309 
0.60348 0.39652 
4 
0.0631 0.9369 
0.68731 0.31269 

24 
0.00642 0.12099 0.78671 0.08588 
0.00173 0.70597 0.02518 0.26712 
0.0336 0.45972 0.41453 0.09215 
0.50717 0.25533 0.16508 0.07242 
0.05705 0.00226 0.00325 0.93744 
0.20047 0.19018 0.56402 0.04533 
24 
0.0037 0.64911 0.24513 0.10206 
0.78174 0.08449 0.02222 0.11155 
2.5E-4 0.0578 0.04559 0.89636 
0.22949 0.08327 0.3761 0.31114 
0.01855 0.32186 0.62419 0.0354 
0.409 0.48178 0.0801 0.02912 
