V-CREDAL 
6 
3 3 3 3 3 2 
6 
1 0 
2 0 1 
2 1 2 
2 2 3 
2 3 4 
2 4 5 

18 
0.64873 0.18592 0.16535 
0.08929 0.06277 0.84794 
0.33777 0.45045 0.21178 
0.39718 0.06879 0.53403 
0.23376 0.02294 0.7433 
0.19786 0.01425 0.78789 

18 
0.09764 0.02899 0.87337 
0.92333 0.01408 0.06259 
0.00184 0.99795 2.1E-4 
0.05957 0.13891 0.80152 
0.24977 0.01969 0.73054 
0.68721 0.26949 0.0433 
18 
0.04324 0.03096 0.9258 
0.65944 0.02337 0.31719 
0.71144 0.22328 0.06528 
0.01893 0.9249 0.05617 
0.1752 0.78843 0.03637 
0.61355 0.35757 0.02888 
18 
0.00256 0.99716 2.8E-4 
0.01091 0.05874 0.93035 
0.9676 0.00208 0.03032 
0.03959 0.01192 0.94849 
0.93534 0.04683 0.01783 
6.0E-4 0.38612 0.61328 

18 
0.09951 0.52959 0.3709 
0.62549 0.03976 0.33475 
0.04688 0.87188 0.08124 
0.21275 0.01275 0.7745 
0.3401 0.00113 0.65877 
0.68025 0.07201 0.24774 
18 
0.37154 0.05311 0.57535 
0.1433 0.2412 0.6155 
0.58032 0.31738 0.1023 
0.94681 0.04421 0.00898 
0.12634 0.59686 0.2768 
0.2272 0.16713 0.60567 
18 
0.02826 0.95397 0.01777 
0.06692 0.07483 0.85825 
0.02895 0.86942 0.10163 
0.68836 0.30697 0.00467 
0.43255 0.03998 0.52747 
0.45313 0.53827 0.0086 

18 
0.46666 0.51658 0.01676 
0.03533 0.73654 0.22813 
0.18096 0.80931 0.00973 
0.88825 0.01382 0.09793 
0.03955 0.11177 0.84868 
0.4357 0.0499 0.5144 
18 
0.194 0.27317 0.53283 
0.95742 0.02704 0.01554 
0.04241 0.87887 0.07872 
0.57935 0.41485 0.0058 
0.62216 0.05068 0.32716 
0.08072 0.54242 0.37686 
18 
0.00135 0.00276 0.99589 
0.00404 0.46214 0.53382 
0.01563 0.97438 0.00999 
0.8498 0.01511 0.13509 
0.84566 0.00304 0.1513 
0.62924 0.31465 0.05611 

18 
0.02154 0.94109 0.03737 
0.05834 0.05533 0.88633 
0.07243 0.92599 0.00158 
0.71156 0.14973 0.13871 
0.1228 0.05041 0.82679 
0.58195 0.0411 0.37695 
18 
0.00764 0.33067 0.66169 
0.02503 0.96849 0.00648 
0.3577 0.10387 0.53843 
0.34405 0.11202 0.54393 
0.8767 0.04975 0.07355 
0.60769 0.37268 0.01963 
18 
0.28649 0.70254 0.01097 
0.06885 0.34791 0.58324 
0.40629 0.41891 0.1748 
0.44253 0.22493 0.33254 
0.05001 0.61853 0.33146 
0.12185 0.01257 0.86558 

4 
0.06199 0.93801 
0.96183 0.03817 
4 
0.2701 0.7299 
0.68046 0.31954 
4 
0.19278 0.80722 
0.95937 0.04063 
