V-CREDAL 
6 
5 4 3 3 5 5 
6 
2 3 0 
2 2 1 
2 5 2 
1 3 
1 4 
3 0 4 5 

30 
0.35168 0.37807 0.0195 0.10726 0.14349 
0.20665 0.03411 0.28551 0.11643 0.3573 
0.24258 0.22584 0.03723 0.2941 0.20025 
0.07045 0.7901 5.0E-4 0.06729 0.07166 
0.27378 0.21 0.0969 0.01201 0.40731 
0.37566 0.03367 0.5828 0.00529 0.00258 
30 
0.13862 0.01651 0.04737 0.75997 0.03753 
0.14454 0.15899 0.12058 0.17076 0.40513 
0.13923 0.00951 0.35958 0.44151 0.05017 
0.56748 0.06188 0.01085 0.03986 0.31993 
0.07118 0.27322 0.23667 0.12468 0.29425 
0.01718 0.34478 0.16979 0.09308 0.37517 
30 
3.2E-4 0.00489 0.13347 0.84647 0.01485 
0.15595 0.03681 0.54962 0.09494 0.16268 
0.00964 0.19496 0.58658 0.00296 0.20586 
0.43761 0.30761 0.06362 0.05213 0.13903 
0.01501 0.84832 0.06497 0.06852 0.00318 
0.22168 0.00573 0.76072 0.009 0.00287 

24 
0.03931 0.02507 0.92014 0.01548 
0.27792 0.05622 0.09065 0.57521 
0.5276 0.05205 0.15762 0.26273 
0.10094 0.86711 0.01822 0.01373 
0.00223 0.00424 0.12317 0.87036 
0.00141 0.00108 0.84262 0.15489 
24 
0.11086 0.66087 0.05264 0.17563 
0.30423 0.03922 0.65403 0.00252 
0.39852 0.49642 0.07269 0.03237 
0.07579 0.17369 0.36513 0.38539 
0.04569 0.04452 0.66087 0.24892 
0.30613 0.26087 0.01395 0.41905 
24 
0.11797 0.38473 0.24665 0.25065 
0.15824 0.50933 0.00381 0.32862 
0.65234 0.337 0.00288 0.00778 
0.35851 0.13317 0.20016 0.30816 
0.44827 0.15965 0.31933 0.07275 
0.59427 0.09133 0.12835 0.18605 

18 
0.01475 0.51031 0.47494 
0.6913 0.11187 0.19683 
0.92779 0.03454 0.03767 
0.00229 0.94522 0.05249 
0.26692 0.71137 0.02171 
0.36979 0.21792 0.41229 
18 
0.69172 0.01144 0.29684 
0.06164 0.01691 0.92145 
0.51591 0.00295 0.48114 
0.04646 0.40873 0.54481 
0.10218 0.88679 0.01103 
0.75801 0.22085 0.02114 
18 
0.13109 0.12607 0.74284 
0.73408 0.19218 0.07374 
0.04963 0.50948 0.44089 
0.10956 0.85753 0.03291 
0.52485 0.01052 0.46463 
0.04876 0.29273 0.65851 
18 
0.75529 0.0139 0.23081 
0.87925 0.03053 0.09022 
0.00158 0.0199 0.97852 
0.19865 0.79662 0.00473 
0.03638 0.30569 0.65793 
0.4069 0.59217 9.3E-4 
18 
0.85589 0.12268 0.02143 
0.03212 0.17492 0.79296 
0.04992 0.93314 0.01694 
0.1893 0.10584 0.70486 
0.86301 0.06815 0.06884 
0.04011 0.51737 0.44252 

18 
0.06312 0.00751 0.92937 
0.01974 0.96232 0.01794 
0.89725 0.01729 0.08546 
0.03067 0.07612 0.89321 
0.727 0.22746 0.04554 
0.0215 0.96299 0.01551 

30 
0.83491 0.04977 0.03171 0.00797 0.07564 
0.08763 0.02179 0.39688 0.05528 0.43842 
0.58148 0.02383 0.05399 0.0585 0.2822 
5.0E-5 0.02952 5.0E-5 0.97036 2.0E-5 
0.00791 0.03483 0.09886 0.62011 0.23829 
0.03167 0.00759 0.00344 0.94853 0.00877 

30 
0.93461 0.04439 0.00122 0.01578 0.004 
0.84306 0.07606 0.0239 0.04945 0.00753 
0.58573 0.01307 0.07126 0.2906 0.03934 
0.20539 0.0232 0.62446 0.11426 0.03269 
0.56319 0.24874 0.122 0.02494 0.04113 
0.06438 0.65853 9.5E-4 0.16808 0.10806 
30 
0.08385 0.01301 0.4598 0.01307 0.43027 
0.41282 0.01223 0.01406 0.50054 0.06035 
0.09685 0.47546 0.22668 0.0561 0.14491 
0.01095 0.00263 0.55464 0.05566 0.37612 
0.39623 0.04682 0.19777 0.09872 0.26046 
0.08166 0.07391 0.62408 0.14813 0.07222 
30 
0.84113 4.2E-4 0.00188 0.15421 0.00236 
0.61758 0.00551 0.37304 0.00292 9.5E-4 
0.08482 0.06799 0.03354 0.01035 0.8033 
0.04688 0.0327 0.31244 0.07937 0.52861 
0.55297 0.11186 0.03466 0.02693 0.27358 
0.23237 0.41463 0.07188 0.04317 0.23795 
30 
0.04262 0.04671 0.6427 0.09504 0.17293 
0.18372 0.10267 0.46679 0.04036 0.20646 
0.07853 0.6679 0.01172 0.00328 0.23857 
0.00952 0.01606 0.01955 0.00279 0.95208 
0.49535 0.10349 0.01523 0.362 0.02393 
0.07246 0.60626 0.11707 0.07637 0.12784 
30 
4.8E-4 0.00362 0.99578 3.0E-5 9.0E-5 
0.3784 0.08583 0.04195 0.42086 0.07296 
0.02182 0.09929 0.74933 0.02805 0.10151 
0.00656 0.10369 0.75137 0.12055 0.01783 
0.01277 0.16258 0.0478 0.7695 0.00735 
0.20059 0.27026 0.13733 0.30757 0.08425 
30 
0.00394 0.56685 0.26643 0.13246 0.03032 
0.36892 0.00486 0.16031 0.4237 0.04221 
0.09331 0.26315 0.62832 0.0085 0.00672 
0.09951 0.05949 0.18361 0.58254 0.07485 
0.025 0.71885 0.05858 0.02706 0.17051 
0.82128 0.03039 0.03055 0.11355 0.00423 
30 
0.89132 0.03696 0.00242 0.00582 0.06348 
0.24771 0.26595 0.06844 0.4123 0.0056 
0.00638 0.23555 0.00592 0.55852 0.19363 
1.9E-4 6.0E-5 0.9469 0.01192 0.04093 
0.00696 0.00365 0.24396 0.61935 0.12608 
0.19733 0.67081 0.09756 0.01807 0.01623 
30 
0.46192 0.10948 0.12854 0.035 0.26506 
0.08307 0.02688 0.02664 0.83374 0.02967 
1.0E-5 0.02455 0.14585 0.82927 3.2E-4 
0.42944 0.22577 0.23105 0.04149 0.07225 
0.17941 0.19046 0.25737 0.29198 0.08078 
2.2E-4 0.00211 0.97357 0.00247 0.02163 
30 
0.03134 0.1007 0.2008 0.03458 0.63258 
0.19503 0.03558 0.02968 0.69447 0.04524 
0.00535 0.93186 0.01061 0.01071 0.04147 
0.17814 0.66675 2.0E-5 0.00319 0.1519 
0.05639 0.33302 0.40555 0.15687 0.04817 
0.04785 0.13477 0.39441 0.36286 0.06011 
30 
0.00911 0.02309 0.85771 0.01054 0.09955 
0.02183 0.01078 0.09154 0.03916 0.83669 
0.16152 0.01983 0.05208 0.01805 0.74852 
0.55293 0.02573 0.08615 0.19255 0.14264 
0.5387 0.16069 0.20459 0.08581 0.01021 
0.62661 0.33954 0.00404 0.02115 0.00866 
30 
0.05081 0.05558 0.01954 0.09676 0.77731 
0.02655 0.08708 0.11002 0.64839 0.12796 
0.00778 0.11265 0.559 0.002 0.31857 
0.02759 0.02068 0.01287 0.68988 0.24898 
0.06451 0.19469 0.11733 0.01203 0.61144 
0.01497 0.10435 0.66554 0.00715 0.20799 
30 
0.0318 0.02513 0.76384 0.02275 0.15648 
0.41888 0.10771 0.20842 0.25882 0.00617 
0.49199 0.03864 0.05882 0.06422 0.34633 
2.7E-4 0.24525 0.00394 0.7505 4.0E-5 
0.11588 0.19264 0.28665 0.24772 0.15711 
0.87446 0.01529 0.06674 0.03515 0.00836 
30 
0.04764 0.00668 0.49673 0.43817 0.01078 
0.00331 0.05847 0.76708 0.02863 0.14251 
0.03795 0.11044 0.01694 0.74002 0.09465 
0.04002 0.24043 0.02619 0.64496 0.0484 
0.22715 0.01335 0.28481 0.43401 0.04068 
0.02667 0.01565 0.25733 0.24346 0.45689 
30 
0.0261 0.24353 0.00265 0.21511 0.51261 
0.0301 0.07308 0.00548 0.00262 0.88872 
0.04496 0.17612 0.21498 0.37796 0.18598 
0.00119 0.0011 0.95619 0.00958 0.03194 
0.03274 0.2684 0.23362 0.43277 0.03247 
0.20806 0.0137 0.67985 0.0729 0.02549 
30 
0.00209 0.91086 0.00938 0.02909 0.04858 
0.01113 0.26754 0.41319 0.04655 0.26159 
0.22903 0.71199 8.8E-4 0.05803 7.0E-5 
3.8E-4 0.9916 0.00164 0.00595 4.3E-4 
0.00553 0.47078 0.46063 0.05913 0.00393 
0.51362 0.47458 0.0031 4.8E-4 0.00822 
30 
0.01923 0.36917 0.33896 0.0387 0.23394 
0.04199 0.095 0.4421 0.10481 0.3161 
0.57138 0.15859 0.223 0.01487 0.03216 
0.71143 0.27836 0.00484 0.0032 0.00217 
0.00148 0.30956 0.03084 5.5E-4 0.65757 
0.0292 0.0343 0.08248 0.6579 0.19612 
30 
0.03481 0.07998 0.80053 0.03133 0.05335 
0.24418 0.22983 0.03588 0.03881 0.4513 
0.15119 0.10349 0.04002 0.69656 0.00874 
0.00116 0.06624 1.5E-4 0.02872 0.90373 
0.2789 0.00925 0.04397 0.66196 0.00592 
0.00473 0.0142 0.84277 0.12496 0.01334 
30 
0.09926 0.05322 0.11523 0.60987 0.12242 
0.00944 0.72381 0.0235 0.16999 0.07326 
0.00141 0.20768 0.77906 0.00255 0.0093 
0.01213 0.81104 0.09623 0.069 0.0116 
0.00635 0.35148 0.36311 0.22797 0.05109 
0.42632 0.43731 0.06683 0.02703 0.04251 
30 
0.4016 0.02331 0.53264 0.00609 0.03636 
0.09832 0.2763 0.04998 0.50334 0.07206 
0.16733 0.19116 0.03589 0.15454 0.45108 
0.11099 3.7E-4 0.0174 0.77542 0.09582 
0.0855 0.79456 0.04821 0.00611 0.06562 
0.14333 0.19726 0.14663 0.08133 0.43145 
30 
0.65783 2.5E-4 0.29924 0.04157 0.00111 
0.1575 0.01136 0.60356 0.18601 0.04157 
0.00321 0.00178 0.01434 0.16581 0.81486 
0.00184 8.5E-4 0.91284 0.08268 0.00179 
0.18285 0.00511 0.02681 0.37137 0.41386 
0.46442 0.07493 0.0713 0.04111 0.34824 
30 
0.00129 0.64173 0.00911 0.10824 0.23963 
0.00319 0.63515 0.03815 0.3219 0.00161 
0.14175 0.10687 0.01654 0.13426 0.60058 
0.00625 0.75992 0.12679 0.02781 0.07923 
0.083 0.00173 0.00481 0.90008 0.01038 
0.21349 0.00399 0.06971 0.71086 0.00195 
30 
0.1542 0.75085 0.06939 0.01221 0.01335 
0.04359 0.07031 0.01274 0.02064 0.85272 
0.22592 0.02931 0.01111 0.08558 0.64808 
0.666 0.00539 0.03215 0.0086 0.28786 
0.21891 0.00974 0.04709 0.72069 0.00357 
0.93179 0.00794 0.00392 0.05377 0.00258 
30 
0.57286 0.04871 3.7E-4 0.0745 0.30356 
0.00658 0.02312 0.23571 0.11475 0.61984 
0.06423 0.10949 0.18018 0.12216 0.52394 
0.05367 0.10464 0.08927 0.70373 0.04869 
0.12745 0.07049 0.05648 0.17168 0.5739 
0.61651 0.04922 0.16998 0.16389 4.0E-4 
30 
0.33314 0.04218 0.07191 0.18405 0.36872 
0.32399 0.28233 0.00857 0.19961 0.1855 
0.54243 0.01772 6.7E-4 0.43327 0.00591 
0.10299 0.5308 0.32115 0.02839 0.01667 
0.03608 5.8E-4 0.00102 0.82921 0.13311 
0.06333 0.00155 0.89066 0.03464 0.00982 
30 
0.11541 0.57969 0.10066 0.18003 0.02421 
0.71233 0.03409 0.12828 0.09428 0.03102 
0.21875 0.49941 0.04456 0.02854 0.20874 
0.00405 0.00527 0.10083 0.87243 0.01742 
0.05019 0.19824 0.13578 0.1606 0.45519 
0.02732 0.15675 0.77014 0.03407 0.01172 
