V-CREDAL
8
4 3 2 4 3 2 3 3
8
1 0
2 0 1
2 1 2
2 2 3
2 3 4
2 4 5
2 5 6
2 6 7

16
0.748 0.225 0.013 0.014
0.183 0.153 0.145 0.519
0.062 0.445 0.407 0.086
0.156 0.168 0.1 0.576

12
0.311 0.663 0.026
0.452 0.263 0.285
0.874 0.013 0.113
0.798 0.001 0.201
12
0.29 0.667 0.043
0.737 0.259 0.004
0.071 0.478 0.451
0.262 0.287 0.451
12
0.059 0.017 0.924
0.022 0.956 0.022
0.826 0.029 0.145
0.477 0.023 0.5
12
0.59 0.02 0.39
0.911 0.022 0.067
0.437 0.194 0.369
0.667 0.268 0.065

4
0.264 0.736
0.825 0.175
4
0.097 0.903
0.085 0.915
4
0.726 0.274
0.111 0.889

16
0.055 0.155 0.473 0.317
0.02 0.386 0.039 0.555
0.238 0.051 0.699 0.012
0.025 0.554 0.125 0.296
16
0.401 0.002 0.034 0.563
0.011 0.178 0.492 0.319
0.026 0.11 0.678 0.186
0.294 0.0 0.002 0.704

12
0.146 0.17 0.684
0.532 0.078 0.39
0.008 0.99 0.002
0.495 0.066 0.439
12
0.036 0.535 0.429
0.41 0.396 0.194
0.138 0.325 0.537
0.131 0.683 0.186
12
0.141 0.557 0.302
0.936 0.035 0.029
0.276 0.657 0.067
0.101 0.101 0.798
12
0.048 0.856 0.096
0.011 0.095 0.894
0.608 0.31 0.082
0.142 0.83 0.028

4
0.841 0.159
0.107 0.893
4
0.587 0.413
0.648 0.352
4
0.847 0.153
0.354 0.646

12
0.179 0.211 0.61
0.254 0.459 0.287
0.166 0.817 0.017
0.004 0.055 0.941
12
0.617 0.063 0.32
0.863 0.029 0.108
0.366 0.583 0.051
0.007 0.844 0.149

12
0.848 0.025 0.127
0.043 0.067 0.89
0.134 0.862 0.004
0.284 0.004 0.712
12
0.152 0.614 0.234
0.029 0.035 0.936
0.34 0.172 0.488
0.014 0.246 0.74
12
0.089 0.073 0.838
0.473 0.52 0.007
0.039 0.905 0.056
0.144 0.123 0.733
