V-CREDAL 
8 
3 3 2 2 2 2 3 3 
8 
1 0 
2 0 1 
2 1 2 
2 2 3 
2 3 4 
2 4 5 
2 5 6 
2 6 7 

12 
0.16357 0.51491 0.32152 
0.07355 0.07478 0.85167 
0.04255 0.20559 0.75186 
0.04771 0.02024 0.93205 

12 
0.23271 0.37921 0.38808 
0.78143 0.21223 0.00634 
0.41129 0.58666 0.00205 
0.22763 0.13856 0.63381 
12 
0.90913 0.08802 0.00285 
0.14266 0.15697 0.70037 
0.1576 0.45423 0.38817 
0.27232 0.70496 0.02272 
12 
0.18856 0.41338 0.39806 
0.47791 0.35839 0.1637 
0.30639 0.54215 0.15146 
0.09515 0.27295 0.6319 

4 
0.99796 0.00204 
0.37835 0.62165 
4 
0.17736 0.82264 
0.21769 0.78231 
4 
0.30436 0.69564 
0.20865 0.79135 

4 
0.32409 0.67591 
0.66507 0.33493 
4 
0.37847 0.62153 
0.80689 0.19311 

4 
0.8213 0.1787 
0.49159 0.50841 
4 
0.83953 0.16047 
0.91722 0.08278 

4 
0.22663 0.77337 
0.9877 0.0123 
4 
0.01468 0.98532 
0.84244 0.15756 

12 
0.44714 0.27766 0.2752 
0.02297 0.2545 0.72253 
0.07117 0.90205 0.02678 
0.03348 0.18796 0.77856 
12 
0.18121 0.73411 0.08468 
0.00937 0.97129 0.01934 
0.68313 0.31086 0.00601 
0.65231 0.28128 0.06641 

12 
0.86653 0.09185 0.04162 
0.43439 0.29206 0.27355 
0.46413 0.02518 0.51069 
0.61133 0.23394 0.15473 
12 
0.65303 0.29886 0.04811 
0.03758 0.9326 0.02982 
0.59714 0.11363 0.28923 
0.68543 0.21561 0.09896 
12 
0.60019 0.05311 0.3467 
0.31749 0.11023 0.57228 
0.62102 0.2221 0.15688 
0.01593 0.34186 0.64221 
