V-CREDAL 
10 
4 2 3 3 2 3 4 3 3 3 
10 
3 1 7 0 
2 9 1 
1 2 
1 3 
2 5 4 
1 5 
3 3 5 6 
3 2 3 7 
2 7 8 
1 9 

24 
0.02134 0.1616 0.66686 0.1502 
0.23044 0.24363 0.03359 0.49234 
0.24946 0.0507 0.25181 0.44803 
0.19753 0.4645 0.08362 0.25435 
0.8491 0.01479 0.00831 0.1278 
0.83164 0.073 0.08995 0.00541 
24 
0.04211 0.43039 0.02339 0.50411 
0.23375 0.11023 0.56264 0.09338 
0.27333 0.50291 0.03569 0.18807 
0.54534 0.31253 0.10399 0.03814 
0.12783 0.26615 0.37127 0.23475 
0.60825 5.5E-4 0.00318 0.38802 
24 
0.01447 0.08721 0.09108 0.80724 
0.00399 0.39329 0.0018 0.60092 
0.39479 0.03407 0.4454 0.12574 
0.35255 0.32528 0.01962 0.30255 
0.33368 0.0137 0.1916 0.46102 
0.69335 0.13003 0.09669 0.07993 
24 
0.00931 0.05206 0.57667 0.36196 
0.24168 0.01251 0.02155 0.72426 
0.50916 0.07237 0.09772 0.32075 
0.02625 0.1015 0.19685 0.6754 
0.27571 0.00156 0.63274 0.08999 
0.27103 0.64525 0.06512 0.0186 
24 
0.16344 0.24094 0.53748 0.05814 
0.08931 0.10458 0.74253 0.06358 
0.41151 0.09442 0.11598 0.37809 
1.8E-4 0.02401 0.04502 0.93079 
0.04623 0.38013 0.53032 0.04332 
0.11093 0.00946 0.79788 0.08173 
24 
0.16865 0.06334 0.45772 0.31029 
0.25923 0.29891 0.20169 0.24017 
0.1427 0.10895 0.44077 0.30758 
0.06229 0.29342 0.43658 0.20771 
0.049 0.48263 0.43181 0.03656 
0.03987 0.58769 0.36443 0.00801 

4 
0.87347 0.12653 
0.07088 0.92912 
4 
0.54981 0.45019 
0.86374 0.13626 
4 
0.43995 0.56005 
0.59353 0.40647 

18 
0.68148 0.01912 0.2994 
0.00812 0.06279 0.92909 
0.03626 0.95052 0.01322 
0.18859 0.74628 0.06513 
0.4394 9.0E-5 0.56051 
0.40179 0.45514 0.14307 

18 
0.50556 0.42203 0.07241 
0.07543 0.18646 0.73811 
0.0163 0.77826 0.20544 
4.0E-4 0.99908 5.2E-4 
0.49617 0.00861 0.49522 
0.11929 0.14057 0.74014 

4 
0.66537 0.33463 
0.34914 0.65086 
4 
0.10757 0.89243 
0.53114 0.46886 
4 
0.11561 0.88439 
0.13132 0.86868 

18 
0.02982 0.34362 0.62656 
0.56423 0.37489 0.06088 
0.07999 0.74798 0.17203 
0.98956 0.001 0.00944 
0.54494 0.10126 0.3538 
0.11788 0.19945 0.68267 

24 
0.09951 0.05951 0.01177 0.82921 
0.29341 0.52949 0.05389 0.12321 
0.49383 0.11858 0.00889 0.3787 
0.62361 0.01782 0.34664 0.01193 
0.84684 0.01035 0.02512 0.11769 
0.17955 0.31426 0.25741 0.24878 
24 
0.49179 0.27933 0.22144 0.00744 
0.14842 0.67752 0.11982 0.05424 
0.43103 0.17661 0.33166 0.0607 
0.01784 0.40414 0.51274 0.06528 
0.00185 0.89795 0.02447 0.07573 
0.67299 0.00804 0.23191 0.08706 
24 
0.35073 0.07717 0.53385 0.03825 
0.0059 0.28696 0.00905 0.69809 
0.13767 0.45144 0.0026 0.40829 
0.01314 0.69014 0.25215 0.04457 
0.16495 0.64637 0.10561 0.08307 
0.28254 0.11854 0.38239 0.21653 
24 
0.51815 0.21986 0.25607 0.00592 
0.15706 0.36429 0.2549 0.22375 
0.1167 0.78466 0.06134 0.0373 
0.66562 0.3158 0.01312 0.00546 
8.0E-4 0.11237 0.13477 0.75206 
0.22576 0.65809 0.02432 0.09183 
24 
0.92451 0.06465 0.00941 0.00143 
0.68858 0.01843 0.17929 0.1137 
0.33931 0.00186 0.65878 5.0E-5 
0.47199 0.05858 0.2061 0.26333 
0.18996 0.36571 0.31924 0.12509 
0.30627 0.34999 0.15279 0.19095 
24 
0.35025 0.47445 0.11248 0.06282 
0.04934 0.05632 0.80399 0.09035 
0.22857 0.53625 0.11158 0.1236 
1.0E-4 0.03575 0.83034 0.13381 
0.97182 0.01288 0.00285 0.01245 
0.19056 0.46448 0.26331 0.08165 
24 
0.49268 0.42763 0.02623 0.05346 
0.04197 0.94499 0.01278 2.6E-4 
0.02969 0.95431 0.00539 0.01061 
0.02618 0.02146 0.93979 0.01257 
0.06352 0.82804 0.04391 0.06453 
0.96805 0.01355 0.01659 0.00181 
24 
0.02361 0.68955 0.06781 0.21903 
0.55911 0.37144 0.06239 0.00706 
0.35456 5.8E-4 0.63496 0.0099 
0.27953 0.42518 0.22187 0.07342 
0.32645 0.21445 0.44277 0.01633 
0.08141 0.06561 0.36334 0.48964 
24 
0.92767 0.0083 0.02009 0.04394 
0.05764 0.07124 0.00343 0.86769 
0.15805 0.01386 0.20203 0.62606 
0.30477 0.68406 0.00298 0.00819 
0.14409 0.43158 0.29211 0.13222 
0.29409 0.49802 0.16194 0.04595 

18 
0.22708 0.62456 0.14836 
0.77458 0.13298 0.09244 
0.0298 0.61506 0.35514 
0.20535 0.0241 0.77055 
0.11014 0.28981 0.60005 
0.03139 0.57973 0.38888 
18 
0.12071 0.21802 0.66127 
0.35609 0.60108 0.04283 
0.16146 0.76358 0.07496 
0.89939 0.03179 0.06882 
0.12515 0.68914 0.18571 
0.10607 0.60555 0.28838 
18 
0.95596 0.00258 0.04146 
0.04677 0.94301 0.01022 
0.02259 0.04107 0.93634 
0.01796 0.91014 0.0719 
0.03521 0.00287 0.96192 
0.01621 0.87345 0.11034 
18 
0.01108 0.93914 0.04978 
0.08704 0.54633 0.36663 
0.84283 0.08349 0.07368 
0.58611 0.01841 0.39548 
0.16935 0.15706 0.67359 
0.23892 0.0955 0.66558 
18 
0.1589 0.04483 0.79627 
0.28772 0.5325 0.17978 
0.1772 0.6532 0.1696 
0.37004 0.20363 0.42633 
0.01522 0.40114 0.58364 
0.3982 0.38656 0.21524 
18 
0.70454 0.03749 0.25797 
0.00908 0.10075 0.89017 
0.01284 0.64209 0.34507 
0.37673 0.56714 0.05613 
0.07171 0.77735 0.15094 
0.64628 0.33945 0.01427 
18 
0.1736 0.11944 0.70696 
0.51605 0.08007 0.40388 
0.89618 0.07026 0.03356 
0.00202 0.99353 0.00445 
0.0155 0.16316 0.82134 
0.21617 0.11279 0.67104 
18 
0.08425 0.56031 0.35544 
0.18748 0.80846 0.00406 
0.08273 0.00708 0.91019 
0.52173 0.32827 0.15 
0.03065 0.33869 0.63066 
0.71486 0.03142 0.25372 
18 
0.12579 0.54086 0.33335 
0.46508 0.27974 0.25518 
0.2112 0.49339 0.29541 
0.10934 0.12456 0.7661 
0.2132 0.04642 0.74038 
0.54584 0.0826 0.37156 

18 
0.01262 0.98015 0.00723 
0.87872 0.08068 0.0406 
0.94044 0.00524 0.05432 
0.11001 0.00759 0.8824 
0.03031 0.47194 0.49775 
0.05288 0.9415 0.00562 
18 
0.53828 0.02492 0.4368 
0.51814 0.33995 0.14191 
0.05583 0.27773 0.66644 
0.10592 0.81814 0.07594 
0.04575 0.03492 0.91933 
0.23838 0.00876 0.75286 
18 
0.00647 0.34147 0.65206 
0.85996 0.00802 0.13202 
0.05491 0.90959 0.0355 
0.91407 0.04748 0.03845 
0.61973 0.0477 0.33257 
0.00267 0.4852 0.51213 

18 
0.17439 0.00575 0.81986 
0.02663 0.58842 0.38495 
0.41106 0.56412 0.02482 
0.00161 0.93637 0.06202 
0.27138 0.70407 0.02455 
0.54631 0.11773 0.33596 
