V-CREDAL
6
2 3 3 2 4 4
6
2 2 0
3 2 3 1
1 2
1 3
3 3 5 4
1 5

4
0.878 0.122
0.692 0.308
4
0.314 0.686
0.115 0.885
4
0.88 0.12
0.793 0.207

12
0.042 0.594 0.364
0.708 0.207 0.085
0.106 0.809 0.085
0.06 0.001 0.939
12
0.019 0.915 0.066
0.136 0.064 0.8
0.884 0.069 0.047
0.015 0.793 0.192
12
0.024 0.869 0.107
0.202 0.422 0.376
0.215 0.424 0.361
0.352 0.614 0.034
12
0.274 0.592 0.134
0.098 0.073 0.829
0.703 0.116 0.181
0.113 0.602 0.285
12
0.532 0.135 0.333
0.487 0.331 0.182
0.113 0.17 0.717
0.036 0.356 0.608
12
0.251 0.171 0.578
0.018 0.72 0.262
0.465 0.095 0.44
0.393 0.384 0.223

12
0.313 0.04 0.647
0.202 0.249 0.549
0.215 0.583 0.202
0.121 0.54 0.339

4
0.73 0.27
0.987 0.013

16
0.036 0.132 0.373 0.459
0.002 0.989 0.001 0.008
0.594 0.146 0.211 0.049
0.111 0.056 0.103 0.73
16
0.001 0.0 0.008 0.991
0.578 0.111 0.165 0.146
0.442 0.086 0.005 0.467
0.601 0.258 0.005 0.136
16
0.06 0.327 0.407 0.206
0.032 0.013 0.174 0.781
0.367 0.393 0.224 0.016
0.928 0.051 0.003 0.018
16
0.581 0.228 0.088 0.103
0.616 0.269 0.028 0.087
0.396 0.505 0.071 0.028
0.009 0.736 0.03 0.225
16
0.053 0.04 0.067 0.84
0.004 0.213 0.033 0.75
0.014 0.462 0.403 0.121
0.001 0.039 0.159 0.801
16
0.011 0.963 0.001 0.025
0.383 0.063 0.024 0.53
0.213 0.076 0.632 0.079
0.127 0.447 0.347 0.079
16
0.027 0.741 0.007 0.225
0.181 0.059 0.09 0.67
0.104 0.049 0.3 0.547
0.004 0.009 0.589 0.398
16
0.096 0.019 0.493 0.392
0.088 0.803 0.048 0.061
0.39 0.227 0.133 0.25
0.953 0.002 0.04 0.005

16
0.297 0.014 0.653 0.036
0.001 0.0 0.09 0.909
0.158 0.164 0.027 0.651
0.246 0.062 0.493 0.199
