V-CREDAL 
4 
3 3 3 4 
4 
1 0 
2 0 1 
2 0 2 
2 0 3 

18 
0.64734 0.16676 0.1859 
0.00256 0.76182 0.23562 
0.42524 0.47427 0.10049 
0.04801 0.02403 0.92796 
0.16257 0.66897 0.16846 
0.73114 0.03446 0.2344 

18 
0.03913 0.01022 0.95065 
0.90834 0.04903 0.04263 
0.84042 0.00175 0.15783 
0.01648 0.96935 0.01417 
0.85008 0.11737 0.03255 
0.68527 0.29621 0.01852 
18 
0.03151 0.79799 0.1705 
0.77619 0.08041 0.1434 
0.60454 0.35068 0.04478 
0.14699 0.01134 0.84167 
0.4108 0.57367 0.01553 
0.21808 0.77859 0.00333 
18 
0.41401 0.39752 0.18847 
0.18457 0.17239 0.64304 
0.04661 0.94655 0.00684 
0.00305 0.06784 0.92911 
0.03804 0.9438 0.01816 
0.00457 0.14335 0.85208 

18 
0.78632 0.11467 0.09901 
0.52482 0.11971 0.35547 
0.10496 0.1445 0.75054 
0.7456 0.22349 0.03091 
0.07394 0.57813 0.34793 
0.42603 0.47307 0.1009 
18 
0.97614 0.0061 0.01776 
0.06948 0.02674 0.90378 
0.14987 0.6732 0.17693 
0.753 0.21721 0.02979 
0.02487 0.09585 0.87928 
0.16939 0.74384 0.08677 
18 
0.5802 0.31916 0.10064 
0.04216 0.00714 0.9507 
0.58398 0.04299 0.37303 
0.01068 0.0946 0.89472 
0.01529 0.03145 0.95326 
0.05286 0.41152 0.53562 

24 
0.11709 0.12475 0.07993 0.67823 
0.19645 0.62288 0.05392 0.12675 
0.1746 0.0342 0.57187 0.21933 
0.02951 0.63992 0.32864 0.00193 
0.57471 0.05262 0.05667 0.316 
0.01065 0.56137 0.12281 0.30517 
24 
0.91655 0.01278 0.00975 0.06092 
0.62732 0.24863 0.11794 0.00611 
0.43931 0.03065 0.21397 0.31607 
0.59915 0.03682 0.20055 0.16348 
0.38647 0.13858 0.44262 0.03233 
3.4E-4 0.15899 0.00386 0.83681 
24 
0.2299 0.03441 0.52709 0.2086 
0.09937 0.61078 0.00691 0.28294 
0.42373 0.40083 0.07564 0.0998 
0.39762 0.09281 0.45259 0.05698 
0.26072 0.00799 0.28135 0.44994 
0.05438 0.40059 0.49334 0.05169 
