V-CREDAL 
6 
4 3 5 4 5 5 
6 
1 0 
2 0 1 
2 1 2 
2 2 3 
2 3 4 
2 4 5 

16 
0.49145 0.45372 0.04492 0.00991 
0.54767 0.00456 0.43569 0.01208 
0.10224 0.02161 0.58961 0.28654 
0.76532 0.08493 0.11883 0.03092 

12 
0.78302 0.06414 0.15284 
0.86301 0.09208 0.04491 
0.95326 0.02057 0.02617 
0.20812 0.4735 0.31838 
12 
0.26333 0.04477 0.6919 
0.60041 0.24975 0.14984 
0.45793 0.45061 0.09146 
0.2346 0.5776 0.1878 
12 
0.27866 0.2346 0.48674 
0.75037 0.23618 0.01345 
0.90545 0.02345 0.0711 
0.24 0.52073 0.23927 
12 
0.13348 0.09393 0.77259 
0.48677 0.05306 0.46017 
0.68923 0.16152 0.14925 
0.07234 0.18146 0.7462 

20 
0.33628 0.03429 0.18031 0.23737 0.21175 
0.02441 0.15525 0.2565 0.13974 0.4241 
0.02071 0.8088 0.00137 0.00586 0.16326 
0.00908 0.32225 0.55939 0.05846 0.05082 
20 
0.05873 0.0651 0.45506 0.04742 0.37369 
0.01615 0.74688 0.04683 0.16271 0.02743 
0.01509 0.0188 0.7512 0.1318 0.08311 
0.51213 0.05915 0.23454 0.01467 0.17951 
20 
0.02627 0.92817 0.02531 0.01588 0.00437 
0.03766 0.01196 1.3E-4 0.80623 0.14402 
0.0012 0.06966 0.00613 0.67724 0.24577 
0.06299 0.38516 0.49778 0.04865 0.00542 

16 
0.05661 0.02943 0.88644 0.02752 
0.15475 0.02832 0.40832 0.40861 
0.04521 0.0476 0.03794 0.86925 
0.08906 0.02873 0.06837 0.81384 
16 
0.17843 0.04041 0.19245 0.58871 
0.2357 0.1865 0.2739 0.3039 
9.4E-4 1.8E-4 0.43682 0.56206 
0.35856 0.30061 0.0959 0.24493 
16 
0.53487 0.029 0.02399 0.41214 
0.07082 0.08977 0.36825 0.47116 
0.03612 0.24327 0.04025 0.68036 
0.08953 0.01217 0.06008 0.83822 
16 
0.03212 0.0587 0.02246 0.88672 
0.01953 0.04557 0.01998 0.91492 
0.25386 0.08988 0.65066 0.0056 
0.63676 0.08789 0.23693 0.03842 
16 
0.57329 0.17077 0.00258 0.25336 
0.47124 0.01325 0.37958 0.13593 
7.0E-4 0.9735 0.0195 0.0063 
0.46326 0.34512 0.07955 0.11207 

20 
0.01411 0.21129 0.66679 0.01842 0.08939 
0.09122 0.10149 0.04386 0.72525 0.03818 
0.47261 0.01335 0.01908 0.48258 0.01238 
0.5635 0.30042 0.09788 0.02733 0.01087 
20 
0.19851 0.24022 0.31704 0.20825 0.03598 
0.08886 0.21862 0.57898 0.11055 0.00299 
9.6E-4 0.96785 0.02526 0.00588 5.0E-5 
0.11256 0.32009 0.10329 0.30086 0.1632 
20 
0.40772 0.48227 0.01985 0.06581 0.02435 
0.16447 0.28015 0.04272 0.46243 0.05023 
0.05184 0.02302 0.01765 0.90383 0.00366 
0.01864 0.0458 0.70014 0.12188 0.11354 
20 
7.0E-5 0.03757 0.86275 6.8E-4 0.09893 
0.7315 0.01946 0.09549 0.1211 0.03245 
0.76405 0.02618 0.0634 0.11938 0.02699 
0.3655 0.1055 0.17669 0.2883 0.06401 

20 
0.05021 0.00396 0.05191 0.39745 0.49647 
0.24231 0.05437 0.23815 0.44876 0.01641 
0.22504 0.09687 0.42961 0.1994 0.04908 
0.24173 0.12765 0.10065 0.34408 0.18589 
20 
0.06183 0.46991 0.25394 0.03552 0.1788 
0.07034 0.43345 0.16708 0.20983 0.1193 
0.3123 0.1418 0.09824 0.11706 0.3306 
0.01701 0.16339 0.12214 0.01642 0.68104 
20 
0.02824 0.0751 0.07428 0.68465 0.13773 
0.39456 0.02471 0.18669 0.07977 0.31427 
0.2539 0.00354 0.64536 0.07316 0.02404 
0.01496 0.15865 0.789 0.0364 9.9E-4 
20 
0.82402 0.04354 0.03577 0.01433 0.08234 
0.01168 0.53665 0.08195 0.29947 0.07025 
0.04074 0.26805 0.04442 0.27572 0.37107 
0.00258 0.5336 0.17336 0.2832 0.00726 
20 
0.81353 0.04141 0.02436 0.02379 0.09691 
0.28042 0.01685 0.02566 0.64662 0.03045 
0.05107 0.07888 0.35774 0.49615 0.01616 
0.02435 0.09503 0.28029 0.5822 0.01813 
