V-CREDAL
6
4 3 3 4 2 4
6
1 0
2 0 1
2 1 2
2 2 3
2 3 4
2 4 5

24
0.035 0.834 0.046 0.085
0.368 0.44 0.008 0.184
0.112 0.835 0.051 0.002
0.093 0.268 0.631 0.008
0.038 0.238 0.128 0.596
0.721 0.002 0.017 0.26

18
0.751 0.112 0.137
0.034 0.573 0.393
0.339 0.042 0.619
0.017 0.261 0.722
0.144 0.045 0.811
0.51 0.384 0.106
18
0.211 0.02 0.769
0.023 0.758 0.219
0.83 0.089 0.081
0.464 0.473 0.063
0.887 0.1 0.013
0.034 0.499 0.467
18
0.066 0.625 0.309
0.59 0.304 0.106
0.106 0.887 0.007
0.075 0.067 0.858
0.063 0.9 0.037
0.821 0.001 0.178
18
0.031 0.701 0.268
0.656 0.266 0.078
0.729 0.064 0.207
0.077 0.087 0.836
0.042 0.948 0.01
0.503 0.048 0.449

18
0.041 0.0 0.959
0.063 0.91 0.027
0.013 0.702 0.285
0.947 0.008 0.045
0.017 0.245 0.738
0.027 0.05 0.923
18
0.375 0.607 0.018
0.013 0.829 0.158
0.818 0.162 0.02
0.854 0.07 0.076
0.107 0.306 0.587
0.159 0.107 0.734
18
0.133 0.863 0.004
0.985 0.008 0.007
0.019 0.724 0.257
0.025 0.223 0.752
0.183 0.034 0.783
0.042 0.083 0.875

24
0.421 0.15 0.038 0.391
0.002 0.997 0.001 0.0
0.677 0.072 0.012 0.239
0.142 0.124 0.398 0.336
0.213 0.716 0.018 0.053
0.02 0.04 0.924 0.016
24
0.051 0.132 0.441 0.376
0.041 0.032 0.012 0.915
0.015 0.584 0.319 0.082
0.322 0.363 0.019 0.296
0.061 0.124 0.004 0.811
0.21 0.456 0.042 0.292
24
0.072 0.762 0.014 0.152
0.089 0.459 0.041 0.411
0.34 0.098 0.558 0.004
0.328 0.005 0.04 0.627
0.412 0.182 0.013 0.393
0.154 0.101 0.084 0.661

4
0.328 0.672
0.355 0.645
4
0.79 0.21
0.898 0.102
4
0.866 0.134
0.283 0.717
4
0.551 0.449
0.272 0.728

24
0.699 0.113 0.007 0.181
0.107 0.085 0.003 0.805
0.022 0.012 0.108 0.858
0.077 0.177 0.009 0.737
0.009 0.982 0.006 0.003
0.049 0.199 0.042 0.71
24
0.493 0.232 0.044 0.231
0.2 0.082 0.297 0.421
0.056 0.713 0.185 0.046
0.057 0.032 0.039 0.872
0.062 0.439 0.25 0.249
0.043 0.888 0.012 0.057
