V-CREDAL 
6 
2 2 2 3 2 4 
6 
1 0 
2 0 1 
2 1 2 
2 2 3 
2 3 4 
2 4 5 

4 
0.88234 0.11766 
0.46965 0.53035 

4 
0.40098 0.59902 
0.95766 0.04234 
4 
0.33094 0.66906 
0.65237 0.34763 

4 
0.72907 0.27093 
0.31201 0.68799 
4 
0.28065 0.71935 
0.51308 0.48692 

18 
0.1134 0.8835 0.0031 
0.00384 0.72518 0.27098 
0.07759 0.88394 0.03847 
0.88415 0.10438 0.01147 
0.07583 0.10405 0.82012 
0.81731 0.08967 0.09302 
18 
0.02506 0.9654 0.00954 
0.99336 0.00345 0.00319 
0.01639 0.04207 0.94154 
0.93923 5.3E-4 0.06024 
0.02023 0.01287 0.9669 
0.85245 0.14748 7.0E-5 

4 
0.32601 0.67399 
0.78421 0.21579 
4 
0.53986 0.46014 
0.5037 0.4963 
4 
0.01377 0.98623 
0.93232 0.06768 

24 
0.05217 0.57025 0.01345 0.36413 
0.76899 0.07716 0.14223 0.01162 
0.13265 0.11337 0.11065 0.64333 
0.18638 0.03602 0.10757 0.67003 
0.03192 0.16018 0.04508 0.76282 
0.52971 0.44837 0.0211 8.2E-4 
24 
0.00282 0.03095 1.4E-4 0.96609 
0.1229 0.70952 0.06978 0.0978 
0.09927 0.12621 0.49425 0.28027 
0.20284 0.62085 0.137 0.03931 
0.41106 0.01559 0.00977 0.56358 
0.70742 0.1143 0.09712 0.08116 
