V-CREDAL
5
4 2 2 3 2
5
2 2 0
3 0 4 1
1 2
2 4 3
1 4

16
0.16 0.093 0.183 0.564
0.257 0.074 0.253 0.416
0.357 0.5 0.065 0.078
0.231 0.522 0.214 0.033
16
0.067 0.818 0.026 0.089
0.115 0.5 0.111 0.274
0.09 0.347 0.265 0.298
0.042 0.273 0.662 0.023

4
0.291 0.709
0.356 0.644
4
0.914 0.086
0.486 0.514
4
0.2 0.8
0.636 0.364
4
0.524 0.476
0.151 0.849
4
0.559 0.441
0.25 0.75
4
0.875 0.125
0.668 0.332
4
0.913 0.087
0.194 0.806
4
0.302 0.698
0.217 0.783

4
0.835 0.165
0.549 0.451

12
0.492 0.252 0.256
0.096 0.671 0.233
0.25 0.75 0.0
0.379 0.258 0.363
12
0.863 0.107 0.03
0.699 0.147 0.154
0.236 0.171 0.593
0.074 0.009 0.917

4
0.759 0.241
0.969 0.031
