V-CREDAL 
8 
2 2 4 4 2 2 3 4 
8 
2 6 0 
3 2 5 1 
1 2 
2 0 3 
2 7 4 
3 4 6 5 
1 6 
1 7 

4 
0.46137 0.53863 
0.11047 0.88953 
4 
0.58184 0.41816 
0.59974 0.40026 
4 
0.86 0.14 
0.59646 0.40354 

4 
0.80712 0.19288 
0.05618 0.94382 
4 
0.37 0.63 
0.54498 0.45502 
4 
0.12635 0.87365 
0.79466 0.20534 
4 
0.55436 0.44564 
0.34106 0.65894 
4 
0.13888 0.86112 
0.33257 0.66743 
4 
0.59548 0.40452 
0.24959 0.75041 
4 
0.10643 0.89357 
0.4214 0.5786 
4 
0.46275 0.53725 
0.98596 0.01404 

24 
0.15567 0.03521 0.75547 0.05365 
0.50356 0.26933 0.19624 0.03087 
0.04574 0.40983 0.12668 0.41775 
0.01062 0.17189 0.57853 0.23896 
0.02233 0.00127 0.76573 0.21067 
0.2512 0.08368 0.26066 0.40446 

24 
0.17302 0.38913 0.07519 0.36266 
0.08553 0.69671 0.16436 0.0534 
0.4797 0.34972 0.03619 0.13439 
0.03658 0.02254 0.89199 0.04889 
0.68168 0.25197 0.00452 0.06183 
0.79587 0.02696 0.15148 0.02569 
24 
0.3548 0.02816 0.25155 0.36549 
0.02071 0.79334 0.12325 0.0627 
0.39049 0.34911 0.20819 0.05221 
0.12621 0.46835 0.08138 0.32406 
0.12041 0.1935 0.66191 0.02418 
0.6768 0.00104 0.03869 0.28347 

4 
0.81602 0.18398 
0.41205 0.58795 
4 
0.93232 0.06768 
0.79554 0.20446 
4 
0.6699 0.3301 
0.05544 0.94456 
4 
0.28611 0.71389 
0.93783 0.06217 

4 
0.60992 0.39008 
0.73161 0.26839 
4 
0.17254 0.82746 
0.11062 0.88938 
4 
0.94855 0.05145 
0.2489 0.7511 
4 
0.89654 0.10346 
0.75283 0.24717 
4 
0.19938 0.80062 
0.03597 0.96403 
4 
0.01173 0.98827 
0.80745 0.19255 

18 
0.00316 0.99352 0.00332 
0.14495 0.85008 0.00497 
0.01497 0.03509 0.94994 
0.71323 0.06094 0.22583 
0.7013 0.11865 0.18005 
0.38133 0.58858 0.03009 

24 
0.01771 0.06516 0.03592 0.88121 
0.43884 0.22711 0.03182 0.30223 
0.05865 0.61117 0.28605 0.04413 
0.8635 0.05392 0.0549 0.02768 
0.15917 0.53013 0.05131 0.25939 
0.68489 0.05454 0.10033 0.16024 
