V-CREDAL
4
3 3 4 2
4
1 0
2 0 1
2 1 2
2 2 3

18
0.014 0.956 0.03
0.058 0.936 0.006
0.971 0.016 0.013
0.05 0.047 0.903
0.001 0.686 0.313
0.101 0.015 0.884

18
0.004 0.013 0.983
0.99 0.003 0.007
0.012 0.972 0.016
0.006 0.963 0.031
0.401 0.001 0.598
0.053 0.945 0.002
18
0.063 0.459 0.478
0.076 0.004 0.92
0.522 0.212 0.266
0.154 0.737 0.109
0.087 0.664 0.249
0.29 0.638 0.072
18
0.005 0.357 0.638
0.172 0.032 0.796
0.06 0.746 0.194
0.56 0.412 0.028
0.883 0.098 0.019
0.081 0.84 0.079

24
0.702 0.167 0.123 0.008
0.169 0.143 0.637 0.051
0.074 0.165 0.064 0.697
0.012 0.675 0.16 0.153
0.333 0.645 0.015 0.007
0.414 0.275 0.058 0.253
24
0.13 0.617 0.091 0.162
0.02 0.087 0.695 0.198
0.078 0.003 0.901 0.018
0.026 0.662 0.237 0.075
0.004 0.002 0.993 0.001
0.166 0.763 0.039 0.032
24
0.066 0.911 0.018 0.005
0.103 0.19 0.481 0.226
0.523 0.168 0.289 0.02
0.282 0.006 0.549 0.163
0.018 0.804 0.126 0.052
0.011 0.711 0.085 0.193

4
0.223 0.777
0.919 0.081
4
0.385 0.615
0.484 0.516
4
0.346 0.654
0.996 0.004
4
0.979 0.021
0.339 0.661
