V-CREDAL 
6 
4 5 3 4 4 4 
6 
1 0 
2 0 1 
2 1 2 
2 2 3 
2 3 4 
2 4 5 

24 
0.00275 0.83153 0.05809 0.10763 
0.32487 0.06853 0.22199 0.38461 
0.00427 0.67283 0.04417 0.27873 
9.9E-4 3.4E-4 0.94364 0.05503 
0.11844 0.04453 0.05432 0.78271 
0.05824 0.7491 0.1598 0.03286 

30 
0.23005 0.12596 0.19481 0.13478 0.3144 
0.00267 0.00239 0.0134 0.88876 0.09278 
0.09241 6.9E-4 0.74374 0.00325 0.15991 
0.00272 0.08625 0.89567 0.01504 3.2E-4 
0.70379 0.02742 0.06584 0.16743 0.03552 
0.09932 0.44928 0.37073 0.02955 0.05112 
30 
0.02508 0.33888 0.40727 0.21074 0.01803 
0.30471 0.52417 0.05651 0.01675 0.09786 
0.76444 0.00192 0.0769 0.03418 0.12256 
0.1777 0.20939 0.58239 0.011 0.01952 
0.42131 0.00196 0.00197 0.05633 0.51843 
5.4E-4 0.01899 0.02899 0.93568 0.0158 
30 
0.2934 0.31134 0.25421 0.07357 0.06748 
0.16096 0.35022 0.10133 0.13851 0.24898 
0.13182 0.04717 0.16188 0.19062 0.46851 
0.22861 0.02648 0.06552 0.61693 0.06246 
0.11205 0.27271 0.17747 0.20569 0.23208 
0.07109 0.01402 0.0407 0.34611 0.52808 
30 
0.42146 0.00549 0.45165 0.09876 0.02264 
0.28518 0.183 0.33623 0.0119 0.18369 
0.00234 0.02009 0.00208 0.80201 0.17348 
0.17385 0.01974 0.00967 0.76211 0.03463 
0.80841 0.03302 0.0834 0.02254 0.05263 
0.26269 0.29322 0.11524 0.07754 0.25131 

18 
0.88646 0.09959 0.01395 
0.03763 0.04208 0.92029 
0.16065 0.80067 0.03868 
0.02212 0.12116 0.85672 
0.05343 0.03928 0.90729 
0.11295 0.72402 0.16303 
18 
0.90493 0.04239 0.05268 
0.00761 0.84869 0.1437 
0.66379 0.32554 0.01067 
0.26955 0.06596 0.66449 
0.02435 0.64682 0.32883 
0.47303 0.50662 0.02035 
18 
0.57851 0.00745 0.41404 
0.12108 0.60227 0.27665 
0.02152 0.19972 0.77876 
0.012 0.43723 0.55077 
0.81117 0.01512 0.17371 
0.0654 0.05649 0.87811 
18 
0.06001 0.201 0.73899 
0.60784 0.14728 0.24488 
0.2484 0.69444 0.05716 
0.01741 0.01385 0.96874 
0.19405 0.62894 0.17701 
0.0434 0.01875 0.93785 
18 
0.73038 0.0321 0.23752 
0.02828 0.01584 0.95588 
0.69623 0.22031 0.08346 
0.25828 0.63785 0.10387 
0.38685 0.57438 0.03877 
0.76883 0.06917 0.162 

24 
0.00931 0.45273 0.53097 0.00699 
0.05513 0.89629 0.01358 0.035 
0.04327 0.72261 0.14307 0.09105 
0.04452 0.02658 0.8326 0.0963 
0.07791 0.06974 0.46612 0.38623 
0.12098 0.35918 0.47783 0.04201 
24 
3.6E-4 0.01768 0.11115 0.87081 
0.02926 0.0129 0.94034 0.0175 
0.02221 0.79516 0.13354 0.04909 
0.01803 0.20485 0.03402 0.7431 
0.89777 0.00422 1.6E-4 0.09785 
0.76539 0.1353 0.07597 0.02334 
24 
0.16006 0.51725 0.25693 0.06576 
0.13466 0.02459 0.82929 0.01146 
0.23021 0.21469 0.29433 0.26077 
0.10787 0.42856 0.18872 0.27485 
0.60444 0.26829 0.04133 0.08594 
0.33577 0.08006 0.31246 0.27171 

24 
0.78283 0.01103 0.18984 0.0163 
0.68863 0.12495 0.05574 0.13068 
0.08266 0.03748 0.79538 0.08448 
0.2937 0.41871 0.21906 0.06853 
0.05823 0.28182 0.54475 0.1152 
0.299 0.49945 0.1757 0.02585 
24 
0.09869 0.79365 0.10437 0.00329 
0.00521 0.02651 0.00401 0.96427 
0.10168 0.12742 0.51355 0.25735 
0.86804 0.02941 0.03394 0.06861 
0.10905 0.18474 0.48351 0.2227 
0.01074 0.76887 0.13938 0.08101 
24 
0.44744 0.00171 0.10625 0.4446 
0.19964 0.14747 0.26527 0.38762 
0.79313 0.06776 0.13858 5.3E-4 
0.68607 0.14214 0.17133 4.6E-4 
0.00579 0.47429 0.11811 0.40181 
0.18098 0.05375 0.25359 0.51168 
24 
0.35861 0.30873 0.0123 0.32036 
0.06744 0.27132 0.12302 0.53822 
0.2563 0.08097 0.6004 0.06233 
0.27295 0.30545 0.16155 0.26005 
0.20122 0.31949 0.23267 0.24662 
0.04451 0.09242 0.69732 0.16575 

24 
0.57457 0.41463 0.00222 0.00858 
0.40185 0.29606 0.26817 0.03392 
0.60137 0.03998 0.07574 0.28291 
0.58478 0.18796 0.13171 0.09555 
0.01701 0.0376 0.09496 0.85043 
0.0056 0.06362 0.08885 0.84193 
24 
0.18923 0.52897 0.23018 0.05162 
0.24963 0.07208 0.56545 0.11284 
0.15513 0.26179 0.14554 0.43754 
0.00178 0.44206 0.53877 0.01739 
0.02521 0.04492 0.80852 0.12135 
0.38641 0.49104 0.03682 0.08573 
24 
0.00176 0.00629 0.94366 0.04829 
0.384 0.04518 0.56533 0.00549 
0.00729 0.12804 0.03506 0.82961 
0.01404 0.00488 0.75832 0.22276 
0.10236 0.20489 0.00704 0.68571 
0.03816 0.35712 0.03005 0.57467 
24 
0.0967 0.04042 0.03887 0.82401 
0.6165 0.01756 0.33567 0.03027 
0.11516 0.07582 0.43565 0.37337 
0.4344 0.5424 0.01837 0.00483 
0.21771 0.10201 0.07178 0.6085 
0.35334 0.27947 0.33911 0.02808 
