V-CREDAL
10
2 3 2 2 4 3 2 4 4 3
10
1 0
2 0 1
2 1 2
2 2 3
2 3 4
2 4 5
2 5 6
2 6 7
2 7 8
2 8 9

4
0.8 0.2
0.53 0.47

18
0.224 0.2 0.576
0.5 0.058 0.442
0.316 0.656 0.028
0.051 0.827 0.122
0.422 0.559 0.019
0.134 0.388 0.478
18
0.384 0.247 0.369
0.075 0.512 0.413
0.806 0.19 0.004
0.697 0.149 0.154
0.054 0.793 0.153
0.091 0.767 0.142

4
0.398 0.602
0.136 0.864
4
0.961 0.039
0.621 0.379
4
0.729 0.271
0.137 0.863

4
0.152 0.848
0.171 0.829
4
0.581 0.419
0.033 0.967

24
0.387 0.454 0.127 0.032
0.03 0.838 0.119 0.013
0.181 0.015 0.783 0.021
0.061 0.015 0.013 0.911
0.835 0.026 0.036 0.103
0.366 0.015 0.559 0.06
24
0.688 0.298 0.007 0.007
0.043 0.93 0.012 0.015
0.227 0.092 0.569 0.112
0.046 0.024 0.273 0.657
0.267 0.009 0.049 0.675
0.968 0.017 0.013 0.002

18
0.738 0.251 0.011
0.198 0.009 0.793
0.074 0.766 0.16
0.168 0.801 0.031
0.85 0.113 0.037
0.073 0.695 0.232
18
0.53 0.159 0.311
0.016 0.701 0.283
0.366 0.597 0.037
0.016 0.979 0.005
0.078 0.389 0.533
0.609 0.318 0.073
18
0.102 0.629 0.269
0.002 0.027 0.971
0.006 0.013 0.981
0.873 0.06 0.067
0.133 0.7 0.167
0.656 0.271 0.073
18
0.01 0.788 0.202
0.005 0.916 0.079
0.187 0.763 0.05
0.336 0.396 0.268
0.593 0.274 0.133
0.759 0.23 0.011

4
0.277 0.723
0.933 0.067
4
0.521 0.479
0.499 0.501
4
0.112 0.888
0.864 0.136

24
0.188 0.005 0.301 0.506
0.019 0.435 0.144 0.402
0.769 0.151 0.006 0.074
0.014 0.18 0.049 0.757
0.025 0.028 0.455 0.492
0.005 0.479 0.448 0.068
24
0.054 0.72 0.011 0.215
0.633 0.01 0.088 0.269
0.01 0.023 0.005 0.962
0.008 0.964 0.024 0.004
0.033 0.013 0.21 0.744
0.431 0.01 0.546 0.013

24
0.189 0.003 0.313 0.495
0.036 0.494 0.002 0.468
0.021 0.645 0.048 0.286
0.956 0.004 0.012 0.028
0.288 0.01 0.002 0.7
0.07 0.022 0.015 0.893
24
0.213 0.019 0.018 0.75
0.161 0.035 0.778 0.026
0.026 0.93 0.034 0.01
0.779 0.029 0.019 0.173
0.052 0.857 0.078 0.013
0.018 0.006 0.91 0.066
24
0.128 0.225 0.595 0.052
0.392 0.045 0.514 0.049
0.003 0.004 0.028 0.965
0.059 0.637 0.289 0.015
0.648 0.02 0.181 0.151
0.064 0.008 0.077 0.851
24
0.011 0.314 0.62 0.055
0.112 0.01 0.658 0.22
0.005 0.021 0.656 0.318
0.005 0.868 0.002 0.125
0.004 0.005 0.372 0.619
0.119 0.057 0.443 0.381

18
0.191 0.128 0.681
0.075 0.499 0.426
0.022 0.948 0.03
0.595 0.029 0.376
0.985 0.013 0.002
0.954 0.002 0.044
18
0.044 0.008 0.948
0.061 0.662 0.277
0.097 0.703 0.2
0.648 0.336 0.016
0.992 0.006 0.002
0.038 0.245 0.717
18
0.11 0.702 0.188
0.655 0.231 0.114
0.635 0.034 0.331
0.282 0.308 0.41
0.203 0.416 0.381
0.604 0.381 0.015
18
0.088 0.851 0.061
0.187 0.148 0.665
0.544 0.012 0.444
0.549 0.019 0.432
0.151 0.306 0.543
0.547 0.263 0.19
