V-CREDAL 
6 
5 5 5 4 3 3 
6 
1 0 
2 0 1 
2 1 2 
2 2 3 
2 3 4 
2 4 5 

30 
0.20034 0.41593 0.1686 0.21453 6.0E-4 
0.01918 0.03033 0.09175 0.02752 0.83122 
0.32857 0.1265 0.41407 0.09213 0.03873 
0.05883 0.02118 0.55638 0.00338 0.36023 
0.06642 0.68454 0.02077 0.19581 0.03246 
0.06682 0.1549 0.12931 0.63496 0.01401 

30 
0.26158 0.04574 0.29542 0.08717 0.31009 
0.45138 0.0197 0.048 0.00513 0.47579 
0.0162 0.00742 0.00412 0.52366 0.4486 
0.54378 0.00638 0.40984 0.00644 0.03356 
0.1161 0.21881 0.03012 0.29232 0.34265 
6.3E-4 0.84429 0.0214 0.13211 0.00157 
30 
0.64525 0.02024 0.07519 0.25724 0.00208 
0.01967 0.31586 0.48713 0.03267 0.14467 
0.30117 0.015 0.0239 0.17916 0.48077 
0.01577 0.00242 0.4096 0.5278 0.04441 
0.0389 0.1969 0.16444 0.1208 0.47896 
0.07401 0.23215 0.26672 0.38015 0.04697 
30 
0.03744 0.23295 0.46969 0.02157 0.23835 
0.71655 0.00139 0.27635 5.8E-4 0.00513 
0.05899 0.1518 0.24139 0.16737 0.38045 
0.01669 0.29478 0.09359 0.48431 0.11063 
0.92862 0.00851 0.04503 0.01339 0.00445 
0.08664 0.44843 0.3682 0.08356 0.01317 
30 
0.07912 0.31409 0.48838 0.06993 0.04848 
0.22733 0.10998 0.30819 0.08096 0.27354 
0.40153 0.3682 0.22544 0.00418 6.5E-4 
0.27512 0.04975 0.30856 0.23635 0.13022 
0.36855 0.1543 0.01758 0.1978 0.26177 
4.7E-4 0.67328 0.28521 0.00873 0.03231 
30 
0.24738 0.20973 0.39566 0.11145 0.03578 
0.007 0.63297 0.02538 0.19595 0.1387 
0.29396 4.0E-4 0.12741 0.13707 0.44116 
0.52298 0.12854 0.07589 0.10627 0.16632 
0.82679 0.00184 0.00591 0.16544 2.0E-5 
0.02771 0.06892 0.15475 0.1357 0.61292 

30 
0.8976 0.072 0.0171 0.00273 0.01057 
0.02728 0.78724 0.14105 0.00291 0.04152 
0.85079 0.04571 0.02712 0.07112 0.00526 
0.03304 0.61633 0.1242 0.20811 0.01832 
0.1204 0.1374 0.01577 0.06945 0.65698 
0.25574 0.22953 0.21688 0.19234 0.10551 
30 
0.13214 0.6484 0.02891 0.06364 0.12691 
0.78201 0.19195 0.0196 0.00229 0.00415 
0.01884 0.00453 0.09849 0.43217 0.44597 
0.55944 0.26849 0.07828 0.03355 0.06024 
0.1827 0.01679 0.50993 0.24157 0.04901 
0.00845 0.02033 0.03672 0.93312 0.00138 
30 
0.2341 0.40763 0.14651 0.06812 0.14364 
0.08744 0.82582 0.01211 0.06425 0.01038 
0.45437 0.00388 0.51661 0.00568 0.01946 
0.07177 0.43573 0.2099 0.24168 0.04092 
0.74499 0.06633 0.01642 0.02515 0.14711 
0.03674 0.05722 0.02394 0.75195 0.13015 
30 
0.03579 0.32087 0.57762 0.03233 0.03339 
0.04366 0.02067 0.02913 0.66656 0.23998 
0.0113 0.00897 0.00591 0.01253 0.96129 
0.06418 0.08885 0.29503 0.03602 0.51592 
0.74522 0.16441 0.00522 0.02327 0.06188 
0.01103 0.69584 0.00622 0.01804 0.26887 
30 
0.02087 0.11873 0.01335 0.50065 0.3464 
0.00382 0.03776 0.95652 1.9E-4 0.00171 
0.00694 0.95425 0.00802 0.03057 2.2E-4 
0.12706 0.05142 0.52277 0.27545 0.0233 
0.3204 0.3334 0.23461 0.06954 0.04205 
0.17061 0.0022 0.00881 0.01637 0.80201 

24 
0.07036 0.01431 0.04472 0.87061 
0.00563 0.10228 0.51839 0.3737 
0.0913 0.77589 0.09531 0.0375 
0.3521 0.17413 0.32279 0.15098 
0.02725 0.77187 0.04718 0.1537 
0.23323 0.12149 0.60875 0.03653 
24 
0.95096 0.01835 0.00912 0.02157 
0.01978 0.12473 0.02161 0.83388 
0.3773 0.02753 0.26899 0.32618 
0.52533 0.36894 0.01178 0.09395 
0.09001 0.72853 0.12144 0.06002 
0.15948 0.0496 0.50728 0.28364 
24 
0.45853 0.28175 0.20547 0.05425 
0.05698 0.10165 0.04558 0.79579 
0.05147 0.06717 0.13708 0.74428 
0.05514 0.42012 0.18008 0.34466 
0.53477 0.1974 0.10203 0.1658 
0.68579 0.3107 0.00273 7.8E-4 
24 
0.13947 0.17962 0.08525 0.59566 
0.48694 0.01836 0.45789 0.03681 
0.52444 0.03568 0.3941 0.04578 
0.14441 0.23422 0.02234 0.59903 
0.03186 0.00835 0.38967 0.57012 
0.25253 0.0665 0.67889 0.00208 
24 
0.00319 0.08884 0.4079 0.50007 
0.31814 0.16845 0.46022 0.05319 
0.11844 0.1721 0.23427 0.47519 
0.06799 0.1927 0.48963 0.24968 
0.45192 0.05708 0.03338 0.45762 
0.06236 0.12112 0.22855 0.58797 

18 
0.96506 0.02724 0.0077 
0.00109 0.06602 0.93289 
0.55582 0.01136 0.43282 
2.0E-5 0.99996 2.0E-5 
0.1162 0.02741 0.85639 
0.94345 0.01061 0.04594 
18 
0.03571 0.70546 0.25883 
0.96601 0.01292 0.02107 
0.10926 0.26019 0.63055 
0.06599 0.31081 0.6232 
0.52398 0.12887 0.34715 
0.52733 0.39136 0.08131 
18 
0.49018 0.10289 0.40693 
0.01888 0.84145 0.13967 
0.3669 0.56141 0.07169 
0.01045 0.16874 0.82081 
0.61449 0.09102 0.29449 
0.0048 0.19941 0.79579 
18 
0.86996 0.04854 0.0815 
0.76145 0.22898 0.00957 
0.4206 0.09541 0.48399 
0.19402 0.77168 0.0343 
0.85463 0.11896 0.02641 
0.87757 0.07578 0.04665 

18 
0.25959 0.05649 0.68392 
0.34999 0.43978 0.21023 
0.05771 0.64695 0.29534 
0.32456 0.66174 0.0137 
0.37352 0.0812 0.54528 
0.09818 0.80739 0.09443 
18 
0.05861 0.12296 0.81843 
0.05581 0.66391 0.28028 
0.14438 0.80149 0.05413 
0.03076 0.37835 0.59089 
0.6494 0.09973 0.25087 
0.03782 0.20238 0.7598 
18 
0.03125 0.95453 0.01422 
0.00776 0.94272 0.04952 
8.9E-4 0.03271 0.9664 
0.98576 4.2E-4 0.01382 
0.74731 0.24599 0.0067 
0.41013 0.58865 0.00122 
