V-CREDAL 
8 
4 4 4 3 2 2 3 4 
8 
1 0 
2 0 1 
2 1 2 
2 2 3 
2 3 4 
2 4 5 
2 5 6 
2 6 7 

16 
0.15025 0.01041 0.3008 0.53854 
0.14093 0.15396 0.50457 0.20054 
0.94343 0.0025 0.00488 0.04919 
0.12447 0.29751 0.30129 0.27673 

16 
0.00713 0.85246 0.00585 0.13456 
0.39042 0.10475 0.05642 0.44841 
0.06496 0.41996 0.3002 0.21488 
0.28326 0.23824 0.40081 0.07769 
16 
0.66791 0.0592 0.23318 0.03971 
0.0645 0.09162 0.19558 0.6483 
0.03508 0.49928 0.05665 0.40899 
0.09237 0.13704 0.44402 0.32657 
16 
0.54833 0.08498 0.0635 0.30319 
0.68881 0.0895 0.00851 0.21318 
0.42161 0.30834 0.17798 0.09207 
0.51967 0.16475 0.17385 0.14173 
16 
3.0E-4 0.41443 0.18181 0.40346 
0.14916 0.46157 0.18323 0.20604 
0.10955 0.44965 0.37767 0.06313 
0.08205 0.31249 0.53764 0.06782 

16 
0.08069 0.19947 0.40207 0.31777 
0.08935 0.58239 0.1514 0.17686 
0.24234 0.62119 0.10316 0.03331 
0.11056 0.8082 0.05041 0.03083 
16 
0.62104 0.00373 0.33884 0.03639 
0.01199 0.02058 0.18069 0.78674 
0.09911 0.3197 0.38257 0.19862 
0.25619 0.13245 0.00361 0.60775 
16 
0.00936 0.88934 0.0143 0.087 
0.0833 0.1031 0.76979 0.04381 
0.14771 0.29825 0.51705 0.03699 
0.1037 0.0223 0.09489 0.77911 
16 
0.02969 0.10788 0.16129 0.70114 
0.02231 0.97245 6.0E-5 0.00518 
0.18303 0.51896 0.25073 0.04728 
0.05907 0.1658 0.46537 0.30976 

12 
0.13857 0.03462 0.82681 
0.09566 0.71338 0.19096 
0.66161 0.12136 0.21703 
0.0933 0.81699 0.08971 
12 
0.11562 0.70424 0.18014 
0.8877 0.10849 0.00381 
0.04784 0.00638 0.94578 
0.15412 0.00781 0.83807 
12 
0.05803 0.91681 0.02516 
0.00109 0.05048 0.94843 
0.96057 0.0227 0.01673 
0.60109 0.39065 0.00826 
12 
0.11233 0.12221 0.76546 
0.76237 0.14662 0.09101 
0.334 0.63381 0.03219 
0.19437 0.54452 0.26111 

4 
0.87872 0.12128 
0.51746 0.48254 
4 
0.69729 0.30271 
0.17447 0.82553 
4 
0.58356 0.41644 
0.15541 0.84459 

4 
0.61146 0.38854 
0.69776 0.30224 
4 
0.13344 0.86656 
0.16433 0.83567 

12 
0.84587 0.07761 0.07652 
0.07806 0.23461 0.68733 
0.20282 0.54614 0.25104 
0.16922 0.02925 0.80153 
12 
0.00918 0.96173 0.02909 
0.00165 0.00465 0.9937 
0.50675 0.15423 0.33902 
0.40137 0.54869 0.04994 

16 
0.66402 0.10221 0.20835 0.02542 
0.04243 0.01571 0.0093 0.93256 
2.7E-4 6.1E-4 0.89824 0.10088 
0.57314 0.01579 0.37605 0.03502 
16 
0.06515 0.39603 0.09171 0.44711 
0.17941 0.22819 0.37259 0.21981 
0.00841 0.61842 0.35347 0.0197 
0.05201 0.34848 0.25274 0.34677 
16 
6.9E-4 0.86249 0.1367 1.2E-4 
0.44443 0.04754 0.47517 0.03286 
0.3426 0.2685 0.06461 0.32429 
0.16592 0.79491 0.01492 0.02425 
