V-CREDAL
8
2 2 4 4 2 2 3 4
8
2 6 0
3 2 5 1
1 2
2 0 3
2 7 4
3 4 6 5
1 6
1 7

4
0.305 0.695
0.619 0.381
4
0.994 0.006
0.926 0.074
4
0.67 0.33
0.028 0.972

4
0.667 0.333
0.911 0.089
4
0.215 0.785
0.223 0.777
4
0.533 0.467
0.039 0.961
4
0.565 0.435
0.87 0.13
4
0.686 0.314
0.952 0.048
4
0.829 0.171
0.404 0.596
4
0.123 0.877
0.592 0.408
4
0.735 0.265
0.035 0.965

16
0.98 0.003 0.001 0.016
0.29 0.006 0.004 0.7
0.053 0.072 0.181 0.694
0.087 0.051 0.052 0.81

16
0.117 0.125 0.302 0.456
0.331 0.003 0.003 0.663
0.411 0.091 0.146 0.352
0.517 0.433 0.002 0.048
16
0.047 0.024 0.921 0.008
0.75 0.111 0.12 0.019
0.091 0.015 0.847 0.047
0.054 0.072 0.537 0.337

4
0.946 0.054
0.355 0.645
4
0.747 0.253
0.42 0.58
4
0.947 0.053
0.275 0.725
4
0.055 0.945
0.101 0.899

4
0.771 0.229
0.721 0.279
4
0.725 0.275
0.574 0.426
4
0.713 0.287
0.424 0.576
4
0.221 0.779
0.947 0.053
4
0.261 0.739
0.887 0.113
4
0.175 0.825
0.476 0.524

12
0.95 0.018 0.032
0.423 0.513 0.064
0.019 0.668 0.313
0.929 0.017 0.054

16
0.526 0.106 0.162 0.206
0.007 0.951 0.032 0.01
0.194 0.599 0.09 0.117
0.055 0.806 0.097 0.042
