V-CREDAL
9
3 3 4 4 3 3 3 2 2
9
4 3 6 8 0
2 7 1
2 4 2
1 3
1 4
2 4 5
1 6
2 2 7
2 4 8

18
0.976 0.009 0.015
0.639 0.051 0.31
0.044 0.709 0.247
0.057 0.286 0.657
0.748 0.037 0.215
0.179 0.201 0.62
18
0.015 0.006 0.979
0.497 0.5 0.003
0.927 0.005 0.068
0.208 0.721 0.071
0.01 0.87 0.12
0.013 0.018 0.969
18
0.314 0.171 0.515
0.253 0.539 0.208
0.045 0.208 0.747
0.235 0.117 0.648
0.08 0.026 0.894
0.311 0.339 0.35
18
0.674 0.049 0.277
0.835 0.155 0.01
0.016 0.001 0.983
0.018 0.686 0.296
0.122 0.83 0.048
0.061 0.831 0.108
18
0.139 0.793 0.068
0.19 0.785 0.025
0.429 0.13 0.441
0.018 0.033 0.949
0.093 0.628 0.279
0.29 0.613 0.097
18
0.921 0.074 0.005
0.01 0.635 0.355
0.995 0.002 0.003
0.596 0.344 0.06
0.962 0.005 0.033
0.004 0.405 0.591
18
0.044 0.205 0.751
0.019 0.057 0.924
0.064 0.033 0.903
0.598 0.307 0.095
0.344 0.035 0.621
0.092 0.335 0.573
18
0.114 0.01 0.876
0.045 0.408 0.547
0.84 0.03 0.13
0.012 0.011 0.977
0.112 0.882 0.006
0.95 0.042 0.008
18
0.408 0.583 0.009
0.17 0.001 0.829
0.001 0.399 0.6
0.063 0.107 0.83
0.876 0.115 0.009
0.075 0.736 0.189
18
0.103 0.708 0.189
0.491 0.007 0.502
0.154 0.029 0.817
0.872 0.06 0.068
0.001 0.531 0.468
0.563 0.349 0.088
18
0.916 0.066 0.018
0.401 0.486 0.113
0.217 0.092 0.691
0.092 0.733 0.175
0.048 0.61 0.342
0.401 0.022 0.577
18
0.218 0.655 0.127
0.008 0.189 0.803
0.036 0.02 0.944
0.882 0.033 0.085
0.006 0.043 0.951
0.301 0.673 0.026
18
0.03 0.224 0.746
0.678 0.321 0.001
0.028 0.956 0.016
0.392 0.052 0.556
0.0 0.625 0.375
0.049 0.082 0.869
18
0.247 0.158 0.595
0.002 0.989 0.009
0.007 0.933 0.06
0.711 0.038 0.251
0.515 0.439 0.046
0.053 0.644 0.303
18
0.464 0.454 0.082
0.333 0.125 0.542
0.771 0.006 0.223
0.018 0.854 0.128
0.151 0.537 0.312
0.504 0.012 0.484
18
0.029 0.04 0.931
0.134 0.779 0.087
0.966 0.004 0.03
0.009 0.082 0.909
0.033 0.747 0.22
0.566 0.424 0.01
18
0.009 0.31 0.681
0.019 0.68 0.301
0.971 0.016 0.013
0.196 0.212 0.592
0.13 0.693 0.177
0.905 0.015 0.08
18
0.074 0.007 0.919
0.459 0.527 0.014
0.678 0.129 0.193
0.081 0.826 0.093
0.024 0.686 0.29
0.14 0.787 0.073
18
0.209 0.71 0.081
0.04 0.425 0.535
0.782 0.21 0.008
0.253 0.74 0.007
0.311 0.041 0.648
0.022 0.01 0.968
18
0.358 0.035 0.607
0.013 0.057 0.93
0.394 0.515 0.091
0.558 0.158 0.284
0.205 0.708 0.087
0.014 0.438 0.548
18
0.016 0.006 0.978
0.867 0.124 0.009
0.012 0.384 0.604
0.01 0.846 0.144
0.781 0.01 0.209
0.875 0.082 0.043
18
0.028 0.914 0.058
0.31 0.289 0.401
0.831 0.105 0.064
0.573 0.39 0.037
0.547 0.143 0.31
0.329 0.255 0.416
18
0.944 0.03 0.026
0.0 0.003 0.997
0.003 0.479 0.518
0.037 0.514 0.449
0.921 0.01 0.069
0.889 0.083 0.028
18
0.117 0.16 0.723
0.352 0.534 0.114
0.783 0.088 0.129
0.042 0.785 0.173
0.258 0.106 0.636
0.748 0.165 0.087

18
0.03 0.328 0.642
0.03 0.553 0.417
0.328 0.014 0.658
0.69 0.248 0.062
0.376 0.555 0.069
0.056 0.174 0.77
18
0.541 0.077 0.382
0.789 0.074 0.137
0.481 0.515 0.004
0.034 0.91 0.056
0.034 0.124 0.842
0.743 0.219 0.038

24
0.128 0.01 0.028 0.834
0.225 0.242 0.013 0.52
0.188 0.237 0.308 0.267
0.382 0.093 0.12 0.405
0.302 0.012 0.015 0.671
0.245 0.3 0.161 0.294
24
0.367 0.015 0.002 0.616
0.026 0.802 0.029 0.143
0.0 0.402 0.533 0.065
0.403 0.02 0.031 0.546
0.057 0.12 0.445 0.378
0.024 0.125 0.653 0.198
24
0.117 0.008 0.005 0.87
0.095 0.023 0.012 0.87
0.055 0.721 0.011 0.213
0.903 0.001 0.047 0.049
0.173 0.786 0.01 0.031
0.76 0.0 0.007 0.233

24
0.622 0.023 0.063 0.292
0.281 0.095 0.072 0.552
0.156 0.404 0.145 0.295
0.152 0.746 0.012 0.09
0.243 0.595 0.047 0.115
0.838 0.124 0.007 0.031

18
0.016 0.309 0.675
0.011 0.395 0.594
0.12 0.856 0.024
0.66 0.318 0.022
0.349 0.106 0.545
0.774 0.035 0.191

18
0.61 0.271 0.119
0.77 0.158 0.072
0.49 0.087 0.423
0.161 0.224 0.615
0.71 0.082 0.208
0.273 0.154 0.573
18
0.127 0.093 0.78
0.668 0.041 0.291
0.779 0.159 0.062
0.57 0.406 0.024
0.71 0.049 0.241
0.281 0.392 0.327
18
0.049 0.003 0.948
0.151 0.765 0.084
0.829 0.165 0.006
0.024 0.212 0.764
0.99 0.002 0.008
0.015 0.656 0.329

18
0.229 0.1 0.671
0.686 0.04 0.274
0.097 0.254 0.649
0.642 0.205 0.153
0.271 0.457 0.272
0.402 0.441 0.157

4
0.883 0.117
0.164 0.836
4
0.523 0.477
0.936 0.064
4
0.131 0.869
0.019 0.981
4
0.271 0.729
0.888 0.112

4
0.115 0.885
0.229 0.771
4
0.418 0.582
0.733 0.267
4
0.483 0.517
0.928 0.072
