V-CREDAL
5
3 4 3 4 2
5
1 0
2 0 1
2 1 2
2 2 3
2 3 4

12
0.458 0.487 0.055
0.247 0.406 0.347
0.387 0.277 0.336
0.859 0.117 0.024

16
0.158 0.742 0.09 0.01
0.03 0.35 0.0 0.62
0.317 0.341 0.103 0.239
0.067 0.346 0.065 0.522
16
0.499 0.007 0.042 0.452
0.1 0.003 0.049 0.848
0.973 0.014 0.013 0.0
0.056 0.484 0.247 0.213
16
0.017 0.928 0.05 0.005
0.016 0.854 0.058 0.072
0.162 0.045 0.011 0.782
0.166 0.003 0.828 0.003

12
0.078 0.145 0.777
0.842 0.027 0.131
0.417 0.479 0.104
0.048 0.202 0.75
12
0.071 0.084 0.845
0.092 0.319 0.589
0.209 0.56 0.231
0.763 0.019 0.218
12
0.897 0.022 0.081
0.155 0.354 0.491
0.998 0.001 0.001
0.736 0.246 0.018
12
0.035 0.508 0.457
0.139 0.146 0.715
0.088 0.282 0.63
0.49 0.125 0.385

16
0.368 0.063 0.065 0.504
0.084 0.36 0.107 0.449
0.555 0.357 0.019 0.069
0.891 0.066 0.011 0.032
16
0.079 0.711 0.193 0.017
0.172 0.198 0.536 0.094
0.125 0.039 0.413 0.423
0.154 0.512 0.184 0.15
16
0.002 0.005 0.988 0.005
0.0 0.475 0.388 0.137
0.003 0.011 0.984 0.002
0.036 0.614 0.065 0.285

4
0.89 0.11
0.533 0.467
4
0.823 0.177
0.213 0.787
4
0.798 0.202
0.679 0.321
4
0.477 0.523
0.657 0.343
