V-CREDAL
6
4 4 4 2 2 4
6
1 0
2 0 1
2 1 2
2 2 3
2 3 4
2 4 5

16
0.096 0.163 0.017 0.724
0.29 0.189 0.498 0.023
0.109 0.284 0.386 0.221
0.092 0.739 0.158 0.011

16
0.264 0.635 0.011 0.09
0.126 0.002 0.001 0.871
0.286 0.078 0.398 0.238
0.333 0.007 0.634 0.026
16
0.728 0.044 0.03 0.198
0.408 0.269 0.003 0.32
0.021 0.018 0.517 0.444
0.243 0.147 0.439 0.171
16
0.313 0.002 0.199 0.486
0.579 0.237 0.012 0.172
0.072 0.858 0.054 0.016
0.285 0.205 0.33 0.18
16
0.178 0.014 0.063 0.745
0.741 0.18 0.018 0.061
0.055 0.147 0.637 0.161
0.131 0.644 0.183 0.042

16
0.617 0.203 0.092 0.088
0.202 0.235 0.107 0.456
0.041 0.018 0.09 0.851
0.182 0.066 0.629 0.123
16
0.125 0.135 0.657 0.083
0.295 0.294 0.184 0.227
0.714 0.025 0.199 0.062
0.195 0.225 0.171 0.409
16
0.345 0.447 0.003 0.205
0.086 0.24 0.017 0.657
0.472 0.321 0.007 0.2
0.057 0.258 0.091 0.594
16
0.11 0.627 0.056 0.207
0.412 0.075 0.099 0.414
0.171 0.465 0.299 0.065
0.417 0.243 0.3 0.04

4
0.859 0.141
0.753 0.247
4
0.942 0.058
0.834 0.166
4
0.031 0.969
0.538 0.462
4
0.0 1.0
0.008 0.992

4
0.247 0.753
0.719 0.281
4
0.148 0.852
0.914 0.086

16
0.25 0.122 0.512 0.116
0.028 0.045 0.347 0.58
0.194 0.027 0.767 0.012
0.74 0.114 0.072 0.074
16
0.143 0.06 0.066 0.731
0.081 0.777 0.132 0.01
0.047 0.253 0.014 0.686
0.034 0.225 0.168 0.573
