V-CREDAL 
4 
5 2 4 3 
4 
2 2 0 
2 3 1 
1 2 
2 0 3 

20 
0.65231 0.01747 0.31999 0.00298 0.00725 
0.05014 0.02488 0.07465 0.76088 0.08945 
1.2E-4 0.01034 0.94726 0.0258 0.01648 
0.07904 0.14252 0.03065 0.01797 0.72982 
20 
7.2E-4 0.85415 0.09976 0.00974 0.03563 
0.06044 0.00413 0.00425 0.93097 2.1E-4 
0.03592 0.02825 0.61881 0.11455 0.20247 
0.00914 0.47832 0.09825 0.41331 9.8E-4 
20 
0.01889 0.02415 0.7964 0.05622 0.10434 
0.00873 0.55636 0.42223 0.00413 0.00855 
0.90859 0.07739 0.006 0.00116 0.00686 
0.0535 5.3E-4 8.4E-4 0.9445 6.3E-4 
20 
0.19399 0.01651 0.13117 0.05827 0.60006 
0.78491 0.00321 0.00168 0.00283 0.20737 
0.20477 0.04574 0.00374 0.04608 0.69967 
0.00547 0.00311 0.40299 0.58321 0.00522 

4 
0.81249 0.18751 
0.46143 0.53857 
4 
0.55965 0.44035 
0.50395 0.49605 
4 
0.70992 0.29008 
0.94504 0.05496 

16 
0.28409 0.62573 0.00987 0.08031 
0.29752 0.00629 0.39894 0.29725 
0.75103 0.05861 0.14406 0.0463 
0.07265 0.04297 0.20848 0.6759 

12 
0.54238 0.11782 0.3398 
0.17325 0.76583 0.06092 
0.08991 0.00668 0.90341 
1.1E-4 0.98848 0.01141 
12 
0.09977 0.3404 0.55983 
0.07521 0.84232 0.08247 
0.93823 0.05265 0.00912 
0.18226 0.04296 0.77478 
12 
0.67032 0.12052 0.20916 
0.75424 0.21719 0.02857 
0.19714 0.27144 0.53142 
0.74482 0.1776 0.07758 
12 
0.80651 0.02887 0.16462 
0.01952 0.0447 0.93578 
0.13088 0.61137 0.25775 
0.01755 0.23553 0.74692 
12 
0.20349 0.65165 0.14486 
0.05771 0.59843 0.34386 
0.83205 0.09619 0.07176 
0.4573 0.24178 0.30092 
