V-CREDAL
6
4 2 4 2 2 3
6
3 1 4 0
1 1
2 5 2
2 5 3
1 4
2 4 5

24
0.122 0.368 0.153 0.357
0.275 0.469 0.194 0.062
0.851 0.01 0.102 0.037
0.501 0.217 0.082 0.2
0.278 0.126 0.136 0.46
0.11 0.869 0.002 0.019
24
0.005 0.008 0.384 0.603
0.008 0.032 0.956 0.004
0.075 0.17 0.568 0.187
0.012 0.23 0.242 0.516
0.502 0.26 0.23 0.008
0.022 0.017 0.115 0.846
24
0.138 0.173 0.433 0.256
0.859 0.029 0.035 0.077
0.356 0.121 0.009 0.514
0.773 0.144 0.038 0.045
0.081 0.531 0.348 0.04
0.023 0.006 0.947 0.024
24
0.09 0.195 0.525 0.19
0.05 0.403 0.509 0.038
0.169 0.25 0.213 0.368
0.142 0.166 0.457 0.235
0.142 0.607 0.156 0.095
0.617 0.052 0.299 0.032

4
0.943 0.057
0.194 0.806

24
0.002 0.005 0.03 0.963
0.05 0.033 0.157 0.76
0.023 0.011 0.31 0.656
0.104 0.188 0.028 0.68
0.017 0.197 0.111 0.675
0.138 0.525 0.232 0.105
24
0.212 0.016 0.685 0.087
0.19 0.298 0.265 0.247
0.678 0.039 0.177 0.106
0.005 0.004 0.593 0.398
0.236 0.182 0.502 0.08
0.339 0.026 0.6 0.035
24
0.009 0.965 0.009 0.017
0.929 0.002 0.004 0.065
0.007 0.251 0.736 0.006
0.799 0.016 0.083 0.102
0.069 0.023 0.396 0.512
0.013 0.916 0.024 0.047

4
0.58 0.42
0.405 0.595
4
0.981 0.019
0.885 0.115
4
0.173 0.827
0.71 0.29

4
0.694 0.306
0.91 0.09

18
0.16 0.132 0.708
0.187 0.409 0.404
0.981 0.004 0.015
0.496 0.077 0.427
0.03 0.162 0.808
0.083 0.3 0.617
18
0.04 0.196 0.764
0.032 0.851 0.117
0.505 0.44 0.055
0.01 0.771 0.219
0.971 0.017 0.012
0.877 0.103 0.02
