V-CREDAL
8
3 3 3 2 4 3 3 2
8
1 0
2 2 1
3 0 6 2
1 3
2 1 4
2 3 5
2 7 6
2 5 7

12
0.196 0.696 0.108
0.93 0.044 0.026
0.362 0.087 0.551
0.218 0.356 0.426

12
0.333 0.438 0.229
0.143 0.584 0.273
0.125 0.103 0.772
0.35 0.588 0.062
12
0.63 0.363 0.007
0.068 0.281 0.651
0.219 0.023 0.758
0.085 0.651 0.264
12
0.243 0.297 0.46
0.567 0.076 0.357
0.331 0.061 0.608
0.249 0.7 0.051

12
0.103 0.119 0.778
0.015 0.768 0.217
0.077 0.476 0.447
0.044 0.145 0.811
12
0.207 0.587 0.206
0.069 0.043 0.888
0.156 0.487 0.357
0.007 0.187 0.806
12
0.8 0.008 0.192
0.042 0.078 0.88
0.571 0.205 0.224
0.091 0.292 0.617
12
0.097 0.09 0.813
0.324 0.242 0.434
0.291 0.262 0.447
0.187 0.267 0.546
12
0.411 0.198 0.391
0.626 0.23 0.144
0.744 0.152 0.104
0.053 0.477 0.47
12
0.07 0.556 0.374
0.288 0.106 0.606
0.415 0.288 0.297
0.003 0.026 0.971
12
0.009 0.98 0.011
0.714 0.018 0.268
0.153 0.205 0.642
0.842 0.034 0.124
12
0.937 0.014 0.049
0.001 0.967 0.032
0.24 0.024 0.736
0.205 0.768 0.027
12
0.889 0.054 0.057
0.244 0.478 0.278
0.162 0.126 0.712
0.873 0.043 0.084

4
0.337 0.663
0.554 0.446

16
0.025 0.175 0.183 0.617
0.048 0.066 0.133 0.753
0.318 0.615 0.014 0.053
0.148 0.05 0.787 0.015
16
0.0 0.995 0.003 0.002
0.23 0.32 0.353 0.097
0.005 0.245 0.408 0.342
0.082 0.148 0.339 0.431
16
0.029 0.134 0.405 0.432
0.097 0.79 0.103 0.01
0.014 0.893 0.032 0.061
0.017 0.217 0.745 0.021

12
0.506 0.212 0.282
0.976 0.01 0.014
0.057 0.472 0.471
0.043 0.774 0.183
12
0.03 0.023 0.947
0.201 0.34 0.459
0.006 0.883 0.111
0.007 0.755 0.238

12
0.579 0.236 0.185
0.882 0.017 0.101
0.32 0.191 0.489
0.425 0.111 0.464
12
0.02 0.582 0.398
0.234 0.012 0.754
0.243 0.596 0.161
0.038 0.455 0.507

4
0.725 0.275
0.816 0.184
4
0.298 0.702
0.566 0.434
4
0.75 0.25
0.106 0.894
