V-CREDAL 
8 
2 2 3 2 3 3 2 2 
8 
2 6 0 
2 5 1 
2 1 2 
2 5 3 
2 3 4 
1 5 
1 6 
3 0 2 7 

4 
0.91695 0.08305 
0.65348 0.34652 
4 
0.90552 0.09448 
0.39534 0.60466 

4 
0.20558 0.79442 
0.27171 0.72829 
4 
0.52505 0.47495 
0.44147 0.55853 
4 
0.12639 0.87361 
0.89114 0.10886 

12 
0.73834 0.17347 0.08819 
0.08029 0.90928 0.01043 
0.68965 0.05621 0.25414 
0.48522 0.2418 0.27298 
12 
0.8677 0.02813 0.10417 
0.27968 0.71329 0.00703 
0.03482 0.63396 0.33122 
0.01965 0.95689 0.02346 

4 
0.83408 0.16592 
0.44643 0.55357 
4 
0.88295 0.11705 
0.63003 0.36997 
4 
0.98341 0.01659 
0.86254 0.13746 

12 
0.16342 0.57926 0.25732 
0.49175 0.41582 0.09243 
0.51495 0.11924 0.36581 
0.18515 0.47398 0.34087 
12 
0.72831 0.12131 0.15038 
0.72728 0.15534 0.11738 
0.61487 0.02314 0.36199 
0.34505 0.57181 0.08314 

12 
0.21078 0.62227 0.16695 
0.02165 0.00871 0.96964 
0.3079 0.68833 0.00377 
0.85287 0.1053 0.04183 

4 
0.57718 0.42282 
0.87629 0.12371 

4 
0.80069 0.19931 
0.2128 0.7872 
4 
0.30885 0.69115 
0.48911 0.51089 
4 
0.08774 0.91226 
0.15114 0.84886 
4 
0.22882 0.77118 
0.86467 0.13533 
4 
0.94825 0.05175 
0.68788 0.31212 
4 
0.34394 0.65606 
0.22209 0.77791 
