V-CREDAL 
6 
2 5 4 5 4 2 
6 
2 3 0 
2 2 1 
2 3 2 
2 5 3 
2 1 4 
1 5 

4 
0.49848 0.50152 
0.62793 0.37207 
4 
0.49803 0.50197 
0.94461 0.05539 
4 
0.27562 0.72438 
0.62251 0.37749 
4 
0.20588 0.79412 
0.32077 0.67923 
4 
0.78697 0.21303 
0.86119 0.13881 

30 
0.19914 0.00215 0.54129 0.00246 0.25496 
0.82707 0.12704 0.00292 0.04232 6.5E-4 
3.0E-5 0.01743 0.95429 3.0E-5 0.02822 
0.13568 0.24714 0.57277 0.04041 0.004 
0.02657 0.03393 0.56788 0.2385 0.13312 
0.0406 0.87791 0.02228 0.018 0.04121 
30 
0.23734 0.01351 0.0509 0.68886 0.00939 
0.01557 0.07131 0.78424 0.10213 0.02675 
0.06717 0.80199 0.01893 0.08748 0.02443 
0.17091 0.22445 0.04155 0.13747 0.42562 
0.04706 0.01834 0.06878 0.85129 0.01453 
0.18106 0.43894 0.14223 0.07533 0.16244 
30 
0.16191 0.01439 0.25866 0.53104 0.034 
0.07005 0.00206 0.03743 0.07882 0.81164 
0.08974 0.52673 0.29958 0.06185 0.0221 
0.00133 0.97185 0.01509 0.01104 6.9E-4 
8.0E-5 0.04926 0.9466 0.00282 0.00124 
0.08919 0.10787 0.02237 0.01189 0.76868 
30 
0.00635 0.00701 0.12898 0.66488 0.19278 
0.07077 0.57596 0.0185 0.08146 0.25331 
0.13823 0.06035 0.20319 0.46845 0.12978 
0.04564 0.06403 0.00188 0.77756 0.11089 
0.80684 0.15789 0.02567 0.00886 7.4E-4 
0.01993 0.06517 0.20764 0.67898 0.02828 

24 
0.16081 0.58049 0.23571 0.02299 
0.40495 0.33287 0.16583 0.09635 
0.88159 0.03174 0.08572 9.5E-4 
0.01788 0.82279 0.10214 0.05719 
0.38482 0.04857 0.51796 0.04865 
3.6E-4 0.06759 0.8169 0.11515 
24 
0.03379 0.83397 0.12494 0.0073 
0.42266 0.10842 0.44081 0.02811 
0.2032 0.69162 0.04134 0.06384 
0.02522 0.08523 0.41163 0.47792 
0.02447 0.17984 0.06069 0.735 
0.88416 0.00976 0.04469 0.06139 
24 
0.59795 0.1224 0.1643 0.11535 
0.79553 0.03712 0.10641 0.06094 
0.64052 0.17369 0.18183 0.00396 
0.05534 0.80751 0.02129 0.11586 
0.00141 7.0E-5 0.99186 0.00666 
0.08748 0.83522 0.00677 0.07053 
24 
0.01181 0.98691 1.5E-4 0.00113 
0.03658 0.76412 0.10005 0.09925 
0.36745 0.58851 0.02829 0.01575 
0.00472 0.98344 0.00201 0.00983 
0.06011 0.76977 0.14885 0.02127 
0.46345 0.14846 0.21826 0.16983 
24 
0.01174 0.03795 0.66039 0.28992 
0.6797 0.06094 0.10484 0.15452 
0.93934 0.02338 0.03126 0.00602 
0.00528 0.20416 0.0244 0.76616 
0.06924 0.03978 0.88193 0.00905 
0.38779 0.03592 0.15717 0.41912 

30 
0.06797 0.20378 0.25468 0.0749 0.39867 
0.03131 0.83157 0.07115 0.01219 0.05378 
0.01126 0.00239 0.00481 0.01879 0.96275 
0.23819 0.34002 0.02081 0.11801 0.28297 
0.04302 0.47305 0.35596 0.00969 0.11828 
0.87976 0.00861 0.06438 0.02357 0.02368 
30 
0.87028 0.11065 0.00768 0.00966 0.00173 
0.27735 0.1153 0.30168 0.24796 0.05771 
0.02602 0.47972 0.26438 0.21977 0.01011 
2.6E-4 0.00261 0.64784 0.00553 0.34376 
0.00638 0.15755 0.14689 0.03352 0.65566 
0.94231 0.04725 0.00686 0.00204 0.00154 

24 
0.35609 0.00218 0.20919 0.43254 
0.24575 0.39819 0.03565 0.32041 
0.00188 0.0452 0.94464 0.00828 
0.00661 0.26688 0.45539 0.27112 
0.28599 0.58807 0.03049 0.09545 
0.26221 0.01418 0.61089 0.11272 
24 
0.00736 0.86022 0.07277 0.05965 
0.32714 0.31568 0.00199 0.35519 
0.17521 0.03653 0.51091 0.27735 
0.00308 0.03716 0.95313 0.00663 
0.71484 0.03243 0.23939 0.01334 
0.65748 0.0026 0.32525 0.01467 
24 
0.5771 0.03236 0.06041 0.33013 
0.0375 0.01192 0.92311 0.02747 
0.08166 0.8641 0.01396 0.04028 
0.46642 0.23976 0.08263 0.21119 
0.03466 0.78514 0.00867 0.17153 
0.34297 0.09069 0.25663 0.30971 
24 
0.04837 0.007 0.0225 0.92213 
0.20174 0.19402 0.56933 0.03491 
0.68083 0.02895 0.07859 0.21163 
0.71552 0.01837 0.25816 0.00795 
0.28347 0.3657 0.19861 0.15222 
0.00171 0.02712 0.00225 0.96892 
24 
0.1963 0.31178 0.24221 0.24971 
0.09296 0.02596 0.4176 0.46348 
0.10964 0.73495 0.04441 0.111 
0.06873 0.04264 0.86351 0.02512 
0.17121 0.03041 0.24923 0.54915 
0.00674 0.15085 0.01836 0.82405 

4 
0.69078 0.30922 
0.75536 0.24464 
