V-CREDAL 
8 
2 3 2 4 3 2 2 3 
8 
1 0 
4 4 6 7 1 
1 2 
2 0 3 
1 4 
2 2 5 
2 0 6 
2 5 7 

4 
0.3861 0.6139 
0.95174 0.04826 

18 
0.11949 0.75968 0.12083 
0.87236 0.00372 0.12392 
0.37975 0.07868 0.54157 
0.03042 0.65611 0.31347 
0.50572 0.4646 0.02968 
0.06815 0.29239 0.63946 
18 
0.9792 0.00665 0.01415 
0.08354 0.02065 0.89581 
0.06513 0.80593 0.12894 
0.00449 0.84423 0.15128 
0.27173 0.01216 0.71611 
0.06012 0.11285 0.82703 
18 
0.93548 0.01347 0.05105 
0.19171 0.7905 0.01779 
0.94434 0.0552 4.6E-4 
0.0829 0.08484 0.83226 
0.09948 0.55016 0.35036 
0.11679 0.04662 0.83659 
18 
0.03267 0.24834 0.71899 
0.00228 0.95835 0.03937 
0.05476 0.94261 0.00263 
0.31076 0.17948 0.50976 
0.01964 0.97485 0.00551 
0.1352 0.85619 0.00861 
18 
0.01009 0.00641 0.9835 
0.3849 0.60947 0.00563 
0.53829 0.02668 0.43503 
0.00454 0.13237 0.86309 
0.54426 0.137 0.31874 
0.1011 0.76127 0.13763 
18 
0.69224 0.10165 0.20611 
0.04715 0.88746 0.06539 
0.01987 0.1256 0.85453 
0.71708 0.26143 0.02149 
0.34334 0.62421 0.03245 
0.77861 0.18204 0.03935 
18 
0.03946 0.91561 0.04493 
0.65169 0.06147 0.28684 
0.24018 0.08499 0.67483 
0.45857 0.06469 0.47674 
0.22858 0.76115 0.01027 
0.13053 0.13101 0.73846 
18 
0.48863 0.34528 0.16609 
0.53585 0.18324 0.28091 
0.03308 0.75563 0.21129 
0.2279 0.25709 0.51501 
0.36609 0.08069 0.55322 
0.08159 0.83529 0.08312 
18 
0.00332 0.02366 0.97302 
9.0E-4 0.99647 0.00263 
0.92738 0.02661 0.04601 
0.42591 0.56092 0.01317 
0.01554 0.01513 0.96933 
0.62096 0.00117 0.37787 
18 
0.46034 0.5303 0.00936 
0.00317 0.72391 0.27292 
0.01822 0.0151 0.96668 
2.4E-4 0.98237 0.01739 
0.67784 0.27793 0.04423 
0.17176 0.03748 0.79076 
18 
0.07297 0.49468 0.43235 
0.53262 0.36552 0.10186 
0.54931 0.44379 0.0069 
0.04019 0.5295 0.43031 
0.25126 0.57056 0.17818 
0.29848 0.41044 0.29108 
18 
0.04624 0.20786 0.7459 
0.07184 0.74927 0.17889 
0.73126 0.01935 0.24939 
0.03804 0.00831 0.95365 
0.29899 0.55637 0.14464 
0.62154 0.01627 0.36219 
18 
0.02568 0.08655 0.88777 
0.24817 0.71205 0.03978 
0.37586 0.03115 0.59299 
0.08666 0.35813 0.55521 
0.68582 0.2957 0.01848 
0.17407 0.71973 0.1062 
18 
0.15838 0.0175 0.82412 
0.01689 0.97496 0.00815 
0.95755 0.00521 0.03724 
0.00401 0.06908 0.92691 
0.97671 0.00638 0.01691 
0.11363 0.88287 0.0035 
18 
0.01879 0.21044 0.77077 
0.27641 0.70525 0.01834 
0.08488 0.87258 0.04254 
0.92799 0.0442 0.02781 
0.07374 0.06154 0.86472 
0.42224 0.57624 0.00152 
18 
1.0E-4 0.40122 0.59868 
0.04739 0.00739 0.94522 
0.04486 0.92168 0.03346 
0.40945 0.47362 0.11693 
0.24438 0.10948 0.64614 
0.51475 0.31541 0.16984 
18 
0.65999 0.27737 0.06264 
0.01631 0.9515 0.03219 
1.0E-5 0.11572 0.88427 
0.00889 0.01449 0.97662 
0.65594 0.09375 0.25031 
0.57868 0.03823 0.38309 
18 
0.05018 0.57158 0.37824 
0.18872 0.08002 0.73126 
0.72604 0.18955 0.08441 
0.09936 0.69652 0.20412 
0.29003 0.66438 0.04559 
0.43945 0.06687 0.49368 

4 
0.51543 0.48457 
0.06893 0.93107 

24 
0.22793 0.32008 0.23791 0.21408 
0.08218 0.14171 0.73559 0.04052 
0.67317 0.02955 0.06812 0.22916 
0.26964 0.17903 0.48541 0.06592 
0.19142 0.23374 0.50885 0.06599 
0.30499 0.03258 0.13371 0.52872 
24 
0.06206 0.23235 0.19906 0.50653 
0.00698 0.14996 0.3625 0.48056 
0.00843 0.08915 0.90201 4.1E-4 
0.34357 0.29406 0.14272 0.21965 
0.64733 0.09247 0.01294 0.24726 
0.12303 0.06999 0.09758 0.7094 

18 
0.0215 0.51094 0.46756 
0.60727 0.34904 0.04369 
0.61508 0.09149 0.29343 
0.88055 0.04203 0.07742 
0.01188 0.94214 0.04598 
0.00166 0.93179 0.06655 

4 
0.17469 0.82531 
0.11115 0.88885 
4 
0.81481 0.18519 
0.62874 0.37126 

4 
0.84273 0.15727 
0.66801 0.33199 
4 
0.32983 0.67017 
0.04141 0.95859 

18 
0.60294 0.11185 0.28521 
0.3195 0.57552 0.10498 
0.00449 0.55053 0.44498 
0.64626 0.00114 0.3526 
0.4413 0.4799 0.0788 
0.05577 0.41489 0.52934 
18 
0.14325 0.83239 0.02436 
0.56186 0.14166 0.29648 
0.45066 0.0266 0.52274 
0.04419 0.598 0.35781 
0.28795 0.70346 0.00859 
0.00941 0.24207 0.74852 
