V-CREDAL 
10 
4 4 2 4 3 2 4 4 4 2 
10 
1 0 
2 0 1 
2 1 2 
2 2 3 
2 3 4 
2 4 5 
2 5 6 
2 6 7 
2 7 8 
2 8 9 

16 
0.23747 0.43613 0.28381 0.04259 
0.16397 0.42236 0.09777 0.3159 
0.0568 0.017 0.20483 0.72137 
4.2E-4 0.00435 0.99487 3.6E-4 

16 
0.01745 0.00116 0.98039 0.001 
0.65162 0.00688 0.33978 0.00172 
0.44008 0.04699 0.13867 0.37426 
0.02258 0.79635 0.17018 0.01089 
16 
0.76064 0.01108 0.19249 0.03579 
0.13514 0.35251 0.09658 0.41577 
0.27044 0.03949 0.60612 0.08395 
0.36348 0.29546 0.18702 0.15404 
16 
0.02705 0.35442 0.61344 0.00509 
0.01063 0.01979 0.02393 0.94565 
0.01014 0.01 0.97446 0.0054 
0.05863 0.57356 0.22647 0.14134 
16 
0.00965 0.96154 0.00378 0.02503 
0.40069 0.13653 0.30623 0.15655 
0.0218 0.48944 0.18247 0.30629 
0.02781 0.69628 0.19521 0.0807 

4 
0.79074 0.20926 
0.11524 0.88476 
4 
0.29144 0.70856 
0.16707 0.83293 
4 
0.61677 0.38323 
0.93177 0.06823 
4 
0.12013 0.87987 
0.23655 0.76345 

16 
0.37626 0.15467 0.45337 0.0157 
0.14011 0.00174 0.01011 0.84804 
0.16798 0.78076 0.03976 0.0115 
0.50993 0.28196 0.20042 0.00769 
16 
0.00293 0.00515 0.15198 0.83994 
0.04224 0.13414 0.44302 0.3806 
0.00153 0.01933 0.21698 0.76216 
0.32467 0.04128 0.1404 0.49365 

12 
0.38155 0.14895 0.4695 
0.01145 0.98801 5.4E-4 
0.01516 0.89291 0.09193 
0.45999 0.27574 0.26427 
12 
0.99937 3.8E-4 2.5E-4 
0.97438 0.02325 0.00237 
0.35916 0.06647 0.57437 
0.62082 0.18484 0.19434 
12 
0.04365 0.60771 0.34864 
0.18361 0.78719 0.0292 
0.26773 0.01384 0.71843 
0.24068 0.53023 0.22909 
12 
0.12514 0.77962 0.09524 
0.03768 0.61394 0.34838 
0.35919 0.11191 0.5289 
0.60607 0.24644 0.14749 

4 
0.13643 0.86357 
0.92586 0.07414 
4 
0.11954 0.88046 
0.93229 0.06771 
4 
0.85972 0.14028 
0.91141 0.08859 

16 
0.4031 0.4445 0.07424 0.07816 
0.03311 0.29 0.36636 0.31053 
0.31622 5.9E-4 0.29982 0.38337 
0.21002 0.06267 0.69891 0.0284 
16 
0.0977 0.84482 0.04781 0.00967 
0.03055 0.44979 0.28499 0.23467 
0.53439 0.03439 0.17334 0.25788 
0.00605 7.6E-4 0.55954 0.43365 

16 
0.03676 0.0028 0.76058 0.19986 
0.33328 0.20182 0.02929 0.43561 
0.35091 0.46716 0.11727 0.06466 
0.02 0.00102 0.97816 8.2E-4 
16 
0.3861 6.3E-4 0.45855 0.15472 
0.15629 0.05994 0.14698 0.63679 
0.00237 0.31551 0.03642 0.6457 
0.13066 0.74918 0.08556 0.0346 
16 
0.61109 0.21275 0.17446 0.0017 
0.52273 0.17776 0.2905 0.00901 
0.09056 0.30501 0.44335 0.16108 
0.01684 0.16638 0.02118 0.7956 
16 
0.21652 0.07414 0.61682 0.09252 
0.05301 0.3268 0.32283 0.29736 
0.0235 0.59102 0.32691 0.05857 
0.01731 0.46722 0.50166 0.01381 

16 
0.61651 0.11654 0.13688 0.13007 
0.15795 0.15688 0.52578 0.15939 
0.45752 0.21313 0.01945 0.3099 
0.19114 0.3084 0.04149 0.45897 
16 
0.30864 0.03422 0.06226 0.59488 
0.14747 0.67197 0.14504 0.03552 
0.04184 0.01111 0.94235 0.0047 
0.00208 0.14889 0.41118 0.43785 
16 
0.01708 0.82393 0.13584 0.02315 
0.56574 0.14462 0.15658 0.13306 
0.01005 0.90295 0.00231 0.08469 
0.03582 0.68454 0.20548 0.07416 
16 
0.51808 0.36724 0.09804 0.01664 
2.9E-4 0.71195 0.19978 0.08798 
0.14392 0.23004 0.11016 0.51588 
0.46541 0.21313 0.2984 0.02306 

4 
0.26064 0.73936 
0.08827 0.91173 
4 
0.54693 0.45307 
0.81915 0.18085 
4 
0.69951 0.30049 
0.94155 0.05845 
4 
0.78666 0.21334 
0.66364 0.33636 
