V-CREDAL
8
2 4 2 2 2 3 2 4
8
1 0
2 0 1
2 1 2
2 2 3
2 3 4
2 4 5
2 5 6
2 6 7

4
0.597 0.403
0.216 0.784

24
0.091 0.524 0.092 0.293
0.063 0.045 0.119 0.773
0.001 0.002 0.996 0.001
0.035 0.748 0.191 0.026
0.111 0.1 0.171 0.618
0.307 0.025 0.648 0.02
24
0.128 0.855 0.009 0.008
0.075 0.174 0.08 0.671
0.067 0.796 0.049 0.088
0.525 0.023 0.106 0.346
0.721 0.17 0.047 0.062
0.041 0.589 0.011 0.359

4
0.071 0.929
0.563 0.437
4
0.751 0.249
0.125 0.875
4
0.861 0.139
0.742 0.258
4
0.828 0.172
0.316 0.684

4
0.38 0.62
0.111 0.889
4
0.745 0.255
0.993 0.007

4
0.06 0.94
0.732 0.268
4
0.848 0.152
0.059 0.941

18
0.003 0.006 0.991
0.798 0.008 0.194
0.9 0.091 0.009
0.791 0.208 0.001
0.036 0.954 0.01
0.015 0.972 0.013
18
0.022 0.967 0.011
0.873 0.006 0.121
0.304 0.678 0.018
0.014 0.276 0.71
0.085 0.023 0.892
0.665 0.252 0.083

4
0.102 0.898
0.749 0.251
4
0.763 0.237
0.651 0.349
4
0.094 0.906
0.333 0.667

24
0.411 0.047 0.362 0.18
0.151 0.093 0.37 0.386
0.246 0.159 0.243 0.352
0.055 0.012 0.457 0.476
0.256 0.039 0.351 0.354
0.066 0.069 0.8 0.065
24
0.854 0.011 0.004 0.131
0.09 0.047 0.751 0.112
0.691 0.213 0.023 0.073
0.054 0.04 0.823 0.083
0.026 0.516 0.173 0.285
0.018 0.963 0.009 0.01
