V-CREDAL 
10 
3 2 4 4 3 4 2 3 4 3 
10 
2 5 0 
2 2 1 
1 2 
2 9 3 
2 5 4 
2 7 5 
2 1 6 
3 1 8 7 
1 8 
2 8 9 

12 
0.01787 0.97189 0.01024 
0.04424 0.08137 0.87439 
0.19955 0.12736 0.67309 
0.12529 0.50844 0.36627 
12 
0.87688 0.04607 0.07705 
0.07395 0.5127 0.41335 
0.49651 0.24521 0.25828 
0.06727 0.47175 0.46098 
12 
0.73576 0.24245 0.02179 
0.86094 0.06141 0.07765 
0.4395 0.03099 0.52951 
0.3347 0.34455 0.32075 
12 
0.16587 0.53159 0.30254 
0.84409 0.02716 0.12875 
0.17433 0.45408 0.37159 
0.23496 0.34502 0.42002 

4 
0.29811 0.70189 
0.41819 0.58181 
4 
0.88395 0.11605 
0.81627 0.18373 
4 
0.93712 0.06288 
0.95926 0.04074 
4 
0.91531 0.08469 
0.47674 0.52326 

16 
0.01971 0.56085 0.0062 0.41324 
0.37736 0.21823 0.00526 0.39915 
0.00852 0.75564 0.07898 0.15686 
0.24229 0.06079 0.67999 0.01693 

16 
0.06458 0.14902 0.04497 0.74143 
0.40241 0.17143 0.00922 0.41694 
0.2957 0.65274 0.04569 0.00587 
0.28805 0.16746 0.10508 0.43941 
16 
0.09793 0.1511 0.70089 0.05008 
0.10163 0.05743 0.1096 0.73134 
0.09786 0.09315 0.79804 0.01095 
0.05288 0.09689 0.25091 0.59932 
16 
0.20862 0.09703 0.56827 0.12608 
0.42674 0.05642 0.30473 0.21211 
0.0038 0.22202 0.11401 0.66017 
0.92813 0.03277 0.00152 0.03758 

12 
0.18306 0.79662 0.02032 
0.25513 0.1216 0.62327 
0.11173 0.48653 0.40174 
0.24091 0.36982 0.38927 
12 
0.0218 0.5449 0.4333 
0.00334 0.99346 0.0032 
0.92605 0.02841 0.04554 
0.1693 0.15466 0.67604 
12 
0.00765 0.73432 0.25803 
0.49426 0.09403 0.41171 
0.10317 0.50037 0.39646 
0.2463 0.28533 0.46837 
12 
0.30922 0.65709 0.03369 
0.12515 0.10862 0.76623 
0.03642 0.34839 0.61519 
0.46873 0.15719 0.37408 

16 
0.26256 0.17484 0.45086 0.11174 
0.8809 0.02453 0.00449 0.09008 
0.23628 0.41403 0.22018 0.12951 
0.05914 0.44056 0.01402 0.48628 
16 
0.01495 0.22141 0.73926 0.02438 
0.03102 0.69294 0.11107 0.16497 
0.10475 0.03112 0.54379 0.32034 
0.29112 0.30904 0.15414 0.2457 
16 
0.01718 0.15691 0.48143 0.34448 
0.03647 0.0104 0.93752 0.01561 
0.30636 0.17394 0.0356 0.4841 
0.84031 0.15544 6.8E-4 0.00357 

4 
0.65182 0.34818 
0.15912 0.84088 
4 
0.48926 0.51074 
0.49015 0.50985 

12 
0.53233 0.07039 0.39728 
0.14769 0.82987 0.02244 
0.75202 0.18676 0.06122 
0.13878 0.09142 0.7698 
12 
0.31314 0.08856 0.5983 
0.33262 0.14118 0.5262 
0.01478 0.51018 0.47504 
0.00612 0.09447 0.89941 
12 
0.03624 0.53236 0.4314 
0.68023 0.02338 0.29639 
0.02667 0.07589 0.89744 
0.09221 0.02114 0.88665 
12 
0.43448 0.06115 0.50437 
0.63785 0.19801 0.16414 
0.08475 0.52861 0.38664 
0.5439 0.12025 0.33585 
12 
0.3681 0.40248 0.22942 
0.16185 0.22242 0.61573 
0.59992 0.04938 0.3507 
0.07701 0.29961 0.62338 
12 
0.84595 0.10577 0.04828 
0.19327 0.64874 0.15799 
0.46748 0.19228 0.34024 
0.63816 0.30044 0.0614 
12 
0.12608 0.37708 0.49684 
0.06654 0.62173 0.31173 
0.37614 0.17775 0.44611 
0.49456 0.37424 0.1312 
12 
0.12102 0.63453 0.24445 
0.78716 0.03142 0.18142 
0.01074 0.12126 0.868 
0.68658 0.12325 0.19017 

16 
0.01591 0.46621 0.45537 0.06251 
0.39193 0.01237 0.37267 0.22303 
0.12311 0.46186 0.19979 0.21524 
0.11702 0.037 6.4E-4 0.84534 

12 
0.25048 0.08815 0.66137 
0.97161 0.00517 0.02322 
0.52643 0.13412 0.33945 
0.85698 0.12699 0.01603 
12 
0.55591 0.37092 0.07317 
0.05727 0.49792 0.44481 
0.04697 0.32523 0.6278 
0.40422 0.30591 0.28987 
12 
0.09545 0.85419 0.05036 
0.64278 0.07247 0.28475 
0.03801 0.57207 0.38992 
0.05288 0.16228 0.78484 
12 
0.60503 0.21017 0.1848 
0.09224 0.0923 0.81546 
0.88223 0.02398 0.09379 
0.02673 0.14009 0.83318 
