V-CREDAL
10
3 3 2 2 4 4 4 4 3 3
10
1 0
1 1
2 9 2
2 8 3
3 0 6 4
1 5
3 1 5 6
1 7
2 1 8
3 7 8 9

12
0.598 0.347 0.055
0.014 0.034 0.952
0.004 0.974 0.022
0.116 0.041 0.843

12
0.266 0.463 0.271
0.985 0.005 0.01
0.379 0.011 0.61
0.02 0.05 0.93

4
0.24 0.76
0.113 0.887
4
0.039 0.961
0.165 0.835
4
0.522 0.478
0.514 0.486

4
0.269 0.731
0.068 0.932
4
0.65 0.35
0.249 0.751
4
0.555 0.445
0.194 0.806

16
0.2 0.046 0.173 0.581
0.3 0.105 0.085 0.51
0.205 0.225 0.176 0.394
0.096 0.833 0.064 0.007
16
0.056 0.281 0.093 0.57
0.029 0.817 0.126 0.028
0.183 0.191 0.46 0.166
0.016 0.132 0.483 0.369
16
0.262 0.635 0.024 0.079
0.02 0.205 0.741 0.034
0.613 0.035 0.284 0.068
0.349 0.074 0.009 0.568
16
0.368 0.092 0.208 0.332
0.25 0.443 0.204 0.103
0.017 0.643 0.339 0.001
0.664 0.268 0.066 0.002
16
0.057 0.393 0.242 0.308
0.442 0.034 0.473 0.051
0.134 0.585 0.186 0.095
0.117 0.114 0.467 0.302
16
0.836 0.027 0.134 0.003
0.9 0.013 0.014 0.073
0.145 0.274 0.53 0.051
0.284 0.229 0.427 0.06
16
0.67 0.037 0.269 0.024
0.031 0.06 0.402 0.507
0.036 0.042 0.029 0.893
0.119 0.735 0.095 0.051
16
0.01 0.294 0.649 0.047
0.517 0.028 0.003 0.452
0.231 0.239 0.011 0.519
0.251 0.101 0.207 0.441
16
0.029 0.852 0.102 0.017
0.763 0.045 0.027 0.165
0.431 0.032 0.126 0.411
0.465 0.19 0.251 0.094
16
0.146 0.111 0.62 0.123
0.762 0.009 0.187 0.042
0.624 0.168 0.182 0.026
0.0 0.009 0.49 0.501
16
0.127 0.24 0.443 0.19
0.189 0.354 0.449 0.008
0.882 0.012 0.083 0.023
0.013 0.929 0.019 0.039
16
0.148 0.044 0.528 0.28
0.206 0.721 0.047 0.026
0.038 0.299 0.274 0.389
0.257 0.383 0.002 0.358

16
0.006 0.017 0.013 0.964
0.07 0.031 0.807 0.092
0.656 0.284 0.042 0.018
0.058 0.932 0.004 0.006

16
0.105 0.11 0.715 0.07
0.016 0.001 0.98 0.003
0.215 0.404 0.144 0.237
0.301 0.087 0.301 0.311
16
0.029 0.001 0.968 0.002
0.063 0.186 0.137 0.614
0.555 0.322 0.023 0.1
0.085 0.0 0.207 0.708
16
0.09 0.324 0.025 0.561
0.074 0.567 0.207 0.152
0.237 0.048 0.694 0.021
0.414 0.167 0.23 0.189
16
0.089 0.062 0.704 0.145
0.448 0.496 0.056 0.0
0.036 0.212 0.002 0.75
0.4 0.067 0.31 0.223
16
0.184 0.193 0.533 0.09
0.008 0.063 0.891 0.038
0.009 0.013 0.924 0.054
0.826 0.008 0.155 0.011
16
0.001 0.019 0.011 0.969
0.436 0.049 0.447 0.068
0.147 0.181 0.657 0.015
0.016 0.441 0.17 0.373
16
0.556 0.0 0.249 0.195
0.123 0.414 0.311 0.152
0.207 0.13 0.232 0.431
0.121 0.071 0.061 0.747
16
0.035 0.093 0.007 0.865
0.351 0.353 0.126 0.17
0.278 0.293 0.298 0.131
0.17 0.524 0.0 0.306
16
0.138 0.733 0.082 0.047
0.273 0.014 0.381 0.332
0.084 0.383 0.244 0.289
0.562 0.076 0.238 0.124
16
0.125 0.352 0.308 0.215
0.279 0.302 0.155 0.264
0.36 0.045 0.353 0.242
0.231 0.373 0.293 0.103
16
0.177 0.038 0.52 0.265
0.184 0.402 0.066 0.348
0.051 0.034 0.009 0.906
0.002 0.697 0.157 0.144
16
0.121 0.25 0.282 0.347
0.279 0.282 0.04 0.399
0.151 0.09 0.659 0.1
0.024 0.617 0.164 0.195

16
0.902 0.051 0.021 0.026
0.4 0.082 0.37 0.148
0.601 0.097 0.019 0.283
0.461 0.023 0.488 0.028

12
0.611 0.086 0.303
0.036 0.868 0.096
0.053 0.706 0.241
0.784 0.202 0.014
12
0.209 0.137 0.654
0.758 0.173 0.069
0.019 0.02 0.961
0.829 0.04 0.131
12
0.008 0.647 0.345
0.632 0.314 0.054
0.383 0.213 0.404
0.227 0.205 0.568

12
0.248 0.038 0.714
0.003 0.915 0.082
0.439 0.362 0.199
0.057 0.673 0.27
12
0.047 0.944 0.009
0.021 0.219 0.76
0.772 0.176 0.052
0.216 0.184 0.6
12
0.083 0.152 0.765
0.472 0.276 0.252
0.713 0.034 0.253
0.772 0.164 0.064
12
0.539 0.06 0.401
0.56 0.02 0.42
0.985 0.014 0.001
0.859 0.032 0.109
12
0.18 0.471 0.349
0.397 0.196 0.407
0.079 0.707 0.214
0.14 0.626 0.234
12
0.27 0.122 0.608
0.315 0.129 0.556
0.757 0.112 0.131
0.158 0.037 0.805
12
0.023 0.001 0.976
0.099 0.437 0.464
0.07 0.056 0.874
0.306 0.434 0.26
12
0.725 0.016 0.259
0.115 0.042 0.843
0.595 0.325 0.08
0.961 0.017 0.022
12
0.063 0.023 0.914
0.742 0.106 0.152
0.368 0.384 0.248
0.118 0.186 0.696
12
0.131 0.837 0.032
0.54 0.362 0.098
0.999 0.001 0.0
0.011 0.82 0.169
12
0.238 0.171 0.591
0.41 0.479 0.111
0.246 0.712 0.042
0.152 0.019 0.829
12
0.291 0.268 0.441
0.856 0.035 0.109
0.361 0.157 0.482
0.634 0.249 0.117
