V-CREDAL
10
2 3 2 2 4 3 2 4 4 3
10
1 0
2 0 1
2 1 2
2 2 3
2 3 4
2 4 5
2 5 6
2 6 7
2 7 8
2 8 9

4
0.985 0.015
0.137 0.863

12
0.918 0.076 0.006
0.063 0.275 0.662
0.902 0.083 0.015
0.712 0.115 0.173
12
0.523 0.273 0.204
0.109 0.764 0.127
0.055 0.055 0.89
0.098 0.637 0.265

4
0.492 0.508
0.274 0.726
4
0.855 0.145
0.596 0.404
4
0.686 0.314
0.996 0.004

4
0.438 0.562
0.041 0.959
4
0.548 0.452
0.278 0.722

16
0.06 0.003 0.847 0.09
0.285 0.083 0.473 0.159
0.375 0.267 0.307 0.051
0.362 0.067 0.02 0.551
16
0.015 0.981 0.002 0.002
0.002 0.044 0.855 0.099
0.121 0.002 0.639 0.238
0.125 0.115 0.705 0.055

12
0.732 0.265 0.003
0.029 0.065 0.906
0.251 0.118 0.631
0.44 0.364 0.196
12
0.212 0.093 0.695
0.402 0.595 0.003
0.771 0.198 0.031
0.097 0.318 0.585
12
0.011 0.798 0.191
0.666 0.104 0.23
0.145 0.059 0.796
0.258 0.673 0.069
12
0.807 0.034 0.159
0.537 0.389 0.074
0.135 0.859 0.006
0.274 0.046 0.68

4
0.156 0.844
0.461 0.539
4
0.987 0.013
0.189 0.811
4
0.112 0.888
0.591 0.409

16
0.035 0.916 0.028 0.021
0.255 0.104 0.441 0.2
0.03 0.1 0.379 0.491
0.0 0.0 0.98 0.02
16
0.23 0.002 0.001 0.767
0.005 0.0 0.002 0.993
0.851 0.021 0.099 0.029
0.091 0.043 0.764 0.102

16
0.201 0.02 0.636 0.143
0.886 0.023 0.024 0.067
0.005 0.903 0.025 0.067
0.024 0.246 0.257 0.473
16
0.37 0.204 0.19 0.236
0.734 0.164 0.069 0.033
0.039 0.367 0.556 0.038
0.663 0.093 0.24 0.004
16
0.116 0.266 0.198 0.42
0.505 0.208 0.242 0.045
0.026 0.133 0.442 0.399
0.703 0.101 0.188 0.008
16
0.484 0.024 0.196 0.296
0.288 0.616 0.069 0.027
0.018 0.556 0.326 0.1
0.126 0.146 0.561 0.167

12
0.017 0.02 0.963
0.221 0.646 0.133
0.026 0.945 0.029
0.015 0.305 0.68
12
0.085 0.233 0.682
0.411 0.565 0.024
0.563 0.402 0.035
0.733 0.056 0.211
12
0.078 0.606 0.316
0.553 0.315 0.132
0.258 0.566 0.176
0.766 0.083 0.151
12
0.277 0.533 0.19
0.027 0.466 0.507
0.025 0.006 0.969
0.47 0.155 0.375
