V-CREDAL 
10 
2 3 3 4 3 3 3 3 2 4 
10 
1 0 
2 0 1 
2 1 2 
2 2 3 
2 3 4 
2 4 5 
2 5 6 
2 6 7 
2 7 8 
2 8 9 

4 
0.645 0.355 
0.306 0.694 

18 
0.006 0.914 0.08 
0.356 0.104 0.54 
0.042 0.237 0.721 
0.622 0.007 0.371 
0.996 0.003 0.001 
0.037 0.921 0.042 
18 
0.488 0.378 0.134 
0.106 0.232 0.662 
0.161 0.802 0.037 
0.059 0.598 0.343 
0.38 0.059 0.561 
0.171 0.157 0.672 

18 
0.479 0.512 0.009 
0.12 0.863 0.017 
0.028 0.64 0.332 
0.649 0.168 0.183 
0.123 0.024 0.853 
0.612 0.318 0.07 
18 
0.513 0.194 0.293 
0.387 0.028 0.585 
0.014 0.969 0.017 
0.412 0.473 0.115 
0.015 0.019 0.966 
0.528 0.06 0.412 
18 
0.948 0.019 0.033 
0.555 0.019 0.426 
0.02 0.66 0.32 
0.017 0.33 0.653 
0.139 0.728 0.133 
0.246 0.104 0.65 

24 
0.144 0.233 0.098 0.525 
0.604 0.263 0.049 0.084 
0.394 0.299 0.007 0.3 
0.339 0.202 0.018 0.441 
0.178 0.049 0.632 0.141 
0.551 0.23 0.041 0.178 
24 
0.029 0.895 0.026 0.05 
0.055 0.513 0.367 0.065 
0.205 0.095 0.039 0.661 
0.665 0.148 0.092 0.095 
0.546 0.235 0.187 0.032 
0.3 0.179 0.403 0.118 
24 
0.721 0.082 0.161 0.036 
0.154 0.039 0.063 0.744 
0.293 0.385 0.007 0.315 
0.113 0.669 0.033 0.185 
0.002 0.255 0.739 0.004 
0.185 0.048 0.609 0.158 

18 
0.092 0.832 0.076 
0.151 0.836 0.013 
0.208 0.77 0.022 
0.028 0.688 0.284 
0.3 0.252 0.448 
0.316 0.042 0.642 
18 
0.145 0.058 0.797 
0.033 0.076 0.891 
0.027 0.866 0.107 
0.07 0.906 0.024 
0.495 0.119 0.386 
0.499 0.003 0.498 
18 
0.745 0.179 0.076 
0.014 0.982 0.004 
0.059 0.013 0.928 
0.008 0.963 0.029 
0.848 0.008 0.144 
0.015 0.491 0.494 
18 
0.21 0.446 0.344 
0.777 0.023 0.2 
0.799 0.058 0.143 
0.136 0.218 0.646 
0.623 0.048 0.329 
0.281 0.493 0.226 

18 
0.017 0.033 0.95 
0.891 0.005 0.104 
0.903 0.037 0.06 
0.899 0.068 0.033 
0.008 0.988 0.004 
0.202 0.012 0.786 
18 
0.001 0.002 0.997 
0.988 0.005 0.007 
0.162 0.834 0.004 
0.009 0.176 0.815 
0.097 0.727 0.176 
0.002 0.03 0.968 
18 
0.663 0.077 0.26 
0.076 0.675 0.249 
0.262 0.695 0.043 
0.648 0.28 0.072 
0.202 0.041 0.757 
0.047 0.053 0.9 

18 
0.028 0.009 0.963 
0.186 0.001 0.813 
0.03 0.842 0.128 
0.908 0.059 0.033 
0.057 0.932 0.011 
0.015 0.119 0.866 
18 
0.017 0.678 0.305 
0.728 0.193 0.079 
0.405 0.585 0.01 
0.858 0.016 0.126 
0.005 0.002 0.993 
0.061 0.874 0.065 
18 
0.972 0.025 0.003 
0.037 0.949 0.014 
0.811 0.186 0.003 
0.017 0.046 0.937 
0.2 0.001 0.799 
0.011 0.924 0.065 

18 
0.584 0.006 0.41 
0.824 0.159 0.017 
0.898 0.038 0.064 
0.008 0.565 0.427 
0.146 0.654 0.2 
0.176 0.268 0.556 
18 
0.651 0.069 0.28 
0.242 0.687 0.071 
0.045 0.026 0.929 
0.134 0.422 0.444 
0.751 0.175 0.074 
0.778 0.147 0.075 
18 
0.046 0.941 0.013 
0.446 0.55 0.004 
0.769 0.118 0.113 
0.026 0.816 0.158 
0.205 0.059 0.736 
0.106 0.304 0.59 

4 
0.603 0.397 
0.328 0.672 
4 
0.283 0.717 
0.058 0.942 
4 
0.393 0.607 
0.194 0.806 

24 
0.518 0.165 0.198 0.119 
0.455 0.082 0.309 0.154 
0.625 0.029 0.036 0.31 
0.569 0.212 0.058 0.161 
0.04 0.059 0.262 0.639 
0.245 0.471 0.201 0.083 
24 
0.31 0.015 0.361 0.314 
0.18 0.084 0.546 0.19 
0.006 0.011 0.086 0.897 
0.411 0.024 0.539 0.026 
0.021 0.044 0.892 0.043 
0.939 0.021 0.023 0.017 
