V-CREDAL
10
3 3 2 4 4 3 2 3 3 3
10
2 4 0
1 1
2 5 2
3 0 9 3
2 8 4
2 0 5
2 0 6
2 6 7
1 8
2 1 9

12
0.942 0.052 0.006
0.31 0.638 0.052
0.418 0.01 0.572
0.972 0.001 0.027
12
0.454 0.011 0.535
0.332 0.075 0.593
0.899 0.072 0.029
0.357 0.547 0.096
12
0.026 0.46 0.514
0.286 0.687 0.027
0.077 0.887 0.036
0.477 0.428 0.095
12
0.001 0.724 0.275
0.119 0.117 0.764
0.593 0.165 0.242
0.001 0.999 0.0

12
0.101 0.219 0.68
0.716 0.002 0.282
0.356 0.442 0.202
0.039 0.818 0.143

4
0.861 0.139
0.992 0.008
4
0.958 0.042
0.221 0.779
4
0.879 0.121
0.016 0.984

16
0.132 0.266 0.42 0.182
0.019 0.4 0.115 0.466
0.55 0.029 0.009 0.412
0.072 0.774 0.106 0.048
16
0.415 0.116 0.298 0.171
0.048 0.433 0.027 0.492
0.1 0.483 0.084 0.333
0.357 0.193 0.328 0.122
16
0.226 0.151 0.475 0.148
0.006 0.001 0.072 0.921
0.021 0.084 0.886 0.009
0.179 0.074 0.717 0.03
16
0.129 0.022 0.726 0.123
0.002 0.844 0.004 0.15
0.015 0.008 0.001 0.976
0.348 0.121 0.45 0.081
16
0.337 0.039 0.407 0.217
0.016 0.004 0.834 0.146
0.947 0.001 0.044 0.008
0.416 0.058 0.493 0.033
16
0.31 0.553 0.124 0.013
0.088 0.132 0.076 0.704
0.138 0.141 0.047 0.674
0.243 0.099 0.012 0.646
16
0.223 0.096 0.236 0.445
0.131 0.497 0.331 0.041
0.059 0.434 0.015 0.492
0.196 0.437 0.258 0.109
16
0.103 0.027 0.853 0.017
0.126 0.052 0.777 0.045
0.05 0.83 0.021 0.099
0.152 0.625 0.163 0.06
16
0.826 0.112 0.042 0.02
0.413 0.023 0.563 0.001
0.418 0.106 0.13 0.346
0.254 0.026 0.01 0.71

16
0.414 0.037 0.32 0.229
0.254 0.503 0.148 0.095
0.404 0.039 0.189 0.368
0.363 0.009 0.628 0.0
16
0.17 0.096 0.387 0.347
0.001 0.031 0.905 0.063
0.144 0.069 0.634 0.153
0.189 0.239 0.146 0.426
16
0.118 0.028 0.223 0.631
0.003 0.018 0.005 0.974
0.638 0.115 0.14 0.107
0.002 0.294 0.39 0.314

12
0.101 0.325 0.574
0.754 0.237 0.009
0.184 0.04 0.776
0.001 0.991 0.008
12
0.061 0.447 0.492
0.455 0.477 0.068
0.491 0.006 0.503
0.033 0.957 0.01
12
0.025 0.058 0.917
0.275 0.433 0.292
0.745 0.061 0.194
0.622 0.343 0.035

4
0.566 0.434
0.999 0.001
4
0.332 0.668
0.525 0.475
4
0.508 0.492
0.744 0.256

12
0.153 0.154 0.693
0.05 0.6 0.35
0.218 0.127 0.655
0.485 0.246 0.269
12
0.409 0.125 0.466
0.798 0.101 0.101
0.019 0.838 0.143
0.075 0.888 0.037

12
0.065 0.043 0.892
0.099 0.506 0.395
0.722 0.267 0.011
0.269 0.582 0.149

12
0.047 0.77 0.183
0.397 0.325 0.278
0.121 0.023 0.856
0.392 0.471 0.137
12
0.221 0.474 0.305
0.542 0.406 0.052
0.055 0.159 0.786
0.192 0.139 0.669
12
0.593 0.037 0.37
0.058 0.025 0.917
0.013 0.281 0.706
0.003 0.358 0.639
