V-CREDAL 
4 
2 3 2 3 
4 
1 0 
1 1 
2 0 2 
3 0 1 3 

4 
0.94179 0.05821 
0.77281 0.22719 

18 
0.38507 0.00919 0.60574 
0.00396 0.15319 0.84285 
0.13004 0.41478 0.45518 
0.868 0.00762 0.12438 
0.55955 0.30088 0.13957 
0.02994 0.01888 0.95118 

4 
0.53799 0.46201 
0.12366 0.87634 
4 
0.83362 0.16638 
0.70532 0.29468 

18 
0.87201 0.11814 0.00985 
0.35591 0.16839 0.4757 
0.22569 0.76509 0.00922 
0.00223 0.97978 0.01799 
0.30258 0.19094 0.50648 
0.23594 0.34195 0.42211 
18 
0.86533 0.0818 0.05287 
0.11575 0.27867 0.60558 
0.16121 0.2157 0.62309 
0.75207 0.07382 0.17411 
0.51748 0.48063 0.00189 
0.0238 0.90363 0.07257 
18 
0.00936 0.95447 0.03617 
0.24345 0.14024 0.61631 
0.01003 0.96613 0.02384 
0.06165 0.19525 0.7431 
0.97438 0.01891 0.00671 
0.04675 0.39957 0.55368 
18 
0.02569 0.91254 0.06177 
0.72199 0.21452 0.06349 
0.15162 0.13759 0.71079 
0.05839 0.57882 0.36279 
0.77289 0.07711 0.15 
0.31803 0.62751 0.05446 
18 
0.90461 0.05717 0.03822 
0.16341 0.8109 0.02569 
0.88647 0.00314 0.11039 
0.03445 0.41834 0.54721 
0.11861 0.78512 0.09627 
0.12641 0.79086 0.08273 
18 
0.1986 0.67507 0.12633 
0.9609 6.4E-4 0.03846 
0.46439 0.51406 0.02155 
0.13452 0.60276 0.26272 
0.30412 0.09792 0.59796 
0.06292 0.45504 0.48204 
