V-CREDAL 
6 
2 3 4 2 4 4 
6 
3 3 5 0 
2 2 1 
1 2 
1 3 
1 4 
3 1 4 5 

4 
0.36926 0.63074 
0.6087 0.3913 
4 
0.06644 0.93356 
0.20476 0.79524 
4 
0.28717 0.71283 
0.38629 0.61371 
4 
0.03616 0.96384 
0.60641 0.39359 
4 
0.0211 0.9789 
0.33603 0.66397 
4 
0.46548 0.53452 
0.25 0.75 
4 
0.74673 0.25327 
0.36793 0.63207 
4 
0.88156 0.11844 
0.27355 0.72645 

12 
0.28449 0.69303 0.02248 
0.35937 0.26159 0.37904 
0.23935 0.69548 0.06517 
0.08969 0.2462 0.66411 
12 
0.00499 0.90116 0.09385 
0.99925 5.4E-4 2.1E-4 
0.00163 6.3E-4 0.99774 
0.10858 0.85975 0.03167 
12 
0.78061 0.04448 0.17491 
0.11268 0.48423 0.40309 
0.15665 0.14365 0.6997 
0.60042 0.39426 0.00532 
12 
0.00309 0.93639 0.06052 
0.0832 0.78227 0.13453 
0.7999 0.16316 0.03694 
0.62445 0.36385 0.0117 

16 
0.12173 0.1545 0.20013 0.52364 
0.45493 0.0331 0.20742 0.30455 
1.6E-4 0.95972 0.0117 0.02842 
0.07726 0.10359 0.3098 0.50935 

4 
0.50216 0.49784 
0.99284 0.00716 

16 
0.04143 0.84236 0.04166 0.07455 
0.03462 0.15312 0.77096 0.0413 
0.01751 0.07742 0.68901 0.21606 
0.02869 0.6213 0.32716 0.02285 

16 
0.98859 0.00676 0.00203 0.00262 
0.24994 0.38901 0.15753 0.20352 
0.04377 0.03149 0.75158 0.17316 
0.004 0.01545 0.00375 0.9768 
16 
0.03747 0.04308 0.01035 0.9091 
0.83278 0.10793 0.02522 0.03407 
0.3536 0.19702 0.13756 0.31182 
0.00174 7.3E-4 0.00205 0.99548 
16 
0.01657 0.75024 0.07471 0.15848 
0.11307 0.13197 0.01627 0.73869 
0.18481 0.68879 0.09234 0.03406 
7.2E-4 0.00511 0.03284 0.96133 
16 
0.09415 2.0E-5 8.0E-5 0.90575 
0.57814 0.13292 0.14544 0.1435 
0.02934 0.01915 0.27913 0.67238 
0.07059 0.17425 0.12116 0.634 
16 
0.03551 0.80857 0.0973 0.05862 
0.23108 0.23227 0.32064 0.21601 
0.01928 0.65026 0.30257 0.02789 
0.13768 0.04631 0.49442 0.32159 
16 
0.63628 1.6E-4 0.34487 0.01869 
0.1276 0.05324 0.17854 0.64062 
0.93002 0.00104 0.06559 0.00335 
0.12484 0.03121 0.61737 0.22658 
16 
0.66182 0.14642 0.16983 0.02193 
0.59767 0.06365 0.31197 0.02671 
0.18006 0.05124 0.39187 0.37683 
0.41646 0.2127 0.24137 0.12947 
16 
0.07648 0.18254 0.23677 0.50421 
0.19151 0.69815 0.07555 0.03479 
0.79104 0.1623 0.00633 0.04033 
0.28439 0.60171 0.01832 0.09558 
16 
0.56992 0.07916 0.01031 0.34061 
0.73399 0.22341 0.00945 0.03315 
0.21186 0.0549 0.29109 0.44215 
0.30381 0.07499 0.10374 0.51746 
16 
0.95696 0.00339 0.02001 0.01964 
0.60584 0.24496 0.03169 0.11751 
0.37936 0.29286 0.1891 0.13868 
0.30297 0.4413 0.15918 0.09655 
16 
0.18869 0.57649 0.00428 0.23054 
0.29132 0.29663 0.07539 0.33666 
0.25122 0.00698 0.29161 0.45019 
0.02096 0.2377 0.56034 0.181 
16 
0.13067 0.17755 0.32495 0.36683 
0.04912 0.80496 0.13749 0.00843 
0.56845 0.2132 0.14698 0.07137 
0.57789 0.4053 0.00735 0.00946 
