V-CREDAL 
4 
3 4 3 3 
4 
1 0 
2 0 1 
2 1 2 
2 2 3 

12 
0.46432 0.52706 0.00862 
0.5496 0.44837 0.00203 
0.0079 0.91911 0.07299 
0.01527 0.81007 0.17466 

16 
0.85596 0.10147 0.00878 0.03379 
0.83287 0.03679 0.06624 0.0641 
0.02305 0.74945 0.20039 0.02711 
0.03981 0.00223 0.63775 0.32021 
16 
0.0029 0.84341 0.05746 0.09623 
0.21359 0.0187 0.67766 0.09005 
0.00112 0.03082 0.01383 0.95423 
0.00166 0.01334 0.01094 0.97406 
16 
0.30318 0.01049 0.0297 0.65663 
0.12549 0.20203 0.20798 0.4645 
0.65849 0.15991 0.0298 0.1518 
0.91493 0.03922 1.5E-4 0.0457 

12 
0.2166 0.53034 0.25306 
0.43128 0.11446 0.45426 
0.04729 0.40072 0.55199 
0.36862 0.49155 0.13983 
12 
0.51463 0.102 0.38337 
0.50851 0.07129 0.4202 
0.01972 0.8661 0.11418 
0.16653 0.15344 0.68003 
12 
0.1739 0.55174 0.27436 
0.00658 0.47418 0.51924 
0.01874 0.6638 0.31746 
0.05417 0.9324 0.01343 
12 
0.01184 0.54709 0.44107 
0.84154 0.06808 0.09038 
0.35535 0.11495 0.5297 
0.0143 0.89003 0.09567 

12 
0.28191 0.04307 0.67502 
0.00165 0.00678 0.99157 
0.04151 0.19636 0.76213 
0.17978 0.61681 0.20341 
12 
0.00542 0.00957 0.98501 
0.1208 0.15522 0.72398 
0.22029 0.14744 0.63227 
0.26957 0.26513 0.4653 
12 
0.12774 0.84912 0.02314 
0.25361 0.06857 0.67782 
0.51355 0.10399 0.38246 
0.04243 0.34011 0.61746 
