V-CREDAL 
6 
2 3 3 3 3 2 
6 
1 0 
2 0 1 
2 1 2 
2 2 3 
2 3 4 
2 4 5 

4 
0.71392 0.28608 
0.27554 0.72446 

18 
0.61964 0.34922 0.03114 
0.96609 0.01996 0.01395 
0.51325 0.00407 0.48268 
0.17629 0.59183 0.23188 
0.04922 0.14146 0.80932 
0.11044 0.09268 0.79688 
18 
0.15723 0.76386 0.07891 
0.86358 0.07904 0.05738 
0.17295 0.11087 0.71618 
0.74488 0.04581 0.20931 
0.44827 0.00518 0.54655 
0.23147 0.75169 0.01684 

18 
0.01944 0.0189 0.96166 
0.99552 0.00276 0.00172 
0.00272 0.98608 0.0112 
0.00588 0.07814 0.91598 
0.02153 0.97498 0.00349 
0.01211 0.98392 0.00397 
18 
0.92731 0.05484 0.01785 
0.89299 0.00396 0.10305 
6.2E-4 0.00272 0.99666 
0.02556 0.96899 0.00545 
0.84092 8.4E-4 0.15824 
0.73821 0.25892 0.00287 
18 
0.52774 0.43722 0.03504 
0.45193 0.07857 0.4695 
0.2353 0.26658 0.49812 
0.06374 0.7139 0.22236 
0.51319 0.45573 0.03108 
0.02719 0.91803 0.05478 

18 
0.04441 0.74931 0.20628 
0.34822 0.15082 0.50096 
0.26917 0.2028 0.52803 
0.68707 0.09025 0.22268 
0.03694 0.55512 0.40794 
0.55137 0.34942 0.09921 
18 
0.94126 0.008 0.05074 
0.28481 0.2002 0.51499 
0.06536 0.88225 0.05239 
0.98391 0.01408 0.00201 
0.06046 0.75186 0.18768 
0.35679 0.10116 0.54205 
18 
0.89545 0.07941 0.02514 
0.58035 0.03352 0.38613 
0.00381 0.83652 0.15967 
0.14242 0.73013 0.12745 
0.11497 0.15035 0.73468 
0.07141 0.20743 0.72116 

18 
0.83935 0.00433 0.15632 
0.9336 0.03699 0.02941 
0.05828 0.74583 0.19589 
0.49619 0.41977 0.08404 
0.3274 0.02779 0.64481 
0.27939 0.05744 0.66317 
18 
0.74293 0.25661 4.6E-4 
0.00845 0.92096 0.07059 
0.03931 0.93397 0.02672 
0.00369 0.00171 0.9946 
0.97227 0.00371 0.02402 
0.97334 0.01407 0.01259 
18 
0.11023 0.8243 0.06547 
0.85647 0.01167 0.13186 
0.03246 0.26379 0.70375 
0.99056 0.00324 0.0062 
0.38046 0.61402 0.00552 
0.23894 0.11785 0.64321 

4 
0.47323 0.52677 
0.90212 0.09788 
4 
0.72199 0.27801 
0.1419 0.8581 
4 
0.21486 0.78514 
0.78209 0.21791 
