V-CREDAL 
4 
3 3 3 2 
4 
2 2 0 
2 3 1 
1 2 
2 0 3 

12 
0.03626 0.59402 0.36972 
0.28342 0.21486 0.50172 
1.0E-5 5.0E-5 0.99994 
0.22842 0.64795 0.12363 
12 
0.17629 0.74467 0.07904 
0.30337 0.67844 0.01819 
0.85649 0.08288 0.06063 
0.17384 0.21849 0.60767 
12 
0.97323 8.5E-4 0.02592 
0.06532 0.51279 0.42189 
0.07253 0.06539 0.86208 
0.29491 0.41168 0.29341 

12 
0.2924 0.58398 0.12362 
0.10223 0.22818 0.66959 
0.50358 0.46326 0.03316 
0.67517 0.22006 0.10477 
12 
0.13162 0.72282 0.14556 
0.73896 0.24545 0.01559 
0.73421 0.01232 0.25347 
0.63429 0.34513 0.02058 

12 
0.05329 0.92054 0.02617 
0.63601 0.35847 0.00552 
0.01354 9.3E-4 0.98553 
0.00353 0.03862 0.95785 

4 
0.75959 0.24041 
0.18526 0.81474 
4 
0.71382 0.28618 
0.69338 0.30662 
4 
0.18063 0.81937 
0.72378 0.27622 
