V-CREDAL 
6 
2 2 2 3 3 2 
6 
1 0 
2 0 1 
2 1 2 
2 2 3 
2 3 4 
2 4 5 

4 
0.9341 0.0659 
0.57557 0.42443 

4 
0.52676 0.47324 
0.10851 0.89149 
4 
0.2688 0.7312 
0.97664 0.02336 

4 
0.67235 0.32765 
0.39014 0.60986 
4 
0.59379 0.40621 
0.94667 0.05333 

12 
0.18826 0.03251 0.77923 
0.08218 0.3768 0.54102 
0.05275 0.10023 0.84702 
0.47368 0.25166 0.27466 
12 
0.20964 0.63426 0.1561 
0.18105 0.0703 0.74865 
0.35289 0.42604 0.22107 
0.02484 0.01478 0.96038 

12 
0.83213 0.05344 0.11443 
6.5E-4 0.01753 0.98182 
0.35116 0.53229 0.11655 
0.64245 0.34761 0.00994 
12 
0.14588 0.85223 0.00189 
0.54386 0.32918 0.12696 
0.16632 0.39889 0.43479 
0.59092 0.3901 0.01898 
12 
0.06758 0.92326 0.00916 
0.17872 0.07977 0.74151 
0.01502 0.40068 0.5843 
0.14416 0.51453 0.34131 

4 
0.28172 0.71828 
0.25722 0.74278 
4 
0.36407 0.63593 
0.72046 0.27954 
4 
0.3502 0.6498 
0.26465 0.73535 
