V-CREDAL 
8 
2 2 3 3 2 2 2 3 
8 
2 1 0 
2 3 1 
2 6 2 
2 4 3 
1 4 
2 1 5 
2 4 6 
2 2 7 

4 
0.96431 0.03569 
0.14641 0.85359 
4 
0.62457 0.37543 
0.91409 0.08591 

4 
0.13646 0.86354 
0.35876 0.64124 
4 
0.05407 0.94593 
0.79693 0.20307 
4 
0.80473 0.19527 
0.27025 0.72975 

12 
0.01919 0.97752 0.00329 
0.82697 0.00857 0.16446 
0.08671 0.00788 0.90541 
0.02349 0.02018 0.95633 
12 
0.2183 0.1234 0.6583 
0.50283 0.03478 0.46239 
0.42972 0.44595 0.12433 
0.21565 0.07399 0.71036 

12 
0.07863 0.63483 0.28654 
0.23544 0.08749 0.67707 
0.94859 0.02903 0.02238 
0.19755 0.66745 0.135 
12 
0.0614 0.89208 0.04652 
0.30738 0.64803 0.04459 
0.00943 0.45363 0.53694 
0.22168 0.23034 0.54798 

4 
0.23793 0.76207 
0.87576 0.12424 

4 
0.53143 0.46857 
0.22107 0.77893 
4 
0.26357 0.73643 
0.00367 0.99633 

4 
0.7278 0.2722 
0.35118 0.64882 
4 
0.28166 0.71834 
0.1105 0.8895 

12 
0.6295 0.08289 0.28761 
0.78632 0.16897 0.04471 
0.01644 0.33904 0.64452 
0.42273 0.47179 0.10548 
12 
0.35149 0.17582 0.47269 
0.0281 0.35525 0.61665 
0.73173 0.02267 0.2456 
0.95725 0.01697 0.02578 
12 
0.07813 0.55912 0.36275 
0.40067 0.02393 0.5754 
0.83851 0.11442 0.04707 
0.44293 0.49905 0.05802 
