V-CREDAL 
10 
2 4 3 3 2 3 2 2 2 2 
10 
1 0 
2 0 1 
2 1 2 
2 2 3 
2 3 4 
2 4 5 
2 5 6 
2 6 7 
2 7 8 
2 8 9 

4 
0.869 0.131 
0.233 0.767 

24 
0.351 0.616 0.014 0.019 
0.814 0.004 0.114 0.068 
0.227 0.594 0.137 0.042 
0.745 0.153 0.093 0.009 
0.363 0.059 0.025 0.553 
0.33 0.143 0.18 0.347 
24 
0.64 0.003 0.349 0.008 
0.029 0.491 0.476 0.004 
0.027 0.239 0.615 0.119 
0.419 0.015 0.366 0.2 
0.007 0.008 0.978 0.007 
0.039 0.035 0.778 0.148 

18 
0.284 0.183 0.533 
0.545 0.397 0.058 
0.006 0.977 0.017 
0.496 0.102 0.402 
0.714 0.068 0.218 
0.003 0.961 0.036 
18 
0.65 0.007 0.343 
0.252 0.623 0.125 
0.129 0.074 0.797 
0.883 0.094 0.023 
0.156 0.41 0.434 
0.391 0.579 0.03 
18 
0.155 0.185 0.66 
0.04 0.934 0.026 
0.282 0.624 0.094 
0.005 0.348 0.647 
0.019 0.947 0.034 
0.372 0.266 0.362 
18 
0.995 0.001 0.004 
0.025 0.009 0.966 
0.006 0.099 0.895 
0.001 0.997 0.002 
0.003 0.995 0.002 
0.013 0.019 0.968 

18 
0.612 0.353 0.035 
0.041 0.572 0.387 
0.129 0.648 0.223 
0.726 0.003 0.271 
0.597 0.388 0.015 
0.076 0.056 0.868 
18 
0.071 0.246 0.683 
0.119 0.112 0.769 
0.128 0.796 0.076 
0.558 0.201 0.241 
0.661 0.034 0.305 
0.04 0.78 0.18 
18 
0.002 0.989 0.009 
0.012 0.253 0.735 
0.714 0.024 0.262 
0.682 0.1 0.218 
0.453 0.487 0.06 
0.402 0.124 0.474 

4 
0.877 0.123 
0.459 0.541 
4 
0.685 0.315 
0.622 0.378 
4 
0.716 0.284 
0.216 0.784 

18 
0.954 0.002 0.044 
0.202 0.032 0.766 
0.072 0.888 0.04 
0.438 0.552 0.01 
0.038 0.417 0.545 
0.101 0.113 0.786 
18 
0.364 0.627 0.009 
0.805 0.021 0.174 
0.816 0.1 0.084 
0.308 0.62 0.072 
0.029 0.061 0.91 
0.726 0.222 0.052 

4 
0.422 0.578 
0.276 0.724 
4 
0.911 0.089 
0.056 0.944 
4 
0.603 0.397 
0.165 0.835 

4 
0.172 0.828 
0.016 0.984 
4 
0.117 0.883 
0.921 0.079 

4 
0.791 0.209 
0.223 0.777 
4 
0.216 0.784 
0.272 0.728 

4 
0.765 0.235 
0.952 0.048 
4 
0.013 0.987 
0.41 0.59 
