V-CREDAL
8
4 3 3 4 3 4 3 2
8
1 0
2 0 1
2 1 2
2 2 3
2 3 4
2 4 5
2 5 6
2 6 7

16
0.033 0.026 0.812 0.129
0.27 0.03 0.043 0.657
0.056 0.56 0.011 0.373
0.172 0.665 0.077 0.086

12
0.23 0.089 0.681
0.609 0.175 0.216
0.448 0.115 0.437
0.437 0.326 0.237
12
0.037 0.001 0.962
0.074 0.88 0.046
0.789 0.096 0.115
0.017 0.495 0.488
12
0.031 0.738 0.231
0.565 0.433 0.002
0.057 0.099 0.844
0.614 0.139 0.247
12
0.53 0.425 0.045
0.303 0.071 0.626
0.661 0.086 0.253
0.214 0.296 0.49

12
0.011 0.617 0.372
0.516 0.36 0.124
0.079 0.102 0.819
0.591 0.182 0.227
12
0.487 0.166 0.347
0.736 0.208 0.056
0.051 0.671 0.278
0.918 0.041 0.041
12
0.041 0.803 0.156
0.336 0.625 0.039
0.262 0.08 0.658
0.632 0.078 0.29

16
0.655 0.107 0.213 0.025
0.418 0.07 0.071 0.441
0.181 0.661 0.061 0.097
0.258 0.357 0.071 0.314
16
0.469 0.122 0.309 0.1
0.011 0.093 0.056 0.84
0.071 0.028 0.67 0.231
0.093 0.727 0.065 0.115
16
0.228 0.138 0.55 0.084
0.296 0.147 0.24 0.317
0.334 0.541 0.104 0.021
0.008 0.023 0.06 0.909

12
0.101 0.832 0.067
0.708 0.226 0.066
0.423 0.028 0.549
0.297 0.207 0.496
12
0.066 0.924 0.01
0.561 0.267 0.172
0.468 0.377 0.155
0.405 0.575 0.02
12
0.014 0.306 0.68
0.579 0.166 0.255
0.207 0.192 0.601
0.667 0.233 0.1
12
0.529 0.385 0.086
0.176 0.329 0.495
0.074 0.521 0.405
0.371 0.191 0.438

16
0.305 0.487 0.206 0.002
0.132 0.547 0.143 0.178
0.01 0.018 0.886 0.086
0.085 0.351 0.066 0.498
16
0.707 0.005 0.269 0.019
0.229 0.144 0.499 0.128
0.537 0.019 0.213 0.231
0.561 0.001 0.415 0.023
16
0.794 0.175 0.022 0.009
0.332 0.189 0.261 0.218
0.606 0.288 0.062 0.044
0.317 0.434 0.144 0.105

12
0.108 0.246 0.646
0.491 0.001 0.508
0.405 0.233 0.362
0.197 0.167 0.636
12
0.934 0.041 0.025
0.935 0.02 0.045
0.152 0.06 0.788
0.08 0.678 0.242
12
0.706 0.159 0.135
0.302 0.17 0.528
0.541 0.415 0.044
0.229 0.416 0.355
12
0.298 0.612 0.09
0.044 0.046 0.91
0.923 0.029 0.048
0.097 0.378 0.525

4
0.768 0.232
0.633 0.367
4
0.253 0.747
0.431 0.569
4
0.347 0.653
0.585 0.415
