V-CREDAL
7
3 2 4 4 2 3 2
7
1 0
1 1
1 2
3 0 4 3
2 6 4
2 4 5
3 1 2 6

12
0.073 0.221 0.706
0.363 0.267 0.37
0.4 0.382 0.218
0.551 0.309 0.14

4
0.958 0.042
0.214 0.786

16
0.895 0.029 0.051 0.025
0.3 0.215 0.315 0.17
0.095 0.023 0.155 0.727
0.207 0.684 0.011 0.098

16
0.517 0.436 0.039 0.008
0.048 0.023 0.832 0.097
0.145 0.015 0.217 0.623
0.132 0.442 0.137 0.289
16
0.922 0.052 0.012 0.014
0.005 0.698 0.296 0.001
0.272 0.12 0.249 0.359
0.323 0.008 0.607 0.062
16
0.389 0.133 0.026 0.452
0.008 0.468 0.325 0.199
0.067 0.085 0.548 0.3
0.439 0.445 0.103 0.013
16
0.093 0.024 0.775 0.108
0.654 0.001 0.0 0.345
0.184 0.085 0.516 0.215
0.151 0.212 0.631 0.006
16
0.99 0.001 0.003 0.006
0.24 0.358 0.149 0.253
0.18 0.233 0.483 0.104
0.293 0.698 0.002 0.007
16
0.772 0.027 0.198 0.003
0.003 0.991 0.0 0.006
0.272 0.195 0.514 0.019
0.077 0.024 0.325 0.574

4
0.626 0.374
0.087 0.913
4
0.039 0.961
0.298 0.702

12
0.581 0.11 0.309
0.045 0.872 0.083
0.504 0.473 0.023
0.069 0.005 0.926
12
0.623 0.244 0.133
0.204 0.402 0.394
0.077 0.008 0.915
0.011 0.324 0.665

4
0.582 0.418
0.823 0.177
4
0.231 0.769
0.257 0.743
4
0.679 0.321
0.894 0.106
4
0.513 0.487
0.057 0.943
4
0.312 0.688
0.567 0.433
4
0.654 0.346
0.201 0.799
4
0.975 0.025
0.307 0.693
4
0.961 0.039
0.37 0.63
