V-CREDAL 
8 
4 5 5 3 5 5 2 4 
8 
1 0 
2 0 1 
2 1 2 
2 2 3 
2 3 4 
2 4 5 
2 5 6 
2 6 7 

16 
0.01824 0.00179 0.9703 0.00967 
0.08848 0.71216 0.00395 0.19541 
0.19527 0.76875 0.01821 0.01777 
0.00548 0.97065 0.00162 0.02225 

20 
0.03064 0.02648 0.90829 7.9E-4 0.0338 
0.31479 0.28007 0.22893 0.13727 0.03894 
0.50219 0.07965 0.11443 0.26351 0.04022 
0.03196 0.01588 7.2E-4 0.44246 0.50898 
20 
0.09224 0.27788 0.32961 0.14126 0.15901 
0.22699 0.01858 0.41303 0.09469 0.24671 
1.0E-5 0.72733 3.3E-4 0.27172 6.1E-4 
0.00954 0.0796 0.00192 0.00147 0.90747 
20 
0.02022 0.00475 0.28556 0.6781 0.01137 
0.06853 0.41459 0.19391 0.29137 0.0316 
7.1E-4 0.6306 0.02352 0.34386 0.00131 
0.06359 0.32174 0.30948 0.16904 0.13615 
20 
0.8255 0.07296 0.04803 0.01415 0.03936 
0.1753 0.12439 0.28967 0.10931 0.30133 
0.14985 0.06245 0.18472 0.09543 0.50755 
0.81236 0.14142 0.0301 6.4E-4 0.01548 

20 
0.01602 0.75884 0.02017 0.03257 0.1724 
0.00265 0.29293 0.66302 0.00431 0.03709 
0.4217 0.38229 0.05663 0.11068 0.0287 
0.02581 0.52364 0.24504 0.18848 0.01703 
20 
0.07852 0.05989 0.02781 0.48888 0.3449 
0.00209 0.94273 0.00598 0.04405 0.00515 
0.99367 5.0E-5 0.002 0.0041 1.8E-4 
0.00877 0.18217 0.24007 0.48249 0.0865 
20 
0.04773 0.00433 0.06119 0.00127 0.88548 
0.00753 0.14778 0.00289 0.74618 0.09562 
0.00131 2.9E-4 0.90558 0.09259 2.3E-4 
0.11916 0.20955 0.03532 0.50875 0.12722 
20 
0.86176 0.03695 0.03229 0.0337 0.0353 
0.65383 0.04047 0.00809 0.00351 0.2941 
0.34008 0.0118 0.19656 0.05164 0.39992 
0.09402 0.07427 0.11222 0.06702 0.65247 
20 
0.15639 0.56202 0.09993 0.05974 0.12192 
0.31832 0.02321 0.62438 0.01625 0.01784 
0.02174 0.05282 0.01256 0.85905 0.05383 
0.23823 0.00786 0.25469 0.41297 0.08625 

12 
0.87364 0.02292 0.10344 
0.00475 0.49547 0.49978 
0.04779 0.82518 0.12703 
0.38348 0.01064 0.60588 
12 
0.03907 0.95218 0.00875 
0.74461 0.22606 0.02933 
0.06465 0.78272 0.15263 
0.19326 0.6022 0.20454 
12 
0.65921 0.02323 0.31756 
0.01229 0.59027 0.39744 
0.09839 0.68389 0.21772 
0.00842 0.56187 0.42971 
12 
0.36016 0.13602 0.50382 
0.16371 0.62735 0.20894 
5.6E-4 0.00828 0.99116 
0.03779 0.42366 0.53855 
12 
0.12765 0.34828 0.52407 
0.1198 0.73638 0.14382 
0.65282 0.30641 0.04077 
0.36577 0.23388 0.40035 

20 
0.15002 0.17096 0.60386 0.02312 0.05204 
0.08162 3.0E-4 0.04054 0.49484 0.3827 
0.06973 8.9E-4 0.03934 0.03664 0.8534 
0.25293 0.04117 0.28439 0.29889 0.12262 
20 
0.04993 0.88744 0.04279 0.003 0.01684 
0.80557 0.00576 0.18287 0.00256 0.00324 
0.52658 0.0031 0.19962 0.10241 0.16829 
0.013 0.09801 0.80041 0.0479 0.04068 
20 
0.00384 0.65238 1.4E-4 0.08624 0.2574 
0.02348 0.05648 0.57506 0.308 0.03698 
0.00881 0.82985 0.14962 0.00189 0.00983 
0.61344 0.02932 0.19817 0.117 0.04207 

20 
0.70708 0.27998 9.0E-4 0.0097 0.00234 
0.03512 0.09853 0.34641 0.02739 0.49255 
0.01127 0.62586 0.06963 0.20943 0.08381 
0.65385 0.20185 0.07084 0.06877 0.00469 
20 
0.32862 0.31217 0.0212 0.23544 0.10257 
0.00168 0.15648 0.82885 0.00357 0.00942 
0.01632 0.0054 0.63663 0.25301 0.08864 
0.50774 0.40777 0.01384 0.06349 0.00716 
20 
0.00364 3.3E-4 0.79314 0.20279 1.0E-4 
0.64034 0.31017 0.01009 0.01939 0.02001 
0.32143 0.52753 0.0363 0.06361 0.05113 
0.1908 0.12725 0.35684 0.13588 0.18923 
20 
1.6E-4 0.96174 0.03637 0.00126 4.7E-4 
0.10196 0.05518 0.00707 0.0211 0.81469 
0.36718 0.06716 0.03551 0.07409 0.45606 
0.27034 0.26144 0.19154 0.20314 0.07354 
20 
0.02488 0.28807 0.23497 0.02736 0.42472 
0.6994 0.27151 0.00994 0.0091 0.01005 
0.59969 0.08711 0.28609 0.02608 0.00103 
0.01087 0.73024 0.0049 0.1369 0.11709 

4 
0.85945 0.14055 
0.22399 0.77601 
4 
0.02385 0.97615 
0.85952 0.14048 
4 
0.66027 0.33973 
0.03962 0.96038 
4 
0.90596 0.09404 
0.60486 0.39514 
4 
0.92888 0.07112 
0.15195 0.84805 

16 
0.6021 0.00596 0.27938 0.11256 
0.02301 0.62314 0.33164 0.02221 
0.49244 0.29065 0.04514 0.17177 
0.25993 0.09504 0.06571 0.57932 
16 
0.02459 0.61493 0.31637 0.04411 
0.26166 0.50779 0.13851 0.09204 
0.08139 0.30753 0.0303 0.58078 
0.03721 0.64871 0.17969 0.13439 
