V-CREDAL 
6 
3 3 2 4 4 4 
6 
1 0 
2 0 1 
2 1 2 
2 2 3 
2 3 4 
2 4 5 

12 
0.40465 0.16483 0.43052 
0.05832 0.54085 0.40083 
0.05886 0.93789 0.00325 
0.55379 0.43647 0.00974 

12 
0.03513 0.92327 0.0416 
0.90461 0.00796 0.08743 
0.34097 0.13846 0.52057 
0.87033 0.09019 0.03948 
12 
0.00588 0.98831 0.00581 
0.44734 0.08833 0.46433 
0.11332 0.05838 0.8283 
0.62328 0.31453 0.06219 
12 
0.00174 0.07613 0.92213 
0.24915 0.512 0.23885 
0.42861 0.21238 0.35901 
0.45537 0.4415 0.10313 

4 
0.66384 0.33616 
0.42321 0.57679 
4 
0.08134 0.91866 
0.39805 0.60195 
4 
0.5121 0.4879 
0.70983 0.29017 

16 
0.29974 0.09659 0.57836 0.02531 
0.71631 0.08954 0.0263 0.16785 
0.33262 0.13074 0.04259 0.49405 
0.07117 0.32046 0.31107 0.2973 
16 
0.44278 0.39571 0.05219 0.10932 
0.16387 0.33619 0.16518 0.33476 
0.29496 0.68281 0.00903 0.0132 
0.24941 0.22817 0.48748 0.03494 

16 
0.00224 0.01016 0.90926 0.07834 
0.07993 0.2188 0.21533 0.48594 
0.13679 0.27519 0.36107 0.22695 
0.01407 0.00756 0.93548 0.04289 
16 
0.05544 0.00631 0.10659 0.83166 
0.05635 0.27524 0.56046 0.10795 
0.58252 0.06779 0.33504 0.01465 
0.59415 0.36826 0.03681 7.8E-4 
16 
0.78012 0.01328 0.0424 0.1642 
0.00741 0.9528 0.01128 0.02851 
0.71363 0.00445 0.02463 0.25729 
6.2E-4 0.964 0.03333 0.00205 
16 
0.0361 0.07224 0.83802 0.05364 
0.01919 0.58755 0.37595 0.01731 
0.20167 0.55302 0.10171 0.1436 
0.28938 0.43598 3.5E-4 0.27429 

16 
0.01635 4.8E-4 0.96498 0.01819 
0.05601 0.16201 0.6304 0.15158 
0.16724 0.63687 0.00952 0.18637 
0.1868 0.34588 0.35138 0.11594 
16 
0.64207 0.03812 0.25626 0.06355 
0.53192 0.12933 0.2151 0.12365 
0.03059 0.24116 0.61564 0.11261 
0.52545 0.46526 0.00707 0.00222 
16 
0.30392 0.2929 0.17718 0.226 
0.34651 0.48834 0.07378 0.09137 
0.04315 0.67721 0.14068 0.13896 
0.32181 0.18908 0.05939 0.42972 
16 
0.02188 0.39955 0.04784 0.53073 
0.01023 0.05792 0.93118 6.7E-4 
5.0E-5 8.0E-5 0.00142 0.99845 
0.14993 0.65378 0.04641 0.14988 
