V-CREDAL 
6 
3 3 3 3 4 3 
6 
1 0 
2 0 1 
2 1 2 
2 2 3 
2 3 4 
2 4 5 

18 
0.086 0.907 0.007 
0.615 0.096 0.289 
0.853 0.03 0.117 
0.844 0.113 0.043 
0.149 0.422 0.429 
0.448 0.165 0.387 

18 
0.959 0.006 0.035 
0.185 0.806 0.009 
0.105 0.884 0.011 
0.041 0.008 0.951 
0.089 0.774 0.137 
0.097 0.88 0.023 
18 
0.761 0.156 0.083 
0.052 0.105 0.843 
0.056 0.678 0.266 
0.182 0.635 0.183 
0.035 0.539 0.426 
0.059 0.03 0.911 
18 
0.127 0.707 0.166 
0.065 0.044 0.891 
0.042 0.201 0.757 
0.64 0.033 0.327 
0.104 0.704 0.192 
0.503 0.025 0.472 

18 
0.509 0.367 0.124 
0.851 0.075 0.074 
0.869 0.095 0.036 
0.221 0.166 0.613 
0.105 0.491 0.404 
0.06 0.691 0.249 
18 
0.865 0.03 0.105 
0.009 0.021 0.97 
0.095 0.458 0.447 
0.295 0.013 0.692 
0.553 0.348 0.099 
0.94 0.053 0.007 
18 
0.084 0.896 0.02 
0.205 0.241 0.554 
0.528 0.19 0.282 
0.008 0.91 0.082 
0.566 0.331 0.103 
0.419 0.557 0.024 

18 
0.769 0.027 0.204 
0.039 0.943 0.018 
0.659 0.241 0.1 
0.707 0.015 0.278 
0.079 0.607 0.314 
0.174 0.427 0.399 
18 
0.087 0.32 0.593 
0.129 0.852 0.019 
0.516 0.129 0.355 
0.636 0.274 0.09 
0.052 0.747 0.201 
0.214 0.261 0.525 
18 
0.648 0.262 0.09 
0.632 0.024 0.344 
0.038 0.201 0.761 
0.018 0.942 0.04 
0.376 0.011 0.613 
0.019 0.879 0.102 

24 
0.007 0.038 0.661 0.294 
0.029 0.523 0.306 0.142 
0.451 0.075 0.354 0.12 
0.117 0.645 0.078 0.16 
0.119 0.416 0.194 0.271 
0.654 0.012 0.269 0.065 
24 
0.508 0.034 0.164 0.294 
0.07 0.021 0.89 0.019 
0.058 0.753 0.015 0.174 
0.327 0.662 0.008 0.003 
0.471 0.067 0.455 0.007 
0.114 0.039 0.319 0.528 
24 
0.457 0.093 0.02 0.43 
0.69 0.086 0.054 0.17 
0.023 0.396 0.065 0.516 
0.09 0.699 0.062 0.149 
0.59 0.125 0.02 0.265 
0.55 0.083 0.249 0.118 

18 
0.339 0.157 0.504 
0.554 0.177 0.269 
0.005 0.967 0.028 
0.372 0.512 0.116 
0.043 0.557 0.4 
0.169 0.805 0.026 
18 
0.735 0.208 0.057 
0.015 0.979 0.006 
0.209 0.081 0.71 
0.772 0.005 0.223 
0.165 0.111 0.724 
0.012 0.863 0.125 
18 
0.195 0.052 0.753 
0.076 0.784 0.14 
0.095 0.075 0.83 
0.257 0.531 0.212 
0.188 0.698 0.114 
0.002 0.457 0.541 
18 
0.217 0.122 0.661 
0.046 0.952 0.002 
0.627 0.004 0.369 
0.903 0.095 0.002 
0.12 0.272 0.608 
0.827 0.055 0.118 
