V-CREDAL 
8 
3 3 3 3 2 3 2 3 
8 
2 4 0 
3 0 7 1 
1 2 
2 6 3 
2 5 4 
1 5 
2 2 6 
2 3 7 

12 
0.05913 0.38086 0.56001 
0.10138 0.89567 0.00295 
0.89532 0.01549 0.08919 
0.01726 0.5087 0.47404 
12 
0.00686 6.4E-4 0.9925 
0.74142 0.23921 0.01937 
0.061 0.53513 0.40387 
0.77769 0.00702 0.21529 

12 
0.40607 0.55725 0.03668 
0.14467 0.184 0.67133 
0.9377 0.01632 0.04598 
0.16475 0.6445 0.19075 
12 
0.85941 0.00108 0.13951 
0.46566 0.48929 0.04505 
0.64425 0.35083 0.00492 
0.09423 0.16439 0.74138 
12 
0.03079 0.8904 0.07881 
0.06715 0.1742 0.75865 
0.17742 0.06999 0.75259 
0.48296 0.51188 0.00516 
12 
0.04946 0.72916 0.22138 
0.3976 0.47622 0.12618 
0.70682 0.1215 0.17168 
0.0028 0.07336 0.92384 
12 
0.34643 0.18435 0.46922 
0.17684 0.42445 0.39871 
0.55383 0.42098 0.02519 
0.89684 0.0841 0.01906 
12 
0.36663 0.38947 0.2439 
0.98511 0.00985 0.00504 
0.99167 0.0056 0.00273 
0.08557 0.18855 0.72588 
12 
0.17053 0.15565 0.67382 
0.71191 0.12421 0.16388 
0.1485 0.54222 0.30928 
0.34657 0.11309 0.54034 
12 
0.23527 0.64262 0.12211 
0.48951 0.03854 0.47195 
0.53899 0.09685 0.36416 
0.01696 0.83336 0.14968 
12 
0.04417 0.40051 0.55532 
0.82529 0.10828 0.06643 
0.13745 0.63797 0.22458 
0.31108 0.12367 0.56525 

12 
0.40045 0.33185 0.2677 
0.63645 0.29803 0.06552 
0.12196 0.18733 0.69071 
0.00126 0.00336 0.99538 

12 
0.26308 0.35793 0.37899 
0.12071 0.24843 0.63086 
0.00964 0.78145 0.20891 
0.16151 0.23614 0.60235 
12 
0.31042 0.04925 0.64033 
0.77602 0.05197 0.17201 
0.06929 0.86678 0.06393 
0.04857 0.78685 0.16458 

4 
0.50805 0.49195 
0.22748 0.77252 
4 
0.14516 0.85484 
0.47634 0.52366 
4 
0.08592 0.91408 
0.34154 0.65846 

12 
0.38209 0.48948 0.12843 
0.35887 0.24281 0.39832 
0.0137 0.89871 0.08759 
0.07028 0.34643 0.58329 

4 
0.18673 0.81327 
0.86237 0.13763 
4 
0.60083 0.39917 
0.62197 0.37803 
4 
0.09846 0.90154 
0.0964 0.9036 

12 
0.57233 0.02552 0.40215 
0.11064 0.31613 0.57323 
0.37687 0.35247 0.27066 
0.71991 0.04934 0.23075 
12 
0.07903 0.58454 0.33643 
0.44462 0.35449 0.20089 
0.35372 0.06051 0.58577 
0.49842 0.0944 0.40718 
12 
0.06811 0.03116 0.90073 
0.64092 0.05377 0.30531 
0.66012 0.33501 0.00487 
0.19126 0.19978 0.60896 
