V-CREDAL
10
3 4 3 2 2 3 4 3 4 2
10
1 0
2 0 1
2 1 2
2 2 3
2 3 4
2 4 5
2 5 6
2 6 7
2 7 8
2 8 9

18
0.773 0.04 0.187
0.275 0.629 0.096
0.052 0.419 0.529
0.109 0.031 0.86
0.152 0.021 0.827
0.041 0.557 0.402

24
0.025 0.591 0.26 0.124
0.927 0.006 0.01 0.057
0.073 0.274 0.244 0.409
0.165 0.017 0.277 0.541
0.282 0.316 0.258 0.144
0.75 0.028 0.197 0.025
24
0.029 0.923 0.006 0.042
0.366 0.075 0.488 0.071
0.141 0.124 0.01 0.725
0.184 0.595 0.041 0.18
0.434 0.139 0.198 0.229
0.318 0.008 0.66 0.014
24
0.121 0.113 0.61 0.156
0.031 0.023 0.933 0.013
0.022 0.88 0.004 0.094
0.127 0.011 0.259 0.603
0.071 0.077 0.849 0.003
0.079 0.569 0.051 0.301

18
0.009 0.008 0.983
0.087 0.852 0.061
0.063 0.844 0.093
0.891 0.014 0.095
0.805 0.194 0.001
0.032 0.401 0.567
18
0.131 0.867 0.002
0.68 0.006 0.314
0.955 0.009 0.036
0.021 0.271 0.708
0.089 0.064 0.847
0.654 0.332 0.014
18
0.002 0.995 0.003
0.976 0.003 0.021
0.017 0.1 0.883
0.004 0.411 0.585
0.526 0.004 0.47
0.049 0.045 0.906
18
0.118 0.858 0.024
0.112 0.171 0.717
0.265 0.074 0.661
0.03 0.576 0.394
0.517 0.355 0.128
0.02 0.921 0.059

4
0.29 0.71
0.072 0.928
4
0.473 0.527
0.256 0.744
4
0.418 0.582
0.053 0.947

4
0.954 0.046
0.464 0.536
4
0.497 0.503
0.573 0.427

18
0.989 0.005 0.006
0.005 0.002 0.993
0.906 0.002 0.092
0.005 0.989 0.006
0.807 0.192 0.001
0.004 0.983 0.013
18
0.792 0.124 0.084
0.106 0.063 0.831
0.012 0.966 0.022
0.028 0.377 0.595
0.795 0.189 0.016
0.747 0.071 0.182

24
0.74 0.01 0.122 0.128
0.148 0.258 0.363 0.231
0.116 0.513 0.303 0.068
0.045 0.039 0.717 0.199
0.128 0.586 0.077 0.209
0.045 0.896 0.026 0.033
24
0.134 0.823 0.019 0.024
0.061 0.437 0.092 0.41
0.056 0.314 0.627 0.003
0.286 0.475 0.078 0.161
0.151 0.049 0.414 0.386
0.438 0.076 0.071 0.415
24
0.342 0.493 0.154 0.011
0.612 0.034 0.053 0.301
0.849 0.029 0.087 0.035
0.101 0.082 0.125 0.692
0.003 0.617 0.016 0.364
0.023 0.345 0.309 0.323

18
0.837 0.092 0.071
0.002 0.768 0.23
0.395 0.568 0.037
0.659 0.066 0.275
0.143 0.28 0.577
0.012 0.634 0.354
18
0.428 0.422 0.15
0.411 0.049 0.54
0.027 0.579 0.394
0.032 0.967 0.001
0.235 0.067 0.698
0.017 0.87 0.113
18
0.915 0.084 0.001
0.064 0.753 0.183
0.621 0.377 0.002
0.831 0.002 0.167
0.12 0.014 0.866
0.021 0.457 0.522
18
0.982 0.006 0.012
0.061 0.93 0.009
0.187 0.034 0.779
0.003 0.048 0.949
0.654 0.34 0.006
0.516 0.48 0.004

24
0.819 0.014 0.002 0.165
0.441 0.043 0.422 0.094
0.013 0.408 0.483 0.096
0.114 0.83 0.017 0.039
0.002 0.629 0.061 0.308
0.096 0.311 0.011 0.582
24
0.4 0.269 0.191 0.14
0.007 0.017 0.013 0.963
0.041 0.076 0.882 0.001
0.011 0.114 0.858 0.017
0.072 0.875 0.038 0.015
0.313 0.079 0.408 0.2
24
0.355 0.327 0.307 0.011
0.182 0.088 0.556 0.174
0.007 0.936 0.039 0.018
0.793 0.022 0.084 0.101
0.16 0.05 0.692 0.098
0.817 0.002 0.169 0.012

4
0.044 0.956
0.031 0.969
4
0.755 0.245
0.335 0.665
4
0.349 0.651
0.805 0.195
4
0.693 0.307
0.138 0.862
