V-CREDAL 
10 
4 3 4 3 3 4 4 3 3 4 
10 
1 0 
2 0 1 
2 1 2 
2 2 3 
2 3 4 
2 4 5 
2 5 6 
2 6 7 
2 7 8 
2 8 9 

24 
0.00785 0.98573 0.00597 4.5E-4 
0.06755 0.56037 0.23076 0.14132 
0.20817 0.76307 0.006 0.02276 
0.10992 0.36054 0.20059 0.32895 
0.00917 0.02227 0.02976 0.9388 
0.02016 0.00614 4.9E-4 0.97321 

18 
0.04514 0.5293 0.42556 
0.5202 0.45853 0.02127 
0.67566 0.21564 0.1087 
0.14254 0.84348 0.01398 
0.03734 0.87932 0.08334 
0.30552 0.25447 0.44001 
18 
0.24618 0.74248 0.01134 
0.06353 0.77634 0.16013 
0.01831 0.03024 0.95145 
0.52716 0.23865 0.23419 
0.02119 0.13288 0.84593 
0.40273 0.12103 0.47624 
18 
0.04258 0.54519 0.41223 
0.92871 0.0239 0.04739 
0.08042 0.06233 0.85725 
0.16439 0.82651 0.0091 
0.02679 0.90483 0.06838 
0.17555 0.04493 0.77952 
18 
0.5281 0.03656 0.43534 
0.11648 0.21066 0.67286 
0.0399 0.90777 0.05233 
0.39993 0.56817 0.0319 
0.49389 0.26727 0.23884 
0.00698 0.37716 0.61586 

24 
0.43853 0.20424 0.21583 0.1414 
0.07969 0.76589 0.09159 0.06283 
0.10962 0.25987 0.07294 0.55757 
0.01034 0.36564 0.31068 0.31334 
0.02443 0.06566 0.30273 0.60718 
0.35621 0.46655 0.16509 0.01215 
24 
0.09043 0.5082 0.21968 0.18169 
0.03269 0.05527 0.83464 0.0774 
0.4769 0.01773 0.01491 0.49046 
0.66567 0.12919 0.18199 0.02315 
0.08318 0.24027 0.02736 0.64919 
0.17462 0.73202 0.05298 0.04038 
24 
0.94237 0.04389 0.01071 0.00303 
0.01509 0.07052 0.49293 0.42146 
0.21741 0.17493 0.53435 0.07331 
0.08499 0.28208 0.00682 0.62611 
0.1874 0.49744 0.01996 0.2952 
0.24595 0.65056 0.07236 0.03113 

18 
0.18494 0.02428 0.79078 
0.97381 0.01029 0.0159 
0.10091 0.70472 0.19437 
0.1993 0.72665 0.07405 
0.06487 0.27709 0.65804 
0.31859 0.67086 0.01055 
18 
0.00749 0.06311 0.9294 
0.26548 0.73307 0.00145 
6.6E-4 0.99381 0.00553 
0.24942 0.03905 0.71153 
0.64364 0.34273 0.01363 
0.05971 0.93832 0.00197 
18 
0.36827 0.02601 0.60572 
0.99945 3.8E-4 1.7E-4 
0.03552 0.13574 0.82874 
0.00791 0.78128 0.21081 
0.17824 0.80179 0.01997 
0.0073 0.83791 0.15479 
18 
0.13849 0.80796 0.05355 
0.79558 0.19791 0.00651 
0.03354 0.24304 0.72342 
0.19257 0.78296 0.02447 
0.04686 0.73246 0.22068 
0.36871 0.00349 0.6278 

18 
0.29231 0.61383 0.09386 
0.05025 0.13404 0.81571 
0.14038 0.72905 0.13057 
0.57982 0.35696 0.06322 
0.77464 0.06235 0.16301 
0.0722 0.49947 0.42833 
18 
0.6831 0.11329 0.20361 
0.2516 0.26111 0.48729 
0.45594 0.17947 0.36459 
0.41794 0.40948 0.17258 
0.78472 0.09305 0.12223 
0.1129 0.50881 0.37829 
18 
0.08702 0.83744 0.07554 
0.0394 0.80289 0.15771 
0.08295 0.03646 0.88059 
0.86747 0.01323 0.1193 
0.73963 0.19615 0.06422 
0.47971 0.46675 0.05354 

24 
0.01336 0.64891 0.18949 0.14824 
0.39684 0.13443 0.06408 0.40465 
0.02417 0.20842 0.42194 0.34547 
0.00532 0.01281 0.00106 0.98081 
0.63292 0.01094 0.0515 0.30464 
0.15714 0.06172 0.7542 0.02694 
24 
0.29718 0.70246 2.2E-4 1.4E-4 
0.08015 0.37984 0.01373 0.52628 
0.05168 0.08433 0.74846 0.11553 
0.19635 0.28156 0.02533 0.49676 
0.03108 0.15722 0.06599 0.74571 
0.50406 0.48226 0.00835 0.00533 
24 
0.51244 0.40618 0.02036 0.06102 
0.16212 0.37017 0.21917 0.24854 
0.13436 0.01165 0.7723 0.08169 
0.06631 0.02973 0.00349 0.90047 
0.50052 0.44058 0.05084 0.00806 
6.5E-4 0.20381 0.7947 8.4E-4 

24 
0.78798 0.08832 0.03392 0.08978 
0.04149 0.82778 0.07387 0.05686 
0.02698 0.76205 0.19845 0.01252 
0.0632 0.29951 0.12034 0.51695 
0.35303 0.00337 0.62754 0.01606 
0.04689 0.1911 0.59141 0.1706 
24 
0.03857 0.9523 0.00771 0.00142 
0.12782 0.15232 0.11219 0.60767 
0.00175 0.01784 0.13965 0.84076 
0.00567 0.17223 0.41966 0.40244 
0.51233 0.02101 0.43509 0.03157 
0.32728 0.52188 0.08545 0.06539 
24 
0.4516 0.13479 0.35742 0.05619 
0.25711 0.29146 0.00516 0.44627 
0.98683 0.00331 0.00788 0.00198 
0.16814 0.23402 0.38118 0.21666 
0.49193 0.07336 0.06443 0.37028 
0.0417 0.31323 0.62561 0.01946 
24 
0.60546 0.1873 0.11863 0.08861 
0.16466 0.02992 0.1049 0.70052 
0.29668 0.05128 0.60668 0.04536 
0.04532 0.29053 0.50237 0.16178 
2.0E-5 0.99628 0.00359 1.1E-4 
0.03528 0.08846 0.02581 0.85045 

18 
0.30556 0.21457 0.47987 
0.13388 0.77474 0.09138 
0.15794 0.48785 0.35421 
0.57888 0.35419 0.06693 
0.47564 0.00533 0.51903 
0.85051 0.06461 0.08488 
18 
0.56455 0.10085 0.3346 
0.22051 0.33718 0.44231 
0.00438 0.991 0.00462 
0.11859 0.49552 0.38589 
0.99186 1.9E-4 0.00795 
0.19532 0.3705 0.43418 
18 
0.18208 0.79375 0.02417 
0.0064 0.00309 0.99051 
0.8529 0.00449 0.14261 
0.01991 0.43776 0.54233 
0.93281 0.01921 0.04798 
0.08856 0.76067 0.15077 
18 
0.03152 0.81238 0.1561 
0.09499 0.04133 0.86368 
0.62613 0.32753 0.04634 
0.77434 0.20505 0.02061 
0.78979 0.0771 0.13311 
0.03139 0.52165 0.44696 

18 
0.89486 0.06988 0.03526 
0.19332 0.0174 0.78928 
0.78504 0.14151 0.07345 
0.14927 0.32968 0.52105 
0.12068 0.03942 0.8399 
0.20906 0.34062 0.45032 
18 
0.30634 0.63348 0.06018 
0.04803 0.05028 0.90169 
0.96413 0.02597 0.0099 
0.86911 0.00499 0.1259 
0.62497 8.2E-4 0.37421 
0.27912 0.59749 0.12339 
18 
0.03007 0.03342 0.93651 
0.82037 0.00745 0.17218 
0.33353 0.64859 0.01788 
0.29168 0.65316 0.05516 
0.1123 0.01177 0.87593 
0.15589 0.48517 0.35894 

24 
0.08822 0.01515 0.86038 0.03625 
0.02462 0.21865 0.27613 0.4806 
0.40156 0.06164 0.46254 0.07426 
0.08666 0.66492 0.23303 0.01539 
0.58707 0.04587 0.25445 0.11261 
0.05796 0.07019 0.43346 0.43839 
24 
0.01232 0.01606 0.5058 0.46582 
0.15215 0.53525 0.28612 0.02648 
0.14898 0.60489 0.21778 0.02835 
0.23243 0.69198 0.02516 0.05043 
0.32507 0.02988 0.33976 0.30529 
0.06739 0.03347 0.86215 0.03699 
24 
0.09695 0.22959 0.26612 0.40734 
0.08145 0.32269 0.34483 0.25103 
0.36099 0.52202 0.00578 0.11121 
0.16789 0.00516 0.82393 0.00302 
0.0093 0.06592 0.89706 0.02772 
0.87615 0.08915 0.0162 0.0185 
