V-CREDAL 
8 
3 5 2 5 3 5 5 4 
8 
1 0 
2 0 1 
2 1 2 
2 2 3 
2 3 4 
2 4 5 
2 5 6 
2 6 7 

12 
0.81715 0.15258 0.03027 
0.91488 0.068 0.01712 
0.19122 0.45878 0.35 
0.51019 0.03707 0.45274 

20 
0.17858 0.00679 0.07516 0.06973 0.66974 
0.28608 0.14823 0.18185 0.32433 0.05951 
0.00601 0.00146 0.94064 0.05185 4.0E-5 
0.02273 0.50902 0.07432 0.27301 0.12092 
20 
0.01791 0.10527 0.0015 0.00788 0.86744 
0.87659 0.04826 0.0662 0.0041 0.00485 
0.00365 0.00329 0.28025 0.56497 0.14784 
0.70498 0.05671 0.00358 0.12082 0.11391 
20 
0.05888 0.10049 0.13449 0.65171 0.05443 
0.00719 0.21628 0.73799 0.02304 0.0155 
0.24551 0.0411 0.69088 0.00865 0.01386 
0.17381 0.03055 0.01472 0.77648 0.00444 

4 
0.74883 0.25117 
0.291 0.709 
4 
0.20394 0.79606 
0.08999 0.91001 
4 
0.68619 0.31381 
0.28347 0.71653 
4 
0.34255 0.65745 
0.25982 0.74018 
4 
0.21898 0.78102 
0.94032 0.05968 

20 
0.00116 0.9842 0.00687 0.00695 8.2E-4 
0.00762 0.78291 0.11108 0.02822 0.07017 
0.33278 0.22952 0.01958 0.01437 0.40375 
0.10943 0.08708 0.2466 0.0814 0.47549 
20 
0.0178 0.03197 0.62463 0.02383 0.30177 
0.85441 2.5E-4 0.00444 0.00153 0.13937 
0.13332 0.07337 0.06921 0.611 0.1131 
0.02698 0.95785 0.00406 9.7E-4 0.01014 

12 
0.03835 0.13494 0.82671 
0.67173 0.14392 0.18435 
0.49223 0.26628 0.24149 
0.52985 0.01721 0.45294 
12 
0.77514 0.0627 0.16216 
0.07705 0.90291 0.02004 
0.07477 0.21135 0.71388 
0.70714 0.27798 0.01488 
12 
0.16731 0.27036 0.56233 
0.04476 0.94811 0.00713 
0.72659 0.01652 0.25689 
0.01346 0.89769 0.08885 
12 
0.03833 0.04863 0.91304 
0.62357 0.18033 0.1961 
0.06267 0.00392 0.93341 
0.152 0.75937 0.08863 
12 
0.73952 0.07419 0.18629 
0.4481 0.29271 0.25919 
0.45013 0.14114 0.40873 
0.66853 0.03571 0.29576 

20 
0.03559 0.01114 0.01909 0.59672 0.33746 
0.00351 0.70809 1.6E-4 0.14499 0.14325 
0.04398 0.37268 0.00884 0.55006 0.02444 
0.43949 0.00833 0.12732 0.01849 0.40637 
20 
0.09725 0.84501 0.01943 0.0214 0.01691 
0.99006 0.00229 0.00264 0.00457 4.4E-4 
0.04141 0.37841 0.01908 0.46362 0.09748 
0.01365 0.31981 0.00127 0.66151 0.00376 
20 
0.00783 0.12623 0.50915 7.1E-4 0.35608 
0.87385 0.01267 0.01566 0.09506 0.00276 
0.00223 0.70031 0.01693 0.27924 0.00129 
0.01502 0.17968 0.08724 0.06486 0.6532 

20 
5.0E-5 1.9E-4 0.83444 0.00268 0.16264 
0.05957 0.27047 0.32873 0.16341 0.17782 
0.00167 0.11735 0.85578 0.01219 0.01301 
0.00224 0.01565 0.8697 0.10106 0.01135 
20 
0.10552 0.1618 0.19209 0.02047 0.52012 
0.01411 0.21343 0.12113 0.05454 0.59679 
0.19365 0.13985 0.18708 0.2749 0.20452 
0.54733 0.28174 0.12646 7.7E-4 0.0437 
20 
0.91266 0.01345 0.01163 0.0466 0.01566 
0.85269 0.02914 0.04676 0.03301 0.0384 
0.00459 0.00218 0.00117 0.11606 0.876 
0.20247 0.05602 0.27471 0.30189 0.16491 
20 
0.00496 0.03904 0.49226 0.45116 0.01258 
0.00165 0.02519 0.03956 0.92854 0.00506 
0.99378 0.00146 0.00176 0.00295 5.0E-5 
0.01987 0.81341 0.0194 0.08467 0.06265 
20 
0.01587 0.04429 0.04614 0.02302 0.87068 
0.93649 0.00143 0.0024 0.00236 0.05732 
0.16604 0.41895 0.21016 0.10946 0.09539 
0.0662 0.2848 0.14967 0.16022 0.33911 

16 
0.21501 0.45724 0.1912 0.13655 
0.01935 0.15087 0.06913 0.76065 
0.30571 0.40274 0.26607 0.02548 
0.17696 0.40079 0.18823 0.23402 
16 
0.14478 0.77192 0.03831 0.04499 
0.41032 0.01278 0.39487 0.18203 
0.56781 0.002 0.15447 0.27572 
0.01083 0.1366 0.03385 0.81872 
16 
0.08737 0.33789 0.10126 0.47348 
0.1505 0.24312 0.17444 0.43194 
0.00619 0.35085 0.05086 0.5921 
0.93134 0.01816 0.00384 0.04666 
16 
0.24988 0.41887 0.27312 0.05813 
0.263 0.6611 0.04665 0.02925 
0.01848 0.22472 0.74986 0.00694 
0.13924 0.52955 0.09316 0.23805 
16 
0.11468 0.78428 0.08467 0.01637 
0.08693 0.11498 0.00814 0.78995 
0.56994 0.31766 0.10237 0.01003 
0.85921 0.08512 0.04194 0.01373 
