V-CREDAL
10
2 3 3 2 3 2 3 4 2 3
10
4 1 4 5 0
2 6 1
1 2
1 3
1 4
3 2 3 5
1 6
2 0 7
2 0 8
2 4 9

4
0.09 0.91
0.953 0.047
4
0.584 0.416
0.537 0.463
4
0.347 0.653
0.043 0.957
4
0.229 0.771
0.738 0.262
4
0.904 0.096
0.137 0.863
4
0.194 0.806
0.532 0.468
4
0.433 0.567
0.546 0.454
4
0.982 0.018
0.522 0.478
4
0.047 0.953
0.093 0.907
4
0.235 0.765
0.278 0.722
4
0.967 0.033
0.144 0.856
4
0.228 0.772
0.473 0.527
4
0.672 0.328
0.129 0.871
4
0.182 0.818
0.18 0.82
4
0.919 0.081
0.969 0.031
4
0.778 0.222
0.417 0.583
4
0.183 0.817
0.947 0.053
4
0.836 0.164
0.636 0.364

12
0.15 0.145 0.705
0.881 0.119 0.0
0.603 0.363 0.034
0.711 0.085 0.204
12
0.016 0.315 0.669
0.029 0.527 0.444
0.238 0.306 0.456
0.268 0.365 0.367
12
0.073 0.813 0.114
0.32 0.674 0.006
0.345 0.63 0.025
0.028 0.961 0.011

12
0.149 0.252 0.599
0.078 0.812 0.11
0.881 0.056 0.063
0.31 0.185 0.505

4
0.308 0.692
0.517 0.483

12
0.953 0.019 0.028
0.653 0.147 0.2
0.206 0.07 0.724
0.018 0.085 0.897

4
0.985 0.015
0.669 0.331
4
0.689 0.311
0.627 0.373
4
0.579 0.421
0.687 0.313
4
0.495 0.505
0.012 0.988
4
0.682 0.318
0.057 0.943
4
0.097 0.903
0.768 0.232

12
0.189 0.052 0.759
0.892 0.071 0.037
0.168 0.327 0.505
0.145 0.197 0.658

16
0.059 0.025 0.076 0.84
0.689 0.145 0.062 0.104
0.022 0.727 0.031 0.22
0.004 0.448 0.001 0.547
16
0.002 0.04 0.918 0.04
0.15 0.113 0.448 0.289
0.305 0.117 0.544 0.034
0.228 0.19 0.226 0.356

4
0.069 0.931
0.651 0.349
4
0.377 0.623
0.988 0.012

12
0.218 0.326 0.456
0.363 0.089 0.548
0.082 0.013 0.905
0.382 0.14 0.478
12
0.018 0.024 0.958
0.392 0.352 0.256
0.902 0.068 0.03
0.665 0.258 0.077
12
0.066 0.913 0.021
0.2 0.778 0.022
0.07 0.285 0.645
0.076 0.004 0.92
