V-CREDAL 
10 
3 5 2 5 2 5 3 3 2 2 
10 
2 5 0 
3 7 9 1 
1 2 
3 0 8 3 
2 8 4 
2 6 5 
1 6 
1 7 
2 2 8 
2 6 9 

12 
0.65995 0.21065 0.1294 
0.69328 0.078 0.22872 
0.0324 0.34357 0.62403 
0.16885 0.49522 0.33593 
12 
0.1816 0.78854 0.02986 
0.05577 0.70087 0.24336 
0.6081 0.29124 0.10066 
0.4211 0.32967 0.24923 
12 
0.46938 0.45745 0.07317 
0.713 0.24894 0.03806 
0.12315 0.04777 0.82908 
0.88727 0.03224 0.08049 
12 
0.23113 0.74582 0.02305 
0.19902 0.68998 0.111 
0.23019 0.57379 0.19602 
0.5824 0.25132 0.16628 
12 
0.01222 0.08168 0.9061 
0.0056 0.99189 0.00251 
0.92231 0.03861 0.03908 
0.0063 0.72662 0.26708 

20 
0.0941 0.55969 0.27095 0.03394 0.04132 
0.01606 0.83021 0.01013 0.00124 0.14236 
0.49151 0.01007 0.04518 0.10703 0.34621 
0.09937 0.37441 0.04033 0.08069 0.4052 
20 
0.63783 0.03927 0.13 0.16826 0.02464 
0.40157 0.02833 4.4E-4 0.01316 0.5565 
6.4E-4 0.18495 6.7E-4 0.79186 0.02188 
9.3E-4 0.03198 0.84841 3.7E-4 0.11831 
20 
0.01609 0.42503 0.12756 0.17788 0.25344 
0.01417 0.39451 0.0565 0.52727 0.00755 
0.00383 0.12903 0.11535 0.745 0.00679 
0.16438 0.04488 0.36636 0.31659 0.10779 
20 
9.3E-4 0.00407 0.91104 0.08134 0.00262 
0.00682 0.26928 0.07889 0.51718 0.12783 
0.00756 0.10997 0.01055 0.03969 0.83223 
0.16045 0.06042 0.15211 0.09921 0.52781 
20 
0.3454 0.34059 0.07588 0.05967 0.17846 
0.30546 0.00543 0.65023 0.02279 0.01609 
0.22673 0.02043 0.24031 0.00403 0.5085 
0.16214 0.02038 0.77406 0.00791 0.03551 
20 
0.08884 0.05774 0.21452 0.42438 0.21452 
0.91401 0.00135 0.0759 5.0E-4 0.00824 
0.01747 0.04235 0.7356 0.14928 0.0553 
0.04142 0.07915 0.11907 0.40387 0.35649 

4 
0.90098 0.09902 
0.51887 0.48113 

20 
0.12336 0.17338 0.3897 0.17511 0.13845 
0.31853 0.65117 0.00496 0.00477 0.02057 
0.21521 0.26527 0.052 7.7E-4 0.46675 
0.42009 0.52225 0.04997 0.00358 0.00411 
20 
0.01085 0.02178 0.61326 0.1611 0.19301 
0.21633 0.00839 0.37641 0.02156 0.37731 
0.12983 0.08935 0.2313 0.51157 0.03795 
0.82869 0.00881 0.02383 0.13865 2.0E-5 
20 
0.07325 0.17035 0.68276 0.05866 0.01498 
0.01624 0.29022 0.20127 0.11273 0.37954 
1.5E-4 8.9E-4 0.09302 3.1E-4 0.90563 
0.61762 0.06534 0.01394 0.03589 0.26721 
20 
0.00876 0.07217 0.01072 0.63038 0.27797 
0.97205 0.02592 6.0E-5 0.00144 5.3E-4 
0.00638 0.014 0.0104 0.92966 0.03956 
0.00758 0.04422 0.02197 0.8985 0.02773 
20 
0.18894 0.11897 0.15635 0.29557 0.24017 
0.34136 0.61201 0.01679 0.02666 0.00318 
0.25015 0.00923 0.01822 0.71734 0.00506 
0.01161 0.66205 0.00411 0.01566 0.30657 
20 
0.07844 0.39482 0.05773 0.19162 0.27739 
0.00161 6.8E-4 0.00632 0.01802 0.97337 
0.34507 0.01218 0.06178 0.19377 0.3872 
0.41114 0.01418 0.05326 0.45961 0.06181 

4 
0.02653 0.97347 
0.73541 0.26459 
4 
0.42302 0.57698 
0.1602 0.8398 

20 
0.02787 0.0824 0.31828 0.00981 0.56164 
0.49671 0.00144 0.05666 0.3458 0.09939 
1.0E-5 0.00559 5.8E-4 2.8E-4 0.99354 
0.11987 0.07292 0.08284 0.71334 0.01103 
20 
0.011 0.84475 0.03073 0.00517 0.10835 
0.1527 0.0314 0.01219 0.70308 0.10063 
0.02255 0.19554 0.44715 0.21571 0.11905 
6.6E-4 0.9191 2.0E-5 5.4E-4 0.07968 
20 
0.03449 0.29481 0.16648 0.32227 0.18195 
0.00274 0.07388 0.29582 0.60333 0.02423 
0.01703 0.03058 0.94405 0.00172 0.00662 
0.11137 0.20588 0.52892 0.13095 0.02288 

12 
0.21602 0.60397 0.18001 
0.10386 0.10027 0.79587 
0.28055 0.05162 0.66783 
0.15918 0.64055 0.20027 

12 
0.26687 0.39185 0.34128 
0.7588 0.03325 0.20795 
0.85404 0.0602 0.08576 
0.02048 0.08849 0.89103 

4 
0.37545 0.62455 
0.06697 0.93303 
4 
0.01846 0.98154 
0.89184 0.10816 

4 
0.57421 0.42579 
0.66968 0.33032 
4 
0.50117 0.49883 
0.89158 0.10842 
4 
0.76277 0.23723 
0.51901 0.48099 
