V-CREDAL
8
2 4 2 2 2 3 2 4
8
1 0
2 0 1
2 1 2
2 2 3
2 3 4
2 4 5
2 5 6
2 6 7

4
0.156 0.844
0.449 0.551

16
0.042 0.399 0.031 0.528
0.018 0.121 0.007 0.854
0.077 0.22 0.347 0.356
0.0 0.001 0.003 0.996
16
0.119 0.192 0.049 0.64
0.102 0.148 0.609 0.141
0.171 0.538 0.011 0.28
0.054 0.522 0.07 0.354

4
0.968 0.032
0.832 0.168
4
0.447 0.553
0.932 0.068
4
0.126 0.874
0.239 0.761
4
0.581 0.419
0.409 0.591

4
0.773 0.227
0.345 0.655
4
0.275 0.725
0.808 0.192

4
0.474 0.526
0.245 0.755
4
0.718 0.282
0.577 0.423

12
0.263 0.728 0.009
0.985 0.006 0.009
0.044 0.499 0.457
0.709 0.016 0.275
12
0.644 0.1 0.256
0.053 0.261 0.686
0.05 0.172 0.778
0.377 0.57 0.053

4
0.982 0.018
0.398 0.602
4
0.332 0.668
0.528 0.472
4
0.814 0.186
0.393 0.607

16
0.088 0.367 0.462 0.083
0.586 0.166 0.164 0.084
0.384 0.299 0.047 0.27
0.463 0.505 0.015 0.017
16
0.236 0.145 0.485 0.134
0.621 0.026 0.053 0.3
0.238 0.25 0.489 0.023
0.616 0.017 0.344 0.023
