V-CREDAL
8
4 3 2 4 2 2 4 3
8
1 0
2 0 1
2 1 2
2 2 3
2 3 4
2 4 5
2 5 6
2 6 7

16
0.023 0.405 0.259 0.313
0.194 0.037 0.415 0.354
0.14 0.29 0.568 0.002
0.742 0.014 0.087 0.157

12
0.484 0.218 0.298
0.007 0.979 0.014
0.34 0.003 0.657
0.233 0.713 0.054
12
0.085 0.836 0.079
0.236 0.626 0.138
0.055 0.427 0.518
0.139 0.272 0.589
12
0.033 0.953 0.014
0.078 0.352 0.57
0.325 0.15 0.525
0.276 0.133 0.591
12
0.56 0.331 0.109
0.302 0.345 0.353
0.566 0.173 0.261
0.704 0.117 0.179

4
0.003 0.997
0.336 0.664
4
0.875 0.125
0.49 0.51
4
0.445 0.555
0.58 0.42

16
0.279 0.026 0.006 0.689
0.0 0.002 0.991 0.007
0.031 0.718 0.01 0.241
0.055 0.022 0.628 0.295
16
0.15 0.008 0.834 0.008
0.252 0.001 0.003 0.744
0.04 0.919 0.002 0.039
0.493 0.004 0.046 0.457

4
0.329 0.671
0.703 0.297
4
0.258 0.742
0.178 0.822
4
0.909 0.091
0.816 0.184
4
0.966 0.034
0.94 0.06

4
0.826 0.174
0.379 0.621
4
0.959 0.041
0.462 0.538

16
0.264 0.189 0.249 0.298
0.196 0.119 0.454 0.231
0.104 0.211 0.007 0.678
0.014 0.927 0.038 0.021
16
0.315 0.215 0.428 0.042
0.003 0.199 0.05 0.748
0.091 0.02 0.018 0.871
0.464 0.192 0.039 0.305

12
0.053 0.639 0.308
0.236 0.173 0.591
0.64 0.093 0.267
0.673 0.24 0.087
12
0.775 0.08 0.145
0.535 0.061 0.404
0.068 0.48 0.452
0.492 0.072 0.436
12
0.93 0.034 0.036
0.096 0.011 0.893
0.037 0.899 0.064
0.927 0.046 0.027
12
0.002 0.06 0.938
0.077 0.889 0.034
0.584 0.03 0.386
0.378 0.01 0.612
