V-CREDAL
6
3 3 3 2 3 4
6
2 5 0
2 0 1
1 2
1 3
2 5 4
3 2 3 5

18
0.178 0.194 0.628
0.007 0.954 0.039
0.011 0.923 0.066
0.317 0.0 0.683
0.74 0.019 0.241
0.178 0.786 0.036
18
0.41 0.427 0.163
0.358 0.034 0.608
0.893 0.102 0.005
0.201 0.142 0.657
0.237 0.501 0.262
0.076 0.383 0.541
18
0.618 0.122 0.26
0.112 0.131 0.757
0.013 0.914 0.073
0.63 0.051 0.319
0.54 0.336 0.124
0.063 0.36 0.577
18
0.162 0.829 0.009
0.001 0.257 0.742
0.807 0.122 0.071
0.011 0.219 0.77
0.11 0.054 0.836
0.056 0.717 0.227

18
0.057 0.877 0.066
0.063 0.26 0.677
0.642 0.032 0.326
0.024 0.568 0.408
0.741 0.071 0.188
0.308 0.03 0.662
18
0.83 0.157 0.013
0.792 0.197 0.011
0.293 0.032 0.675
0.235 0.488 0.277
0.823 0.079 0.098
0.097 0.127 0.776
18
0.953 0.001 0.046
0.002 0.008 0.99
0.015 0.981 0.004
0.642 0.35 0.008
0.943 0.043 0.014
0.014 0.006 0.98

18
0.032 0.956 0.012
0.118 0.865 0.017
0.776 0.16 0.064
0.01 0.019 0.971
0.005 0.871 0.124
0.01 0.969 0.021

4
0.357 0.643
0.946 0.054

18
0.018 0.019 0.963
0.761 0.218 0.021
0.636 0.008 0.356
0.004 0.995 0.001
0.006 0.025 0.969
0.699 0.012 0.289
18
0.11 0.046 0.844
0.778 0.105 0.117
0.515 0.247 0.238
0.172 0.417 0.411
0.693 0.078 0.229
0.091 0.282 0.627
18
0.094 0.805 0.101
0.035 0.013 0.952
0.943 0.032 0.025
0.86 0.117 0.023
0.122 0.841 0.037
0.022 0.706 0.272
18
0.005 0.041 0.954
0.608 0.273 0.119
0.008 0.98 0.012
0.781 0.034 0.185
0.115 0.028 0.857
0.719 0.008 0.273

24
0.876 0.015 0.082 0.027
0.432 0.004 0.44 0.124
0.067 0.468 0.177 0.288
0.305 0.019 0.088 0.588
0.044 0.311 0.54 0.105
0.728 0.157 0.035 0.08
24
0.007 0.501 0.438 0.054
0.281 0.094 0.537 0.088
0.01 0.118 0.365 0.507
0.133 0.577 0.046 0.244
0.004 0.876 0.031 0.089
0.006 0.533 0.386 0.075
24
0.106 0.744 0.145 0.005
0.046 0.484 0.375 0.095
0.113 0.043 0.384 0.46
0.129 0.61 0.172 0.089
0.081 0.069 0.547 0.303
0.098 0.033 0.848 0.021
24
0.913 0.02 0.008 0.059
0.025 0.425 0.349 0.201
0.184 0.184 0.14 0.492
0.047 0.032 0.375 0.546
0.066 0.104 0.565 0.265
0.011 0.189 0.287 0.513
24
0.676 0.0 0.181 0.143
0.033 0.032 0.495 0.44
0.051 0.489 0.266 0.194
0.154 0.646 0.198 0.002
0.342 0.195 0.187 0.276
0.005 0.9 0.015 0.08
24
0.07 0.518 0.201 0.211
0.365 0.387 0.125 0.123
0.4 0.064 0.347 0.189
0.054 0.88 0.057 0.009
0.465 0.137 0.259 0.139
0.217 0.14 0.539 0.104
