V-CREDAL 
6 
4 5 3 4 4 4 
6 
1 0 
2 0 1 
2 1 2 
2 2 3 
2 3 4 
2 4 5 

16 
0.45492 0.03807 0.24173 0.26528 
0.1395 0.71652 0.10311 0.04087 
0.17159 0.67331 0.10689 0.04821 
0.10742 0.43111 0.35951 0.10196 

20 
0.43762 0.15112 0.38358 0.01761 0.01007 
0.98323 0.00222 1.2E-4 7.4E-4 0.01369 
0.02376 0.00242 0.35376 0.05982 0.56024 
0.00673 0.07162 0.85322 0.05586 0.01257 
20 
0.93419 0.00122 1.5E-4 0.05092 0.01352 
0.17864 0.00923 0.38927 0.38108 0.04178 
0.00947 0.38457 0.03215 0.44717 0.12664 
0.07251 0.22073 0.20358 0.32179 0.18139 
20 
0.03353 0.38271 0.0524 0.4994 0.03196 
0.00466 0.0074 0.96817 0.0021 0.01767 
0.39755 0.16433 0.22566 0.00744 0.20502 
0.00634 0.96078 0.00838 0.00434 0.02016 
20 
0.02234 0.33072 0.02756 0.01049 0.60889 
0.16937 0.63969 0.00523 0.18033 0.00538 
0.12472 0.05318 0.65985 0.02704 0.13521 
0.24083 0.39671 0.16263 0.18482 0.01501 

12 
0.28165 0.63207 0.08628 
0.69726 0.04977 0.25297 
0.02537 0.03734 0.93729 
0.12793 0.52197 0.3501 
12 
0.35167 0.27845 0.36988 
0.49916 0.41052 0.09032 
0.18663 0.38947 0.4239 
0.03368 0.76423 0.20209 
12 
0.49629 0.01543 0.48828 
0.08447 0.22476 0.69077 
0.42547 0.54216 0.03237 
0.33076 0.50666 0.16258 
12 
0.25952 0.71347 0.02701 
0.11002 0.02742 0.86256 
0.16988 0.55633 0.27379 
0.43288 0.15314 0.41398 
12 
0.24395 0.08886 0.66719 
0.26593 0.06667 0.6674 
0.25978 0.51071 0.22951 
0.26468 0.47728 0.25804 

16 
0.82938 0.08387 0.07756 0.00919 
0.08634 0.01937 0.81002 0.08427 
0.11181 0.47428 0.14731 0.2666 
0.03724 0.17665 0.63485 0.15126 
16 
0.15908 0.66678 0.07451 0.09963 
0.01606 0.05073 0.01099 0.92222 
0.02149 0.03479 0.13718 0.80654 
0.62956 0.1083 0.04118 0.22096 
16 
0.34715 0.16257 0.06675 0.42353 
0.48609 0.0787 0.04176 0.39345 
0.07397 0.73119 0.0228 0.17204 
0.19595 0.10774 0.14124 0.55507 

16 
0.41987 0.29273 0.13233 0.15507 
0.71294 0.04801 0.16634 0.07271 
0.47701 0.44925 0.03672 0.03702 
0.6624 0.21247 0.10578 0.01935 
16 
0.10477 0.34017 0.32424 0.23082 
0.00735 0.83913 0.11008 0.04344 
0.03247 0.84094 0.08862 0.03797 
0.0672 0.00174 0.65807 0.27299 
16 
0.09028 0.26164 0.56696 0.08112 
0.39141 0.54176 0.04334 0.02349 
0.84832 0.04777 0.04535 0.05856 
0.90233 0.008 0.06005 0.02962 
16 
0.32829 0.40005 0.15305 0.11861 
0.18924 0.06832 0.62315 0.11929 
0.01593 0.62343 0.00869 0.35195 
0.19439 0.17875 0.23689 0.38997 

16 
0.00871 0.5256 0.01552 0.45017 
0.24953 0.18178 0.06754 0.50115 
0.44259 0.04055 0.04867 0.46819 
0.39696 0.20979 0.07465 0.3186 
16 
0.02447 0.23591 0.17466 0.56496 
0.12557 0.21661 0.1755 0.48232 
0.0108 0.96518 0.00129 0.02273 
0.33629 0.233 0.41495 0.01576 
16 
0.08248 0.41873 0.46784 0.03095 
0.07155 0.48399 0.38735 0.05711 
0.08852 0.35342 0.3609 0.19716 
0.30772 0.1258 0.43523 0.13125 
16 
0.03124 0.71332 0.17419 0.08125 
0.15406 0.18461 0.49274 0.16859 
0.51371 0.14037 0.29713 0.04879 
0.12098 0.5098 0.1774 0.19182 
