V-CREDAL 
8 
5 5 5 4 4 4 4 4 
8 
1 0 
2 0 1 
2 1 2 
2 2 3 
2 3 4 
2 4 5 
2 5 6 
2 6 7 

30 
0.30353 0.04527 0.03568 0.07201 0.54351 
0.37481 0.02131 0.43756 0.03216 0.13416 
0.11122 0.07307 0.00926 0.06427 0.74218 
0.13209 0.04466 0.34421 0.03053 0.44851 
0.29744 0.03316 0.15099 0.43525 0.08316 
1.8E-4 0.00174 0.55363 0.00991 0.43454 

30 
0.29141 0.32294 0.10173 0.12045 0.16347 
0.01488 0.01935 0.01751 0.04515 0.90311 
0.05013 0.89969 0.03095 0.01716 0.00207 
0.41404 0.07214 0.03736 0.47305 0.00341 
0.01041 0.42954 0.39462 0.02844 0.13699 
0.22642 0.24043 0.06588 0.29648 0.17079 
30 
0.23517 0.0125 0.03733 0.53477 0.18023 
0.00156 0.00245 0.46306 0.01393 0.519 
0.16256 0.01665 4.7E-4 0.68624 0.13408 
0.65916 0.12053 0.00242 0.03553 0.18236 
0.60281 0.03317 0.07684 0.28501 0.00217 
0.08826 0.1151 0.157 0.47206 0.16758 
30 
0.31785 0.4611 0.07541 0.03976 0.10588 
0.84345 0.04364 0.0131 0.09187 0.00794 
0.01265 0.29121 0.30082 0.0585 0.33682 
0.0115 0.66338 0.11814 0.13798 0.069 
0.38485 0.00123 0.17275 0.39987 0.0413 
0.11583 0.0165 0.42917 0.43836 1.4E-4 
30 
0.00632 0.89023 0.02208 0.00805 0.07332 
0.22292 0.06715 0.27097 0.05479 0.38417 
0.00108 0.00198 0.02945 0.80536 0.16213 
4.0E-5 0.00106 0.00467 0.73285 0.26138 
0.58178 0.33135 0.00161 1.8E-4 0.08508 
0.00541 0.15468 0.00604 0.83193 0.00194 
30 
0.01314 0.00646 0.02238 0.12983 0.82819 
0.03077 0.32336 0.26409 0.36785 0.01393 
0.03439 0.22756 0.42682 0.08353 0.2277 
0.01534 0.0767 0.66271 0.22184 0.02341 
0.02676 0.00804 0.0793 0.72376 0.16214 
0.51082 0.09537 0.3397 0.05291 0.0012 

30 
0.02752 0.66638 0.03965 0.265 0.00145 
0.29952 0.06185 0.18954 0.17185 0.27724 
0.19504 0.04091 0.06359 0.64752 0.05294 
0.21425 0.35726 0.22357 0.04143 0.16349 
0.98745 5.8E-4 0.00645 0.0053 2.2E-4 
0.01667 0.60747 0.29889 0.07585 0.00112 
30 
0.08511 0.02118 0.18572 0.4101 0.29789 
0.48753 0.26667 0.11311 0.07733 0.05536 
0.02501 0.13959 0.83423 3.5E-4 8.2E-4 
0.32511 0.00622 0.01918 0.26484 0.38465 
0.90814 0.00495 0.00254 0.03216 0.05221 
0.12499 0.34318 0.02751 0.24279 0.26153 
30 
0.12298 0.01679 0.00265 0.67949 0.17809 
0.05775 0.33694 0.52296 0.03239 0.04996 
0.4451 0.1287 0.01359 0.18407 0.22854 
0.52172 4.6E-4 0.32012 6.2E-4 0.15708 
0.00202 0.98362 0.00633 0.00194 0.00609 
0.74593 0.11207 0.08607 0.04366 0.01227 
30 
0.01234 0.41518 0.34441 0.21547 0.0126 
0.13227 0.00633 0.71063 0.08592 0.06485 
0.02747 0.09542 0.76183 0.11299 0.00229 
0.26736 1.3E-4 0.73083 8.0E-4 8.8E-4 
0.10174 0.0706 0.40278 0.28272 0.14216 
4.7E-4 0.05713 0.02474 0.00205 0.91561 
30 
0.00777 0.54958 0.02505 0.00138 0.41622 
0.17186 0.0787 0.03786 0.5792 0.13238 
0.03482 0.21737 0.01035 0.66997 0.06749 
0.14254 0.34555 0.49104 0.00518 0.01569 
0.08602 0.06617 0.05041 0.22538 0.57202 
0.00366 0.0017 0.01539 0.94871 0.03054 

24 
0.95597 0.01821 9.0E-5 0.02573 
0.03183 0.43091 0.18935 0.34791 
0.2677 0.36158 0.23633 0.13439 
0.02919 0.58375 0.29659 0.09047 
0.09434 0.48051 0.15225 0.2729 
0.68088 0.01358 0.01139 0.29415 
24 
0.1816 0.0496 0.6468 0.122 
0.01304 0.00198 0.98314 0.00184 
0.78775 0.00995 0.1994 0.0029 
0.11032 0.63254 0.07093 0.18621 
0.04874 0.37156 0.4911 0.0886 
0.55738 0.29784 3.3E-4 0.14445 
24 
0.06522 0.52216 0.40292 0.0097 
0.15041 0.66956 0.07971 0.10032 
0.69709 0.10659 0.02113 0.17519 
0.03328 0.51453 0.39652 0.05567 
0.05783 0.25525 0.12694 0.55998 
0.22569 0.43679 0.07545 0.26207 
24 
0.07207 0.0285 0.07199 0.82744 
0.02868 0.02726 0.85677 0.08729 
0.55201 0.25241 0.13328 0.0623 
0.02423 0.07109 0.1268 0.77788 
0.05391 0.06383 0.7122 0.17006 
0.28301 0.1902 0.40184 0.12495 
24 
0.89384 4.3E-4 0.10559 1.4E-4 
0.27493 0.20311 0.44663 0.07533 
0.67104 0.11624 0.2033 0.00942 
0.00588 0.70754 0.009 0.27758 
0.92803 0.01545 0.03865 0.01787 
0.20605 0.07361 0.56384 0.1565 

24 
0.16532 0.0031 0.82747 0.00411 
0.43695 0.10146 0.02381 0.43778 
0.00473 0.25004 0.17913 0.5661 
0.04431 0.14164 0.7727 0.04135 
0.08913 0.32802 0.52957 0.05328 
0.24844 0.21021 0.23719 0.30416 
24 
0.01378 0.56552 0.06112 0.35958 
0.10904 0.06082 0.01277 0.81737 
0.0098 0.93897 0.00463 0.0466 
0.18844 0.26585 0.17172 0.37399 
0.1904 0.52329 0.1758 0.11051 
0.63367 0.03567 0.02312 0.30754 
24 
0.00125 0.69887 0.01095 0.28893 
0.10709 0.05728 0.73752 0.09811 
0.0992 0.02542 0.08601 0.78937 
0.73643 0.25659 2.0E-4 0.00678 
0.55485 0.08774 0.23358 0.12383 
0.11194 0.63107 0.21778 0.03921 
24 
0.0966 0.74708 0.13782 0.0185 
0.33877 0.12884 0.28984 0.24255 
0.62289 0.1913 0.10587 0.07994 
0.03049 9.4E-4 0.9654 0.00317 
0.87958 0.04677 0.03294 0.04071 
0.99875 0.00102 9.0E-5 1.4E-4 

24 
0.87987 0.11007 1.7E-4 0.00989 
0.25463 0.00678 0.46181 0.27678 
0.05268 0.85852 0.06172 0.02708 
2.9E-4 0.00187 0.99755 2.9E-4 
0.08003 0.13135 0.05642 0.7322 
0.05134 0.06584 0.09896 0.78386 
24 
0.57311 0.30636 0.09193 0.0286 
0.0673 0.15271 0.62992 0.15007 
0.04122 0.89261 0.01593 0.05024 
0.07941 0.44572 0.40279 0.07208 
0.00567 0.00975 0.01317 0.97141 
0.26303 0.01507 0.71472 0.00718 
24 
0.35079 0.10305 0.13746 0.4087 
0.07532 0.3817 0.03214 0.51084 
0.21003 8.6E-4 0.78774 0.00137 
0.64899 0.04176 0.17369 0.13556 
0.52636 0.33382 0.06813 0.07169 
0.05743 0.05589 0.88178 0.0049 
24 
0.64189 0.29563 0.00499 0.05749 
0.01997 0.73112 0.08098 0.16793 
0.5273 0.1145 0.00853 0.34967 
0.02746 0.51247 0.45747 0.0026 
0.12026 0.01349 0.03609 0.83016 
0.58706 0.14725 0.15988 0.10581 

24 
0.01277 0.11903 0.44708 0.42112 
0.0122 0.81141 0.12223 0.05416 
0.04962 0.82316 0.04342 0.0838 
0.17005 0.60865 0.06502 0.15628 
0.19756 0.01579 0.69111 0.09554 
0.34906 0.03855 0.3728 0.23959 
24 
0.14094 0.43255 0.22763 0.19888 
0.13243 0.00835 0.82762 0.0316 
0.30475 0.46056 0.1011 0.13359 
0.28608 0.14251 0.55254 0.01887 
0.00305 0.88853 0.00979 0.09863 
0.65823 0.01205 0.31536 0.01436 
24 
0.00799 0.92835 0.02513 0.03853 
0.1473 0.37691 0.4348 0.04099 
0.02307 0.52479 0.29151 0.16063 
0.10426 0.08844 0.74757 0.05973 
0.01216 0.76811 0.03109 0.18864 
0.53049 0.26614 0.10166 0.10171 
24 
0.23702 0.01038 0.0071 0.7455 
0.09542 0.00203 0.02457 0.87798 
0.08177 0.3276 0.07594 0.51469 
0.9864 0.00348 0.00784 0.00228 
0.10363 0.02263 0.17168 0.70206 
0.77939 0.06875 0.1281 0.02376 

24 
0.62851 0.29373 0.04956 0.0282 
0.29044 0.14072 0.2287 0.34014 
0.08325 0.82272 0.06718 0.02685 
2.6E-4 0.91461 0.08507 6.0E-5 
0.88162 0.04961 0.01452 0.05425 
0.11105 0.00418 0.52335 0.36142 
24 
0.13504 0.32289 0.31704 0.22503 
0.54472 0.20539 0.23086 0.01903 
0.69917 0.01717 0.05172 0.23194 
0.22571 0.30876 0.15956 0.30597 
0.07491 0.50185 0.03733 0.38591 
0.00781 0.93958 0.04403 0.00858 
24 
0.18007 0.05705 0.31091 0.45197 
0.00623 0.11924 0.80307 0.07146 
0.44552 0.03627 0.0201 0.49811 
0.24446 0.68525 0.02399 0.0463 
0.2217 0.04299 0.52769 0.20762 
0.3627 0.4962 0.10366 0.03744 
24 
0.44364 0.10558 0.20832 0.24246 
0.11218 0.37247 0.38514 0.13021 
0.53196 0.26703 0.02889 0.17212 
0.86908 0.05256 0.02863 0.04973 
0.25737 0.01443 0.09965 0.62855 
0.02174 0.46674 0.09435 0.41717 
