V-CREDAL
8
3 4 2 3 4 4 4 3
8
2 5 0
1 1
4 3 6 7 2
1 3
2 1 4
1 5
3 0 1 6
1 7

12
0.376 0.306 0.318
0.058 0.892 0.05
0.131 0.413 0.456
0.752 0.198 0.05
12
0.106 0.321 0.573
0.76 0.017 0.223
0.831 0.029 0.14
0.382 0.268 0.35
12
0.056 0.011 0.933
0.005 0.076 0.919
0.167 0.347 0.486
0.559 0.208 0.233
12
0.154 0.392 0.454
0.793 0.055 0.152
0.155 0.132 0.713
0.831 0.116 0.053

16
0.101 0.704 0.142 0.053
0.006 0.365 0.067 0.562
0.383 0.218 0.209 0.19
0.173 0.165 0.075 0.587

4
0.88 0.12
0.843 0.157
4
0.696 0.304
0.378 0.622
4
0.723 0.277
0.528 0.472
4
0.987 0.013
0.476 0.524
4
0.472 0.528
0.581 0.419
4
0.979 0.021
0.946 0.054
4
0.385 0.615
0.634 0.366
4
0.411 0.589
0.086 0.914
4
0.727 0.273
0.497 0.503
4
0.817 0.183
0.815 0.185
4
0.392 0.608
0.419 0.581
4
0.119 0.881
0.359 0.641
4
0.678 0.322
0.266 0.734
4
0.328 0.672
0.344 0.656
4
0.736 0.264
0.612 0.388
4
0.152 0.848
0.249 0.751
4
0.262 0.738
0.727 0.273
4
0.876 0.124
0.774 0.226
4
0.909 0.091
0.333 0.667
4
0.588 0.412
0.18 0.82
4
0.692 0.308
0.88 0.12
4
0.506 0.494
0.693 0.307
4
0.61 0.39
0.804 0.196
4
0.753 0.247
0.893 0.107
4
0.344 0.656
0.541 0.459
4
0.216 0.784
0.663 0.337
4
0.148 0.852
0.459 0.541
4
0.188 0.812
0.086 0.914
4
0.952 0.048
0.515 0.485
4
0.371 0.629
0.892 0.108
4
0.549 0.451
0.755 0.245
4
0.932 0.068
0.852 0.148
4
0.011 0.989
0.281 0.719
4
0.356 0.644
0.94 0.06
4
0.682 0.318
0.976 0.024
4
0.212 0.788
0.77 0.23

12
0.985 0.007 0.008
0.078 0.797 0.125
0.018 0.018 0.964
0.034 0.747 0.219

16
0.328 0.246 0.338 0.088
0.014 0.263 0.35 0.373
0.214 0.12 0.488 0.178
0.029 0.583 0.154 0.234
16
0.014 0.021 0.903 0.062
0.726 0.002 0.268 0.004
0.125 0.012 0.645 0.218
0.092 0.005 0.268 0.635
16
0.35 0.253 0.226 0.171
0.81 0.036 0.032 0.122
0.023 0.078 0.026 0.873
0.035 0.012 0.935 0.018
16
0.18 0.349 0.386 0.085
0.526 0.069 0.081 0.324
0.09 0.007 0.338 0.565
0.028 0.007 0.695 0.27

16
0.449 0.219 0.281 0.051
0.212 0.266 0.145 0.377
0.055 0.006 0.004 0.935
0.008 0.843 0.036 0.113

16
0.493 0.289 0.102 0.116
0.035 0.332 0.299 0.334
0.007 0.564 0.417 0.012
0.268 0.431 0.054 0.247
16
0.071 0.624 0.053 0.252
0.294 0.104 0.59 0.012
0.809 0.06 0.003 0.128
0.269 0.437 0.039 0.255
16
0.081 0.059 0.024 0.836
0.008 0.068 0.346 0.578
0.069 0.062 0.703 0.166
0.013 0.321 0.623 0.043
16
0.021 0.104 0.19 0.685
0.26 0.046 0.057 0.637
0.626 0.084 0.09 0.2
0.174 0.668 0.099 0.059
16
0.16 0.808 0.016 0.016
0.006 0.359 0.235 0.4
0.123 0.182 0.692 0.003
0.306 0.174 0.503 0.017
16
0.714 0.244 0.015 0.027
0.007 0.054 0.77 0.169
0.114 0.004 0.857 0.025
0.015 0.01 0.072 0.903
16
0.154 0.012 0.002 0.832
0.349 0.205 0.422 0.024
0.432 0.432 0.014 0.122
0.066 0.05 0.084 0.8
16
0.08 0.498 0.315 0.107
0.031 0.506 0.137 0.326
0.625 0.037 0.218 0.12
0.002 0.938 0.01 0.05
16
0.09 0.008 0.004 0.898
0.164 0.167 0.081 0.588
0.711 0.127 0.098 0.064
0.002 0.004 0.78 0.214
16
0.289 0.697 0.003 0.011
0.049 0.759 0.021 0.171
0.102 0.34 0.216 0.342
0.27 0.077 0.068 0.585
16
0.021 0.089 0.875 0.015
0.005 0.032 0.954 0.009
0.07 0.601 0.199 0.13
0.087 0.706 0.191 0.016
16
0.883 0.105 0.009 0.003
0.286 0.213 0.125 0.376
0.086 0.049 0.016 0.849
0.357 0.431 0.02 0.192

12
0.294 0.168 0.538
0.065 0.03 0.905
0.123 0.062 0.815
0.022 0.956 0.022
