V-CREDAL 
8 
5 2 5 5 3 4 2 4 
8 
1 0 
2 0 1 
2 1 2 
2 2 3 
2 3 4 
2 4 5 
2 5 6 
2 6 7 

20 
0.03459 0.1662 0.79331 0.00111 0.00479 
0.00276 0.00366 0.48715 0.5025 0.00393 
0.04081 0.27413 0.33867 0.22883 0.11756 
0.04415 0.01261 0.12073 0.00911 0.8134 

4 
0.7027 0.2973 
0.30012 0.69988 
4 
0.13186 0.86814 
0.02128 0.97872 
4 
0.03531 0.96469 
0.47623 0.52377 
4 
0.03951 0.96049 
0.93995 0.06005 
4 
0.33783 0.66217 
0.28321 0.71679 

20 
0.0095 0.13542 0.43854 0.35252 0.06402 
0.82294 0.03882 0.0221 0.01624 0.0999 
0.37705 0.08966 0.14289 0.19345 0.19695 
0.01017 0.6483 0.00182 0.12088 0.21883 
20 
0.3421 0.00539 0.52683 0.01415 0.11153 
0.0684 0.04887 0.01412 0.85424 0.01437 
0.10191 0.0241 0.10867 0.01146 0.75386 
0.01248 0.50144 0.01169 0.46509 0.0093 

20 
0.70191 0.02308 0.03323 0.02778 0.214 
0.10548 0.16557 0.30329 0.01913 0.40653 
0.02753 0.05713 0.01127 0.87329 0.03078 
0.05972 0.02283 0.26314 0.6334 0.02091 
20 
0.31907 0.13738 0.19219 0.10755 0.24381 
0.25405 0.02667 0.01414 0.51683 0.18831 
0.20354 0.02215 0.14665 0.0532 0.57446 
0.7253 0.02351 0.02849 0.13718 0.08552 
20 
0.00648 0.14009 0.02555 0.0084 0.81948 
0.06572 0.0496 0.44539 0.10341 0.33588 
0.24945 0.01895 0.72859 0.00214 8.7E-4 
3.5E-4 4.0E-5 1.4E-4 0.99944 3.0E-5 
20 
0.53369 0.23644 0.10778 0.02332 0.09877 
0.21479 0.44703 0.01349 0.04265 0.28204 
0.02342 0.7539 0.05502 0.02398 0.14368 
0.26731 0.581 0.08627 0.06442 0.001 
20 
0.86397 4.8E-4 0.05292 2.4E-4 0.08239 
0.12083 0.06588 0.03683 0.61859 0.15787 
0.29638 0.08249 0.0674 0.07269 0.48104 
0.01496 0.03681 0.9041 0.00474 0.03939 

12 
0.0148 0.76763 0.21757 
0.23629 0.07231 0.6914 
0.33007 0.4409 0.22903 
0.05733 0.27172 0.67095 
12 
0.00531 0.96141 0.03328 
0.05012 0.5654 0.38448 
0.57253 0.12524 0.30223 
0.53126 0.10519 0.36355 
12 
0.52148 0.3093 0.16922 
0.55326 0.06669 0.38005 
0.10072 0.6693 0.22998 
0.07978 0.85473 0.06549 
12 
0.2736 0.13343 0.59297 
0.20761 0.51734 0.27505 
0.92305 0.04363 0.03332 
0.14508 0.37457 0.48035 
12 
0.45993 0.53198 0.00809 
0.19602 0.03839 0.76559 
0.60615 0.312 0.08185 
0.16473 0.29637 0.5389 

16 
0.45887 0.39216 0.12193 0.02704 
0.48793 0.33743 0.03612 0.13852 
0.40331 0.055 0.00431 0.53738 
0.20139 0.40676 0.2071 0.18475 
16 
0.22198 0.43576 0.24613 0.09613 
0.10531 0.19166 0.06216 0.64087 
0.10861 0.0279 0.85137 0.01212 
0.94075 0.0252 0.00533 0.02872 
16 
0.02694 0.00218 0.08899 0.88189 
0.17613 0.66395 0.14877 0.01115 
0.69265 0.02523 0.17698 0.10514 
0.02154 0.02875 0.16213 0.78758 

4 
0.61712 0.38288 
0.9682 0.0318 
4 
0.27315 0.72685 
0.52551 0.47449 
4 
0.0072 0.9928 
0.91196 0.08804 
4 
0.22987 0.77013 
0.38815 0.61185 

16 
0.00518 0.17761 0.07193 0.74528 
0.17079 0.21278 0.09767 0.51876 
0.17789 0.01547 0.79825 0.00839 
0.01241 8.7E-4 0.98532 0.0014 
16 
0.03176 0.003 0.96375 0.00149 
0.10466 0.05819 0.06341 0.77374 
0.02708 0.70908 0.22997 0.03387 
0.03971 0.13832 0.53446 0.28751 
