V-CREDAL
9
2 3 4 2 4 2 2 2 2
9
1 0
2 0 1
2 1 2
2 2 3
2 3 4
2 4 5
2 5 6
2 6 7
2 7 8

4
0.432 0.568
0.847 0.153

18
0.019 0.965 0.016
0.001 0.002 0.997
0.737 0.173 0.09
0.84 0.037 0.123
0.167 0.003 0.83
0.45 0.517 0.033
18
0.829 0.019 0.152
0.897 0.078 0.025
0.261 0.06 0.679
0.159 0.374 0.467
0.058 0.736 0.206
0.073 0.766 0.161

24
0.035 0.028 0.4 0.537
0.05 0.045 0.17 0.735
0.861 0.05 0.082 0.007
0.183 0.014 0.279 0.524
0.042 0.053 0.722 0.183
0.021 0.009 0.965 0.005
24
0.07 0.598 0.332 0.0
0.089 0.014 0.036 0.861
0.2 0.725 0.005 0.07
0.701 0.025 0.118 0.156
0.035 0.344 0.309 0.312
0.045 0.621 0.093 0.241
24
0.693 0.227 0.039 0.041
0.093 0.514 0.183 0.21
0.247 0.629 0.011 0.113
0.02 0.26 0.64 0.08
0.504 0.063 0.083 0.35
0.264 0.237 0.199 0.3

4
0.548 0.452
0.922 0.078
4
0.951 0.049
0.378 0.622
4
0.946 0.054
0.115 0.885
4
0.317 0.683
0.784 0.216

24
0.138 0.315 0.033 0.514
0.745 0.048 0.041 0.166
0.651 0.245 0.035 0.069
0.005 0.816 0.037 0.142
0.005 0.058 0.905 0.032
0.821 0.073 0.021 0.085
24
0.857 0.002 0.067 0.074
0.437 0.118 0.047 0.398
0.033 0.015 0.825 0.127
0.171 0.014 0.645 0.17
0.003 0.99 0.004 0.003
0.232 0.055 0.704 0.009

4
0.04 0.96
0.86 0.14
4
0.665 0.335
0.069 0.931
4
0.622 0.378
0.989 0.011
4
0.812 0.188
0.85 0.15

4
0.545 0.455
0.288 0.712
4
0.806 0.194
0.033 0.967

4
0.76 0.24
0.693 0.307
4
0.924 0.076
0.906 0.094

4
0.952 0.048
0.622 0.378
4
0.275 0.725
0.634 0.366
