V-CREDAL 
8 
2 3 3 3 2 2 2 2 
8 
1 0 
2 0 1 
2 1 2 
2 2 3 
2 3 4 
2 4 5 
2 5 6 
2 6 7 

4 
0.84214 0.15786 
0.84784 0.15216 

12 
0.29903 0.26222 0.43875 
0.49301 0.1678 0.33919 
0.55876 0.22738 0.21386 
0.25738 0.15081 0.59181 
12 
0.02363 0.03523 0.94114 
0.60615 0.07091 0.32294 
0.34922 0.57532 0.07546 
0.21788 0.57629 0.20583 

12 
0.64022 0.156 0.20378 
0.52834 0.28347 0.18819 
0.07517 0.09179 0.83304 
0.63212 0.21108 0.1568 
12 
0.90382 0.05882 0.03736 
0.12415 0.00991 0.86594 
0.1622 0.6819 0.1559 
0.36016 0.60268 0.03716 
12 
0.52127 0.32807 0.15066 
0.33192 0.51091 0.15717 
0.38746 0.53819 0.07435 
0.31067 0.54155 0.14778 

12 
0.06806 0.43375 0.49819 
0.11314 0.4284 0.45846 
0.10112 0.11572 0.78316 
0.37455 0.14533 0.48012 
12 
0.36947 0.22519 0.40534 
0.03572 0.53979 0.42449 
0.18158 0.76416 0.05426 
0.39116 0.45391 0.15493 
12 
0.09832 0.42771 0.47397 
0.04249 0.03355 0.92396 
0.03559 0.60368 0.36073 
0.11198 0.61914 0.26888 

4 
0.35567 0.64433 
0.66471 0.33529 
4 
0.8542 0.1458 
0.34354 0.65646 
4 
0.62068 0.37932 
0.80099 0.19901 

4 
0.48313 0.51687 
0.0937 0.9063 
4 
0.52658 0.47342 
0.85752 0.14248 

4 
0.67414 0.32586 
0.33938 0.66062 
4 
0.2906 0.7094 
0.96396 0.03604 

4 
0.83413 0.16587 
0.46648 0.53352 
4 
0.98354 0.01646 
0.29258 0.70742 
