V-CREDAL 
10 
4 2 4 2 4 4 4 3 4 2 
10 
1 0 
2 6 1 
1 2 
2 0 3 
5 2 5 6 7 4 
3 8 9 5 
1 6 
2 0 7 
1 8 
1 9 

24 
0.04596 0.43311 0.17995 0.34098 
0.13517 0.18685 0.49421 0.18377 
0.01298 0.18675 0.5445 0.25577 
0.31373 0.15163 0.06295 0.47169 
0.00738 0.81297 0.16492 0.01473 
0.37158 0.47595 0.0168 0.13567 

4 
0.47046 0.52954 
0.94042 0.05958 
4 
0.68051 0.31949 
0.58048 0.41952 
4 
0.67564 0.32436 
0.5709 0.4291 
4 
0.85417 0.14583 
0.88685 0.11315 

24 
0.05223 0.20721 0.67835 0.06221 
0.64818 0.32456 0.00597 0.02129 
0.28724 0.10132 0.16471 0.44673 
0.33231 0.0128 0.4447 0.21019 
0.15587 0.33276 0.21711 0.29426 
0.07078 0.43269 0.44973 0.0468 

4 
0.21149 0.78851 
0.19274 0.80726 
4 
0.05102 0.94898 
0.04619 0.95381 
4 
0.5638 0.4362 
0.00644 0.99356 
4 
0.9252 0.0748 
0.39588 0.60412 

24 
8.8E-4 7.4E-4 0.99024 0.00814 
0.29338 0.03517 0.64446 0.02699 
0.64723 0.18606 0.07425 0.09246 
0.28396 0.00302 0.22976 0.48326 
0.15173 0.28146 0.43552 0.13129 
0.0239 0.04514 0.93032 6.4E-4 
24 
0.03835 0.81482 0.0675 0.07933 
0.08501 0.7131 0.02312 0.17877 
0.96259 0.00854 0.02722 0.00165 
0.13158 0.22071 0.18941 0.4583 
0.20794 0.08319 0.69876 0.01011 
0.53052 0.00555 0.02095 0.44298 
24 
0.34879 0.03555 0.53647 0.07919 
0.05988 0.01673 0.91066 0.01273 
0.63269 0.21028 0.09038 0.06665 
0.33841 0.05936 0.22537 0.37686 
0.06412 0.4954 0.3847 0.05578 
0.02655 0.3223 0.29417 0.35698 
24 
0.19714 0.65441 0.13505 0.0134 
0.9818 4.6E-4 0.00208 0.01566 
0.00104 0.36991 0.01086 0.61819 
0.08109 0.15763 0.01045 0.75083 
0.0515 0.09105 0.14348 0.71397 
0.04173 0.06712 0.09634 0.79481 
24 
0.01428 0.0874 0.84748 0.05084 
0.2861 0.05643 0.17351 0.48396 
0.14243 0.34322 0.24522 0.26913 
0.02253 0.00724 0.92737 0.04286 
0.88804 0.00758 0.02539 0.07899 
0.44578 0.06389 0.07128 0.41905 
24 
0.29438 0.22444 0.37942 0.10176 
0.11611 0.27255 0.26888 0.34246 
0.75048 0.21475 0.026 0.00877 
0.43399 0.1244 0.15927 0.28234 
0.46769 0.08372 0.29487 0.15372 
0.10979 0.16844 0.20932 0.51245 
24 
0.21392 0.42521 0.23594 0.12493 
0.14057 0.01722 0.15373 0.68848 
0.01347 0.02654 0.5587 0.40129 
0.58039 0.02613 0.03966 0.35382 
0.00204 0.04253 0.05364 0.90179 
0.88855 0.08963 0.00749 0.01433 
24 
0.299 0.13094 0.08396 0.4861 
0.0872 0.69419 0.0561 0.16251 
0.09839 0.05759 0.80229 0.04173 
0.18033 0.70705 0.07483 0.03779 
0.07884 0.00963 0.29457 0.61696 
0.06062 0.05736 0.08841 0.79361 
24 
0.04774 0.25388 0.04157 0.65681 
0.17159 0.03683 0.06105 0.73053 
0.00461 0.04839 0.93914 0.00786 
0.02721 0.7952 0.16421 0.01338 
0.64484 0.15257 0.20068 0.00191 
0.08691 0.2249 0.02734 0.66085 
24 
0.11583 0.00432 1.0E-4 0.87975 
0.41427 0.0293 0.01688 0.53955 
0.27128 0.32297 0.13996 0.26579 
0.50043 0.07957 0.06498 0.35502 
0.03177 0.44602 0.02819 0.49402 
0.09162 0.1732 0.07495 0.66023 
24 
0.09914 0.01575 0.06008 0.82503 
0.68304 0.04693 0.13403 0.136 
0.02266 0.1247 0.67877 0.17387 
0.03318 0.25706 0.13652 0.57324 
0.03941 0.05797 0.0142 0.88842 
0.0068 0.01055 0.97179 0.01086 
24 
0.10892 0.0305 0.00247 0.85811 
0.02399 0.0189 0.92609 0.03102 
0.0796 0.27072 0.51753 0.13215 
0.06591 0.00999 0.00168 0.92242 
0.57177 0.12101 0.294 0.01322 
0.00237 0.00264 0.01177 0.98322 
24 
0.02899 0.4211 0.18707 0.36284 
0.08991 0.7627 0.01247 0.13492 
0.18647 0.066 0.561 0.18653 
0.01121 0.10502 0.88371 6.0E-5 
0.11277 0.02582 0.24934 0.61207 
0.02577 0.48708 0.34436 0.14279 
24 
0.09095 0.37323 0.27053 0.26529 
0.00739 0.02652 0.00442 0.96167 
0.01432 0.14392 0.07051 0.77125 
0.16308 0.23812 0.17397 0.42483 
0.00143 0.00521 0.79172 0.20164 
0.09506 0.3469 0.37558 0.18246 
24 
0.01192 0.65828 0.064 0.2658 
0.69248 0.185 0.05561 0.06691 
0.08005 0.00152 0.90456 0.01387 
0.66585 0.12155 0.18626 0.02634 
0.24604 0.01043 0.12632 0.61721 
0.82215 0.06038 0.01174 0.10573 
24 
0.009 0.23355 4.9E-4 0.75696 
0.86306 0.01438 0.08936 0.0332 
0.6572 0.05709 0.01436 0.27135 
0.08643 0.78915 0.11637 0.00805 
0.0055 0.02661 0.26374 0.70415 
0.00399 0.02416 0.0323 0.93955 
24 
0.63049 0.00111 0.13381 0.23459 
0.07064 0.47707 0.35704 0.09525 
0.84083 0.04829 0.05066 0.06022 
0.07206 0.55655 0.31355 0.05784 
0.01069 0.98176 0.0025 0.00505 
0.06176 0.04387 0.40977 0.4846 
24 
0.2089 0.11618 0.65525 0.01967 
0.41535 0.51804 0.05204 0.01457 
0.2143 0.18175 0.05154 0.55241 
0.05227 0.01174 0.30288 0.63311 
0.34056 0.00119 0.17007 0.48818 
0.91296 0.03613 0.00477 0.04614 
24 
0.08843 0.40653 0.46702 0.03802 
0.17472 0.09593 0.09644 0.63291 
0.0674 0.24718 0.6317 0.05372 
0.00599 0.29839 0.66257 0.03305 
0.12181 0.21491 0.62906 0.03422 
0.00222 0.87673 0.09513 0.02592 
24 
0.77072 0.03767 0.02203 0.16958 
0.24387 0.15086 0.02049 0.58478 
0.32645 0.412 0.16355 0.098 
0.24113 0.40431 0.28441 0.07015 
0.18223 0.62272 0.02577 0.16928 
0.47238 0.36688 0.01123 0.14951 
24 
0.15006 0.62169 0.09362 0.13463 
0.70936 0.1532 0.0682 0.06924 
0.49351 0.10793 0.35491 0.04365 
0.21513 0.59968 0.13839 0.0468 
0.08325 0.03973 0.30224 0.57478 
0.01642 0.05977 0.36282 0.56099 
24 
0.0574 0.04538 0.64573 0.25149 
0.20657 0.04426 0.46731 0.28186 
0.05577 0.86435 0.03588 0.044 
0.01535 0.24035 0.14043 0.60387 
0.21754 0.34271 0.12758 0.31217 
0.00451 0.51213 0.06933 0.41403 
24 
0.51811 0.09296 0.13568 0.25325 
0.28121 0.01506 0.6414 0.06233 
0.08361 0.8876 0.01691 0.01188 
0.57348 0.30688 0.05822 0.06142 
0.05928 0.13675 0.77293 0.03104 
0.66755 0.12429 0.05725 0.15091 
24 
0.70403 0.11182 0.11122 0.07293 
0.01114 0.0577 0.14368 0.78748 
0.11795 0.83664 0.02586 0.01955 
0.98294 0.00123 0.00827 0.00756 
0.00332 0.80058 0.01393 0.18217 
7.7E-4 0.20133 5.5E-4 0.79735 
24 
0.93878 0.03416 0.00982 0.01724 
0.06362 0.05343 0.8525 0.03045 
0.03334 0.8572 0.06587 0.04359 
0.27393 0.04664 0.04297 0.63646 
0.17635 0.00313 0.54281 0.27771 
0.042 0.04127 0.82147 0.09526 
24 
0.52058 4.3E-4 0.27422 0.20477 
0.15462 0.73815 0.02527 0.08196 
0.4869 0.10854 0.37 0.03456 
0.1146 0.23332 0.64109 0.01099 
0.1939 0.45815 0.05384 0.29411 
0.72872 0.08594 0.15811 0.02723 
24 
0.05345 0.20434 0.72973 0.01248 
0.05641 0.19242 0.60494 0.14623 
0.3255 0.51103 0.14558 0.01789 
8.0E-5 0.95175 0.04688 0.00129 
0.08757 0.39037 0.22336 0.2987 
0.62541 0.03896 0.0655 0.27013 
24 
0.5577 0.11103 0.3026 0.02867 
0.53434 0.16868 0.24921 0.04777 
0.12225 0.19662 0.66818 0.01295 
7.8E-4 0.18204 0.8105 0.00668 
0.17724 0.45597 0.10683 0.25996 
0.18347 0.23337 0.42549 0.15767 
24 
0.52336 0.00511 0.00388 0.46765 
0.50814 0.32834 0.06327 0.10025 
0.89716 0.0693 0.01568 0.01786 
0.05702 0.21187 0.68689 0.04422 
0.11479 0.21304 0.54895 0.12322 
0.017 0.58479 0.05971 0.3385 
24 
0.07741 1.1E-4 0.16123 0.76125 
0.27715 0.44415 0.13711 0.14159 
0.34242 0.04427 0.28806 0.32525 
0.47769 0.25086 0.08089 0.19056 
0.14699 0.04933 0.01608 0.7876 
0.01033 0.02516 0.01456 0.94995 
24 
0.34035 0.39689 0.01925 0.24351 
0.03258 0.22703 0.69449 0.0459 
0.0486 0.42942 0.45963 0.06235 
0.00909 0.959 0.02916 0.00275 
0.02983 0.9183 0.00298 0.04889 
0.27342 0.09709 0.50696 0.12253 
24 
0.33226 0.52265 0.07155 0.07354 
0.94501 0.01407 0.00656 0.03436 
0.03356 0.8888 0.03543 0.04221 
0.00274 0.01351 0.78235 0.2014 
0.10881 0.23588 0.56937 0.08594 
0.22699 0.07336 0.64066 0.05899 
24 
0.50865 0.01263 0.0215 0.45722 
0.04938 0.1327 0.78919 0.02873 
0.00397 0.7996 0.09463 0.1018 
0.79421 0.08528 0.0504 0.07011 
0.02372 0.03848 0.06549 0.87231 
0.79072 0.06817 0.00102 0.14009 
24 
0.98547 5.0E-5 0.00983 0.00465 
0.07179 0.12141 0.62105 0.18575 
0.00762 0.12935 0.20509 0.65794 
0.23709 0.48928 0.2585 0.01513 
0.71565 0.11833 0.06766 0.09836 
0.26276 0.03821 0.65289 0.04614 
24 
0.30909 0.2707 0.0113 0.40891 
0.12287 0.62755 0.07254 0.17704 
0.46156 0.31036 0.10598 0.1221 
0.00477 0.56919 0.37308 0.05296 
0.05423 0.02734 0.65536 0.26307 
0.10845 0.8042 0.04183 0.04552 
24 
0.00675 0.06519 0.05181 0.87625 
0.40912 0.23537 0.07616 0.27935 
0.42785 0.46732 0.09443 0.0104 
0.28555 0.19127 0.51275 0.01043 
0.02504 0.09521 0.79105 0.0887 
0.14602 0.50967 0.15402 0.19029 
24 
0.04625 0.02351 0.89403 0.03621 
0.66241 0.31994 0.00438 0.01327 
0.88473 0.03637 0.00444 0.07446 
0.01623 0.27278 0.0851 0.62589 
0.0974 0.79115 0.0839 0.02755 
0.05086 0.81951 0.01225 0.11738 
24 
0.76174 0.08127 0.02684 0.13015 
0.00889 0.83411 0.02682 0.13018 
0.14724 0.022 0.1274 0.70336 
0.69735 0.04294 0.04872 0.21099 
0.58939 0.01608 0.20057 0.19396 
0.15727 0.00824 0.03023 0.80426 
24 
0.19226 0.63267 0.06742 0.10765 
0.07207 0.65096 0.03458 0.24239 
0.09066 0.05309 0.6692 0.18705 
0.15686 0.10932 0.67006 0.06376 
0.04073 0.69142 0.08722 0.18063 
0.21329 0.15162 0.05419 0.5809 
24 
0.15835 0.38793 0.19898 0.25474 
0.00678 0.01449 0.00591 0.97282 
0.33579 0.5896 0.05314 0.02147 
0.36626 0.43644 0.12113 0.07617 
0.52387 0.42741 0.01943 0.02929 
0.6947 0.16564 0.03825 0.10141 
24 
0.11614 0.39743 0.14567 0.34076 
0.57359 0.22304 0.19573 0.00764 
0.07786 0.04689 0.28792 0.58733 
0.00335 0.00733 0.57364 0.41568 
0.22465 0.11954 0.63621 0.0196 
0.62767 0.04309 0.02005 0.30919 
24 
0.06332 0.01715 0.0286 0.89093 
0.98864 0.00913 2.6E-4 0.00197 
0.00597 0.07964 0.42696 0.48743 
0.65535 0.16686 0.0182 0.15959 
0.9179 0.02943 0.03859 0.01408 
0.05124 0.01036 0.21884 0.71956 
24 
0.00923 0.21245 0.77742 9.0E-4 
0.7102 0.08299 0.12598 0.08083 
0.01389 0.05537 0.27251 0.65823 
0.19469 0.32303 0.47754 0.00474 
0.00221 0.56878 0.4138 0.01521 
0.11205 0.61198 0.20775 0.06822 
24 
0.03931 0.93728 0.02273 6.8E-4 
0.18562 0.06266 0.01252 0.7392 
0.27331 0.08938 0.17401 0.4633 
0.30239 0.04051 0.46617 0.19093 
0.01669 0.45977 0.00132 0.52222 
0.01952 0.52336 0.24049 0.21663 
24 
0.345 0.06527 0.46604 0.12369 
0.86127 0.10827 0.01813 0.01233 
0.30871 0.19422 0.16685 0.33022 
0.1511 0.01161 0.45107 0.38622 
0.41807 0.23627 0.03311 0.31255 
0.17446 0.73291 0.07818 0.01445 
24 
0.02692 0.21668 0.0094 0.747 
0.66345 0.01347 0.30982 0.01326 
0.80237 0.00926 0.16126 0.02711 
0.33792 0.65372 0.00339 0.00497 
0.18496 0.02293 0.67218 0.11993 
0.054 0.01547 0.10924 0.82129 
24 
0.00361 0.01449 0.00717 0.97473 
0.01203 0.16163 0.11542 0.71092 
0.03032 0.26379 0.23401 0.47188 
0.23658 0.28192 0.05352 0.42798 
0.50232 0.06375 0.00313 0.4308 
0.06681 0.67092 0.18611 0.07616 
24 
0.57623 0.33634 0.06684 0.02059 
0.66235 0.00156 0.321 0.01509 
0.0271 0.08684 0.0973 0.78876 
0.1752 0.04801 0.71522 0.06157 
0.52108 0.0059 0.42486 0.04816 
0.09371 0.72539 0.02815 0.15275 
24 
0.06021 0.47446 0.08054 0.38479 
0.51104 0.04406 0.33777 0.10713 
0.15805 0.08998 0.74302 0.00895 
0.17919 0.22994 0.56952 0.02135 
0.34057 0.37083 0.25219 0.03641 
0.40431 0.26876 0.26983 0.0571 
24 
0.67809 0.00148 0.31134 0.00909 
4.4E-4 0.85147 0.01068 0.13741 
0.08576 0.36062 0.51078 0.04284 
0.32814 0.00437 0.62854 0.03895 
0.07416 0.0368 0.87299 0.01605 
0.08337 0.42064 0.07602 0.41997 
24 
0.06931 0.01194 0.09794 0.82081 
0.02454 0.33712 0.01825 0.62009 
0.12997 0.08013 0.78517 0.00473 
0.03355 0.01113 0.88661 0.06871 
0.3409 0.03233 0.58392 0.04285 
0.15274 0.28717 0.31481 0.24528 
24 
0.19561 0.09198 0.07167 0.64074 
0.04072 0.36156 0.41301 0.18471 
0.43148 0.01187 0.01625 0.5404 
0.00467 0.14637 0.83172 0.01724 
0.13803 0.41967 0.40539 0.03691 
0.65931 0.10876 0.21156 0.02037 
24 
0.13356 0.00759 0.80491 0.05394 
0.62261 0.1236 0.03349 0.2203 
0.00977 0.86494 0.04366 0.08163 
0.22116 0.48494 0.0179 0.276 
0.14013 0.00202 0.61874 0.23911 
0.0066 0.04259 0.76703 0.18378 
24 
0.91629 0.00904 0.0367 0.03797 
0.02262 0.62769 0.349 6.9E-4 
0.54959 0.06266 0.24275 0.145 
0.13045 0.24746 0.61256 0.00953 
0.02854 0.85126 0.09026 0.02994 
0.01462 0.1174 0.2338 0.63418 
24 
0.48764 0.05345 0.0824 0.37651 
0.28537 0.06677 0.25069 0.39717 
0.78497 0.01453 0.1983 0.0022 
0.04312 0.1555 0.41739 0.38399 
0.00511 0.01647 0.00168 0.97674 
0.30157 0.50245 0.03975 0.15623 
24 
0.0294 0.07422 0.33424 0.56214 
0.54288 0.09391 0.3452 0.01801 
0.14734 0.03573 0.79906 0.01787 
0.02964 0.02728 0.92365 0.01943 
0.70063 0.00784 0.11901 0.17252 
0.03691 0.08694 0.11239 0.76376 
24 
0.16598 0.48445 0.21468 0.13489 
0.06244 0.44344 0.37132 0.1228 
0.08439 0.44201 0.41054 0.06306 
0.21017 0.45895 0.27832 0.05256 
0.13959 0.19101 0.53258 0.13682 
0.00373 0.37562 0.27356 0.34709 
24 
0.04195 0.13169 0.05792 0.76844 
0.05646 0.07181 0.12709 0.74464 
0.0012 0.41394 0.57196 0.0129 
0.5234 0.11351 0.34706 0.01603 
0.12933 0.83736 0.01304 0.02027 
0.64303 0.04208 0.11531 0.19958 
24 
0.00796 0.02107 0.85265 0.11832 
0.13469 0.46966 0.00149 0.39416 
0.00372 0.65216 0.16014 0.18398 
0.10403 0.4656 0.02775 0.40262 
0.97625 7.6E-4 0.00973 0.01326 
0.08052 0.21163 0.05621 0.65164 
24 
0.24801 0.20284 0.37831 0.17084 
0.18594 0.01578 0.78307 0.01521 
0.5071 0.11706 0.34785 0.02799 
0.02175 0.52855 0.4263 0.0234 
0.01776 0.86141 0.11883 0.002 
0.04967 0.7415 0.00955 0.19928 
24 
0.16465 0.0145 0.26183 0.55902 
0.16796 0.04334 0.01816 0.77054 
0.57699 0.30462 0.08392 0.03447 
0.08529 0.4993 0.39746 0.01795 
0.09248 0.68889 0.10962 0.10901 
0.41333 0.19342 0.20924 0.18401 
24 
0.01469 0.05184 0.04925 0.88422 
0.02662 0.01007 0.01427 0.94904 
0.47917 0.2691 0.01507 0.23666 
0.14995 0.70493 0.13909 0.00603 
0.00687 0.02826 0.92282 0.04205 
0.2333 0.13971 0.01358 0.61341 
24 
0.42431 0.27229 0.0275 0.2759 
0.42253 0.03386 0.5138 0.02981 
0.0694 0.00919 0.90073 0.02068 
0.20263 0.32522 0.01471 0.45744 
0.10363 0.75492 0.0365 0.10495 
0.41791 0.19095 0.25311 0.13803 
24 
0.00139 0.26964 0.4315 0.29747 
0.04712 0.03573 0.01389 0.90326 
0.19541 0.14365 0.19201 0.46893 
0.01513 0.01324 0.01482 0.95681 
0.34877 0.08494 0.50548 0.06081 
0.04352 0.04252 0.01126 0.9027 
24 
0.13984 0.01988 0.50489 0.33539 
0.22748 0.06094 0.22013 0.49145 
0.40503 0.01617 0.57097 0.00783 
0.10491 0.87951 8.2E-4 0.01476 
0.35372 0.00959 0.11229 0.5244 
0.03452 0.02348 0.52148 0.42052 
24 
0.03691 0.68777 0.17091 0.10441 
0.03575 0.00686 0.91066 0.04673 
0.00755 0.07754 0.13804 0.77687 
0.5553 0.05526 0.04183 0.34761 
0.01936 0.0531 0.00464 0.9229 
0.01087 0.16448 0.82095 0.0037 
24 
0.44381 0.00321 0.00131 0.55167 
0.04384 0.17637 0.01464 0.76515 
0.07055 0.75298 2.7E-4 0.1762 
0.53834 0.15674 0.28594 0.01898 
0.15202 0.18099 0.39692 0.27007 
0.05049 0.30702 0.63112 0.01137 
24 
0.43964 0.43821 0.01593 0.10622 
0.12838 0.39534 0.29897 0.17731 
0.08663 0.15107 0.52891 0.23339 
0.10948 0.70201 0.06167 0.12684 
0.33247 0.1948 0.1532 0.31953 
0.16228 0.59522 0.03681 0.20569 
24 
0.04082 0.16283 0.72399 0.07236 
0.13539 0.07381 0.05198 0.73882 
0.33914 0.0897 0.56728 0.00388 
0.00171 0.15613 0.7572 0.08496 
0.05576 0.91433 0.01681 0.0131 
0.19467 0.07672 0.37911 0.3495 
24 
0.09645 0.26357 0.55237 0.08761 
0.04258 0.26769 0.27811 0.41162 
0.06926 0.49124 0.39933 0.04017 
0.2461 0.37487 0.23018 0.14885 
0.2055 0.11143 0.36596 0.31711 
0.14358 0.52188 0.19635 0.13819 
24 
0.75513 0.05353 0.131 0.06034 
0.29341 0.26793 0.37476 0.0639 
0.01775 0.17525 0.69436 0.11264 
0.36502 0.58873 0.02795 0.0183 
0.02092 0.92301 0.0538 0.00227 
0.18761 0.04961 0.38101 0.38177 
24 
0.08088 0.6773 0.13979 0.10203 
0.57506 0.01696 0.31353 0.09445 
0.10522 0.01822 0.84649 0.03007 
0.0283 0.09959 0.30495 0.56716 
0.09986 0.00434 0.09 0.8058 
0.61215 0.06081 0.04333 0.28371 
24 
0.17946 0.37531 0.15514 0.29009 
0.02972 0.0086 0.95897 0.00271 
0.02736 0.02095 0.32105 0.63064 
0.34609 0.20767 0.42347 0.02277 
0.02905 0.49427 0.4196 0.05708 
0.41442 0.04158 0.46892 0.07508 
24 
0.27237 0.07974 0.06833 0.57956 
0.27098 0.23215 0.03357 0.4633 
0.06842 0.01347 0.18898 0.72913 
0.08504 0.51753 0.16626 0.23117 
0.03747 0.18036 0.42642 0.35575 
0.14248 0.80787 0.04146 0.00819 
24 
0.09196 0.84042 0.00363 0.06399 
0.99197 4.0E-5 0.00267 0.00532 
0.74119 0.00444 0.1258 0.12857 
0.09775 0.31122 0.40471 0.18632 
0.12843 0.06375 0.77838 0.02944 
0.23254 0.04812 0.66228 0.05706 
24 
0.01565 0.04761 0.92458 0.01216 
0.06024 0.5339 0.33779 0.06807 
0.14107 0.05978 0.10563 0.69352 
0.87293 0.05314 0.02932 0.04461 
0.20226 0.27784 0.04524 0.47466 
0.05696 0.15605 0.57491 0.21208 
24 
0.00317 0.10239 0.75124 0.1432 
0.28925 0.04074 0.27397 0.39604 
0.04158 0.00573 0.00795 0.94474 
0.0775 0.62593 0.16886 0.12771 
0.19121 0.00164 0.5139 0.29325 
0.00362 0.00607 0.78911 0.2012 
24 
0.01009 0.00415 0.84512 0.14064 
0.16308 0.34885 0.16218 0.32589 
0.07517 0.06724 0.04682 0.81077 
0.70178 0.0111 0.02845 0.25867 
0.50803 0.32106 0.15414 0.01677 
0.0057 0.01044 0.05168 0.93218 
24 
0.0964 0.01134 0.87086 0.0214 
0.01241 0.00102 0.06644 0.92013 
0.79098 0.0733 0.12981 0.00591 
0.12757 0.5323 0.14655 0.19358 
0.32589 0.55486 0.00859 0.11066 
0.39296 0.01975 0.48547 0.10182 
24 
0.03182 0.00609 0.00533 0.95676 
0.00434 0.85039 0.03225 0.11302 
0.05114 0.59114 0.22953 0.12819 
0.1602 0.13377 0.37991 0.32612 
0.0452 0.51665 0.06834 0.36981 
0.02098 0.00593 0.75364 0.21945 
24 
0.77008 0.01982 0.1829 0.0272 
0.24805 0.64722 0.09131 0.01342 
0.73547 0.217 0.03718 0.01035 
0.32727 0.09646 0.43807 0.1382 
0.73426 0.09223 0.12223 0.05128 
0.11697 0.14007 0.69153 0.05143 
24 
0.0058 0.04975 0.84823 0.09622 
0.06629 0.50501 0.05349 0.37521 
0.06818 0.74737 0.09604 0.08841 
0.88742 0.06522 0.04685 5.1E-4 
0.23413 0.28823 0.0106 0.46704 
0.91394 0.03744 0.04014 0.00848 
24 
6.5E-4 0.17257 0.82596 8.2E-4 
0.11566 0.05522 0.40611 0.42301 
0.16535 0.42798 0.36551 0.04116 
0.60213 0.3217 0.00872 0.06745 
0.31634 0.00325 0.00146 0.67895 
0.99977 1.9E-4 1.0E-5 3.0E-5 
24 
0.26588 0.00679 0.20648 0.52085 
0.01316 0.05355 0.29293 0.64036 
0.50467 0.02793 0.33975 0.12765 
0.39896 0.0088 0.06622 0.52602 
0.0139 0.10407 0.48731 0.39472 
0.0446 0.15984 0.79249 0.00307 
24 
0.11757 0.85731 0.0174 0.00772 
0.01585 0.07634 0.51372 0.39409 
0.08351 0.50247 0.37593 0.03809 
0.24073 0.33839 0.08314 0.33774 
0.2059 0.76826 0.02005 0.00579 
0.32559 0.24451 0.32038 0.10952 
24 
0.46108 0.02337 0.51317 0.00238 
0.50533 0.48916 0.001 0.00451 
0.13724 0.09756 0.68491 0.08029 
0.0952 0.13903 0.64803 0.11774 
0.3726 0.34842 0.16332 0.11566 
0.05621 0.40328 0.42191 0.1186 
24 
0.35344 0.61856 0.00916 0.01884 
0.13207 0.72708 0.04607 0.09478 
0.00171 0.1519 0.70913 0.13726 
0.75135 0.24239 0.0013 0.00496 
0.17481 0.17656 0.39352 0.25511 
0.83692 0.04144 0.08603 0.03561 
24 
0.01884 0.0213 0.84493 0.11493 
0.01468 0.00962 1.7E-4 0.97553 
0.08351 0.89431 0.01113 0.01105 
0.10092 0.34656 0.29622 0.2563 
0.07366 0.13084 0.46111 0.33439 
0.03634 0.06272 0.89213 0.00881 
24 
0.29478 0.6607 0.03317 0.01135 
0.67704 0.11342 0.05832 0.15122 
0.0093 0.98625 0.00132 0.00313 
0.72663 8.5E-4 5.0E-5 0.27247 
0.19712 0.42893 0.22718 0.14677 
0.18807 0.01158 0.6967 0.10365 
24 
0.3752 0.10536 0.25161 0.26783 
0.33796 0.2272 0.06077 0.37407 
0.21494 0.26901 0.00451 0.51154 
0.03927 0.51593 0.08987 0.35493 
0.05517 0.20581 0.62211 0.11691 
0.51645 0.0716 0.28519 0.12676 
24 
0.6994 0.04016 0.24877 0.01167 
0.17238 0.23453 0.48338 0.10971 
0.07226 0.01307 0.11056 0.80411 
0.39942 0.04297 0.00972 0.54789 
0.34873 0.24184 0.03004 0.37939 
0.86919 0.02491 0.06468 0.04122 
24 
0.00627 0.87968 0.06878 0.04527 
0.55737 0.14365 0.04704 0.25194 
0.15272 0.03795 0.04904 0.76029 
0.00969 3.0E-4 0.98952 4.9E-4 
0.00647 6.4E-4 0.99284 5.0E-5 
0.09353 0.04655 0.05714 0.80278 
24 
0.01814 0.00226 0.63281 0.34679 
0.05601 0.05919 0.82617 0.05863 
0.23497 0.54102 0.16409 0.05992 
0.03447 0.73931 0.18885 0.03737 
0.3073 0.53629 0.03692 0.11949 
0.24809 0.22345 0.08917 0.43929 
24 
0.0427 0.16727 0.78865 0.00138 
0.01133 0.6782 0.28804 0.02243 
0.06001 0.21175 0.05691 0.67133 
0.01074 0.14274 0.7155 0.13102 
0.10298 0.41437 0.06702 0.41563 
0.05312 0.00181 0.92061 0.02446 
24 
0.68783 0.20211 0.01545 0.09461 
0.02265 0.05578 0.46732 0.45425 
0.03388 0.09643 7.2E-4 0.86897 
0.14244 0.114 0.58635 0.15721 
0.01744 0.90359 0.06828 0.01069 
0.27199 0.00821 0.6896 0.0302 
24 
0.73881 0.06685 0.00867 0.18567 
0.95331 0.0236 0.02039 0.0027 
0.10777 0.488 0.18084 0.22339 
0.15161 0.47783 0.0575 0.31306 
0.08069 0.15656 0.76122 0.00153 
0.92959 0.02193 0.02469 0.02379 
24 
0.25491 0.40592 0.29811 0.04106 
0.45586 0.2321 0.01448 0.29756 
0.07619 0.45159 0.28961 0.18261 
0.07245 0.45982 0.1321 0.33563 
0.1825 0.012 0.3141 0.4914 
0.00907 0.03028 0.60592 0.35473 
24 
0.02096 0.07655 0.80169 0.1008 
0.00409 0.06187 0.18651 0.74753 
0.06928 0.048 0.07975 0.80297 
0.03686 0.45615 0.1107 0.39629 
0.35565 0.05851 0.06834 0.5175 
0.59537 0.20651 0.00138 0.19674 
24 
0.06673 0.04036 0.7689 0.12401 
0.75178 5.1E-4 0.20638 0.04133 
0.05302 0.07497 0.77377 0.09824 
0.75935 0.06411 0.08652 0.09002 
0.25931 0.24732 0.39367 0.0997 
0.09344 0.5891 0.30746 0.01 
24 
0.02436 0.04286 0.90861 0.02417 
0.44494 0.17574 0.12969 0.24963 
0.08199 0.12043 0.45899 0.33859 
0.09645 0.19232 0.55417 0.15706 
0.57218 0.24866 0.08882 0.09034 
0.01072 0.01515 0.78902 0.18511 
24 
0.44387 0.0732 0.29281 0.19012 
0.00474 0.02678 0.93711 0.03137 
0.02965 0.07596 0.21341 0.68098 
0.03671 0.10548 0.17744 0.68037 
0.73322 0.11826 0.07672 0.0718 
0.0296 0.00186 0.94256 0.02598 
24 
0.00101 0.02079 0.71507 0.26313 
0.29872 0.64677 0.03591 0.0186 
0.07475 0.06253 0.13522 0.7275 
0.12858 0.04981 0.78894 0.03267 
0.30394 0.0493 0.13167 0.51509 
0.57884 0.15522 0.00182 0.26412 
24 
0.12563 0.46896 0.40247 0.00294 
0.01832 0.58828 0.02337 0.37003 
0.52881 0.05342 0.09325 0.32452 
0.00843 0.63471 0.26447 0.09239 
0.55206 0.01142 0.02494 0.41158 
0.21647 0.28004 0.40006 0.10343 
24 
0.1634 0.02309 0.04743 0.76608 
0.27461 0.07074 0.62421 0.03044 
0.91529 0.06339 0.01813 0.00319 
0.04159 0.90345 0.03625 0.01871 
0.00693 0.08625 0.63028 0.27654 
0.33822 0.3201 0.00362 0.33806 
24 
0.90155 0.01867 0.05839 0.02139 
6.2E-4 0.64442 9.0E-4 0.35406 
0.00969 0.00149 0.15341 0.83541 
0.05246 0.87292 0.0165 0.05812 
0.19219 0.04437 0.63389 0.12955 
0.02973 0.84123 0.0829 0.04614 
24 
0.16632 0.08681 0.73509 0.01178 
0.05091 0.56713 0.02852 0.35344 
0.05374 0.17024 0.69217 0.08385 
0.13332 0.56662 0.19499 0.10507 
0.04072 0.65006 0.26364 0.04558 
0.05279 0.73016 0.18667 0.03038 
24 
0.38289 0.03818 0.43562 0.14331 
0.02799 0.18767 0.64927 0.13507 
0.65078 0.0261 0.24889 0.07423 
0.89948 0.07648 0.00924 0.0148 
0.07929 0.43427 0.45509 0.03135 
0.32097 0.34813 0.12124 0.20966 
24 
0.02584 0.92936 0.00947 0.03533 
0.23061 0.59852 0.16609 0.00478 
0.00948 0.58244 0.39375 0.01433 
0.26956 0.18249 0.54054 0.00741 
0.22968 0.32627 0.03149 0.41256 
0.28738 0.01777 0.29849 0.39636 
24 
0.09992 0.01679 0.14643 0.73686 
0.04536 0.10256 0.34134 0.51074 
0.67323 0.12333 0.16217 0.04127 
0.04452 0.07638 0.85185 0.02725 
0.02627 0.9217 0.00668 0.04535 
0.7401 0.02867 0.19893 0.0323 
24 
0.04861 0.03034 0.87525 0.0458 
0.08175 0.41368 0.01108 0.49349 
0.00263 0.05373 0.05796 0.88568 
0.67655 0.00434 0.19623 0.12288 
0.45417 0.39892 0.06903 0.07788 
0.22299 0.55363 0.01823 0.20515 
24 
0.10151 0.00889 0.06584 0.82376 
6.4E-4 0.81941 0.17983 1.2E-4 
0.8414 0.03103 0.02605 0.10152 
0.11426 0.3084 0.54618 0.03116 
0.48071 0.40672 0.03834 0.07423 
0.09615 0.69133 0.06522 0.1473 
24 
0.41457 0.12773 0.1603 0.2974 
0.01231 0.21303 0.15212 0.62254 
0.35257 0.50855 0.03274 0.10614 
0.00282 0.02281 0.85778 0.11659 
0.0133 0.10067 0.09388 0.79215 
0.03305 0.25814 0.68938 0.01943 
24 
0.16738 0.05827 0.10461 0.66974 
0.30932 0.07846 0.36068 0.25154 
0.14779 0.41684 0.43223 0.00314 
0.25376 0.74588 1.2E-4 2.4E-4 
0.66545 0.03705 0.0304 0.2671 
0.16945 0.06099 0.30156 0.468 
24 
0.28631 0.07832 0.30849 0.32688 
0.07646 0.04287 0.13157 0.7491 
0.05122 0.06275 0.04758 0.83845 
0.84983 0.04347 0.00535 0.10135 
0.86201 0.01296 0.00275 0.12228 
0.62994 0.30009 0.00464 0.06533 
24 
0.00103 0.0189 0.07545 0.90462 
0.95667 1.3E-4 0.03589 0.00731 
0.04523 0.12974 0.81567 0.00936 
0.05855 0.87963 0.0561 0.00572 
0.02726 0.11037 0.5274 0.33497 
0.01231 0.56261 0.26768 0.1574 
24 
0.61349 0.00723 0.00314 0.37614 
0.02558 0.50567 0.42872 0.04003 
0.1674 0.55704 0.06509 0.21047 
0.02732 0.01411 0.88322 0.07535 
0.74706 0.10289 0.05316 0.09689 
0.03222 0.39867 0.27995 0.28916 
24 
0.72708 0.17587 0.05589 0.04116 
0.1342 0.15537 0.05718 0.65325 
0.55425 0.09824 0.04821 0.2993 
0.00794 0.00914 0.05243 0.93049 
0.05877 0.11067 0.60091 0.22965 
0.07257 0.43858 0.30521 0.18364 
24 
0.03421 0.21984 0.58018 0.16577 
0.60618 0.02267 0.36258 0.00857 
0.00743 0.3836 9.1E-4 0.60806 
0.33572 0.00959 0.56624 0.08845 
0.0039 0.61485 0.32394 0.05731 
0.07518 0.1029 0.54899 0.27293 
24 
0.01389 0.92699 0.05899 1.3E-4 
0.39377 0.08433 0.17941 0.34249 
0.2027 0.02326 0.44108 0.33296 
0.04358 0.07589 0.01719 0.86334 
0.14143 0.04339 0.77787 0.03731 
0.46274 1.0E-4 0.04931 0.48785 
24 
0.678 0.05999 0.17689 0.08512 
0.00354 0.09698 0.86425 0.03523 
0.00462 0.87811 0.10909 0.00818 
0.27434 0.15877 0.07535 0.49154 
0.01894 0.68195 0.12773 0.17138 
0.00493 0.01966 0.95836 0.01705 
24 
0.63423 0.01837 0.26845 0.07895 
0.01554 0.08467 0.01019 0.8896 
0.85049 0.11899 0.03046 6.0E-5 
0.29989 0.67418 0.01067 0.01526 
2.3E-4 2.2E-4 0.99206 0.00749 
0.05908 0.00512 0.25094 0.68486 
24 
0.27872 0.09486 0.04273 0.58369 
0.36456 0.13896 0.3191 0.17738 
0.35031 0.00255 0.39775 0.24939 
0.29706 0.38195 0.26793 0.05306 
0.2363 0.07225 0.67336 0.01809 
0.24713 0.10773 0.63202 0.01312 
24 
0.05653 0.11986 0.04358 0.78003 
0.05039 0.76894 0.0562 0.12447 
0.96729 0.02079 0.00899 0.00293 
0.34985 0.24779 0.24132 0.16104 
0.36155 0.59739 0.02765 0.01341 
0.95945 0.0301 0.00606 0.00439 
24 
0.51737 0.2519 0.12029 0.11044 
0.04939 7.0E-4 0.8521 0.09781 
0.1993 0.73595 0.0058 0.05895 
0.47365 0.43807 0.08824 4.0E-5 
2.8E-4 0.99079 0.00282 0.00611 
0.07059 0.10414 0.7912 0.03407 
24 
0.31476 0.07194 0.46136 0.15194 
0.03514 0.07555 0.25247 0.63684 
0.02121 0.00369 0.55535 0.41975 
0.77779 0.05622 0.13135 0.03464 
0.01125 0.29748 0.67068 0.02059 
0.12093 0.6263 0.14736 0.10541 
24 
0.0632 0.0337 0.83606 0.06704 
0.19954 0.48865 0.17687 0.13494 
0.52259 0.025 0.4388 0.01361 
0.42743 0.55661 0.00972 0.00624 
0.2363 0.24831 0.04921 0.46618 
0.02548 0.29621 0.01636 0.66195 
24 
0.7624 0.02632 0.17183 0.03945 
0.16565 0.75199 0.04855 0.03381 
0.12656 0.71087 0.04401 0.11856 
0.02293 0.2857 0.03687 0.6545 
0.32195 0.05574 0.61759 0.00472 
0.35302 0.0769 0.09025 0.47983 
24 
0.00121 0.55887 0.43695 0.00297 
0.00223 0.94815 0.01641 0.03321 
0.00851 0.11849 0.77338 0.09962 
0.3143 0.65329 0.02816 0.00425 
0.02021 0.06031 0.7504 0.16908 
0.05205 0.09197 0.67635 0.17963 
24 
0.00577 0.90541 0.06867 0.02015 
0.14351 0.17463 0.28727 0.39459 
0.07396 0.46562 0.45928 0.00114 
0.86562 0.00689 0.12074 0.00675 
0.05315 0.03249 0.79443 0.11993 
0.3392 0.57738 0.046 0.03742 
24 
0.0053 0.01132 0.01466 0.96872 
0.18311 0.10586 0.31667 0.39436 
0.00156 0.02051 0.00301 0.97492 
0.89657 0.00344 0.06984 0.03015 
0.12564 0.71205 0.03028 0.13203 
0.14335 0.39632 0.25505 0.20528 
24 
1.7E-4 0.42971 0.30107 0.26905 
0.13665 0.66654 0.09728 0.09953 
0.69849 0.23252 0.05261 0.01638 
0.02378 0.21923 0.00341 0.75358 
0.3594 0.0423 0.39606 0.20224 
0.81989 0.03931 0.04314 0.09766 
24 
0.17381 0.70558 0.02182 0.09879 
0.74998 0.00114 0.00323 0.24565 
0.47429 0.03972 0.47978 0.00621 
0.08218 0.06187 0.55594 0.30001 
0.0752 0.63437 0.03579 0.25464 
0.11086 0.22902 0.42015 0.23997 
24 
0.85096 0.06642 0.07874 0.00388 
0.11242 0.30533 0.28272 0.29953 
0.76076 0.11823 0.11853 0.00248 
0.98872 0.00196 0.0011 0.00822 
0.05931 0.55529 0.27204 0.11336 
0.6938 0.03844 0.02741 0.24035 
24 
0.02043 0.66525 0.2995 0.01482 
0.49026 0.0412 0.4075 0.06104 
0.05858 0.01068 0.92859 0.00215 
0.0564 0.33726 0.11321 0.49313 
0.75219 0.24348 7.2E-4 0.00361 
0.04201 0.03316 0.23374 0.69109 
24 
0.03317 0.69102 0.24651 0.0293 
0.57348 0.07636 0.12442 0.22574 
0.01538 0.00142 0.98009 0.00311 
0.01237 0.88968 0.04522 0.05273 
0.82499 0.04828 0.08115 0.04558 
0.54476 0.04032 0.22417 0.19075 
24 
0.38897 0.58109 0.00637 0.02357 
0.32873 0.06815 0.17593 0.42719 
0.19877 0.08291 0.6331 0.08522 
0.11028 0.62965 0.11633 0.14374 
0.01215 0.14752 0.01256 0.82777 
0.52499 0.02045 0.43812 0.01644 
24 
0.17453 0.26948 0.44398 0.11201 
0.08218 0.01898 0.11998 0.77886 
0.07407 0.04971 0.79585 0.08037 
0.04331 0.28887 8.0E-5 0.66774 
0.33489 0.28366 0.37941 0.00204 
0.61257 0.263 0.12109 0.00334 
24 
0.14449 0.01906 0.80981 0.02664 
0.05199 0.15844 0.42984 0.35973 
0.0768 0.08273 0.01347 0.827 
0.29403 0.02794 0.06661 0.61142 
0.00144 0.00172 0.00333 0.99351 
0.05434 0.07636 0.75658 0.11272 
24 
0.04782 0.341 0.50586 0.10532 
0.04371 0.17339 0.74252 0.04038 
0.02787 0.07632 0.58529 0.31052 
0.03324 0.32919 0.12043 0.51714 
0.31008 0.42273 0.1556 0.11159 
0.08017 0.04163 0.49045 0.38775 
24 
0.00826 0.22105 0.7697 9.9E-4 
0.90391 0.02202 0.04942 0.02465 
0.05561 0.53985 0.33869 0.06585 
0.55631 0.4021 0.00311 0.03848 
0.55827 0.03654 0.13227 0.27292 
0.03396 0.32804 0.2352 0.4028 
24 
0.01706 0.06851 0.87785 0.03658 
0.02221 0.08919 0.87508 0.01352 
0.47632 0.14427 0.20584 0.17357 
0.359 0.28711 0.22969 0.1242 
0.00145 0.60908 0.38663 0.00284 
0.64476 0.14622 0.03748 0.17154 
24 
0.07747 0.7384 0.14814 0.03599 
0.6804 0.29437 0.00698 0.01825 
0.15016 0.30487 0.13078 0.41419 
0.17749 0.16883 0.16702 0.48666 
0.02194 0.52552 0.31331 0.13923 
0.10718 0.00436 0.69555 0.19291 
24 
0.17022 0.04932 0.71759 0.06287 
0.09116 0.1615 0.62722 0.12012 
2.8E-4 6.6E-4 0.57635 0.42271 
0.48111 0.11145 0.01614 0.3913 
0.06162 0.04755 0.04498 0.84585 
0.01511 0.06158 0.90824 0.01507 
24 
0.62645 0.24005 0.04905 0.08445 
0.23894 0.34347 0.16476 0.25283 
0.21198 0.3788 0.2309 0.17832 
0.01698 0.31677 0.40246 0.26379 
0.0186 0.05194 0.11017 0.81929 
0.16501 0.04 0.64762 0.14737 
24 
0.00122 0.00562 2.8E-4 0.99288 
0.85154 0.10744 0.01608 0.02494 
0.01639 0.12562 0.49489 0.3631 
0.14615 0.64307 0.08976 0.12102 
0.04433 0.54044 0.37102 0.04421 
0.92534 0.03277 0.03763 0.00426 
24 
0.4436 0.37867 0.15256 0.02517 
0.35684 0.20843 0.36019 0.07454 
0.62169 0.25058 0.05523 0.0725 
0.02982 0.472 0.43555 0.06263 
0.26255 0.16541 0.52586 0.04618 
0.04464 0.53542 0.0044 0.41554 
24 
0.25556 0.57893 0.1204 0.04511 
0.09223 0.30879 0.39886 0.20012 
4.9E-4 0.00518 8.7E-4 0.99346 
0.97216 0.02566 3.5E-4 0.00183 
0.10268 0.00923 0.87406 0.01403 
0.14194 0.39032 0.33682 0.13092 
24 
0.50916 0.07175 0.01622 0.40287 
0.04167 0.13137 0.28648 0.54048 
0.98539 0.00208 0.01183 7.0E-4 
0.34851 0.00727 0.16264 0.48158 
0.69756 0.01807 0.17049 0.11388 
0.34042 0.06407 0.4597 0.13581 
24 
0.01267 0.97827 0.00416 0.0049 
0.3478 0.233 0.01805 0.40115 
0.00294 0.02881 0.96701 0.00124 
0.96571 0.01036 0.01261 0.01132 
0.79809 0.03029 0.10212 0.0695 
0.04417 0.8674 0.0445 0.04393 
24 
0.08598 0.03567 0.70135 0.177 
0.73633 0.15549 0.0338 0.07438 
0.0146 0.04746 0.04663 0.89131 
0.0461 0.12776 0.68997 0.13617 
0.17657 0.48117 0.33487 0.00739 
0.52105 0.09114 0.10088 0.28693 
24 
0.05965 0.40593 0.5216 0.01282 
0.66701 0.04352 0.08705 0.20242 
0.16312 0.66951 0.03608 0.13129 
0.32054 0.64373 0.02683 0.0089 
0.10684 0.06808 0.01868 0.8064 
0.59709 0.01197 0.26794 0.123 
24 
0.05101 0.32169 0.03478 0.59252 
0.16467 0.19322 0.43296 0.20915 
0.02191 0.02994 0.89189 0.05626 
0.24545 0.07441 0.46303 0.21711 
0.45547 0.20477 0.15707 0.18269 
0.01962 0.00574 0.39401 0.58063 
24 
0.07351 0.01196 0.85743 0.0571 
0.01172 0.93753 0.03824 0.01251 
0.08941 0.04257 0.81208 0.05594 
0.1543 0.04387 0.55515 0.24668 
0.04712 0.49745 0.27436 0.18107 
0.22803 0.08551 0.14271 0.54375 
24 
0.54501 0.14813 0.17648 0.13038 
0.03135 0.53957 0.26552 0.16356 
0.00274 0.02008 0.96668 0.0105 
0.10257 0.34861 0.5305 0.01832 
0.00891 0.06085 0.06428 0.86596 
0.10212 0.00385 0.30835 0.58568 
24 
0.02136 0.90115 0.05279 0.0247 
0.00206 4.9E-4 0.98825 0.0092 
0.63539 0.00501 0.14331 0.21629 
0.9117 0.05196 0.01697 0.01937 
0.0646 0.2571 0.0875 0.5908 
0.38205 2.9E-4 0.0356 0.58206 
24 
0.00957 0.30323 0.09197 0.59523 
0.16791 0.06837 0.37296 0.39076 
0.70233 0.27222 0.0112 0.01425 
0.56022 0.04767 0.3686 0.02351 
0.26978 0.0241 0.68381 0.02231 
0.0899 0.64421 0.25224 0.01365 
24 
0.17841 0.37997 0.42855 0.01307 
0.03936 0.90826 8.8E-4 0.0515 
0.43047 0.06573 0.28903 0.21477 
0.03046 0.73449 0.04951 0.18554 
0.03457 0.82809 0.10305 0.03429 
0.33005 0.05248 0.12769 0.48978 
24 
0.18733 0.26045 0.07569 0.47653 
0.02564 0.03181 0.0577 0.88485 
0.00996 0.11628 0.26484 0.60892 
0.80186 0.04911 0.10991 0.03912 
0.01772 0.33469 0.12193 0.52566 
0.00974 0.17211 0.71575 0.1024 
24 
0.90809 0.08108 0.00488 0.00595 
0.17525 0.53679 0.23503 0.05293 
0.01051 4.0E-4 0.112 0.87709 
0.31494 0.34175 0.32191 0.0214 
0.1535 0.22028 0.0191 0.60712 
0.05924 0.04665 0.00521 0.8889 
24 
0.37099 0.12632 0.12525 0.37744 
0.00191 0.39912 0.10594 0.49303 
0.2305 0.20745 0.462 0.10005 
0.00101 0.00634 0.06488 0.92777 
0.28736 0.30359 0.38 0.02905 
0.49221 0.3421 0.11514 0.05055 
24 
0.00254 0.00111 9.3E-4 0.99542 
0.19487 0.2975 0.49163 0.016 
0.01133 0.06897 0.24936 0.67034 
0.94092 0.00275 0.04568 0.01065 
0.01333 0.03285 0.03731 0.91651 
0.78682 0.06708 0.12674 0.01936 
24 
0.30545 0.05133 0.18789 0.45533 
0.55113 0.04752 0.19965 0.2017 
0.63714 0.00247 0.09879 0.2616 
0.20191 0.15993 0.16062 0.47754 
0.00449 0.80737 0.14566 0.04248 
8.0E-5 0.87248 0.02103 0.10641 
24 
0.00532 0.22875 0.75222 0.01371 
0.15777 0.50196 0.03509 0.30518 
0.23464 0.41609 0.25458 0.09469 
0.16137 0.09344 0.44188 0.30331 
0.88865 0.11047 1.9E-4 6.9E-4 
0.05864 0.3303 0.58926 0.0218 
24 
0.53829 0.03232 0.41661 0.01278 
0.02025 0.33829 0.62291 0.01855 
0.69246 0.01304 0.16966 0.12484 
0.04069 0.27597 0.30185 0.38149 
0.25842 0.6378 0.03407 0.06971 
0.61215 0.08797 0.04555 0.25433 
24 
0.98721 0.00575 3.7E-4 0.00667 
0.16459 0.07019 0.29736 0.46786 
0.23289 0.06176 0.01042 0.69493 
0.01633 0.01868 0.05278 0.91221 
0.14726 0.12207 0.30807 0.4226 
0.44039 0.01225 0.53529 0.01207 
24 
0.09267 0.01417 0.0013 0.89186 
0.0586 0.00206 0.8994 0.03994 
0.01142 0.42889 0.05018 0.50951 
0.19053 0.1104 0.54393 0.15514 
0.47701 0.05499 0.0446 0.4234 
0.1521 0.31034 0.22789 0.30967 
24 
0.9811 0.00289 0.01152 0.00449 
0.28564 0.36481 0.28709 0.06246 
0.56396 0.25825 0.01291 0.16488 
0.10345 0.05171 0.77965 0.06519 
0.49879 0.32543 0.05402 0.12176 
0.07977 0.62028 0.00354 0.29641 
24 
0.01228 0.91383 0.03095 0.04294 
0.86727 0.03957 0.0731 0.02006 
0.0308 0.26066 0.18782 0.52072 
0.84596 0.02879 0.04984 0.07541 
0.60801 0.29378 0.07968 0.01853 
0.01749 0.66573 0.31226 0.00452 
24 
0.01467 0.79192 0.01958 0.17383 
0.11524 0.02203 0.11939 0.74334 
0.0115 0.32862 0.57864 0.08124 
0.91868 0.00667 0.06383 0.01082 
0.03177 0.04052 0.23086 0.69685 
0.28642 0.17159 7.8E-4 0.54121 
24 
0.0122 0.08403 0.00318 0.90059 
0.01131 0.27056 0.49653 0.2216 
0.1218 0.15585 0.01049 0.71186 
0.41501 0.00836 0.52336 0.05327 
0.04476 0.64056 0.20809 0.10659 
0.57078 0.32821 0.01988 0.08113 
24 
0.02967 0.06665 0.42957 0.47411 
0.20119 0.79483 1.8E-4 0.0038 
0.01756 0.80417 0.08884 0.08943 
0.12419 0.3787 0.32595 0.17116 
0.40314 0.21244 0.20556 0.17886 
0.5176 0.12208 0.00953 0.35079 
24 
0.05804 0.25863 0.27089 0.41244 
0.16702 0.51432 0.08242 0.23624 
0.28048 0.56349 0.0112 0.14483 
0.89676 0.07974 0.02247 0.00103 
0.62737 0.30353 0.04309 0.02601 
0.17069 0.35938 0.10186 0.36807 
24 
0.01016 0.06955 0.02564 0.89465 
0.46666 0.13823 0.3036 0.09151 
0.07677 0.01793 0.03939 0.86591 
0.52455 0.161 0.17858 0.13587 
0.03989 0.20935 0.10665 0.64411 
0.74348 0.00384 0.15852 0.09416 
24 
0.92119 0.04314 0.03309 0.00258 
0.25475 0.03037 0.28653 0.42835 
0.07222 0.19946 0.65245 0.07587 
0.35297 0.15935 0.15687 0.33081 
0.08082 0.02758 0.7192 0.1724 
0.10679 0.50145 0.01205 0.37971 
24 
0.03527 0.02119 0.19041 0.75313 
0.03258 0.36662 0.1404 0.4604 
0.94006 0.02468 0.0041 0.03116 
0.01865 0.15129 0.28746 0.5426 
0.07769 0.88194 0.00907 0.0313 
0.1142 0.15849 0.38457 0.34274 
24 
0.02593 0.00346 0.36245 0.60816 
0.37086 0.09214 0.46162 0.07538 
0.60514 0.01538 0.00218 0.3773 
0.00309 0.99174 0.003 0.00217 
0.73912 0.20189 0.05293 0.00606 
0.66966 0.00202 0.04849 0.27983 
24 
0.56765 0.06158 0.10496 0.26581 
0.59207 0.30868 0.00815 0.0911 
0.63003 0.08793 0.04975 0.23229 
0.98844 0.00965 2.3E-4 0.00168 
0.38976 0.59618 0.0107 0.00336 
0.0951 0.89293 0.00609 0.00588 
24 
0.09271 0.01613 0.8866 0.00456 
0.42775 0.01149 0.49579 0.06497 
0.22362 0.2945 0.43534 0.04654 
0.09535 0.02289 0.61981 0.26195 
0.08095 0.43931 0.46498 0.01476 
0.01182 0.77652 0.08664 0.12502 
24 
0.39189 0.22197 0.13855 0.24759 
0.21251 0.30829 0.38109 0.09811 
0.41244 0.34318 0.01372 0.23066 
0.77219 0.01839 0.12881 0.08061 
0.01525 0.00923 0.96226 0.01326 
0.75815 0.03483 0.08821 0.11881 
24 
0.02052 0.9753 8.0E-4 0.00338 
0.85013 0.10463 0.03751 0.00773 
0.03515 0.07735 0.03204 0.85546 
0.33321 0.04379 0.10462 0.51838 
0.04624 0.08032 0.58086 0.29258 
0.03279 0.19125 0.74138 0.03458 
24 
0.18015 0.22948 0.51756 0.07281 
0.10068 0.20436 0.02784 0.66712 
0.04877 0.12577 0.15889 0.66657 
0.87797 0.04038 0.01469 0.06696 
0.29404 0.19143 0.19619 0.31834 
0.58715 0.02999 0.15534 0.22752 
24 
0.06893 0.40731 0.03428 0.48948 
0.04192 0.31481 0.54083 0.10244 
0.25543 0.59473 0.08803 0.06181 
0.49929 0.32698 0.16184 0.01189 
0.32339 0.47212 0.03287 0.17162 
0.81632 0.08357 0.08564 0.01447 
24 
0.03981 0.27394 0.64489 0.04136 
0.54563 0.25866 0.07233 0.12338 
0.04869 0.48785 0.37234 0.09112 
0.1307 0.49504 0.02025 0.35401 
0.36204 0.23626 0.18856 0.21314 
0.33009 0.32408 0.25254 0.09329 
24 
0.70778 0.10826 0.12375 0.06021 
0.06959 0.30023 0.15588 0.4743 
0.00905 0.11694 0.78118 0.09283 
0.6003 0.01136 0.02881 0.35953 
0.18452 0.57723 0.1465 0.09175 
0.6043 0.17468 0.0752 0.14582 
24 
0.00978 0.16349 0.76853 0.0582 
0.87238 0.03563 0.04213 0.04986 
0.06371 0.09345 0.82647 0.01637 
0.15583 0.32037 0.46678 0.05702 
0.03578 0.04157 0.502 0.42065 
0.17274 0.0124 0.73826 0.0766 
24 
0.53648 0.22882 0.16378 0.07092 
0.37348 0.52581 0.02558 0.07513 
0.10905 0.03792 0.1823 0.67073 
0.09748 6.3E-4 0.05376 0.84813 
0.50487 0.02362 0.10424 0.36727 
0.01311 0.54138 0.39827 0.04724 
24 
4.1E-4 0.93549 2.9E-4 0.06381 
0.10086 0.18592 0.09803 0.61519 
0.05763 0.47886 0.05376 0.40975 
0.77614 0.19247 0.02049 0.0109 
0.12535 0.0018 0.72944 0.14341 
0.13457 0.01876 0.30727 0.5394 
24 
0.15126 0.02865 0.0741 0.74599 
0.70708 0.05848 0.00329 0.23115 
0.31448 0.13654 0.52252 0.02646 
0.05604 0.12805 0.72285 0.09306 
0.19637 0.46915 0.15024 0.18424 
0.02001 0.51857 0.13802 0.3234 
24 
0.1195 0.11143 0.53797 0.2311 
0.02113 0.87087 0.0722 0.0358 
0.01334 0.19603 0.78242 0.00821 
0.55742 0.07713 0.14013 0.22532 
0.23232 0.41951 0.09459 0.25358 
0.47679 0.10621 0.10172 0.31528 
24 
0.29805 0.48347 0.19886 0.01962 
0.14829 0.73949 0.04995 0.06227 
0.25021 0.2153 0.51604 0.01845 
0.09674 0.17776 0.21288 0.51262 
0.03729 0.76236 0.18288 0.01747 
0.20386 0.42293 0.03257 0.34064 
24 
0.24447 0.1688 0.44851 0.13822 
0.10671 0.42753 0.11273 0.35303 
0.0393 0.89915 0.05908 0.00247 
0.75176 0.19137 0.01462 0.04225 
0.65822 0.06377 0.05985 0.21816 
0.00283 6.9E-4 0.74991 0.24657 
24 
0.00325 0.99521 9.4E-4 6.0E-4 
0.00247 0.01249 0.9776 0.00744 
0.22208 0.01657 0.26913 0.49222 
0.92971 0.05812 0.01123 9.4E-4 
0.22258 0.51738 0.02932 0.23072 
0.02153 0.20634 0.40557 0.36656 

24 
0.33584 0.06528 0.47222 0.12666 
0.03051 0.41497 0.05838 0.49614 
0.75525 0.23861 0.00304 0.0031 
0.40223 0.49622 0.06026 0.04129 
0.23759 0.58338 0.06746 0.11157 
0.1444 0.47304 0.35863 0.02393 
24 
0.62932 0.19703 0.09902 0.07463 
0.00579 0.07034 0.00294 0.92093 
0.00378 0.94807 0.04433 0.00382 
0.05728 0.06746 0.45315 0.42211 
0.27909 0.1311 0.3563 0.23351 
0.57097 0.3421 0.03281 0.05412 
24 
0.34424 0.2718 0.03179 0.35217 
0.87349 0.06653 0.05406 0.00592 
0.0347 0.17352 0.36319 0.42859 
0.11839 0.03685 0.80891 0.03585 
0.0042 0.79662 0.10645 0.09273 
0.80455 0.14947 0.00647 0.03951 
24 
0.87342 0.0052 0.00562 0.11576 
0.41543 0.0408 0.46173 0.08204 
0.00397 0.11381 0.77455 0.10767 
0.05071 0.85994 0.07858 0.01077 
0.1206 0.21983 0.43969 0.21988 
0.18738 0.37703 0.27544 0.16015 
24 
1.5E-4 0.99932 3.6E-4 1.7E-4 
0.72227 0.1317 0.11997 0.02606 
0.02975 0.07137 0.12761 0.77127 
0.1448 0.10329 0.22246 0.52945 
0.32022 0.58481 0.0371 0.05787 
0.08307 0.23804 0.5909 0.08799 
24 
