V-CREDAL
9
2 2 3 2 4 2 4 4 2
9
3 2 7 0
4 0 3 8 1
1 2
2 5 3
2 6 4
1 5
1 6
2 6 7
1 8

4
0.579 0.421
0.873 0.127
4
0.467 0.533
0.244 0.756
4
0.431 0.569
0.325 0.675
4
0.339 0.661
0.991 0.009
4
0.431 0.569
0.622 0.378
4
0.91 0.09
0.245 0.755
4
0.75 0.25
0.757 0.243
4
0.113 0.887
0.575 0.425
4
0.167 0.833
0.914 0.086
4
0.65 0.35
0.573 0.427
4
0.444 0.556
0.212 0.788
4
0.142 0.858
0.273 0.727

4
0.115 0.885
0.106 0.894
4
0.39 0.61
0.19 0.81
4
0.958 0.042
0.414 0.586
4
0.425 0.575
0.327 0.673
4
0.241 0.759
0.431 0.569
4
0.974 0.026
0.148 0.852
4
0.771 0.229
0.1 0.9
4
0.622 0.378
0.503 0.497

12
0.043 0.583 0.374
0.508 0.479 0.013
0.007 0.048 0.945
0.778 0.057 0.165

4
0.705 0.295
0.352 0.648
4
0.462 0.538
0.721 0.279

16
0.142 0.676 0.0 0.182
0.164 0.212 0.201 0.423
0.014 0.115 0.791 0.08
0.105 0.78 0.098 0.017
16
0.347 0.057 0.027 0.569
0.617 0.013 0.364 0.006
0.219 0.014 0.755 0.012
0.286 0.028 0.003 0.683
16
0.075 0.182 0.387 0.356
0.001 0.008 0.009 0.982
0.751 0.08 0.105 0.064
0.127 0.109 0.161 0.603
16
0.118 0.208 0.355 0.319
0.077 0.057 0.373 0.493
0.0 0.053 0.014 0.933
0.434 0.342 0.183 0.041

4
0.371 0.629
0.083 0.917

16
0.218 0.056 0.72 0.006
0.104 0.018 0.246 0.632
0.011 0.012 0.013 0.964
0.335 0.072 0.48 0.113

16
0.11 0.799 0.058 0.033
0.031 0.639 0.167 0.163
0.001 0.954 0.045 0.0
0.495 0.18 0.098 0.227
16
0.204 0.014 0.665 0.117
0.41 0.137 0.308 0.145
0.281 0.024 0.101 0.594
0.005 0.055 0.02 0.92
16
0.023 0.128 0.682 0.167
0.128 0.053 0.719 0.1
0.23 0.227 0.008 0.535
0.005 0.853 0.058 0.084
16
0.052 0.338 0.039 0.571
0.095 0.022 0.544 0.339
0.646 0.003 0.179 0.172
0.649 0.066 0.018 0.267

4
0.001 0.999
0.439 0.561
