V-CREDAL
6
2 3 3 2 4 4
6
2 2 0
3 2 3 1
1 2
1 3
3 3 5 4
1 5

4
0.601 0.399
0.045 0.955
4
0.163 0.837
0.066 0.934
4
0.443 0.557
0.304 0.696

18
0.175 0.548 0.277
0.908 0.018 0.074
0.185 0.068 0.747
0.289 0.493 0.218
0.662 0.232 0.106
0.052 0.085 0.863
18
0.312 0.636 0.052
0.276 0.091 0.633
0.148 0.486 0.366
0.164 0.765 0.071
0.721 0.032 0.247
0.478 0.042 0.48
18
0.237 0.191 0.572
0.902 0.083 0.015
0.068 0.751 0.181
0.833 0.153 0.014
0.881 0.024 0.095
0.7 0.264 0.036
18
0.135 0.102 0.763
0.839 0.151 0.01
0.907 0.051 0.042
0.03 0.383 0.587
0.246 0.033 0.721
0.231 0.723 0.046
18
0.805 0.114 0.081
0.053 0.895 0.052
0.005 0.412 0.583
0.406 0.589 0.005
0.01 0.019 0.971
0.388 0.014 0.598
18
0.061 0.867 0.072
0.412 0.021 0.567
0.045 0.853 0.102
0.582 0.406 0.012
0.039 0.499 0.462
0.036 0.139 0.825

18
0.985 0.01 0.005
0.047 0.409 0.544
0.163 0.015 0.822
0.018 0.972 0.01
0.981 0.005 0.014
0.144 0.071 0.785

4
0.36 0.64
0.325 0.675

24
0.033 0.181 0.759 0.027
0.793 0.025 0.005 0.177
0.069 0.005 0.855 0.071
0.112 0.832 0.014 0.042
0.195 0.082 0.046 0.677
0.026 0.047 0.874 0.053
24
0.719 0.076 0.083 0.122
0.494 0.421 0.073 0.012
0.008 0.023 0.031 0.938
0.018 0.367 0.211 0.404
0.105 0.135 0.422 0.338
0.023 0.065 0.023 0.889
24
0.143 0.008 0.756 0.093
0.057 0.09 0.02 0.833
0.07 0.272 0.55 0.108
0.011 0.033 0.038 0.918
0.18 0.406 0.371 0.043
0.316 0.048 0.15 0.486
24
0.149 0.74 0.025 0.086
0.391 0.538 0.017 0.054
0.011 0.643 0.112 0.234
0.006 0.133 0.742 0.119
0.091 0.671 0.234 0.004
0.397 0.092 0.118 0.393
24
0.024 0.929 0.002 0.045
0.101 0.349 0.387 0.163
0.079 0.025 0.072 0.824
0.704 0.034 0.123 0.139
0.742 0.049 0.14 0.069
0.036 0.603 0.19 0.171
24
0.688 0.156 0.032 0.124
0.021 0.088 0.151 0.74
0.021 0.095 0.88 0.004
0.108 0.021 0.115 0.756
0.001 0.974 0.023 0.002
0.819 0.125 0.038 0.018
24
0.755 0.061 0.001 0.183
0.024 0.003 0.005 0.968
0.21 0.171 0.614 0.005
0.06 0.428 0.027 0.485
0.058 0.368 0.094 0.48
0.547 0.057 0.331 0.065
24
0.135 0.124 0.007 0.734
0.002 0.606 0.302 0.09
0.01 0.194 0.347 0.449
0.227 0.699 0.044 0.03
0.983 0.002 0.013 0.002
0.669 0.121 0.16 0.05

24
0.003 0.708 0.282 0.007
0.01 0.955 0.034 0.001
0.991 0.004 0.002 0.003
0.001 0.167 0.004 0.828
0.051 0.169 0.677 0.103
0.085 0.114 0.547 0.254
