V-CREDAL 
6 
3 2 3 3 2 4 
6 
3 2 4 0 
1 1 
3 1 3 2 
2 5 3 
1 4 
1 5 

12 
0.79151 0.20665 0.00184 
0.03154 0.35639 0.61207 
0.25054 0.54727 0.20219 
0.96302 6.0E-5 0.03692 
12 
0.0145 0.03 0.9555 
0.14591 0.31011 0.54398 
0.74846 0.13662 0.11492 
0.43663 0.40827 0.1551 
12 
0.50991 0.2687 0.22139 
0.83638 0.08732 0.0763 
0.43191 0.14204 0.42605 
0.21225 0.36469 0.42306 
12 
0.86485 0.09374 0.04141 
0.09855 0.20037 0.70108 
0.06043 0.84184 0.09773 
0.27862 0.04617 0.67521 
12 
0.00442 0.98695 0.00863 
0.85664 0.08695 0.05641 
0.13458 0.09357 0.77185 
0.50699 0.00842 0.48459 
12 
0.11585 0.53399 0.35016 
0.17155 0.10159 0.72686 
0.46157 0.3544 0.18403 
0.76366 0.01697 0.21937 

4 
0.57387 0.42613 
0.48763 0.51237 

12 
0.31186 0.17983 0.50831 
0.17861 0.81317 0.00822 
0.02015 0.74897 0.23088 
0.02858 0.64917 0.32225 
12 
0.04659 0.68158 0.27183 
0.24632 0.36842 0.38526 
0.24201 0.2607 0.49729 
0.10443 0.87801 0.01756 
12 
0.31474 0.19732 0.48794 
0.31076 0.63108 0.05816 
0.71599 0.27094 0.01307 
0.97255 0.01525 0.0122 
12 
0.89942 0.01057 0.09001 
0.00196 0.00484 0.9932 
0.02346 0.88907 0.08747 
0.4312 0.49649 0.07231 
12 
0.03779 0.81015 0.15206 
0.01165 0.14417 0.84418 
0.26714 0.49873 0.23413 
0.07679 0.82483 0.09838 
12 
0.96862 0.0093 0.02208 
0.01666 0.58574 0.3976 
0.73155 0.07168 0.19677 
0.36962 0.50498 0.1254 

12 
0.62112 0.31985 0.05903 
0.02998 0.4815 0.48852 
0.93474 0.02749 0.03777 
0.78113 0.09203 0.12684 
12 
0.20647 0.51336 0.28017 
0.33369 0.64314 0.02317 
0.50738 0.3488 0.14382 
0.02281 0.08582 0.89137 
12 
0.066 0.35087 0.58313 
0.9311 0.0104 0.0585 
0.24801 0.43245 0.31954 
0.3967 0.0535 0.5498 
12 
0.66025 0.24342 0.09633 
0.27377 0.12076 0.60547 
0.47302 0.33652 0.19046 
0.12535 0.1126 0.76205 

4 
0.93717 0.06283 
0.91075 0.08925 

16 
0.63077 0.25686 0.02651 0.08586 
0.1528 0.29691 0.22924 0.32105 
0.32222 0.12292 0.10524 0.44962 
0.32198 0.45438 0.14131 0.08233 
