V-CREDAL
9
3 3 4 4 3 3 3 2 2
9
4 3 6 8 0
2 7 1
2 4 2
1 3
1 4
2 4 5
1 6
2 2 7
2 4 8

12
0.006 0.174 0.82
0.738 0.167 0.095
0.328 0.381 0.291
0.456 0.122 0.422
12
0.451 0.013 0.536
0.222 0.668 0.11
0.502 0.131 0.367
0.299 0.61 0.091
12
0.221 0.366 0.413
0.861 0.118 0.021
0.136 0.11 0.754
0.667 0.024 0.309
12
0.189 0.477 0.334
0.145 0.36 0.495
0.322 0.245 0.433
0.173 0.037 0.79
12
0.168 0.008 0.824
0.895 0.007 0.098
0.113 0.196 0.691
0.737 0.197 0.066
12
0.584 0.254 0.162
0.177 0.049 0.774
0.333 0.026 0.641
0.601 0.323 0.076
12
0.332 0.615 0.053
0.389 0.335 0.276
0.815 0.07 0.115
0.048 0.631 0.321
12
0.577 0.183 0.24
0.371 0.6 0.029
0.141 0.415 0.444
0.201 0.018 0.781
12
0.033 0.215 0.752
0.897 0.016 0.087
0.436 0.553 0.011
0.12 0.824 0.056
12
0.847 0.146 0.007
0.065 0.245 0.69
0.707 0.272 0.021
0.218 0.433 0.349
12
0.249 0.529 0.222
0.309 0.051 0.64
0.353 0.343 0.304
0.03 0.6 0.37
12
0.113 0.568 0.319
0.124 0.641 0.235
0.236 0.536 0.228
0.129 0.349 0.522
12
0.885 0.003 0.112
0.084 0.197 0.719
0.05 0.549 0.401
0.308 0.633 0.059
12
0.074 0.246 0.68
0.285 0.272 0.443
0.699 0.097 0.204
0.434 0.148 0.418
12
0.013 0.14 0.847
0.007 0.002 0.991
0.507 0.451 0.042
0.877 0.113 0.01
12
0.539 0.003 0.458
0.059 0.578 0.363
0.982 0.009 0.009
0.069 0.053 0.878
12
0.395 0.576 0.029
0.001 0.012 0.987
0.047 0.768 0.185
0.353 0.014 0.633
12
0.674 0.014 0.312
0.057 0.916 0.027
0.084 0.001 0.915
0.037 0.064 0.899
12
0.013 0.067 0.92
0.278 0.11 0.612
0.39 0.249 0.361
0.349 0.407 0.244
12
0.003 0.983 0.014
0.623 0.152 0.225
0.159 0.374 0.467
0.606 0.391 0.003
12
0.15 0.019 0.831
0.211 0.384 0.405
0.325 0.572 0.103
0.501 0.357 0.142
12
0.413 0.451 0.136
0.038 0.927 0.035
0.356 0.115 0.529
0.033 0.593 0.374
12
0.729 0.089 0.182
0.025 0.968 0.007
0.187 0.084 0.729
0.119 0.101 0.78
12
0.671 0.076 0.253
0.45 0.056 0.494
0.048 0.944 0.008
0.376 0.18 0.444

12
0.32 0.138 0.542
0.196 0.595 0.209
0.056 0.934 0.01
0.046 0.93 0.024
12
0.935 0.02 0.045
0.073 0.854 0.073
0.03 0.103 0.867
0.908 0.008 0.084

16
0.197 0.033 0.589 0.181
0.927 0.037 0.013 0.023
0.331 0.101 0.095 0.473
0.181 0.653 0.041 0.125
16
0.022 0.021 0.898 0.059
0.139 0.018 0.516 0.327
0.021 0.066 0.063 0.85
0.01 0.391 0.002 0.597
16
0.176 0.058 0.17 0.596
0.409 0.242 0.035 0.314
0.002 0.007 0.303 0.688
0.36 0.219 0.271 0.15

16
0.414 0.369 0.194 0.023
0.36 0.298 0.155 0.187
0.203 0.387 0.058 0.352
0.025 0.282 0.691 0.002

12
0.001 0.004 0.995
0.508 0.038 0.454
0.008 0.225 0.767
0.322 0.164 0.514

12
0.068 0.837 0.095
0.068 0.392 0.54
0.126 0.116 0.758
0.47 0.325 0.205
12
0.495 0.367 0.138
0.092 0.231 0.677
0.268 0.405 0.327
0.96 0.02 0.02
12
0.088 0.638 0.274
0.249 0.284 0.467
0.274 0.626 0.1
0.031 0.954 0.015

12
0.232 0.025 0.743
0.335 0.587 0.078
0.124 0.837 0.039
0.077 0.644 0.279

4
0.633 0.367
0.887 0.113
4
0.265 0.735
0.006 0.994
4
0.993 0.007
0.296 0.704
4
0.579 0.421
0.34 0.66

4
0.118 0.882
0.616 0.384
4
0.247 0.753
0.708 0.292
4
0.978 0.022
0.928 0.072
