V-CREDAL 
8 
4 3 2 4 3 2 3 3 
8 
1 0 
2 0 1 
2 1 2 
2 2 3 
2 3 4 
2 4 5 
2 5 6 
2 6 7 

24 
0.25838 0.48304 0.06597 0.19261 
0.03637 0.07621 0.79881 0.08861 
0.16491 0.39654 0.07143 0.36712 
0.04591 0.49726 0.41056 0.04627 
0.68579 0.03657 0.25885 0.01879 
0.51813 0.26109 0.10976 0.11102 

18 
0.02239 0.95841 0.0192 
0.28049 0.07154 0.64797 
0.78144 0.09577 0.12279 
0.25645 0.71239 0.03116 
0.08334 0.11123 0.80543 
0.07601 0.14083 0.78316 
18 
0.09063 0.80564 0.10373 
0.05268 0.81413 0.13319 
0.83614 0.12353 0.04033 
0.80048 0.18093 0.01859 
0.03193 0.02166 0.94641 
0.02008 0.07848 0.90144 
18 
0.13724 0.06472 0.79804 
0.02641 0.88548 0.08811 
0.9787 0.02066 6.4E-4 
0.7149 0.00498 0.28012 
0.15789 0.83675 0.00536 
0.12001 0.07115 0.80884 
18 
0.06898 2.9E-4 0.93073 
0.89468 0.08281 0.02251 
0.03075 0.6492 0.32005 
0.69772 0.00101 0.30127 
0.22688 0.60545 0.16767 
0.03795 0.51072 0.45133 

4 
0.61801 0.38199 
0.87626 0.12374 
4 
0.19563 0.80437 
0.52653 0.47347 
4 
0.69549 0.30451 
0.98024 0.01976 

24 
0.12514 0.19981 0.1215 0.55355 
0.52699 0.107 0.35327 0.01274 
0.0719 0.15032 0.77713 6.5E-4 
0.09336 0.39126 0.48965 0.02573 
0.46062 0.06252 0.18412 0.29274 
0.11794 0.43872 0.39035 0.05299 
24 
0.04002 0.23825 0.0027 0.71903 
0.02541 0.04264 0.8212 0.11075 
0.16667 0.02043 0.31168 0.50122 
0.00271 0.83341 0.16259 0.00129 
0.02178 0.15676 0.69446 0.127 
0.02233 0.4216 0.54012 0.01595 

18 
0.29862 0.61289 0.08849 
0.06025 0.16996 0.76979 
0.22489 0.0444 0.73071 
0.89447 0.00179 0.10374 
0.17954 0.65953 0.16093 
0.66919 0.2646 0.06621 
18 
0.06476 0.88938 0.04586 
0.05539 0.14691 0.7977 
0.63218 0.22749 0.14033 
0.01306 0.46322 0.52372 
0.42558 0.1039 0.47052 
0.17356 0.82401 0.00243 
18 
0.01079 0.98262 0.00659 
0.0068 0.90624 0.08696 
0.02972 0.24254 0.72774 
0.09221 0.00786 0.89993 
0.99641 0.00172 0.00187 
1.0E-5 0.5878 0.41219 
18 
0.2029 0.69557 0.10153 
0.00256 0.00334 0.9941 
0.76245 0.03214 0.20541 
0.82967 0.07623 0.0941 
0.11435 0.00362 0.88203 
0.26779 0.69282 0.03939 

4 
0.32379 0.67621 
0.10194 0.89806 
4 
0.05047 0.94953 
0.32255 0.67745 
4 
0.54768 0.45232 
0.03454 0.96546 

18 
0.25314 0.70652 0.04034 
0.16749 0.03293 0.79958 
0.07108 0.51489 0.41403 
0.04723 0.74024 0.21253 
0.32052 0.1663 0.51318 
0.14476 0.03128 0.82396 
18 
0.28388 0.57782 0.1383 
0.04677 0.32918 0.62405 
0.2509 0.5693 0.1798 
0.88467 0.04687 0.06846 
0.40498 0.01097 0.58405 
0.13575 0.21064 0.65361 

18 
0.03234 0.94161 0.02605 
0.89981 0.04725 0.05294 
0.03356 0.94919 0.01725 
0.82107 0.16546 0.01347 
0.00633 0.10399 0.88968 
0.01558 0.05738 0.92704 
18 
0.42543 0.4536 0.12097 
0.00631 0.06202 0.93167 
0.31655 0.51039 0.17306 
0.28829 0.01921 0.6925 
0.11988 0.45152 0.4286 
0.42595 0.48923 0.08482 
18 
0.02163 0.9588 0.01957 
0.99692 1.7E-4 0.00291 
0.04281 0.04267 0.91452 
0.49714 0.49621 0.00665 
0.0102 0.08372 0.90608 
0.47985 0.00767 0.51248 
