V-CREDAL
10
3 2 4 4 3 4 2 3 4 3
10
2 5 0
2 2 1
1 2
2 9 3
2 5 4
2 7 5
2 1 6
3 1 8 7
1 8
2 8 9

12
0.892 0.08 0.028
0.52 0.085 0.395
0.425 0.119 0.456
0.841 0.007 0.152
12
0.372 0.425 0.203
0.458 0.258 0.284
0.135 0.161 0.704
0.155 0.387 0.458
12
0.84 0.123 0.037
0.341 0.356 0.303
0.117 0.675 0.208
0.967 0.017 0.016
12
0.044 0.056 0.9
0.909 0.033 0.058
0.001 0.888 0.111
0.031 0.171 0.798

4
0.116 0.884
0.339 0.661
4
0.515 0.485
0.151 0.849
4
0.44 0.56
0.889 0.111
4
0.825 0.175
0.079 0.921

16
0.081 0.033 0.101 0.785
0.287 0.021 0.667 0.025
0.465 0.032 0.284 0.219
0.216 0.177 0.358 0.249

16
0.133 0.359 0.228 0.28
0.086 0.301 0.146 0.467
0.079 0.008 0.118 0.795
0.195 0.072 0.514 0.219
16
0.006 0.132 0.826 0.036
0.887 0.069 0.041 0.003
0.438 0.173 0.285 0.104
0.003 0.038 0.83 0.129
16
0.003 0.099 0.663 0.235
0.063 0.459 0.094 0.384
0.041 0.043 0.414 0.502
0.041 0.849 0.045 0.065

12
0.221 0.057 0.722
0.027 0.895 0.078
0.073 0.008 0.919
0.218 0.405 0.377
12
0.381 0.017 0.602
0.501 0.321 0.178
0.886 0.04 0.074
0.173 0.014 0.813
12
0.583 0.016 0.401
0.187 0.152 0.661
0.826 0.015 0.159
0.6 0.233 0.167
12
0.06 0.785 0.155
0.081 0.029 0.89
0.876 0.079 0.045
0.36 0.615 0.025

16
0.006 0.004 0.011 0.979
0.023 0.039 0.925 0.013
0.062 0.275 0.361 0.302
0.0 0.002 0.997 0.001
16
0.151 0.742 0.008 0.099
0.333 0.291 0.314 0.062
0.489 0.062 0.404 0.045
0.008 0.571 0.128 0.293
16
0.64 0.0 0.232 0.128
0.011 0.535 0.228 0.226
0.055 0.19 0.531 0.224
0.126 0.059 0.619 0.196

4
0.14 0.86
0.358 0.642
4
0.033 0.967
0.733 0.267

12
0.133 0.279 0.588
0.869 0.105 0.026
0.45 0.06 0.49
0.772 0.067 0.161
12
0.016 0.306 0.678
0.827 0.032 0.141
0.577 0.25 0.173
0.762 0.032 0.206
12
0.567 0.083 0.35
0.042 0.026 0.932
0.55 0.061 0.389
0.217 0.603 0.18
12
0.514 0.025 0.461
0.232 0.741 0.027
0.352 0.16 0.488
0.243 0.611 0.146
12
0.157 0.407 0.436
0.231 0.276 0.493
0.844 0.046 0.11
0.021 0.976 0.003
12
0.087 0.011 0.902
0.199 0.283 0.518
0.41 0.396 0.194
0.86 0.089 0.051
12
0.115 0.367 0.518
0.235 0.02 0.745
0.131 0.608 0.261
0.571 0.052 0.377
12
0.4 0.099 0.501
0.338 0.396 0.266
0.053 0.587 0.36
0.695 0.098 0.207

16
0.258 0.554 0.064 0.124
0.387 0.276 0.03 0.307
0.187 0.442 0.182 0.189
0.163 0.089 0.493 0.255

12
0.521 0.39 0.089
0.039 0.025 0.936
0.416 0.167 0.417
0.02 0.049 0.931
12
0.057 0.271 0.672
0.99 0.006 0.004
0.048 0.575 0.377
0.408 0.387 0.205
12
0.015 0.1 0.885
0.403 0.4 0.197
0.06 0.594 0.346
0.806 0.125 0.069
12
0.614 0.271 0.115
0.511 0.128 0.361
0.239 0.4 0.361
0.103 0.748 0.149
