V-CREDAL 
10 
4 4 4 3 4 2 3 2 4 4 
10 
3 1 9 0 
1 1 
2 0 2 
3 0 7 3 
2 1 4 
1 5 
1 6 
2 5 7 
2 9 8 
2 6 9 

16 
0.12218 0.0041 0.3986 0.47512 
0.12784 0.72069 0.09734 0.05413 
8.0E-5 0.71297 0.28483 0.00212 
0.00319 0.73552 0.25671 0.00458 
16 
0.11141 0.07112 0.77151 0.04596 
0.18119 0.04716 0.09425 0.6774 
0.14087 0.22625 0.55165 0.08123 
0.00941 0.05052 0.01486 0.92521 
16 
0.01041 0.0202 0.95682 0.01257 
0.0764 0.02973 0.01317 0.8807 
0.00714 2.3E-4 0.90255 0.09008 
0.23371 0.41097 0.20859 0.14673 
16 
0.15099 0.01366 0.77815 0.0572 
0.03414 0.19513 0.75994 0.01079 
0.00621 0.03506 0.93091 0.02782 
0.121 0.52944 0.30369 0.04587 
16 
0.58398 5.7E-4 0.38927 0.02618 
0.54185 0.00319 0.44495 0.01001 
0.42815 0.33955 0.07681 0.15549 
0.261 0.39235 0.29337 0.05328 
16 
0.31982 0.58857 0.00982 0.08179 
0.13658 0.02349 0.02526 0.81467 
0.22616 0.30782 0.22192 0.2441 
0.01246 0.41476 0.25208 0.3207 
16 
0.23358 0.36 0.04983 0.35659 
0.36076 0.6244 0.00449 0.01035 
0.19005 0.48828 0.04405 0.27762 
0.01445 0.10001 0.38804 0.4975 
16 
0.21758 0.02657 0.53771 0.21814 
0.2358 0.51159 0.04932 0.20329 
0.15076 0.50452 0.08276 0.26196 
0.02933 0.42443 0.03873 0.50751 
16 
0.06859 0.55723 0.24081 0.13337 
0.15548 0.37933 0.0686 0.39659 
0.01949 0.14573 0.12212 0.71266 
0.02533 0.03514 0.70827 0.23126 
16 
0.01285 0.10996 0.01494 0.86225 
0.13802 0.83427 0.01868 0.00903 
0.28917 0.09743 0.20282 0.41058 
0.55592 0.36763 0.01402 0.06243 
16 
0.26037 0.01773 0.71857 0.00333 
0.12802 0.28113 0.46509 0.12576 
0.09939 0.86475 0.01957 0.01629 
0.11055 0.5031 0.11188 0.27447 
16 
0.42047 0.18354 0.16558 0.23041 
0.04144 0.0149 0.7181 0.22556 
0.02933 0.29289 0.4753 0.20248 
0.05636 0.025 0.01304 0.9056 
16 
0.4708 0.17836 0.07406 0.27678 
0.08644 0.68827 0.06334 0.16195 
0.30836 0.47606 0.07759 0.13799 
0.00598 0.06838 0.66548 0.26016 
16 
0.84817 0.06998 0.04876 0.03309 
0.9106 0.00266 0.0847 0.00204 
0.49664 0.02106 0.46695 0.01535 
0.01842 0.85543 0.01067 0.11548 
16 
0.08604 0.21032 0.03171 0.67193 
0.11568 0.11947 0.40925 0.3556 
0.00736 0.3741 0.16126 0.45728 
0.12667 0.12718 0.00789 0.73826 
16 
0.76131 0.01716 0.00176 0.21977 
0.12681 0.00822 0.02394 0.84103 
0.12715 0.85568 0.01465 0.00252 
0.55768 0.28636 0.1039 0.05206 

16 
0.05576 0.43944 0.48223 0.02257 
0.07238 0.04539 0.40913 0.4731 
0.31523 0.29343 0.06338 0.32796 
0.18482 0.26849 0.08098 0.46571 

16 
0.42159 0.50688 0.01856 0.05297 
0.02034 0.00365 0.00341 0.9726 
0.08413 0.79918 0.07876 0.03793 
0.01993 0.01253 0.45294 0.5146 
16 
0.33387 0.12009 0.1266 0.41944 
0.17687 0.01189 0.05676 0.75448 
0.37018 0.22039 0.18247 0.22696 
0.48882 0.03133 0.01099 0.46886 
16 
0.38659 0.36261 0.03986 0.21094 
0.01033 0.07087 0.00599 0.91281 
0.84773 0.07865 0.00623 0.06739 
0.29123 0.32661 0.32153 0.06063 
16 
0.67917 0.16749 0.12753 0.02581 
0.39705 0.1367 0.46227 0.00398 
0.0434 0.04111 0.30748 0.60801 
0.46271 0.00985 0.00959 0.51785 

12 
0.62692 0.35619 0.01689 
0.02878 0.15632 0.8149 
0.02586 0.56235 0.41179 
0.27781 0.58724 0.13495 
12 
0.57529 0.20517 0.21954 
0.38822 0.08991 0.52187 
0.51544 0.05637 0.42819 
0.9019 0.0351 0.063 
12 
0.60574 0.0563 0.33796 
0.55264 0.02084 0.42652 
0.08333 0.834 0.08267 
0.62501 0.11363 0.26136 
12 
0.01241 0.80178 0.18581 
0.61315 0.18203 0.20482 
0.6176 0.0074 0.375 
0.02451 0.05249 0.923 
12 
0.52002 0.33158 0.1484 
0.14255 0.01244 0.84501 
0.13273 0.76485 0.10242 
0.10642 0.12586 0.76772 
12 
0.43072 0.4919 0.07738 
0.95271 0.00935 0.03794 
0.08452 0.09664 0.81884 
0.67124 0.31728 0.01148 
12 
0.17475 0.11366 0.71159 
0.44584 0.3957 0.15846 
0.54102 0.35906 0.09992 
0.10622 0.02049 0.87329 
12 
0.37233 0.56037 0.0673 
0.09804 0.8438 0.05816 
0.02342 0.0601 0.91648 
0.20649 0.01508 0.77843 

16 
0.03142 0.01636 0.09534 0.85688 
0.01845 0.39603 0.57026 0.01526 
0.05598 0.18717 0.08623 0.67062 
0.15927 0.18677 0.09667 0.55729 
16 
0.15389 0.55923 0.03121 0.25567 
0.00888 0.60791 0.28812 0.09509 
0.19928 0.42993 0.2635 0.10729 
0.14271 0.08509 0.67382 0.09838 
16 
8.6E-4 0.99677 4.2E-4 0.00195 
0.14967 0.49257 0.26693 0.09083 
0.55491 0.38811 0.01067 0.04631 
0.65359 0.06899 0.0264 0.25102 
16 
0.23226 0.57198 0.03515 0.16061 
0.02426 0.07208 0.15605 0.74761 
0.06471 0.59962 0.32999 0.00568 
0.1049 0.55742 0.32474 0.01294 

4 
0.29478 0.70522 
0.70104 0.29896 

12 
0.03093 0.34276 0.62631 
0.16664 0.46897 0.36439 
0.35606 0.31417 0.32977 
0.31347 0.40041 0.28612 

4 
0.35837 0.64163 
0.2722 0.7278 
4 
0.58915 0.41085 
0.69437 0.30563 

16 
0.52134 0.37841 0.03938 0.06087 
0.22786 0.00177 0.0296 0.74077 
0.13279 0.05023 0.10382 0.71316 
0.14287 0.44545 0.00302 0.40866 
16 
0.09281 0.11086 0.4372 0.35913 
0.17835 0.53258 0.2196 0.06947 
0.47302 8.0E-5 0.01125 0.51565 
0.27032 0.39997 0.26784 0.06187 
16 
7.1E-4 2.3E-4 0.99633 0.00273 
0.04406 0.4217 0.47571 0.05853 
0.11036 0.00719 0.12659 0.75586 
0.06458 0.08495 0.65533 0.19514 
16 
0.0015 0.00362 9.3E-4 0.99395 
0.01875 0.83736 0.00438 0.13951 
0.11067 0.28919 0.12565 0.47449 
0.05816 0.83793 0.08157 0.02234 

16 
0.22352 0.08215 0.4808 0.21353 
0.13571 0.19561 0.03781 0.63087 
1.6E-4 0.99592 0.00312 8.0E-4 
0.23166 0.09002 0.33076 0.34756 
16 
0.0233 0.04052 0.03183 0.90435 
0.01169 0.00338 0.00212 0.98281 
0.00783 0.6143 0.11295 0.26492 
3.2E-4 0.57635 0.23006 0.19327 
16 
0.0811 0.53502 0.35943 0.02445 
0.06147 0.84156 0.07651 0.02046 
0.11208 0.04741 0.23918 0.60133 
0.02318 0.07159 0.34227 0.56296 
