V-CREDAL
10
3 4 3 4 2 3 3 2 2 2
10
2 4 0
2 3 1
2 7 2
1 3
3 1 2 4
2 9 5
2 4 6
1 7
2 5 8
2 7 9

12
0.013 0.423 0.564
0.551 0.394 0.055
0.514 0.137 0.349
0.116 0.032 0.852
12
0.5 0.034 0.466
0.033 0.171 0.796
0.078 0.482 0.44
0.168 0.079 0.753

16
0.549 0.165 0.115 0.171
0.038 0.397 0.036 0.529
0.316 0.017 0.248 0.419
0.269 0.115 0.232 0.384
16
0.43 0.251 0.218 0.101
0.015 0.552 0.002 0.431
0.662 0.161 0.054 0.123
0.292 0.378 0.255 0.075
16
0.087 0.706 0.072 0.135
0.001 0.006 0.726 0.267
0.224 0.011 0.077 0.688
0.778 0.098 0.028 0.096
16
0.957 0.016 0.011 0.016
0.366 0.513 0.02 0.101
0.346 0.485 0.037 0.132
0.296 0.209 0.18 0.315

12
0.34 0.487 0.173
0.348 0.548 0.104
0.082 0.261 0.657
0.062 0.872 0.066
12
0.516 0.075 0.409
0.432 0.508 0.06
0.142 0.387 0.471
0.043 0.834 0.123

16
0.049 0.128 0.167 0.656
0.0 0.682 0.316 0.002
0.296 0.04 0.564 0.1
0.13 0.205 0.515 0.15

4
0.803 0.197
0.241 0.759
4
0.716 0.284
0.629 0.371
4
0.722 0.278
0.21 0.79
4
0.538 0.462
0.885 0.115
4
0.179 0.821
0.384 0.616
4
0.245 0.755
0.752 0.248
4
0.997 0.003
0.613 0.387
4
0.737 0.263
0.5 0.5
4
0.117 0.883
0.111 0.889
4
0.921 0.079
0.91 0.09
4
0.217 0.783
0.101 0.899
4
0.589 0.411
0.075 0.925

12
0.165 0.813 0.022
0.867 0.014 0.119
0.368 0.091 0.541
0.441 0.522 0.037
12
0.018 0.012 0.97
0.318 0.584 0.098
0.733 0.033 0.234
0.087 0.849 0.064

12
0.378 0.501 0.121
0.224 0.727 0.049
0.006 0.724 0.27
0.665 0.015 0.32
12
0.084 0.889 0.027
0.718 0.023 0.259
0.005 0.007 0.988
0.715 0.22 0.065

4
0.216 0.784
0.649 0.351

4
0.146 0.854
0.095 0.905
4
0.145 0.855
0.083 0.917
4
0.355 0.645
0.779 0.221

4
0.392 0.608
0.166 0.834
4
0.099 0.901
0.34 0.66
