V-CREDAL
8
4 3 4 4 4 3 4 4
8
1 0
2 0 1
2 1 2
2 2 3
2 3 4
2 4 5
2 5 6
2 6 7

16
0.011 0.204 0.209 0.576
0.022 0.092 0.425 0.461
0.645 0.172 0.057 0.126
0.036 0.027 0.187 0.75

12
0.509 0.018 0.473
0.576 0.292 0.132
0.159 0.05 0.791
0.574 0.4 0.026
12
0.563 0.027 0.41
0.088 0.171 0.741
0.612 0.017 0.371
0.766 0.05 0.184
12
0.287 0.612 0.101
0.047 0.697 0.256
0.325 0.323 0.352
0.403 0.375 0.222
12
0.528 0.441 0.031
0.032 0.09 0.878
0.661 0.136 0.203
0.642 0.356 0.002

16
0.42 0.134 0.305 0.141
0.367 0.043 0.347 0.243
0.514 0.212 0.051 0.223
0.375 0.083 0.173 0.369
16
0.049 0.424 0.457 0.07
0.562 0.004 0.43 0.004
0.314 0.374 0.154 0.158
0.254 0.007 0.193 0.546
16
0.018 0.048 0.026 0.908
0.438 0.342 0.004 0.216
0.009 0.006 0.573 0.412
0.05 0.745 0.082 0.123

16
0.011 0.12 0.676 0.193
0.033 0.301 0.65 0.016
0.068 0.718 0.205 0.009
0.043 0.019 0.936 0.002
16
0.038 0.23 0.464 0.268
0.048 0.275 0.488 0.189
0.263 0.697 0.006 0.034
0.46 0.264 0.216 0.06
16
0.595 0.033 0.207 0.165
0.235 0.627 0.137 0.001
0.02 0.018 0.321 0.641
0.349 0.059 0.466 0.126
16
0.124 0.286 0.439 0.151
0.108 0.262 0.005 0.625
0.77 0.003 0.118 0.109
0.815 0.002 0.029 0.154

16
0.002 0.001 0.041 0.956
0.043 0.59 0.297 0.07
0.155 0.763 0.021 0.061
0.024 0.046 0.191 0.739
16
0.654 0.133 0.03 0.183
0.059 0.017 0.31 0.614
0.043 0.126 0.676 0.155
0.355 0.07 0.568 0.007
16
0.148 0.219 0.588 0.045
0.84 0.12 0.032 0.008
0.769 0.069 0.024 0.138
0.419 0.431 0.07 0.08
16
0.111 0.171 0.13 0.588
0.254 0.394 0.025 0.327
0.593 0.032 0.119 0.256
0.31 0.067 0.246 0.377

12
0.261 0.504 0.235
0.223 0.49 0.287
0.665 0.181 0.154
0.01 0.019 0.971
12
0.271 0.191 0.538
0.766 0.203 0.031
0.865 0.059 0.076
0.13 0.446 0.424
12
0.002 0.248 0.75
0.707 0.204 0.089
0.594 0.117 0.289
0.382 0.463 0.155
12
0.775 0.18 0.045
0.355 0.097 0.548
0.255 0.138 0.607
0.206 0.547 0.247

16
0.029 0.064 0.882 0.025
0.055 0.514 0.003 0.428
0.79 0.076 0.13 0.004
0.187 0.535 0.25 0.028
16
0.014 0.146 0.277 0.563
0.02 0.044 0.782 0.154
0.302 0.216 0.407 0.075
0.398 0.015 0.146 0.441
16
0.278 0.089 0.308 0.325
0.286 0.2 0.32 0.194
0.225 0.005 0.735 0.035
0.822 0.02 0.072 0.086

16
0.313 0.244 0.308 0.135
0.09 0.676 0.066 0.168
0.039 0.744 0.164 0.053
0.013 0.025 0.065 0.897
16
0.534 0.122 0.187 0.157
0.05 0.537 0.213 0.2
0.86 0.058 0.049 0.033
0.066 0.064 0.323 0.547
16
0.012 0.125 0.025 0.838
0.124 0.64 0.103 0.133
0.032 0.448 0.468 0.052
0.071 0.124 0.294 0.511
16
0.628 0.086 0.276 0.01
0.032 0.285 0.289 0.394
0.031 0.035 0.003 0.931
0.073 0.161 0.591 0.175
