V-CREDAL 
6 
4 4 4 2 4 4 
6 
2 1 0 
2 5 1 
2 3 2 
2 1 3 
2 5 4 
1 5 

24 
0.417 0.21 0.327 0.046 
0.093 0.491 0.049 0.367 
0.351 0.029 0.363 0.257 
0.14 0.024 0.467 0.369 
0.354 0.351 0.166 0.129 
0.639 0.095 0.017 0.249 
24 
0.116 0.72 0.016 0.148 
0.066 0.509 0.007 0.418 
0.682 0.121 0.16 0.037 
0.57 0.31 0.096 0.024 
0.713 0.07 0.054 0.163 
0.171 0.334 0.345 0.15 
24 
0.654 0.301 0.002 0.043 
0.92 0.025 0.024 0.031 
0.104 0.245 0.253 0.398 
0.111 0.277 0.234 0.378 
0.032 0.004 0.352 0.612 
0.521 0.046 0.28 0.153 
24 
0.017 0.005 0.4 0.578 
0.014 0.664 0.007 0.315 
0.074 0.045 0.073 0.808 
0.31 0.095 0.509 0.086 
0.005 0.003 0.125 0.867 
0.861 0.007 0.122 0.01 

24 
0.029 0.037 0.534 0.4 
0.775 0.026 0.127 0.072 
0.029 0.461 0.127 0.383 
0.039 0.024 0.057 0.88 
0.03 0.647 0.252 0.071 
0.273 0.556 0.156 0.015 
24 
0.006 0.004 0.988 0.002 
0.072 0.424 0.228 0.276 
0.076 0.033 0.712 0.179 
0.362 0.468 0.154 0.016 
0.023 0.824 0.066 0.087 
0.322 0.014 0.42 0.244 
24 
0.272 0.026 0.394 0.308 
0.873 0.016 0.009 0.102 
0.07 0.626 0.081 0.223 
0.012 0.942 0.005 0.041 
0.016 0.077 0.343 0.564 
0.072 0.029 0.876 0.023 
24 
0.172 0.26 0.109 0.459 
0.035 0.719 0.013 0.233 
0.01 0.051 0.938 0.001 
0.127 0.026 0.666 0.181 
0.146 0.465 0.246 0.143 
0.053 0.051 0.854 0.042 

24 
0.138 0.801 0.005 0.056 
0.178 0.12 0.667 0.035 
0.421 0.142 0.085 0.352 
0.002 0.005 0.265 0.728 
0.82 0.025 0.046 0.109 
0.169 0.8 0.006 0.025 
24 
0.789 0.049 0.117 0.045 
0.372 0.436 0.111 0.081 
0.003 0.033 0.009 0.955 
0.395 0.443 0.126 0.036 
0.044 0.143 0.774 0.039 
0.113 0.049 0.711 0.127 

4 
0.979 0.021 
0.811 0.189 
4 
0.567 0.433 
0.64 0.36 
4 
0.735 0.265 
0.397 0.603 
4 
0.57 0.43 
0.073 0.927 

24 
0.193 0.731 0.068 0.008 
0.481 0.002 0.486 0.031 
0.113 0.555 0.279 0.053 
0.197 0.281 0.021 0.501 
0.024 0.023 0.926 0.027 
0.179 0.038 0.062 0.721 
24 
0.104 0.151 0.269 0.476 
0.036 0.033 0.491 0.44 
0.026 0.074 0.015 0.885 
0.277 0.199 0.476 0.048 
0.235 0.046 0.126 0.593 
0.333 0.142 0.082 0.443 
24 
0.088 0.899 0.003 0.01 
0.499 0.025 0.26 0.216 
0.062 0.014 0.894 0.03 
0.014 0.139 0.776 0.071 
0.644 0.199 0.145 0.012 
0.723 0.104 0.063 0.11 
24 
0.788 0.121 0.004 0.087 
0.067 0.735 0.175 0.023 
0.004 0.54 0.454 0.002 
0.026 0.058 0.036 0.88 
0.09 0.065 0.124 0.721 
0.076 0.11 0.724 0.09 

24 
0.072 0.676 0.097 0.155 
0.068 0.902 0.0 0.03 
0.01 0.037 0.0 0.953 
0.062 0.002 0.935 0.001 
0.141 0.043 0.786 0.03 
0.02 0.014 0.004 0.962 
