V-CREDAL 
8 
4 5 3 4 3 2 5 4 
8 
2 2 0 
1 1 
1 2 
1 3 
2 0 4 
2 7 5 
2 5 6 
4 1 2 3 7 

16 
0.18744 0.54872 0.00589 0.25795 
0.06274 0.11796 0.41938 0.39992 
0.02815 0.50108 0.21893 0.25184 
0.0274 0.01118 0.88278 0.07864 
16 
0.00103 0.56557 0.13521 0.29819 
0.05886 0.45752 0.33445 0.14917 
0.11039 0.0566 0.63496 0.19805 
0.07583 0.25345 0.61872 0.052 
16 
9.9E-4 0.01781 0.12491 0.85629 
0.40416 0.36282 0.07403 0.15899 
0.18114 0.65105 0.05067 0.11714 
7.9E-4 0.16466 0.83344 0.00111 

20 
0.12409 0.08958 0.00478 0.66024 0.12131 
0.06449 0.01715 0.08049 0.80087 0.037 
8.0E-4 0.53844 0.0629 0.14909 0.24877 
0.94058 0.01405 0.00228 0.00288 0.04021 

12 
0.2129 0.13129 0.65581 
0.21387 0.75724 0.02889 
0.13392 0.8564 0.00968 
0.02459 0.29739 0.67802 

16 
0.69431 0.27497 0.02824 0.00248 
0.16148 0.67524 0.15009 0.01319 
0.02888 0.0596 0.85833 0.05319 
0.02916 0.64957 0.17164 0.14963 

12 
0.00881 0.96924 0.02195 
0.029 0.2296 0.7414 
0.33587 0.48116 0.18297 
0.42087 0.32089 0.25824 
12 
0.37934 0.06558 0.55508 
0.12823 0.17602 0.69575 
0.58238 0.21637 0.20125 
0.89678 0.07513 0.02809 
12 
0.06037 0.35802 0.58161 
0.02245 0.40871 0.56884 
0.22224 0.06922 0.70854 
0.03652 0.01066 0.95282 
12 
0.02524 0.41573 0.55903 
0.71029 0.2679 0.02181 
0.89301 0.01065 0.09634 
0.32859 0.08187 0.58954 

4 
0.43624 0.56376 
0.76597 0.23403 
4 
0.32284 0.67716 
0.17698 0.82302 
4 
0.33587 0.66413 
0.5949 0.4051 
4 
0.96108 0.03892 
0.71999 0.28001 

20 
0.27103 0.01134 0.23957 0.41857 0.05949 
0.01054 0.02733 3.4E-4 0.96158 2.1E-4 
0.0123 0.31797 0.20319 0.03734 0.4292 
0.02465 0.56174 0.19199 0.11863 0.10299 
20 
0.37426 0.36233 0.13526 0.019 0.10915 
0.71803 0.00313 0.03378 0.00755 0.23751 
0.20372 0.23165 0.17238 0.10252 0.28973 
0.03953 0.55713 0.12667 0.04645 0.23022 

16 
0.0348 0.65716 0.02215 0.28589 
0.53175 0.0122 0.42222 0.03383 
0.04308 0.01964 0.92872 0.00856 
0.0325 0.13334 0.78253 0.05163 
16 
0.19345 0.13032 0.10611 0.57012 
0.79917 0.02833 0.10415 0.06835 
0.47112 0.00904 0.36874 0.1511 
0.23943 0.04716 0.00303 0.71038 
16 
0.01767 0.4921 0.43243 0.0578 
0.79849 0.07719 0.03709 0.08723 
0.90589 0.01698 0.03132 0.04581 
0.0315 0.61617 0.19216 0.16017 
16 
0.00567 0.96789 0.01425 0.01219 
0.41466 0.35637 0.07916 0.14981 
0.45299 0.27445 0.05153 0.22103 
0.12274 0.07527 0.44812 0.35387 
16 
0.48408 0.29534 0.01032 0.21026 
0.93828 0.03992 0.0169 0.0049 
0.11761 0.73421 0.07622 0.07196 
0.74498 0.17415 0.0349 0.04597 
16 
0.56 0.00632 0.34937 0.08431 
0.01029 0.64216 0.29544 0.05211 
0.58529 0.1433 0.09923 0.17218 
0.78538 0.19998 0.00311 0.01153 
16 
0.14148 0.63568 0.02579 0.19705 
0.12182 0.00502 0.64219 0.23097 
0.25207 6.0E-5 0.06825 0.67962 
0.06126 0.62354 0.05136 0.26384 
16 
0.37458 0.4522 0.0068 0.16642 
0.04372 0.00832 0.85401 0.09395 
0.39893 0.52406 0.04774 0.02927 
0.35337 0.51005 0.09539 0.04119 
16 
0.89582 0.04299 0.02116 0.04003 
0.13541 0.02862 0.6565 0.17947 
0.1876 0.1096 0.26293 0.43987 
0.16372 0.02691 0.64809 0.16128 
16 
0.0587 0.92641 0.014 8.9E-4 
0.33087 0.03529 0.02111 0.61273 
0.03317 0.00995 0.20744 0.74944 
0.31101 0.57858 0.01708 0.09333 
16 
0.091 0.14839 0.02771 0.7329 
0.7916 0.06836 0.04289 0.09715 
0.88676 0.05996 0.03619 0.01709 
0.1464 0.01447 0.83568 0.00345 
16 
0.65435 0.10239 0.10125 0.14201 
0.27088 0.62506 0.0852 0.01886 
0.02168 0.04131 0.90913 0.02788 
0.36517 0.20236 0.25115 0.18132 
16 
0.24268 0.41957 0.02932 0.30843 
0.23621 0.09668 0.35393 0.31318 
0.80602 0.16577 0.00443 0.02378 
0.00383 0.81425 0.12493 0.05699 
16 
0.30315 0.37203 0.30297 0.02185 
0.28287 0.35849 0.0864 0.27224 
0.0993 0.81187 0.03542 0.05341 
0.76087 0.19589 0.01363 0.02961 
16 
0.05427 0.7807 0.01591 0.14912 
0.00533 0.01126 0.96705 0.01636 
0.45363 0.18517 0.17084 0.19036 
0.053 0.183 0.39368 0.37032 
16 
0.44506 0.07079 0.30815 0.176 
0.2634 0.69493 0.01798 0.02369 
0.01363 0.02063 0.55269 0.41305 
0.15857 0.27318 0.47118 0.09707 
16 
0.55355 0.20576 0.15713 0.08356 
0.02603 0.64882 0.26246 0.06269 
0.21007 0.41975 0.26192 0.10826 
0.12792 0.09254 0.57704 0.2025 
16 
8.9E-4 0.07884 0.89173 0.02854 
0.13571 0.39395 0.0593 0.41104 
0.00737 0.35552 0.48373 0.15338 
0.04124 0.65542 0.10843 0.19491 
16 
0.07251 0.69796 0.17272 0.05681 
0.14456 0.34403 0.05705 0.45436 
0.45631 0.112 0.11627 0.31542 
0.34465 0.08431 0.06019 0.51085 
16 
0.00772 0.69119 0.22903 0.07206 
0.52189 0.21526 0.16262 0.10023 
0.42459 0.37615 6.0E-4 0.19866 
0.00147 0.00122 0.99594 0.00137 
16 
0.32311 0.38386 0.23168 0.06135 
0.03639 0.22378 0.57765 0.16218 
0.17526 0.53514 0.24155 0.04805 
0.09965 0.01206 0.75487 0.13342 
16 
0.00497 0.96315 0.02651 0.00537 
0.00186 0.06255 0.92043 0.01516 
0.00201 0.01107 0.25325 0.73367 
0.08731 0.70696 0.18327 0.02246 
16 
0.29155 0.02645 0.46487 0.21713 
0.13068 0.05559 0.73123 0.0825 
0.34482 0.50989 0.07996 0.06533 
0.23595 0.15454 0.57745 0.03206 
16 
0.36795 0.0642 0.13898 0.42887 
0.18445 0.33165 0.17812 0.30578 
0.69304 0.09691 0.01575 0.1943 
0.43318 0.15704 0.24004 0.16974 
16 
0.45924 0.53715 0.00277 8.4E-4 
0.05305 0.00458 0.0134 0.92897 
0.53652 0.10308 0.30465 0.05575 
0.47931 0.09033 0.13556 0.2948 
16 
0.08704 0.44269 0.1405 0.32977 
0.63414 0.05511 0.20433 0.10642 
0.80792 0.05675 0.01998 0.11535 
0.29199 0.23776 0.31981 0.15044 
16 
0.08135 0.88009 0.00422 0.03434 
0.60581 0.06755 0.15769 0.16895 
0.43966 0.00674 0.53328 0.02032 
0.09152 0.13817 0.15141 0.6189 
16 
0.05985 0.29042 0.0174 0.63233 
0.01406 0.00304 0.84639 0.13651 
0.35151 0.63568 0.00695 0.00586 
0.0692 0.03809 0.86291 0.0298 
16 
0.46508 0.2155 0.0133 0.30612 
0.43999 0.15597 0.07379 0.33025 
0.07904 0.07092 0.7928 0.05724 
0.1212 0.05464 0.53324 0.29092 
16 
0.66282 0.09199 0.19017 0.05502 
0.78781 0.02923 0.064 0.11896 
0.90954 0.05664 0.01304 0.02078 
0.82426 0.04422 0.00611 0.12541 
16 
0.20935 0.06806 0.11074 0.61185 
0.18203 0.01907 0.04942 0.74948 
0.0081 0.00461 0.00148 0.98581 
0.71871 0.02749 0.07584 0.17796 
16 
0.13846 0.25253 0.22797 0.38104 
0.28434 0.57201 0.02696 0.11669 
0.00276 0.5317 0.35558 0.10996 
0.12532 0.03019 0.81707 0.02742 
16 
0.13183 0.16969 0.23484 0.46364 
0.00318 0.01324 0.15349 0.83009 
0.77868 0.15354 0.03029 0.03749 
0.28023 0.03394 0.6701 0.01573 
16 
0.60407 0.01922 0.31674 0.05997 
0.15309 0.05478 0.78875 0.00338 
0.3307 0.24613 0.11113 0.31204 
0.04372 0.11117 0.10365 0.74146 
16 
0.55005 0.0043 0.06912 0.37653 
0.00166 0.02892 0.95977 0.00965 
0.04987 0.07958 0.84732 0.02323 
0.05046 0.01374 0.48608 0.44972 
16 
0.06663 0.08622 0.62377 0.22338 
0.19133 0.1845 0.0749 0.54927 
0.23244 0.29073 0.39344 0.08339 
0.8702 0.00971 0.01386 0.10623 
16 
0.25195 0.37731 0.12584 0.2449 
0.18338 0.0053 0.69717 0.11415 
0.1381 0.1063 0.43437 0.32123 
1.5E-4 0.01543 0.96595 0.01847 
16 
6.4E-4 0.01116 0.91923 0.06897 
0.01057 9.5E-4 0.88458 0.1039 
0.01706 0.05 0.92867 0.00427 
0.83063 0.00421 0.00622 0.15894 
16 
0.08319 0.83777 0.07164 0.0074 
0.0136 0.00128 0.0067 0.97842 
0.29195 0.05095 0.42959 0.22751 
0.02776 0.77279 0.00692 0.19253 
16 
0.0447 0.09777 0.52966 0.32787 
0.01238 0.04516 0.34636 0.5961 
0.31116 0.05556 0.43088 0.2024 
0.07935 0.09819 0.57599 0.24647 
16 
0.09594 0.12959 0.05278 0.72169 
0.01147 0.98078 0.00633 0.00142 
0.18835 0.30868 0.38848 0.11449 
0.02679 0.09845 0.52865 0.34611 
16 
0.03628 0.35182 0.29321 0.31869 
0.11972 0.08468 0.08302 0.71258 
0.54964 0.03228 0.02392 0.39416 
0.01541 0.47955 0.06811 0.43693 
16 
0.38352 0.14301 0.39445 0.07902 
0.09854 0.33045 0.19935 0.37166 
0.00306 0.77349 3.7E-4 0.22308 
0.46639 0.19438 0.06213 0.2771 
16 
0.36666 0.37972 0.25113 0.00249 
0.37775 0.29976 0.16746 0.15503 
0.06676 0.36638 0.18138 0.38548 
0.11073 0.00678 0.12073 0.76176 
16 
0.02833 0.00413 0.00677 0.96077 
0.03162 0.67516 0.01575 0.27747 
0.01374 0.78404 0.006 0.19622 
0.13976 0.72254 0.02131 0.11639 
16 
0.98944 0.00137 0.00836 8.3E-4 
0.09941 0.03177 0.27073 0.59809 
0.27358 0.45624 0.15547 0.11471 
0.0577 0.00648 0.19927 0.73655 
16 
0.89328 0.09338 0.01285 4.9E-4 
0.046 0.25381 0.01465 0.68554 
0.06658 0.73749 0.04466 0.15127 
0.38823 0.34096 0.21966 0.05115 
16 
0.45432 0.37851 0.13142 0.03575 
0.78177 0.07881 0.11412 0.0253 
0.21088 0.43726 0.14855 0.20331 
0.00567 0.31279 0.5272 0.15434 
16 
0.42733 0.49477 0.00248 0.07542 
0.01019 0.3288 0.43418 0.22683 
0.69423 0.17262 0.11509 0.01806 
0.07402 0.01687 0.22649 0.68262 
16 
0.08806 0.49745 0.03025 0.38424 
0.01375 0.01226 0.87803 0.09596 
0.74952 0.0418 0.00236 0.20632 
0.27705 0.21762 0.21672 0.28861 
16 
0.24955 0.10452 0.26629 0.37964 
0.05047 0.18345 0.74337 0.02271 
0.13712 0.01056 0.32846 0.52386 
0.03658 0.10452 0.59988 0.25902 
16 
0.77394 0.00624 0.2132 0.00662 
0.69638 0.18229 0.03067 0.09066 
0.41239 0.02985 0.05818 0.49958 
0.51711 0.21619 0.00652 0.26018 
16 
0.24565 0.50616 0.1625 0.08569 
0.56423 0.26194 0.16323 0.0106 
0.00402 0.81695 0.10225 0.07678 
0.07431 0.34961 0.35635 0.21973 
16 
0.03134 0.41506 0.54818 0.00542 
0.52028 0.02553 0.0422 0.41199 
0.40251 0.22363 0.36686 0.007 
0.03906 0.58351 0.12377 0.25366 
16 
0.13447 0.01379 0.84551 0.00623 
0.3856 0.00792 0.58979 0.01669 
0.07778 0.0929 0.5116 0.31772 
0.11671 0.00156 0.87909 0.00264 
16 
0.17225 0.11445 0.43811 0.27519 
0.08054 0.6816 0.02345 0.21441 
0.01586 0.32614 0.10835 0.54965 
0.09948 0.31699 0.18968 0.39385 
16 
0.09567 0.09727 0.06021 0.74685 
0.52189 0.04826 0.35967 0.07018 
0.05846 0.12548 0.1669 0.64916 
0.71375 0.01562 0.03211 0.23852 
16 
0.01819 0.92042 0.00148 0.05991 
0.0115 0.92181 0.0545 0.01219 
0.66428 0.14044 0.06389 0.13139 
0.03119 0.42481 0.50196 0.04204 
16 
0.04847 0.85835 0.0929 2.8E-4 
0.64833 0.00246 4.3E-4 0.34878 
0.03312 0.90185 0.04743 0.0176 
0.48553 0.241 0.18907 0.0844 
16 
0.1538 0.37392 0.01444 0.45784 
0.52482 0.07786 0.00174 0.39558 
0.18646 0.35346 0.18428 0.2758 
0.17741 0.22896 0.04463 0.549 
