V-CREDAL
8
2 4 4 4 4 4 3 2
8
1 0
2 0 1
2 1 2
2 2 3
2 3 4
2 4 5
2 5 6
2 6 7

4
0.036 0.964
0.228 0.772

16
0.017 0.024 0.581 0.378
0.003 0.013 0.978 0.006
0.051 0.01 0.274 0.665
0.518 0.289 0.144 0.049
16
0.022 0.965 0.002 0.011
0.06 0.528 0.335 0.077
0.019 0.026 0.016 0.939
0.597 0.275 0.055 0.073

16
0.001 0.755 0.003 0.241
0.058 0.215 0.714 0.013
0.492 0.455 0.006 0.047
0.018 0.978 0.003 0.001
16
0.111 0.389 0.09 0.41
0.028 0.359 0.537 0.076
0.082 0.046 0.871 0.001
0.0 0.987 0.004 0.009
16
0.447 0.071 0.044 0.438
0.338 0.005 0.01 0.647
0.011 0.018 0.938 0.033
0.09 0.069 0.64 0.201
16
0.956 0.001 0.014 0.029
0.0 0.181 0.01 0.809
0.006 0.988 0.003 0.003
0.097 0.277 0.096 0.53

16
0.62 0.112 0.123 0.145
0.94 0.059 0.001 0.0
0.054 0.148 0.068 0.73
0.08 0.589 0.293 0.038
16
0.204 0.319 0.352 0.125
0.049 0.829 0.034 0.088
0.831 0.15 0.01 0.009
0.137 0.019 0.612 0.232
16
0.171 0.187 0.121 0.521
0.852 0.024 0.1 0.024
0.084 0.236 0.648 0.032
0.194 0.328 0.336 0.142
16
0.127 0.335 0.49 0.048
0.739 0.002 0.165 0.094
0.057 0.057 0.792 0.094
0.045 0.001 0.624 0.33

16
0.033 0.147 0.295 0.525
0.06 0.612 0.082 0.246
0.01 0.049 0.94 0.001
0.069 0.849 0.02 0.062
16
0.222 0.593 0.003 0.182
0.586 0.225 0.029 0.16
0.148 0.008 0.166 0.678
0.004 0.918 0.008 0.07
16
0.0 0.508 0.052 0.44
0.142 0.393 0.462 0.003
0.032 0.935 0.028 0.005
0.436 0.388 0.027 0.149
16
0.301 0.256 0.211 0.232
0.469 0.316 0.068 0.147
0.093 0.271 0.244 0.392
0.374 0.137 0.376 0.113

16
0.0 0.001 0.006 0.993
0.232 0.202 0.09 0.476
0.248 0.111 0.444 0.197
0.032 0.405 0.355 0.208
16
0.525 0.254 0.125 0.096
0.609 0.121 0.172 0.098
0.739 0.137 0.04 0.084
0.072 0.057 0.133 0.738
16
0.148 0.082 0.342 0.428
0.015 0.664 0.277 0.044
0.206 0.658 0.11 0.026
0.001 0.001 0.625 0.373
16
0.042 0.264 0.046 0.648
0.016 0.199 0.621 0.164
0.758 0.107 0.083 0.052
0.494 0.441 0.037 0.028

12
0.035 0.392 0.573
0.011 0.894 0.095
0.997 0.003 0.0
0.213 0.077 0.71
12
0.401 0.13 0.469
0.012 0.932 0.056
0.178 0.137 0.685
0.356 0.557 0.087
12
0.152 0.069 0.779
0.47 0.46 0.07
0.037 0.395 0.568
0.909 0.053 0.038
12
0.561 0.009 0.43
0.031 0.909 0.06
0.117 0.124 0.759
0.693 0.306 0.001

4
0.04 0.96
0.834 0.166
4
0.457 0.543
0.068 0.932
4
0.102 0.898
0.233 0.767
