V-CREDAL 
6 
3 2 2 3 3 2 
6 
2 4 0 
2 4 1 
2 3 2 
2 0 3 
1 4 
2 0 5 

12 
0.57336 0.29825 0.12839 
0.06789 0.84375 0.08836 
0.28664 0.46765 0.24571 
0.68042 0.28021 0.03937 
12 
0.14353 0.19583 0.66064 
0.50909 0.33492 0.15599 
0.21019 0.54776 0.24205 
0.27792 0.62962 0.09246 
12 
0.19133 0.71633 0.09234 
0.0999 0.02235 0.87775 
0.88447 0.02476 0.09077 
0.25659 0.72845 0.01496 

4 
0.27615 0.72385 
0.58046 0.41954 
4 
0.20032 0.79968 
0.36073 0.63927 
4 
0.75729 0.24271 
0.81762 0.18238 

4 
0.91034 0.08966 
0.45389 0.54611 
4 
0.8362 0.1638 
0.15999 0.84001 
4 
0.68065 0.31935 
0.83527 0.16473 

12 
0.2593 0.18026 0.56044 
0.10076 0.23543 0.66381 
0.90956 0.06877 0.02167 
0.723 0.11455 0.16245 
12 
0.8344 0.1454 0.0202 
0.21988 0.4201 0.36002 
0.38977 0.50466 0.10557 
0.7121 0.0809 0.207 
12 
0.67889 0.26647 0.05464 
0.11853 0.63758 0.24389 
0.14581 0.2982 0.55599 
0.33952 0.04527 0.61521 

12 
0.65821 0.02041 0.32138 
0.01573 0.82639 0.15788 
0.48566 0.02551 0.48883 
0.01851 0.91594 0.06555 

4 
0.57579 0.42421 
0.35147 0.64853 
4 
0.47374 0.52626 
0.22998 0.77002 
4 
0.53131 0.46869 
0.10838 0.89162 
