V-CREDAL 
4 
2 3 2 2 
4 
1 0 
3 0 3 1 
2 3 2 
1 3 

4 
0.53069 0.46931 
0.2935 0.7065 

18 
0.03672 0.30778 0.6555 
0.35442 0.0778 0.56778 
0.8508 0.06111 0.08809 
0.47617 0.0693 0.45453 
0.11416 0.83215 0.05369 
0.14516 0.83024 0.0246 
18 
0.91516 0.00689 0.07795 
0.92551 0.05569 0.0188 
0.04363 0.95177 0.0046 
0.09703 0.02433 0.87864 
0.01161 0.79104 0.19735 
0.00596 0.98625 0.00779 
18 
0.00151 0.00121 0.99728 
0.00461 0.99304 0.00235 
0.02969 6.6E-4 0.96965 
0.97117 0.02514 0.00369 
0.62045 0.00434 0.37521 
0.05763 0.94162 7.5E-4 
18 
0.10351 0.81386 0.08263 
0.7977 0.15596 0.04634 
0.00875 0.65801 0.33324 
0.1353 0.00759 0.85711 
0.07233 0.21409 0.71358 
0.71105 0.0399 0.24905 

4 
0.55116 0.44884 
0.91374 0.08626 
4 
0.38136 0.61864 
0.97457 0.02543 

4 
0.62601 0.37399 
0.80929 0.19071 
