V-CREDAL 
6 
2 4 4 2 3 3 
6 
1 0 
2 0 1 
2 1 2 
2 2 3 
2 3 4 
2 4 5 

4 
0.236 0.764 
0.126 0.874 

24 
0.013 0.018 0.829 0.14 
0.018 0.039 0.923 0.02 
0.022 0.1 0.794 0.084 
0.782 0.071 0.104 0.043 
0.05 0.017 0.049 0.884 
0.695 0.147 0.126 0.032 
24 
0.096 0.088 0.127 0.689 
0.007 0.492 0.497 0.004 
0.201 0.205 0.501 0.093 
0.087 0.311 0.044 0.558 
0.099 0.719 0.167 0.015 
0.002 0.799 0.134 0.065 

24 
0.012 0.02 0.019 0.949 
0.767 0.005 0.105 0.123 
0.087 0.046 0.585 0.282 
0.376 0.092 0.463 0.069 
0.026 0.674 0.011 0.289 
0.439 0.02 0.411 0.13 
24 
0.137 0.028 0.705 0.13 
0.207 0.007 0.381 0.405 
0.447 0.247 0.069 0.237 
0.01 0.301 0.645 0.044 
0.015 0.019 0.712 0.254 
0.367 0.018 0.173 0.442 
24 
0.678 0.152 0.105 0.065 
0.015 0.905 0.036 0.044 
0.011 0.251 0.654 0.084 
0.263 0.666 0.033 0.038 
0.458 0.033 0.5 0.009 
0.235 0.424 0.027 0.314 
24 
0.043 0.013 0.921 0.023 
0.071 0.393 0.076 0.46 
0.311 0.113 0.024 0.552 
0.013 0.786 0.185 0.016 
0.877 0.018 0.092 0.013 
0.214 0.087 0.013 0.686 

4 
0.954 0.046 
0.061 0.939 
4 
0.612 0.388 
0.239 0.761 
4 
0.565 0.435 
0.16 0.84 
4 
0.937 0.063 
0.755 0.245 

18 
0.053 0.045 0.902 
0.718 0.102 0.18 
0.455 0.04 0.505 
0.5 0.384 0.116 
0.025 0.708 0.267 
0.034 0.841 0.125 
18 
0.105 0.616 0.279 
0.1 0.53 0.37 
0.967 0.026 0.007 
0.559 0.056 0.385 
0.59 0.357 0.053 
0.463 0.437 0.1 

18 
0.568 0.237 0.195 
0.322 0.049 0.629 
0.157 0.841 0.002 
0.136 0.372 0.492 
0.003 0.996 0.001 
0.407 0.072 0.521 
18 
0.259 0.544 0.197 
0.428 0.057 0.515 
0.876 0.064 0.06 
0.521 0.472 0.007 
0.233 0.225 0.542 
0.204 0.364 0.432 
18 
0.098 0.749 0.153 
0.071 0.278 0.651 
0.154 0.093 0.753 
0.012 0.441 0.547 
0.9 0.073 0.027 
0.301 0.59 0.109 
