V-CREDAL
6
2 2 2 3 2 4
6
1 0
3 0 5 1
1 2
2 2 3
2 1 4
2 3 5

4
0.782 0.218
0.835 0.165

4
0.036 0.964
0.66 0.34
4
0.95 0.05
0.096 0.904
4
0.543 0.457
0.767 0.233
4
0.494 0.506
0.605 0.395
4
0.227 0.773
0.904 0.096
4
0.867 0.133
0.097 0.903
4
0.755 0.245
0.189 0.811
4
0.83 0.17
0.079 0.921

4
0.154 0.846
0.623 0.377

18
0.282 0.031 0.687
0.061 0.911 0.028
0.934 0.036 0.03
0.828 0.015 0.157
0.868 0.132 0.0
0.028 0.04 0.932
18
0.171 0.526 0.303
0.253 0.014 0.733
0.632 0.36 0.008
0.066 0.027 0.907
0.013 0.274 0.713
0.326 0.614 0.06

4
0.516 0.484
0.445 0.555
4
0.933 0.067
0.892 0.108

24
0.16 0.094 0.021 0.725
0.921 0.011 0.033 0.035
0.022 0.083 0.795 0.1
0.824 0.042 0.13 0.004
0.305 0.032 0.194 0.469
0.012 0.044 0.071 0.873
24
0.001 0.027 0.076 0.896
0.977 0.002 0.016 0.005
0.483 0.186 0.061 0.27
0.012 0.001 0.543 0.444
0.241 0.15 0.071 0.538
0.388 0.004 0.552 0.056
24
0.562 0.044 0.316 0.078
0.137 0.246 0.509 0.108
0.111 0.294 0.025 0.57
0.412 0.09 0.062 0.436
0.031 0.696 0.22 0.053
0.424 0.051 0.25 0.275
