V-CREDAL
4
3 3 3 4
4
1 0
2 0 1
2 1 2
2 2 3

12
0.945 0.042 0.013
0.713 0.117 0.17
0.147 0.275 0.578
0.973 0.008 0.019

12
0.001 0.949 0.05
0.974 0.011 0.015
0.011 0.049 0.94
0.984 0.014 0.002
12
0.282 0.169 0.549
0.39 0.339 0.271
0.192 0.463 0.345
0.681 0.056 0.263
12
0.474 0.085 0.441
0.369 0.486 0.145
0.569 0.381 0.05
0.835 0.037 0.128

12
0.11 0.742 0.148
0.994 0.003 0.003
0.1 0.555 0.345
0.143 0.773 0.084
12
0.306 0.055 0.639
0.531 0.279 0.19
0.062 0.701 0.237
0.754 0.056 0.19
12
0.077 0.139 0.784
0.158 0.289 0.553
0.401 0.589 0.01
0.077 0.004 0.919

16
0.543 0.233 0.045 0.179
0.028 0.184 0.672 0.116
0.703 0.212 0.053 0.032
0.108 0.728 0.088 0.076
16
0.002 0.185 0.11 0.703
0.433 0.468 0.071 0.028
0.201 0.01 0.127 0.662
0.653 0.115 0.081 0.151
16
0.015 0.432 0.123 0.43
0.29 0.301 0.266 0.143
0.995 0.003 0.001 0.001
0.334 0.091 0.134 0.441
