V-CREDAL 
10 
3 2 3 2 3 2 2 2 2 3 
10 
1 0 
2 0 1 
2 1 2 
2 2 3 
2 3 4 
2 4 5 
2 5 6 
2 6 7 
2 7 8 
2 8 9 

18 
0.5723 0.04879 0.37891 
0.19055 0.29072 0.51873 
0.17734 0.09923 0.72343 
0.60216 0.28749 0.11035 
0.09152 0.15011 0.75837 
0.48326 0.3466 0.17014 

4 
0.81926 0.18074 
0.48364 0.51636 
4 
0.38633 0.61367 
0.84454 0.15546 
4 
0.90287 0.09713 
0.04248 0.95752 

18 
0.05072 0.00267 0.94661 
0.9225 0.00729 0.07021 
0.74516 0.25114 0.0037 
0.02318 0.06815 0.90867 
0.01674 0.97087 0.01239 
0.78899 0.19952 0.01149 
18 
0.91253 0.04917 0.0383 
0.07932 0.76475 0.15593 
0.10948 0.09195 0.79857 
0.12572 0.81134 0.06294 
0.06528 0.16849 0.76623 
0.03892 0.48746 0.47362 

4 
0.59383 0.40617 
0.97806 0.02194 
4 
0.62748 0.37252 
0.7604 0.2396 
4 
0.70138 0.29862 
0.44525 0.55475 

18 
0.48535 0.06309 0.45156 
0.00592 0.68654 0.30754 
0.3944 0.0339 0.5717 
0.00331 0.93583 0.06086 
0.03342 0.069 0.89758 
0.04794 0.90242 0.04964 
18 
0.04765 0.0042 0.94815 
0.97263 0.0223 0.00507 
0.20657 0.78407 0.00936 
0.00959 0.97922 0.01119 
0.00666 0.01261 0.98073 
0.96481 0.00644 0.02875 

4 
0.40632 0.59368 
0.72341 0.27659 
4 
0.31494 0.68506 
0.71307 0.28693 
4 
0.18053 0.81947 
0.32296 0.67704 

4 
0.99048 0.00952 
0.93796 0.06204 
4 
0.16645 0.83355 
0.75607 0.24393 

4 
0.35972 0.64028 
0.98398 0.01602 
4 
0.54096 0.45904 
0.73567 0.26433 

4 
0.43418 0.56582 
0.30062 0.69938 
4 
0.76623 0.23377 
0.22138 0.77862 

18 
0.01356 0.96959 0.01685 
1.3E-4 8.0E-5 0.99979 
0.96134 0.02096 0.0177 
0.0063 0.87424 0.11946 
0.87085 0.11965 0.0095 
0.9563 0.01773 0.02597 
18 
0.17108 0.02883 0.80009 
0.0428 0.22232 0.73488 
0.27543 0.50535 0.21922 
0.85146 0.10386 0.04468 
0.14753 0.04448 0.80799 
0.75428 0.21344 0.03228 
