V-CREDAL 
8 
3 3 3 3 3 2 2 2 
8 
1 0 
2 0 1 
2 1 2 
2 2 3 
2 3 4 
2 4 5 
2 5 6 
2 6 7 

18 
0.02102 0.43854 0.54044 
0.04772 0.05535 0.89693 
0.76242 0.14286 0.09472 
0.12675 0.01395 0.8593 
0.1571 0.79407 0.04883 
0.71244 0.05862 0.22894 

18 
0.04485 0.48575 0.4694 
0.97047 0.02506 0.00447 
0.11829 0.86382 0.01789 
0.01054 0.02315 0.96631 
0.23739 0.75696 0.00565 
0.08174 0.01339 0.90487 
18 
0.57871 0.19999 0.2213 
0.4205 0.57763 0.00187 
0.0426 0.95035 0.00705 
0.02984 0.60546 0.3647 
0.33575 0.06447 0.59978 
0.01382 0.16504 0.82114 
18 
0.37016 0.55435 0.07549 
0.15219 0.25097 0.59684 
0.79614 0.00627 0.19759 
0.75497 0.06692 0.17811 
0.00694 0.99226 8.0E-4 
0.01182 0.6742 0.31398 

18 
0.16111 0.07631 0.76258 
0.66034 0.12303 0.21663 
0.02799 0.56478 0.40723 
0.02494 0.97282 0.00224 
0.62573 0.34296 0.03131 
0.18966 0.05386 0.75648 
18 
0.98159 0.00227 0.01614 
0.0886 0.87037 0.04103 
0.04862 0.03444 0.91694 
0.05823 0.87944 0.06233 
0.1156 0.02805 0.85635 
0.01934 0.44239 0.53827 
18 
0.04724 0.2383 0.71446 
0.01533 0.85323 0.13144 
0.70398 0.21271 0.08331 
0.15682 0.0475 0.79568 
0.08014 0.86849 0.05137 
0.00106 0.72905 0.26989 

18 
0.01411 0.95152 0.03437 
0.65774 0.31011 0.03215 
0.01867 0.05451 0.92682 
0.82016 0.09708 0.08276 
0.2362 0.00301 0.76079 
0.45015 0.00634 0.54351 
18 
0.02461 0.94726 0.02813 
0.12269 0.0013 0.87601 
0.18563 0.01031 0.80406 
0.38911 0.40791 0.20298 
0.33579 0.57814 0.08607 
0.3864 0.05463 0.55897 
18 
0.01118 0.7738 0.21502 
0.94898 0.00341 0.04761 
0.07135 0.86163 0.06702 
0.0089 0.15026 0.84084 
0.21601 0.78011 0.00388 
0.58419 0.41559 2.2E-4 

18 
0.09836 0.73722 0.16442 
0.0392 0.05322 0.90758 
0.87146 0.00634 0.1222 
0.31681 0.67839 0.0048 
0.1203 0.76635 0.11335 
0.76656 0.20365 0.02979 
18 
0.03343 0.44998 0.51659 
0.92268 0.01775 0.05957 
0.18341 0.06918 0.74741 
0.0167 0.95948 0.02382 
0.35234 0.04347 0.60419 
0.9106 0.05453 0.03487 
18 
0.41288 0.53242 0.0547 
0.40543 0.01613 0.57844 
0.94986 0.03305 0.01709 
0.01835 0.11581 0.86584 
0.96057 0.0088 0.03063 
0.08416 0.06168 0.85416 

4 
0.17274 0.82726 
0.76889 0.23111 
4 
0.23006 0.76994 
0.36583 0.63417 
4 
0.86177 0.13823 
0.33003 0.66997 

4 
0.74803 0.25197 
0.64733 0.35267 
4 
0.81373 0.18627 
0.03509 0.96491 

4 
0.5135 0.4865 
0.5656 0.4344 
4 
0.62244 0.37756 
0.45358 0.54642 
