V-CREDAL
9
2 3 4 2 2 4 2 2 3
9
2 3 0
2 3 1
2 7 2
2 4 3
1 4
2 0 5
3 0 8 6
2 0 7
1 8

4
0.635 0.365
0.589 0.411
4
0.462 0.538
0.34 0.66

18
0.931 0.007 0.062
0.87 0.002 0.128
0.042 0.93 0.028
0.016 0.572 0.412
0.003 0.006 0.991
0.003 0.279 0.718
18
0.697 0.26 0.043
0.09 0.731 0.179
0.764 0.14 0.096
0.595 0.084 0.321
0.093 0.185 0.722
0.176 0.036 0.788

24
0.001 0.995 0.0 0.004
0.034 0.688 0.064 0.214
0.668 0.001 0.113 0.218
0.058 0.748 0.016 0.178
0.464 0.151 0.017 0.368
0.465 0.068 0.015 0.452
24
0.025 0.444 0.23 0.301
0.477 0.389 0.065 0.069
0.139 0.215 0.331 0.315
0.032 0.531 0.39 0.047
0.986 0.002 0.01 0.002
0.031 0.199 0.687 0.083

4
0.505 0.495
0.548 0.452
4
0.007 0.993
0.376 0.624

4
0.139 0.861
0.725 0.275

24
0.038 0.066 0.084 0.812
0.323 0.145 0.151 0.381
0.208 0.603 0.154 0.035
0.266 0.522 0.166 0.046
0.234 0.063 0.655 0.048
0.1 0.11 0.749 0.041
24
0.986 0.002 0.012 0.0
0.022 0.713 0.159 0.106
0.83 0.097 0.062 0.011
0.057 0.001 0.914 0.028
0.027 0.022 0.241 0.71
0.689 0.007 0.02 0.284

4
0.151 0.849
0.36 0.64
4
0.259 0.741
0.85 0.15
4
0.013 0.987
0.298 0.702
4
0.621 0.379
0.911 0.089
4
0.316 0.684
0.157 0.843
4
0.104 0.896
0.163 0.837

4
0.926 0.074
0.053 0.947
4
0.943 0.057
0.829 0.171

18
0.246 0.311 0.443
0.468 0.235 0.297
0.262 0.084 0.654
0.744 0.125 0.131
0.711 0.078 0.211
0.673 0.027 0.3
