V-CREDAL
4
3 3 2 4
4
1 0
3 0 2 1
2 3 2
1 3

12
0.491 0.305 0.204
0.084 0.425 0.491
0.004 0.964 0.032
0.095 0.883 0.022

12
0.237 0.753 0.01
0.049 0.38 0.571
0.015 0.872 0.113
0.019 0.956 0.025
12
0.65 0.011 0.339
0.5 0.073 0.427
0.368 0.197 0.435
0.745 0.225 0.03
12
0.732 0.013 0.255
0.555 0.205 0.24
0.949 0.005 0.046
0.378 0.039 0.583
12
0.309 0.317 0.374
0.574 0.334 0.092
0.489 0.006 0.505
0.615 0.154 0.231
12
0.599 0.201 0.2
0.482 0.037 0.481
0.101 0.874 0.025
0.682 0.086 0.232
12
0.14 0.859 0.001
0.93 0.037 0.033
0.208 0.185 0.607
0.893 0.034 0.073

4
0.298 0.702
0.052 0.948
4
0.495 0.505
0.012 0.988
4
0.122 0.878
0.126 0.874
4
0.445 0.555
0.144 0.856

16
0.295 0.399 0.006 0.3
0.378 0.122 0.053 0.447
0.347 0.0 0.373 0.28
0.082 0.113 0.594 0.211
