V-CREDAL
10
2 2 3 3 4 2 3 2 4 3
10
1 0
2 0 1
2 1 2
2 2 3
2 3 4
2 4 5
2 5 6
2 6 7
2 7 8
2 8 9

4
0.385 0.615
0.758 0.242

4
0.928 0.072
0.58 0.42
4
0.517 0.483
0.628 0.372

12
0.242 0.166 0.592
0.582 0.4 0.018
0.039 0.093 0.868
0.581 0.327 0.092
12
0.004 0.421 0.575
0.593 0.025 0.382
0.89 0.053 0.057
0.097 0.567 0.336

12
0.225 0.736 0.039
0.255 0.322 0.423
0.205 0.422 0.373
0.796 0.136 0.068
12
0.036 0.873 0.091
0.127 0.495 0.378
0.268 0.377 0.355
0.62 0.354 0.026
12
0.079 0.295 0.626
0.444 0.237 0.319
0.142 0.188 0.67
0.789 0.109 0.102

16
0.042 0.746 0.179 0.033
0.107 0.163 0.436 0.294
0.047 0.004 0.77 0.179
0.075 0.458 0.151 0.316
16
0.008 0.216 0.474 0.302
0.63 0.132 0.085 0.153
0.024 0.143 0.76 0.073
0.801 0.16 0.01 0.029
16
0.055 0.383 0.305 0.257
0.504 0.112 0.053 0.331
0.936 0.018 0.003 0.043
0.692 0.044 0.143 0.121

4
0.158 0.842
0.921 0.079
4
0.873 0.127
0.847 0.153
4
0.113 0.887
0.27 0.73
4
0.128 0.872
0.294 0.706

12
0.083 0.749 0.168
0.356 0.552 0.092
0.083 0.35 0.567
0.12 0.373 0.507
12
0.076 0.032 0.892
0.417 0.029 0.554
0.717 0.272 0.011
0.426 0.346 0.228

4
0.471 0.529
0.553 0.447
4
0.7 0.3
0.034 0.966
4
0.233 0.767
0.956 0.044

16
0.352 0.025 0.054 0.569
0.049 0.686 0.247 0.018
0.044 0.127 0.289 0.54
0.074 0.655 0.179 0.092
16
0.563 0.051 0.1 0.286
0.127 0.044 0.214 0.615
0.547 0.036 0.414 0.003
0.311 0.247 0.416 0.026

12
0.223 0.094 0.683
0.419 0.035 0.546
0.183 0.787 0.03
0.977 0.007 0.016
12
0.004 0.345 0.651
0.416 0.465 0.119
0.5 0.227 0.273
0.128 0.845 0.027
12
0.231 0.378 0.391
0.782 0.078 0.14
0.077 0.314 0.609
0.018 0.002 0.98
12
0.158 0.09 0.752
0.961 0.011 0.028
0.22 0.633 0.147
0.499 0.438 0.063
