V-CREDAL
9
3 2 2 2 3 3 2 2 4
9
1 0
2 0 1
2 1 2
2 2 3
2 3 4
2 4 5
2 5 6
2 6 7
2 7 8

18
0.254 0.078 0.668
0.138 0.501 0.361
0.696 0.03 0.274
0.553 0.416 0.031
0.683 0.24 0.077
0.105 0.216 0.679

4
0.587 0.413
0.549 0.451
4
0.282 0.718
0.059 0.941
4
0.545 0.455
0.909 0.091

4
0.092 0.908
0.58 0.42
4
0.155 0.845
0.606 0.394

4
0.786 0.214
0.571 0.429
4
0.915 0.085
0.681 0.319

18
0.009 0.465 0.526
0.934 0.006 0.06
0.03 0.005 0.965
0.011 0.873 0.116
0.013 0.019 0.968
0.579 0.404 0.017
18
0.08 0.041 0.879
0.126 0.799 0.075
0.978 0.001 0.021
0.11 0.65 0.24
0.162 0.018 0.82
0.118 0.745 0.137

18
0.34 0.016 0.644
0.131 0.557 0.312
0.908 0.06 0.032
0.369 0.545 0.086
0.846 0.127 0.027
0.148 0.697 0.155
18
0.574 0.076 0.35
0.181 0.785 0.034
0.07 0.083 0.847
0.019 0.762 0.219
0.025 0.927 0.048
0.054 0.084 0.862
18
0.009 0.46 0.531
0.011 0.024 0.965
0.135 0.814 0.051
0.749 0.088 0.163
0.86 0.126 0.014
0.022 0.017 0.961

4
0.862 0.138
0.851 0.149
4
0.635 0.365
0.585 0.415
4
0.292 0.708
0.353 0.647

4
0.455 0.545
0.496 0.504
4
0.131 0.869
0.985 0.015

24
0.38 0.497 0.029 0.094
0.68 0.008 0.215 0.097
0.072 0.12 0.335 0.473
0.196 0.535 0.224 0.045
0.724 0.212 0.034 0.03
0.084 0.1 0.362 0.454
24
0.028 0.56 0.098 0.314
0.271 0.686 0.018 0.025
0.155 0.159 0.541 0.145
0.022 0.091 0.033 0.854
0.851 0.007 0.008 0.134
0.782 0.033 0.134 0.051
