V-CREDAL
6
2 3 4 2 4 4
6
3 3 5 0
2 2 1
1 2
1 3
1 4
3 1 4 5

4
0.452 0.548
0.529 0.471
4
0.636 0.364
0.043 0.957
4
0.825 0.175
0.514 0.486
4
0.015 0.985
0.54 0.46
4
0.655 0.345
0.1 0.9
4
0.815 0.185
0.023 0.977
4
0.73 0.27
0.207 0.793
4
0.237 0.763
0.788 0.212

18
0.798 0.031 0.171
0.229 0.004 0.767
0.021 0.006 0.973
0.571 0.012 0.417
0.206 0.743 0.051
0.61 0.345 0.045
18
0.762 0.208 0.03
0.404 0.274 0.322
0.207 0.13 0.663
0.79 0.123 0.087
0.249 0.175 0.576
0.598 0.089 0.313
18
0.773 0.019 0.208
0.021 0.107 0.872
0.082 0.901 0.017
0.392 0.592 0.016
0.89 0.011 0.099
0.037 0.941 0.022
18
0.002 0.622 0.376
0.933 0.046 0.021
0.079 0.884 0.037
0.05 0.005 0.945
0.921 0.006 0.073
0.003 0.016 0.981

24
0.238 0.028 0.031 0.703
0.087 0.599 0.203 0.111
0.552 0.066 0.0 0.382
0.003 0.023 0.899 0.075
0.173 0.309 0.506 0.012
0.004 0.009 0.987 0.0

4
0.674 0.326
0.863 0.137

24
0.559 0.104 0.004 0.333
0.044 0.314 0.061 0.581
0.09 0.003 0.892 0.015
0.013 0.837 0.022 0.128
0.816 0.059 0.125 0.0
0.138 0.834 0.022 0.006

24
0.01 0.582 0.197 0.211
0.206 0.083 0.16 0.551
0.1 0.053 0.201 0.646
0.565 0.282 0.065 0.088
0.511 0.115 0.249 0.125
0.614 0.175 0.07 0.141
24
0.023 0.03 0.711 0.236
0.567 0.135 0.021 0.277
0.125 0.061 0.355 0.459
0.23 0.709 0.049 0.012
0.271 0.374 0.348 0.007
0.663 0.112 0.13 0.095
24
0.191 0.756 0.043 0.01
0.376 0.117 0.063 0.444
0.838 0.033 0.002 0.127
0.236 0.064 0.647 0.053
0.072 0.338 0.175 0.415
0.114 0.006 0.149 0.731
24
0.254 0.399 0.158 0.189
0.84 0.127 0.032 0.001
0.216 0.019 0.04 0.725
0.053 0.021 0.924 0.002
0.22 0.325 0.095 0.36
0.663 0.054 0.005 0.278
24
0.13 0.611 0.156 0.103
0.007 0.985 0.002 0.006
0.008 0.032 0.958 0.002
0.063 0.284 0.251 0.402
0.062 0.103 0.516 0.319
0.046 0.416 0.516 0.022
24
0.354 0.527 0.02 0.099
0.03 0.023 0.059 0.888
0.242 0.126 0.059 0.573
0.407 0.186 0.393 0.014
0.145 0.095 0.321 0.439
0.555 0.28 0.084 0.081
24
0.755 0.1 0.025 0.12
0.158 0.442 0.017 0.383
0.237 0.537 0.211 0.015
0.008 0.83 0.105 0.057
0.157 0.835 0.001 0.007
0.3 0.315 0.123 0.262
24
0.463 0.237 0.185 0.115
0.138 0.06 0.485 0.317
0.024 0.294 0.357 0.325
0.164 0.178 0.137 0.521
0.26 0.106 0.534 0.1
0.913 0.051 0.028 0.008
24
0.367 0.069 0.04 0.524
0.056 0.057 0.521 0.366
0.84 0.008 0.041 0.111
0.037 0.08 0.879 0.004
0.362 0.393 0.035 0.21
0.008 0.364 0.009 0.619
24
0.021 0.136 0.826 0.017
0.089 0.067 0.099 0.745
0.053 0.005 0.383 0.559
0.31 0.118 0.337 0.235
0.005 0.053 0.78 0.162
0.149 0.001 0.846 0.004
24
0.197 0.248 0.549 0.006
0.182 0.494 0.322 0.002
0.058 0.475 0.101 0.366
0.042 0.69 0.234 0.034
0.106 0.553 0.21 0.131
0.125 0.121 0.049 0.705
24
0.469 0.197 0.196 0.138
0.138 0.652 0.058 0.152
0.473 0.071 0.353 0.103
0.015 0.19 0.024 0.771
0.256 0.067 0.122 0.555
0.241 0.157 0.503 0.099
