V-CREDAL 
10 
3 2 3 3 2 3 2 3 3 2 
10 
1 0 
2 0 1 
2 1 2 
2 2 3 
2 3 4 
2 4 5 
2 5 6 
2 6 7 
2 7 8 
2 8 9 

12 
0.32302 0.28623 0.39075 
0.56944 0.41417 0.01639 
0.32452 0.13542 0.54006 
0.39139 0.1968 0.41181 

4 
0.48574 0.51426 
0.64076 0.35924 
4 
0.15716 0.84284 
0.21264 0.78736 
4 
0.58605 0.41395 
0.79032 0.20968 

12 
0.02721 0.68859 0.2842 
0.79554 0.13658 0.06788 
0.48889 0.11079 0.40032 
0.5718 0.06317 0.36503 
12 
0.54541 0.31043 0.14416 
0.17009 0.44736 0.38255 
0.4171 0.13336 0.44954 
0.93251 0.05884 0.00865 

12 
0.85888 0.03285 0.10827 
0.92231 0.02886 0.04883 
0.06361 0.2499 0.68649 
0.09298 0.13535 0.77167 
12 
0.50011 0.22092 0.27897 
0.32098 0.59965 0.07937 
0.21096 0.42978 0.35926 
0.05612 0.86844 0.07544 
12 
0.28572 0.65082 0.06346 
0.15245 0.71332 0.13423 
0.5046 0.14447 0.35093 
0.03678 0.01268 0.95054 

4 
0.38762 0.61238 
0.47723 0.52277 
4 
0.19457 0.80543 
0.61125 0.38875 
4 
0.702 0.298 
0.64387 0.35613 

12 
0.73181 0.0493 0.21889 
0.03492 0.88851 0.07657 
0.01103 0.13222 0.85675 
0.16678 0.02484 0.80838 
12 
0.03159 0.59006 0.37835 
0.31727 0.56098 0.12175 
0.81606 0.14217 0.04177 
0.16569 0.06578 0.76853 

4 
0.90136 0.09864 
0.34069 0.65931 
4 
0.95407 0.04593 
0.38417 0.61583 
4 
0.31783 0.68217 
0.20632 0.79368 

12 
0.01085 0.55426 0.43489 
0.34749 0.28009 0.37242 
0.10155 0.63318 0.26527 
0.31782 0.11852 0.56366 
12 
0.04405 0.10157 0.85438 
0.27773 0.67622 0.04605 
0.06287 0.81147 0.12566 
0.68972 0.20283 0.10745 

12 
0.00903 0.14206 0.84891 
0.3304 0.17061 0.49899 
0.17203 0.56413 0.26384 
0.42538 0.45002 0.1246 
12 
0.85409 0.01306 0.13285 
0.18848 0.10343 0.70809 
0.03942 0.90342 0.05716 
0.08778 0.13764 0.77458 
12 
0.01499 0.0433 0.94171 
0.08527 0.71071 0.20402 
0.54537 0.0161 0.43853 
0.64265 0.217 0.14035 

4 
0.94535 0.05465 
0.58395 0.41605 
4 
0.81449 0.18551 
0.37487 0.62513 
4 
0.47457 0.52543 
0.16666 0.83334 
