V-CREDAL
4
2 4 2 4
4
1 0
2 0 1
2 1 2
2 2 3

4
0.087 0.913
0.883 0.117

24
0.17 0.803 0.023 0.004
0.214 0.113 0.559 0.114
0.957 0.002 0.039 0.002
0.033 0.094 0.155 0.718
0.02 0.065 0.036 0.879
0.367 0.048 0.028 0.557
24
0.193 0.409 0.116 0.282
0.436 0.239 0.197 0.128
0.069 0.66 0.231 0.04
0.03 0.878 0.048 0.044
0.357 0.12 0.032 0.491
0.701 0.006 0.137 0.156

4
0.786 0.214
0.135 0.865
4
0.306 0.694
0.968 0.032
4
0.837 0.163
0.33 0.67
4
0.856 0.144
0.545 0.455

24
0.004 0.513 0.121 0.362
0.091 0.398 0.452 0.059
0.448 0.039 0.289 0.224
0.635 0.043 0.298 0.024
0.156 0.105 0.54 0.199
0.053 0.164 0.386 0.397
24
0.919 0.048 0.018 0.015
0.055 0.935 0.007 0.003
0.505 0.023 0.452 0.02
0.329 0.006 0.029 0.636
0.002 0.006 0.011 0.981
0.135 0.416 0.368 0.081
