V-CREDAL 
6 
2 3 3 3 3 2 
6 
1 0 
2 0 1 
2 1 2 
2 2 3 
2 3 4 
2 4 5 

4 
0.8409 0.1591 
0.03191 0.96809 

12 
0.17199 0.086 0.74201 
0.11856 0.74239 0.13905 
0.12575 0.46048 0.41377 
0.62038 0.01439 0.36523 
12 
0.64617 0.20994 0.14389 
0.13352 0.49884 0.36764 
0.03305 0.43387 0.53308 
0.1558 0.34402 0.50018 

12 
0.06172 0.36329 0.57499 
0.22215 0.71299 0.06486 
0.15996 0.79841 0.04163 
0.02029 0.29297 0.68674 
12 
0.37903 0.56687 0.0541 
0.01819 0.71758 0.26423 
0.30246 0.03634 0.6612 
0.63307 0.04427 0.32266 
12 
0.86026 0.00891 0.13083 
0.61654 0.23989 0.14357 
0.61869 0.00226 0.37905 
0.77452 0.17046 0.05502 

12 
0.24441 0.28314 0.47245 
0.71392 0.0181 0.26798 
0.0023 0.30879 0.68891 
0.93124 0.06623 0.00253 
12 
0.49366 0.18147 0.32487 
0.41542 0.54791 0.03667 
0.08735 0.6486 0.26405 
0.01919 0.94547 0.03534 
12 
0.33228 3.6E-4 0.66736 
5.6E-4 0.01824 0.9812 
0.00608 0.89182 0.1021 
0.8725 0.03539 0.09211 

12 
0.76519 0.09678 0.13803 
0.22688 0.27698 0.49614 
0.36271 0.21586 0.42143 
0.41173 0.53531 0.05296 
12 
0.012 0.86647 0.12153 
0.21286 0.04807 0.73907 
0.4135 0.34669 0.23981 
0.51681 0.05026 0.43293 
12 
0.10586 0.57646 0.31768 
0.84314 0.09471 0.06215 
0.15475 0.02895 0.8163 
0.087 0.4766 0.4364 

4 
0.87975 0.12025 
0.63345 0.36655 
4 
0.46541 0.53459 
0.18867 0.81133 
4 
0.33611 0.66389 
0.8042 0.1958 
