V-CREDAL 
4 
5 2 3 3 
4 
3 1 3 0 
2 2 1 
1 2 
1 3 

30 
0.5792 0.04423 0.19244 0.07903 0.1051 
0.30658 0.09544 0.0684 0.01523 0.51435 
0.61789 0.02319 0.00234 0.34901 0.00757 
0.0742 0.13437 0.34335 0.41729 0.03079 
0.10115 0.00875 0.0066 0.03116 0.85234 
0.17582 0.03651 0.05682 0.53584 0.19501 
30 
0.00288 0.04483 0.13652 0.66462 0.15115 
0.04391 0.77551 0.034 0.07001 0.07657 
0.01432 0.01599 0.93802 0.02936 0.00231 
0.21987 0.19719 0.15756 0.09062 0.33476 
0.28893 0.27927 0.29561 0.00206 0.13413 
0.02042 0.4902 0.02177 0.00355 0.46406 
30 
0.02182 0.00233 0.59529 0.00125 0.37931 
0.04148 0.47879 0.37299 0.08027 0.02647 
0.11593 0.09193 0.39258 0.30501 0.09455 
0.00254 0.07068 0.85686 0.0045 0.06542 
2.8E-4 0.98483 0.00991 0.00475 2.3E-4 
0.05779 0.1331 0.37892 0.42919 0.001 
30 
0.13572 0.0157 0.00155 0.81005 0.03698 
0.20837 0.04524 0.02499 0.71518 0.00622 
0.94541 0.00763 0.00392 0.01774 0.0253 
0.04292 0.54386 0.12704 0.11532 0.17086 
0.21688 0.51834 0.04148 0.00742 0.21588 
0.28521 0.07707 0.02315 0.54739 0.06718 
30 
0.09888 0.05078 0.0014 0.18025 0.66869 
0.56166 0.35776 0.00694 0.06033 0.01331 
0.87758 0.00993 0.0433 0.06724 0.00195 
0.03045 0.77518 0.06571 0.01848 0.11018 
0.33514 0.35513 0.08478 0.09377 0.13118 
0.20561 0.38762 0.03094 0.1639 0.21193 
30 
0.40504 0.02468 0.46031 0.01681 0.09316 
0.02813 0.37858 0.26599 0.03489 0.29241 
0.77592 0.00262 0.02658 0.04443 0.15045 
0.05647 0.03388 0.08568 7.3E-4 0.82324 
0.29692 0.03486 0.06377 0.00447 0.59998 
0.38554 0.08901 0.33418 0.02542 0.16585 

4 
0.41582 0.58418 
0.98364 0.01636 
4 
0.05074 0.94926 
0.07069 0.92931 
4 
0.87804 0.12196 
0.15676 0.84324 

18 
0.72509 0.01948 0.25543 
0.30641 0.68729 0.0063 
0.74967 0.02201 0.22832 
0.01112 0.93493 0.05395 
0.12581 0.26122 0.61297 
0.32455 0.1626 0.51285 

18 
0.90693 0.06922 0.02385 
0.03976 0.89897 0.06127 
0.01315 0.02967 0.95718 
0.01166 0.88976 0.09858 
0.4572 0.00591 0.53689 
0.33715 0.65627 0.00658 
