V-CREDAL
8
2 3 3 3 4 2 4 4
8
1 0
2 0 1
2 1 2
2 2 3
2 3 4
2 4 5
2 5 6
2 6 7

4
0.436 0.564
0.048 0.952

12
0.18 0.201 0.619
0.228 0.509 0.263
0.11 0.108 0.782
0.008 0.784 0.208
12
0.805 0.069 0.126
0.185 0.132 0.683
0.106 0.891 0.003
0.461 0.482 0.057

12
0.986 0.011 0.003
0.03 0.722 0.248
0.0 0.001 0.999
0.103 0.798 0.099
12
0.349 0.483 0.168
0.228 0.199 0.573
0.065 0.527 0.408
0.249 0.533 0.218
12
0.347 0.35 0.303
0.173 0.025 0.802
0.395 0.365 0.24
0.072 0.065 0.863

12
0.437 0.028 0.535
0.314 0.354 0.332
0.197 0.222 0.581
0.616 0.015 0.369
12
0.759 0.209 0.032
0.942 0.056 0.002
0.349 0.413 0.238
0.218 0.599 0.183
12
0.068 0.608 0.324
0.039 0.851 0.11
0.658 0.129 0.213
0.133 0.22 0.647

16
0.013 0.361 0.005 0.621
0.012 0.184 0.001 0.803
0.259 0.027 0.363 0.351
0.988 0.007 0.004 0.001
16
0.408 0.028 0.002 0.562
0.05 0.033 0.007 0.91
0.33 0.347 0.131 0.192
0.131 0.234 0.163 0.472
16
0.007 0.002 0.987 0.004
0.909 0.032 0.007 0.052
0.257 0.256 0.244 0.243
0.013 0.075 0.004 0.908

4
0.526 0.474
0.564 0.436
4
0.175 0.825
0.501 0.499
4
0.009 0.991
0.926 0.074
4
0.817 0.183
0.821 0.179

16
0.287 0.378 0.054 0.281
0.126 0.17 0.378 0.326
0.969 0.003 0.003 0.025
0.036 0.032 0.029 0.903
16
0.098 0.787 0.036 0.079
0.568 0.17 0.243 0.019
0.985 0.002 0.004 0.009
0.118 0.522 0.078 0.282

16
0.034 0.094 0.862 0.01
0.278 0.634 0.065 0.023
0.104 0.157 0.463 0.276
0.19 0.064 0.59 0.156
16
0.117 0.044 0.005 0.834
0.366 0.624 0.009 0.001
0.029 0.031 0.21 0.73
0.326 0.222 0.209 0.243
16
0.031 0.011 0.036 0.922
0.196 0.397 0.093 0.314
0.009 0.047 0.087 0.857
0.196 0.011 0.085 0.708
16
0.202 0.004 0.661 0.133
0.498 0.161 0.007 0.334
0.119 0.525 0.32 0.036
0.295 0.193 0.041 0.471
