V-CREDAL
6
4 4 4 2 4 4
6
1 0
1 1
3 1 5 2
2 2 3
3 0 1 4
1 5

16
0.164 0.489 0.286 0.061
0.141 0.155 0.285 0.419
0.061 0.243 0.272 0.424
0.3 0.658 0.02 0.022

16
0.236 0.03 0.236 0.498
0.155 0.576 0.069 0.2
0.198 0.187 0.466 0.149
0.265 0.189 0.33 0.216

16
0.479 0.374 0.082 0.065
0.257 0.347 0.356 0.04
0.036 0.083 0.72 0.161
0.154 0.054 0.579 0.213
16
0.203 0.624 0.125 0.048
0.16 0.635 0.069 0.136
0.028 0.09 0.865 0.017
0.62 0.026 0.325 0.029
16
0.772 0.13 0.096 0.002
0.014 0.007 0.003 0.976
0.284 0.092 0.622 0.002
0.175 0.024 0.704 0.097
16
0.432 0.007 0.023 0.538
0.328 0.121 0.406 0.145
0.468 0.102 0.286 0.144
0.583 0.015 0.028 0.374
16
0.732 0.039 0.014 0.215
0.675 0.229 0.069 0.027
0.069 0.917 0.005 0.009
0.33 0.363 0.299 0.008
16
0.005 0.948 0.044 0.003
0.005 0.1 0.816 0.079
0.708 0.088 0.157 0.047
0.138 0.589 0.216 0.057
16
0.81 0.005 0.044 0.141
0.157 0.073 0.203 0.567
0.261 0.489 0.044 0.206
0.471 0.311 0.023 0.195
16
0.437 0.107 0.22 0.236
0.018 0.111 0.628 0.243
0.549 0.088 0.213 0.15
0.95 0.006 0.002 0.042
16
0.008 0.084 0.019 0.889
0.01 0.96 0.003 0.027
0.237 0.747 0.007 0.009
0.857 0.091 0.044 0.008
16
0.023 0.164 0.456 0.357
0.013 0.274 0.009 0.704
0.03 0.022 0.002 0.946
0.098 0.604 0.034 0.264
16
0.03 0.724 0.106 0.14
0.053 0.708 0.232 0.007
0.019 0.159 0.747 0.075
0.003 0.112 0.841 0.044
16
0.253 0.269 0.239 0.239
0.343 0.023 0.283 0.351
0.197 0.057 0.698 0.048
0.125 0.759 0.025 0.091
16
0.384 0.004 0.028 0.584
0.483 0.461 0.036 0.02
0.236 0.009 0.441 0.314
0.03 0.919 0.011 0.04
16
0.162 0.099 0.64 0.099
0.01 0.806 0.178 0.006
0.085 0.269 0.535 0.111
0.006 0.007 0.128 0.859
16
0.407 0.506 0.056 0.031
0.042 0.146 0.173 0.639
0.001 0.002 0.967 0.03
0.003 0.016 0.029 0.952
16
0.027 0.305 0.218 0.45
0.008 0.001 0.017 0.974
0.006 0.18 0.135 0.679
0.019 0.014 0.001 0.966

4
0.76 0.24
0.184 0.816
4
0.227 0.773
0.052 0.948
4
0.509 0.491
0.917 0.083
4
0.504 0.496
0.433 0.567

16
0.058 0.067 0.869 0.006
0.62 0.285 0.017 0.078
0.005 0.363 0.138 0.494
0.563 0.148 0.208 0.081
16
0.1 0.037 0.072 0.791
0.025 0.296 0.119 0.56
0.009 0.966 0.003 0.022
0.703 0.004 0.229 0.064
16
0.057 0.861 0.046 0.036
0.027 0.136 0.525 0.312
0.234 0.022 0.413 0.331
0.394 0.078 0.463 0.065
16
0.025 0.588 0.362 0.025
0.068 0.868 0.057 0.007
0.01 0.106 0.014 0.87
0.479 0.137 0.297 0.087
16
0.177 0.048 0.764 0.011
0.012 0.298 0.003 0.687
0.013 0.091 0.144 0.752
0.621 0.01 0.012 0.357
16
0.128 0.764 0.046 0.062
0.06 0.252 0.337 0.351
0.754 0.019 0.136 0.091
0.192 0.014 0.003 0.791
16
0.04 0.133 0.72 0.107
0.791 0.01 0.141 0.058
0.193 0.269 0.175 0.363
0.146 0.565 0.145 0.144
16
0.095 0.034 0.852 0.019
0.001 0.003 0.992 0.004
0.087 0.038 0.079 0.796
0.121 0.447 0.194 0.238
16
0.406 0.213 0.305 0.076
0.499 0.029 0.122 0.35
0.41 0.486 0.006 0.098
0.041 0.426 0.102 0.431
16
0.727 0.01 0.011 0.252
0.52 0.017 0.295 0.168
0.012 0.897 0.057 0.034
0.078 0.781 0.026 0.115
16
0.213 0.038 0.496 0.253
0.033 0.043 0.46 0.464
0.101 0.847 0.029 0.023
0.005 0.971 0.02 0.004
16
0.142 0.023 0.415 0.42
0.024 0.365 0.26 0.351
0.085 0.103 0.749 0.063
0.238 0.551 0.051 0.16
16
0.023 0.021 0.864 0.092
0.292 0.052 0.359 0.297
0.134 0.37 0.228 0.268
0.059 0.01 0.146 0.785
16
0.125 0.369 0.42 0.086
0.117 0.366 0.202 0.315
0.772 0.199 0.005 0.024
0.765 0.189 0.016 0.03
16
0.121 0.565 0.051 0.263
0.013 0.735 0.216 0.036
0.261 0.126 0.454 0.159
0.049 0.447 0.029 0.475
16
0.525 0.017 0.277 0.181
0.282 0.226 0.212 0.28
0.461 0.053 0.332 0.154
0.138 0.133 0.664 0.065

16
0.056 0.445 0.298 0.201
0.232 0.535 0.178 0.055
0.027 0.019 0.873 0.081
0.207 0.242 0.047 0.504
