V-CREDAL
9
3 3 2 4 4 4 3 3 3
9
1 0
2 0 1
2 1 2
2 2 3
2 3 4
2 4 5
2 5 6
2 6 7
2 7 8

18
0.213 0.274 0.513
0.732 0.019 0.249
0.08 0.902 0.018
0.029 0.738 0.233
0.781 0.096 0.123
0.202 0.296 0.502

18
0.024 0.282 0.694
0.697 0.011 0.292
0.088 0.895 0.017
0.021 0.083 0.896
0.895 0.071 0.034
0.924 0.0 0.076
18
0.892 0.082 0.026
0.081 0.082 0.837
0.01 0.946 0.044
0.011 0.983 0.006
0.011 0.477 0.512
0.392 0.04 0.568
18
0.005 0.995 0.0
0.229 0.086 0.685
0.552 0.015 0.433
0.932 0.012 0.056
0.103 0.207 0.69
0.012 0.426 0.562

4
0.522 0.478
0.488 0.512
4
0.819 0.181
0.165 0.835
4
0.009 0.991
0.742 0.258

24
0.133 0.004 0.224 0.639
0.074 0.5 0.388 0.038
0.369 0.286 0.149 0.196
0.14 0.396 0.04 0.424
0.001 0.053 0.05 0.896
0.014 0.065 0.907 0.014
24
0.015 0.001 0.05 0.934
0.033 0.051 0.446 0.47
0.004 0.007 0.224 0.765
0.062 0.02 0.423 0.495
0.039 0.368 0.17 0.423
0.073 0.284 0.018 0.625

24
0.007 0.112 0.001 0.88
0.175 0.568 0.003 0.254
0.215 0.78 0.005 0.0
0.284 0.328 0.243 0.145
0.022 0.929 0.001 0.048
0.238 0.292 0.261 0.209
24
0.731 0.146 0.016 0.107
0.074 0.118 0.201 0.607
0.271 0.692 0.037 0.0
0.007 0.559 0.047 0.387
0.06 0.321 0.549 0.07
0.013 0.164 0.452 0.371
24
0.021 0.67 0.129 0.18
0.02 0.296 0.048 0.636
0.312 0.088 0.038 0.562
0.186 0.766 0.011 0.037
0.394 0.469 0.055 0.082
0.008 0.656 0.237 0.099
24
0.09 0.55 0.014 0.346
0.015 0.156 0.005 0.824
0.013 0.023 0.857 0.107
0.567 0.237 0.166 0.03
0.052 0.592 0.005 0.351
0.002 0.003 0.995 0.0

24
0.21 0.091 0.513 0.186
0.035 0.075 0.491 0.399
0.056 0.906 0.019 0.019
0.282 0.377 0.093 0.248
0.233 0.128 0.532 0.107
0.292 0.208 0.036 0.464
24
0.005 0.929 0.008 0.058
0.025 0.558 0.044 0.373
0.3 0.08 0.499 0.121
0.237 0.115 0.086 0.562
0.734 0.142 0.075 0.049
0.46 0.388 0.011 0.141
24
0.109 0.718 0.023 0.15
0.072 0.029 0.12 0.779
0.011 0.759 0.019 0.211
0.213 0.278 0.13 0.379
0.042 0.102 0.407 0.449
0.062 0.516 0.044 0.378
24
0.176 0.517 0.065 0.242
0.304 0.272 0.333 0.091
0.111 0.316 0.518 0.055
0.001 0.027 0.045 0.927
0.166 0.4 0.05 0.384
0.24 0.284 0.121 0.355

18
0.746 0.043 0.211
0.003 0.124 0.873
0.346 0.58 0.074
0.271 0.06 0.669
0.352 0.579 0.069
0.081 0.618 0.301
18
0.719 0.201 0.08
0.388 0.441 0.171
0.092 0.58 0.328
0.006 0.118 0.876
0.774 0.099 0.127
0.15 0.108 0.742
18
0.673 0.152 0.175
0.561 0.043 0.396
0.107 0.333 0.56
0.745 0.019 0.236
0.009 0.705 0.286
0.152 0.591 0.257
18
0.146 0.01 0.844
0.961 0.037 0.002
0.058 0.092 0.85
0.008 0.986 0.006
0.459 0.006 0.535
0.041 0.246 0.713

18
0.262 0.043 0.695
0.052 0.083 0.865
0.036 0.939 0.025
0.99 0.008 0.002
0.027 0.9 0.073
0.008 0.274 0.718
18
0.04 0.721 0.239
0.563 0.13 0.307
0.044 0.086 0.87
0.668 0.18 0.152
0.103 0.866 0.031
0.528 0.406 0.066
18
0.874 0.1 0.026
0.889 0.107 0.004
0.207 0.732 0.061
0.072 0.791 0.137
0.465 0.326 0.209
0.191 0.595 0.214

18
0.019 0.75 0.231
0.636 0.066 0.298
0.057 0.864 0.079
0.045 0.041 0.914
0.794 0.203 0.003
0.108 0.876 0.016
18
0.286 0.011 0.703
0.054 0.001 0.945
0.367 0.529 0.104
0.848 0.045 0.107
0.862 0.074 0.064
0.081 0.514 0.405
18
0.091 0.84 0.069
0.492 0.174 0.334
0.008 0.247 0.745
0.057 0.741 0.202
0.724 0.244 0.032
0.173 0.123 0.704
