V-CREDAL
6
2 2 2 3 2 4
6
1 0
3 0 5 1
1 2
2 2 3
2 1 4
2 3 5

4
0.177 0.823
0.613 0.387

4
0.869 0.131
0.322 0.678
4
0.366 0.634
0.48 0.52
4
0.464 0.536
0.008 0.992
4
0.922 0.078
0.126 0.874
4
0.552 0.448
0.915 0.085
4
0.876 0.124
0.284 0.716
4
0.002 0.998
0.671 0.329
4
0.055 0.945
0.388 0.612

4
0.386 0.614
0.879 0.121

12
0.07 0.406 0.524
0.282 0.55 0.168
0.239 0.053 0.708
0.033 0.837 0.13
12
0.741 0.165 0.094
0.688 0.29 0.022
0.187 0.776 0.037
0.555 0.004 0.441

4
0.189 0.811
0.48 0.52
4
0.219 0.781
0.313 0.687

16
0.043 0.01 0.002 0.945
0.127 0.163 0.677 0.033
0.117 0.012 0.006 0.865
0.626 0.131 0.009 0.234
16
0.034 0.463 0.122 0.381
0.374 0.005 0.008 0.613
0.033 0.018 0.052 0.897
0.148 0.116 0.614 0.122
16
0.078 0.024 0.358 0.54
0.06 0.04 0.065 0.835
0.0 0.002 0.001 0.997
0.269 0.189 0.41 0.132
