V-CREDAL
5
2 4 4 3 3
5
2 4 0
1 1
2 1 2
1 3
3 2 3 4

4
0.662 0.338
0.446 0.554
4
0.575 0.425
0.479 0.521
4
0.637 0.363
0.153 0.847

16
0.044 0.76 0.169 0.027
0.057 0.311 0.095 0.537
0.021 0.91 0.049 0.02
0.005 0.17 0.033 0.792

16
0.094 0.001 0.897 0.008
0.7 0.263 0.006 0.031
0.065 0.064 0.752 0.119
0.465 0.066 0.207 0.262
16
0.17 0.104 0.039 0.687
0.484 0.406 0.074 0.036
0.033 0.453 0.194 0.32
0.966 0.023 0.007 0.004
16
0.074 0.406 0.211 0.309
0.416 0.125 0.274 0.185
0.315 0.596 0.048 0.041
0.395 0.1 0.041 0.464
16
0.264 0.425 0.18 0.131
0.603 0.037 0.243 0.117
0.134 0.653 0.188 0.025
0.223 0.012 0.752 0.013

12
0.212 0.203 0.585
0.459 0.109 0.432
0.258 0.443 0.299
0.179 0.307 0.514

12
0.293 0.045 0.662
0.002 0.993 0.005
0.772 0.073 0.155
0.646 0.3 0.054
12
0.032 0.94 0.028
0.043 0.797 0.16
0.633 0.165 0.202
0.287 0.063 0.65
12
0.238 0.697 0.065
0.539 0.297 0.164
0.105 0.797 0.098
0.033 0.415 0.552
12
0.073 0.451 0.476
0.331 0.452 0.217
0.917 0.009 0.074
0.907 0.056 0.037
12
0.772 0.146 0.082
0.04 0.609 0.351
0.086 0.659 0.255
0.178 0.627 0.195
12
0.1 0.369 0.531
0.204 0.138 0.658
0.941 0.004 0.055
0.126 0.232 0.642
12
0.0 0.999 0.001
0.003 0.243 0.754
0.552 0.444 0.004
0.544 0.042 0.414
12
0.001 0.999 0.0
0.003 0.519 0.478
0.486 0.085 0.429
0.13 0.16 0.71
12
0.146 0.678 0.176
0.907 0.091 0.002
0.197 0.784 0.019
0.537 0.304 0.159
12
0.0 0.095 0.905
0.581 0.076 0.343
0.645 0.265 0.09
0.489 0.453 0.058
12
0.094 0.051 0.855
0.007 0.983 0.01
0.648 0.093 0.259
0.198 0.005 0.797
12
0.251 0.362 0.387
0.042 0.533 0.425
0.14 0.588 0.272
0.092 0.182 0.726
