V-CREDAL
8
3 4 4 2 4 2 3 4
8
1 0
3 2 5 1
2 3 2
1 3
2 3 4
1 5
3 0 1 6
2 3 7

18
0.332 0.563 0.105
0.247 0.165 0.588
0.007 0.849 0.144
0.539 0.185 0.276
0.146 0.758 0.096
0.383 0.492 0.125

24
0.163 0.086 0.708 0.043
0.014 0.089 0.031 0.866
0.804 0.125 0.039 0.032
0.055 0.117 0.101 0.727
0.103 0.213 0.458 0.226
0.008 0.159 0.763 0.07
24
0.044 0.626 0.001 0.329
0.804 0.032 0.063 0.101
0.524 0.043 0.226 0.207
0.163 0.013 0.296 0.528
0.387 0.396 0.049 0.168
0.877 0.023 0.099 0.001
24
0.487 0.108 0.001 0.404
0.003 0.026 0.961 0.01
0.114 0.653 0.002 0.231
0.966 0.003 0.002 0.029
0.087 0.002 0.076 0.835
0.121 0.357 0.028 0.494
24
0.322 0.025 0.134 0.519
0.009 0.025 0.562 0.404
0.44 0.085 0.453 0.022
0.848 0.051 0.012 0.089
0.712 0.192 0.069 0.027
0.221 0.366 0.329 0.084
24
0.112 0.331 0.339 0.218
0.171 0.527 0.251 0.051
0.939 0.011 0.005 0.045
0.887 0.008 0.029 0.076
0.181 0.577 0.205 0.037
0.101 0.219 0.032 0.648
24
0.245 0.142 0.428 0.185
0.546 0.192 0.077 0.185
0.317 0.279 0.242 0.162
0.037 0.751 0.022 0.19
0.115 0.363 0.367 0.155
0.284 0.07 0.137 0.509
24
0.005 0.226 0.754 0.015
0.005 0.005 0.023 0.967
0.795 0.008 0.106 0.091
0.245 0.693 0.009 0.053
0.178 0.009 0.62 0.193
0.041 0.043 0.009 0.907
24
0.189 0.709 0.028 0.074
0.006 0.261 0.207 0.526
0.803 0.124 0.026 0.047
0.217 0.023 0.406 0.354
0.545 0.434 0.008 0.013
0.86 0.042 0.024 0.074

24
0.119 0.59 0.117 0.174
0.041 0.006 0.289 0.664
0.064 0.21 0.212 0.514
0.233 0.221 0.391 0.155
0.837 0.037 0.026 0.1
0.067 0.669 0.199 0.065
24
0.169 0.581 0.103 0.147
0.541 0.117 0.189 0.153
0.159 0.027 0.734 0.08
0.077 0.388 0.312 0.223
0.414 0.116 0.353 0.117
0.002 0.001 0.001 0.996

4
0.781 0.219
0.911 0.089

24
0.009 0.866 0.002 0.123
0.26 0.293 0.358 0.089
0.008 0.033 0.094 0.865
0.337 0.126 0.533 0.004
0.007 0.003 0.719 0.271
0.001 0.019 0.346 0.634
24
0.004 0.877 0.093 0.026
0.271 0.616 0.072 0.041
0.454 0.4 0.085 0.061
0.006 0.005 0.976 0.013
0.042 0.15 0.246 0.562
0.081 0.118 0.065 0.736

4
0.559 0.441
0.446 0.554

18
0.144 0.173 0.683
0.177 0.112 0.711
0.08 0.781 0.139
0.083 0.524 0.393
0.323 0.277 0.4
0.242 0.588 0.17
18
0.002 0.002 0.996
0.969 0.012 0.019
0.003 0.993 0.004
0.86 0.133 0.007
0.001 0.986 0.013
0.919 0.006 0.075
18
0.378 0.142 0.48
0.869 0.108 0.023
0.172 0.317 0.511
0.152 0.73 0.118
0.582 0.01 0.408
0.156 0.441 0.403
18
0.038 0.928 0.034
0.104 0.128 0.768
0.209 0.031 0.76
0.977 0.003 0.02
0.085 0.261 0.654
0.589 0.009 0.402
18
0.006 0.939 0.055
0.909 0.013 0.078
0.062 0.078 0.86
0.501 0.491 0.008
0.028 0.968 0.004
0.036 0.447 0.517
18
0.094 0.08 0.826
0.232 0.747 0.021
0.022 0.958 0.02
0.642 0.079 0.279
0.652 0.118 0.23
0.468 0.431 0.101
18
0.3 0.187 0.513
0.092 0.66 0.248
0.274 0.698 0.028
0.023 0.893 0.084
0.551 0.132 0.317
0.071 0.892 0.037
18
0.011 0.954 0.035
0.012 0.017 0.971
0.913 0.084 0.003
0.432 0.556 0.012
0.837 0.067 0.096
0.394 0.02 0.586
18
0.244 0.541 0.215
0.033 0.621 0.346
0.065 0.204 0.731
0.477 0.077 0.446
0.331 0.083 0.586
0.045 0.896 0.059
18
0.028 0.597 0.375
0.005 0.04 0.955
0.817 0.165 0.018
0.795 0.061 0.144
0.33 0.634 0.036
0.053 0.896 0.051
18
0.192 0.782 0.026
0.009 0.371 0.62
0.479 0.094 0.427
0.085 0.27 0.645
0.694 0.24 0.066
0.569 0.415 0.016
18
0.058 0.042 0.9
0.222 0.739 0.039
0.016 0.295 0.689
0.021 0.918 0.061
0.944 0.037 0.019
0.829 0.017 0.154

24
0.055 0.166 0.016 0.763
0.018 0.073 0.891 0.018
0.729 0.005 0.035 0.231
0.009 0.479 0.507 0.005
0.079 0.09 0.505 0.326
0.419 0.357 0.12 0.104
24
0.11 0.309 0.568 0.013
0.065 0.228 0.656 0.051
0.038 0.037 0.441 0.484
0.047 0.098 0.209 0.646
0.751 0.013 0.164 0.072
0.968 0.008 0.018 0.006
