V-CREDAL
5
2 2 3 4 3
5
1 0
2 0 1
2 1 2
2 2 3
2 3 4

4
0.027 0.973
0.868 0.132

4
0.201 0.799
0.304 0.696
4
0.72 0.28
0.308 0.692

18
0.022 0.859 0.119
0.012 0.234 0.754
0.893 0.001 0.106
0.322 0.018 0.66
0.734 0.26 0.006
0.265 0.704 0.031
18
0.468 0.044 0.488
0.347 0.584 0.069
0.031 0.961 0.008
0.681 0.048 0.271
0.238 0.734 0.028
0.052 0.272 0.676

24
0.152 0.058 0.741 0.049
0.083 0.269 0.3 0.348
0.458 0.049 0.043 0.45
0.106 0.066 0.06 0.768
0.388 0.116 0.035 0.461
0.064 0.033 0.495 0.408
24
0.257 0.717 0.015 0.011
0.111 0.003 0.009 0.877
0.121 0.2 0.243 0.436
0.197 0.714 0.013 0.076
0.24 0.106 0.519 0.135
0.459 0.157 0.239 0.145
24
0.098 0.455 0.135 0.312
0.001 0.005 0.987 0.007
0.882 0.062 0.014 0.042
0.397 0.108 0.046 0.449
0.054 0.08 0.843 0.023
0.084 0.058 0.152 0.706

18
0.897 0.046 0.057
0.042 0.847 0.111
0.164 0.608 0.228
0.876 0.02 0.104
0.042 0.954 0.004
0.643 0.129 0.228
18
0.902 0.01 0.088
0.02 0.102 0.878
0.044 0.939 0.017
0.514 0.468 0.018
0.221 0.018 0.761
0.052 0.933 0.015
18
0.044 0.85 0.106
0.059 0.884 0.057
0.014 0.556 0.43
0.841 0.08 0.079
0.024 0.15 0.826
0.79 0.138 0.072
18
0.007 0.028 0.965
0.342 0.352 0.306
0.74 0.221 0.039
0.866 0.131 0.003
0.104 0.173 0.723
0.945 0.012 0.043
