V-CREDAL
6
4 2 4 2 2 3
6
3 1 4 0
1 1
2 5 2
2 5 3
1 4
2 4 5

16
0.108 0.004 0.409 0.479
0.965 0.003 0.015 0.017
0.014 0.009 0.968 0.009
0.384 0.139 0.434 0.043
16
0.622 0.05 0.032 0.296
0.63 0.097 0.138 0.135
0.011 0.088 0.494 0.407
0.082 0.38 0.022 0.516
16
0.257 0.451 0.002 0.29
0.01 0.933 0.051 0.006
0.314 0.007 0.152 0.527
0.112 0.135 0.001 0.752
16
0.133 0.111 0.581 0.175
0.546 0.355 0.095 0.004
0.478 0.518 0.003 0.001
0.504 0.101 0.071 0.324

4
0.014 0.986
0.308 0.692

16
0.002 0.004 0.002 0.992
0.016 0.901 0.032 0.051
0.016 0.921 0.003 0.06
0.787 0.064 0.132 0.017
16
0.036 0.064 0.009 0.891
0.063 0.589 0.196 0.152
0.205 0.21 0.537 0.048
0.652 0.286 0.024 0.038
16
0.134 0.143 0.723 0.0
0.621 0.14 0.206 0.033
0.113 0.206 0.388 0.293
0.277 0.539 0.083 0.101

4
0.015 0.985
0.284 0.716
4
0.924 0.076
0.742 0.258
4
0.399 0.601
0.845 0.155

4
0.913 0.087
0.038 0.962

12
0.12 0.118 0.762
0.005 0.991 0.004
0.86 0.045 0.095
0.016 0.241 0.743
12
0.065 0.322 0.613
0.159 0.09 0.751
0.13 0.745 0.125
0.004 0.969 0.027
