V-CREDAL 
4 
2 5 3 4 
4 
2 1 0 
2 2 1 
1 2 
2 1 3 

4 
0.62031 0.37969 
0.75056 0.24944 
4 
0.11219 0.88781 
0.35953 0.64047 
4 
0.29075 0.70925 
0.82664 0.17336 
4 
0.51162 0.48838 
0.93269 0.06731 
4 
0.12002 0.87998 
0.30868 0.69132 

30 
0.26209 0.06756 0.63452 0.01645 0.01938 
0.09086 0.35805 0.4584 0.01054 0.08215 
0.24425 0.08231 0.06115 0.60108 0.01121 
0.58333 0.25188 0.05125 0.10931 0.00423 
0.14239 0.74429 0.07361 0.03809 0.00162 
0.02623 0.72416 0.002 0.19736 0.05025 
30 
0.19218 0.79805 0.00293 7.7E-4 0.00607 
0.37187 0.2399 0.33043 0.01365 0.04415 
0.13442 0.46947 0.01199 0.19659 0.18753 
0.00971 0.70188 0.2769 0.00623 0.00528 
0.05881 0.05188 0.25822 0.51409 0.117 
0.03916 0.89517 0.04755 0.0011 0.01702 
30 
0.00192 0.12793 0.00109 0.00105 0.86801 
0.70271 0.09118 0.14743 0.03672 0.02196 
0.02354 9.9E-4 3.3E-4 0.36245 0.61269 
0.17327 0.32935 0.08032 0.41342 0.00364 
0.41539 0.42214 0.04759 0.07022 0.04466 
0.07179 2.4E-4 0.34247 0.24612 0.33938 

18 
0.0047 0.9145 0.0808 
0.34117 0.04135 0.61748 
0.01408 0.98521 7.1E-4 
0.79966 0.004 0.19634 
0.01762 0.15132 0.83106 
0.38174 0.57187 0.04639 

24 
0.35758 0.26548 0.20936 0.16758 
0.01909 0.37617 0.56291 0.04183 
0.11377 0.01191 1.1E-4 0.87421 
0.03018 0.79166 0.13786 0.0403 
0.03337 0.10447 0.65268 0.20948 
0.00252 0.28495 0.16103 0.5515 
24 
0.38373 0.16406 0.15854 0.29367 
0.2744 0.4426 0.26602 0.01698 
0.58589 0.1571 0.07822 0.17879 
0.34311 0.16956 0.04814 0.43919 
0.15507 0.82072 0.00629 0.01792 
0.23221 0.02126 0.06515 0.68138 
24 
0.23631 0.57246 0.12719 0.06404 
0.05686 0.00742 0.65216 0.28356 
0.31591 0.3575 0.16719 0.1594 
0.00574 0.01007 0.97118 0.01301 
0.36815 0.45429 0.1547 0.02286 
0.05494 0.02782 0.88889 0.02835 
24 
0.16317 0.05751 0.04189 0.73743 
0.14557 0.54141 0.01121 0.30181 
0.63925 0.00974 0.01178 0.33923 
0.10604 0.02795 0.4175 0.44851 
0.00596 0.59985 0.38859 0.0056 
0.16538 0.294 0.52717 0.01345 
24 
0.31062 0.01332 0.25537 0.42069 
0.00332 0.35897 0.48552 0.15219 
0.26912 0.22895 0.06121 0.44072 
0.07045 0.09384 0.00391 0.8318 
0.08568 0.78107 0.01504 0.11821 
0.12483 0.23279 0.0082 0.63418 
