V-CREDAL
10
2 4 4 2 2 2 2 3 3 2
10
1 0
1 1
1 2
1 3
3 6 7 4
2 7 5
1 6
3 0 1 7
2 3 8
4 1 2 8 9

4
0.361 0.639
0.206 0.794

24
0.014 0.021 0.96 0.005
0.0 0.63 0.001 0.369
0.004 0.899 0.043 0.054
0.649 0.337 0.0 0.014
0.198 0.394 0.075 0.333
0.638 0.065 0.16 0.137

24
0.295 0.276 0.072 0.357
0.319 0.053 0.093 0.535
0.051 0.926 0.02 0.003
0.479 0.067 0.379 0.075
0.298 0.146 0.462 0.094
0.004 0.006 0.165 0.825

4
0.509 0.491
0.427 0.573

4
0.78 0.22
0.147 0.853
4
0.963 0.037
0.33 0.67
4
0.721 0.279
0.342 0.658
4
0.114 0.886
0.011 0.989
4
0.85 0.15
0.579 0.421
4
0.061 0.939
0.836 0.164

4
0.022 0.978
0.431 0.569
4
0.548 0.452
0.25 0.75
4
0.68 0.32
0.944 0.056

4
0.821 0.179
0.002 0.998

18
0.225 0.768 0.007
0.188 0.762 0.05
0.448 0.015 0.537
0.734 0.208 0.058
0.141 0.719 0.14
0.135 0.334 0.531
18
0.004 0.541 0.455
0.416 0.553 0.031
0.85 0.01 0.14
0.048 0.32 0.632
0.316 0.087 0.597
0.854 0.027 0.119
18
0.097 0.391 0.512
0.824 0.173 0.003
0.013 0.924 0.063
0.164 0.16 0.676
0.683 0.317 0.0
0.563 0.006 0.431
18
0.391 0.009 0.6
0.259 0.657 0.084
0.032 0.053 0.915
0.069 0.646 0.285
0.995 0.0 0.005
0.051 0.568 0.381
18
0.774 0.191 0.035
0.151 0.847 0.002
0.644 0.136 0.22
0.285 0.181 0.534
0.169 0.409 0.422
0.598 0.125 0.277
18
0.3 0.086 0.614
0.119 0.723 0.158
0.295 0.593 0.112
0.108 0.246 0.646
0.139 0.198 0.663
0.715 0.18 0.105
18
0.321 0.121 0.558
0.814 0.164 0.022
0.607 0.005 0.388
0.85 0.147 0.003
0.924 0.005 0.071
0.055 0.061 0.884
18
0.132 0.059 0.809
0.087 0.169 0.744
0.063 0.918 0.019
0.004 0.747 0.249
0.94 0.055 0.005
0.051 0.397 0.552

18
0.316 0.518 0.166
0.031 0.712 0.257
0.814 0.103 0.083
0.062 0.187 0.751
0.01 0.365 0.625
0.86 0.003 0.137
18
0.435 0.562 0.003
0.889 0.047 0.064
0.575 0.414 0.011
0.019 0.019 0.962
0.009 0.838 0.153
0.784 0.183 0.033

4
0.801 0.199
0.006 0.994
4
0.149 0.851
0.186 0.814
4
0.91 0.09
0.354 0.646
4
0.617 0.383
0.366 0.634
4
0.453 0.547
0.691 0.309
4
0.27 0.73
0.438 0.562
4
0.635 0.365
0.078 0.922
4
0.839 0.161
0.077 0.923
4
0.112 0.888
0.647 0.353
4
0.924 0.076
0.193 0.807
4
0.403 0.597
0.512 0.488
4
0.865 0.135
0.763 0.237
4
0.62 0.38
0.673 0.327
4
0.592 0.408
0.847 0.153
4
0.908 0.092
0.221 0.779
4
0.456 0.544
0.483 0.517
4
0.948 0.052
0.343 0.657
4
0.536 0.464
0.249 0.751
4
0.563 0.437
0.135 0.865
4
0.816 0.184
0.94 0.06
4
0.426 0.574
0.143 0.857
4
0.769 0.231
0.488 0.512
4
0.316 0.684
0.65 0.35
4
0.373 0.627
0.118 0.882
4
0.771 0.229
0.619 0.381
4
0.785 0.215
0.62 0.38
4
0.288 0.712
0.279 0.721
4
0.866 0.134
0.833 0.167
4
0.584 0.416
0.096 0.904
4
0.214 0.786
0.694 0.306
4
0.251 0.749
0.68 0.32
4
0.769 0.231
0.532 0.468
4
0.393 0.607
0.204 0.796
4
0.223 0.777
0.667 0.333
4
0.823 0.177
0.187 0.813
4
0.534 0.466
0.003 0.997
4
0.84 0.16
0.744 0.256
4
0.389 0.611
0.692 0.308
4
0.908 0.092
0.809 0.191
4
0.086 0.914
0.918 0.082
4
0.802 0.198
0.259 0.741
4
0.685 0.315
0.68 0.32
4
0.825 0.175
0.99 0.01
4
0.31 0.69
0.389 0.611
4
0.157 0.843
0.646 0.354
4
0.2 0.8
0.145 0.855
4
0.471 0.529
0.492 0.508
4
0.969 0.031
0.766 0.234
