V-CREDAL
4
4 3 4 4
4
1 0
2 0 1
2 1 2
2 2 3

24
0.038 0.021 0.93 0.011
0.007 0.961 0.01 0.022
0.02 0.019 0.714 0.247
0.967 0.013 0.013 0.007
0.058 0.529 0.203 0.21
0.0 0.803 0.187 0.01

18
0.008 0.06 0.932
0.778 0.052 0.17
0.325 0.565 0.11
0.672 0.305 0.023
0.069 0.755 0.176
0.869 0.068 0.063
18
0.863 0.074 0.063
0.077 0.744 0.179
0.165 0.055 0.78
0.062 0.643 0.295
0.342 0.644 0.014
0.674 0.05 0.276
18
0.48 0.232 0.288
0.106 0.86 0.034
0.686 0.202 0.112
0.807 0.189 0.004
0.192 0.683 0.125
0.316 0.447 0.237
18
0.16 0.828 0.012
0.557 0.002 0.441
0.976 0.011 0.013
0.084 0.034 0.882
0.053 0.163 0.784
0.059 0.276 0.665

24
0.029 0.419 0.006 0.546
0.297 0.311 0.325 0.067
0.955 0.007 0.018 0.02
0.002 0.881 0.115 0.002
0.934 0.058 0.001 0.007
0.168 0.471 0.259 0.102
24
0.467 0.032 0.02 0.481
0.122 0.272 0.498 0.108
0.053 0.246 0.058 0.643
0.07 0.047 0.243 0.64
0.826 0.019 0.153 0.002
0.113 0.028 0.821 0.038
24
0.332 0.118 0.519 0.031
0.052 0.341 0.532 0.075
0.515 0.388 0.041 0.056
0.705 0.004 0.255 0.036
0.115 0.172 0.309 0.404
0.468 0.041 0.443 0.048

24
0.406 0.081 0.049 0.464
0.072 0.656 0.072 0.2
0.185 0.109 0.655 0.051
0.062 0.161 0.399 0.378
0.077 0.282 0.031 0.61
0.005 0.459 0.477 0.059
24
0.007 0.015 0.269 0.709
0.514 0.133 0.266 0.087
0.184 0.428 0.273 0.115
0.004 0.956 0.004 0.036
0.061 0.543 0.005 0.391
0.787 0.038 0.025 0.15
24
0.038 0.67 0.022 0.27
0.518 0.016 0.156 0.31
0.038 0.725 0.215 0.022
0.081 0.058 0.19 0.671
0.086 0.59 0.221 0.103
0.382 0.061 0.041 0.516
24
0.807 0.064 0.065 0.064
0.291 0.476 0.174 0.059
0.279 0.22 0.438 0.063
0.004 0.092 0.042 0.862
0.122 0.029 0.037 0.812
0.7 0.026 0.227 0.047
