V-CREDAL
10
4 3 3 3 2 3 3 4 2 2
10
1 0
2 0 1
2 1 2
2 2 3
2 3 4
2 4 5
2 5 6
2 6 7
2 7 8
2 8 9

16
0.064 0.002 0.059 0.875
0.091 0.27 0.461 0.178
0.081 0.643 0.211 0.065
0.104 0.054 0.779 0.063

12
0.683 0.146 0.171
0.385 0.09 0.525
0.02 0.779 0.201
0.315 0.151 0.534
12
0.337 0.489 0.174
0.142 0.316 0.542
0.687 0.283 0.03
0.309 0.14 0.551
12
0.667 0.031 0.302
0.126 0.013 0.861
0.14 0.418 0.442
0.917 0.068 0.015
12
0.017 0.045 0.938
0.514 0.027 0.459
0.897 0.061 0.042
0.096 0.818 0.086

12
0.192 0.396 0.412
0.116 0.017 0.867
0.367 0.097 0.536
0.06 0.367 0.573
12
0.011 0.959 0.03
0.086 0.81 0.104
0.716 0.007 0.277
0.603 0.228 0.169
12
0.138 0.112 0.75
0.36 0.593 0.047
0.149 0.433 0.418
0.49 0.27 0.24

12
0.025 0.3 0.675
0.475 0.49 0.035
0.261 0.289 0.45
0.014 0.233 0.753
12
0.016 0.943 0.041
0.038 0.001 0.961
0.904 0.058 0.038
0.0 0.1 0.9
12
0.079 0.069 0.852
0.582 0.38 0.038
0.01 0.968 0.022
0.396 0.164 0.44

4
0.338 0.662
0.439 0.561
4
0.69 0.31
0.712 0.288
4
0.136 0.864
0.177 0.823

12
0.686 0.113 0.201
0.006 0.994 0.0
0.646 0.344 0.01
0.203 0.466 0.331
12
0.194 0.665 0.141
0.873 0.118 0.009
0.031 0.032 0.937
0.044 0.362 0.594

12
0.034 0.134 0.832
0.1 0.862 0.038
0.495 0.34 0.165
0.583 0.08 0.337
12
0.009 0.018 0.973
0.154 0.006 0.84
0.729 0.255 0.016
0.401 0.019 0.58
12
0.949 0.033 0.018
0.102 0.138 0.76
0.234 0.023 0.743
0.613 0.09 0.297

16
0.753 0.095 0.094 0.058
0.009 0.022 0.944 0.025
0.174 0.084 0.612 0.13
0.0 0.003 0.458 0.539
16
0.036 0.292 0.389 0.283
0.195 0.152 0.241 0.412
0.007 0.002 0.142 0.849
0.206 0.707 0.074 0.013
16
0.433 0.069 0.263 0.235
0.112 0.36 0.511 0.017
0.357 0.066 0.166 0.411
0.049 0.324 0.38 0.247

4
0.322 0.678
0.376 0.624
4
0.315 0.685
0.02 0.98
4
0.311 0.689
0.724 0.276
4
0.933 0.067
0.981 0.019

4
0.123 0.877
0.401 0.599
4
0.788 0.212
0.303 0.697
