V-CREDAL 
4 
4 2 4 2 
4 
1 0 
2 2 1 
2 0 2 
2 2 3 

24 
0.63902 0.02783 0.17243 0.16072 
0.05088 0.91142 0.0211 0.0166 
0.12981 0.33697 0.10212 0.4311 
0.22251 0.6661 0.11068 7.1E-4 
0.35906 0.24247 0.33441 0.06406 
0.04078 0.36642 0.56615 0.02665 

4 
0.14994 0.85006 
0.44992 0.55008 
4 
0.75319 0.24681 
0.1832 0.8168 
4 
0.07769 0.92231 
0.2321 0.7679 
4 
0.49023 0.50977 
0.66892 0.33108 

24 
0.15642 0.55494 0.27268 0.01596 
7.2E-4 6.0E-5 0.99235 0.00687 
0.01954 0.42365 0.28131 0.2755 
0.49229 0.22663 0.25143 0.02965 
0.12338 0.26534 0.33614 0.27514 
0.30631 0.08957 0.55644 0.04768 
24 
0.39414 0.10783 0.16575 0.33228 
0.05957 0.00172 0.9301 0.00861 
0.15546 0.62738 0.0826 0.13456 
0.02284 0.27497 0.58955 0.11264 
0.21472 0.00576 0.58124 0.19828 
0.68523 0.23998 0.04951 0.02528 
24 
0.26176 0.32471 0.00868 0.40485 
0.71066 0.18485 5.1E-4 0.10398 
0.07864 0.22301 0.69065 0.0077 
0.5472 0.01592 0.39604 0.04084 
0.01257 0.59274 0.073 0.32169 
0.08346 0.49069 0.04551 0.38034 
24 
3.1E-4 0.00128 0.9665 0.03191 
0.95368 0.03004 0.01559 6.9E-4 
0.05976 0.12435 0.79881 0.01708 
0.31704 0.31727 0.18813 0.17756 
0.08181 0.00268 0.07065 0.84486 
0.01629 0.02308 0.31843 0.6422 

4 
0.12557 0.87443 
0.39737 0.60263 
4 
0.63466 0.36534 
0.68937 0.31063 
4 
0.72698 0.27302 
0.91866 0.08134 
4 
0.26053 0.73947 
0.63526 0.36474 
