V-CREDAL 
6 
2 4 4 4 2 2 
6 
2 2 0 
2 5 1 
2 5 2 
2 1 3 
2 1 4 
1 5 

4 
0.7502 0.2498 
0.8043 0.1957 
4 
0.34275 0.65725 
0.25966 0.74034 
4 
0.33554 0.66446 
0.74406 0.25594 
4 
0.37406 0.62594 
0.21867 0.78133 

16 
0.69384 0.04781 0.21944 0.03891 
0.65972 0.02893 0.01842 0.29293 
0.19934 0.04282 0.05366 0.70418 
0.29704 0.56864 0.05681 0.07751 
16 
0.06389 0.80196 7.9E-4 0.13336 
0.2949 0.14421 0.05171 0.50918 
0.14379 0.54995 0.27311 0.03315 
0.02784 0.01042 0.92114 0.0406 

16 
0.00455 0.01291 0.98138 0.00116 
0.05854 0.07231 0.68446 0.18469 
0.07409 0.32147 0.54255 0.06189 
0.18982 0.29129 0.20158 0.31731 
16 
0.21215 0.69102 0.0523 0.04453 
0.57599 0.02928 0.33385 0.06088 
0.11138 0.45705 0.01162 0.41995 
0.91885 0.00848 0.04082 0.03185 

16 
0.058 0.37198 0.24689 0.32313 
0.14794 0.13499 0.47335 0.24372 
0.22372 0.35846 0.21254 0.20528 
0.03582 0.09795 0.05802 0.80821 
16 
0.01908 0.0107 0.92513 0.04509 
0.19382 0.33506 0.17854 0.29258 
0.66272 0.00254 0.21621 0.11853 
0.26914 0.03295 0.11484 0.58307 
16 
0.23464 0.00693 0.04461 0.71382 
0.00351 0.3302 0.3594 0.30689 
0.00383 0.02364 0.76807 0.20446 
0.50615 0.07057 0.18041 0.24287 
16 
0.15884 0.034 0.17311 0.63405 
0.81377 0.01296 0.04677 0.1265 
0.33334 0.48239 0.10398 0.08029 
0.56561 0.10607 0.21226 0.11606 

4 
0.7185 0.2815 
0.55974 0.44026 
4 
0.4622 0.5378 
0.63141 0.36859 
4 
0.97161 0.02839 
0.09003 0.90997 
4 
0.71127 0.28873 
0.4205 0.5795 

4 
0.09596 0.90404 
0.78631 0.21369 
