V-CREDAL
8
3 2 2 2 3 3 4 4
8
1 0
2 0 1
2 1 2
2 2 3
2 3 4
2 4 5
2 5 6
2 6 7

12
0.816 0.017 0.167
0.049 0.878 0.073
0.332 0.069 0.599
0.373 0.557 0.07

4
0.603 0.397
0.386 0.614
4
0.873 0.127
0.212 0.788
4
0.617 0.383
0.326 0.674

4
0.97 0.03
0.662 0.338
4
0.471 0.529
0.784 0.216

4
0.08 0.92
0.883 0.117
4
0.535 0.465
0.745 0.255

12
0.904 0.016 0.08
0.087 0.667 0.246
0.185 0.307 0.508
0.4 0.157 0.443
12
0.382 0.535 0.083
0.132 0.584 0.284
0.0 0.997 0.003
0.277 0.412 0.311

12
0.177 0.052 0.771
0.628 0.262 0.11
0.553 0.2 0.247
0.102 0.05 0.848
12
0.039 0.415 0.546
0.133 0.512 0.355
0.244 0.139 0.617
0.28 0.452 0.268
12
0.331 0.474 0.195
0.049 0.344 0.607
0.729 0.202 0.069
0.525 0.203 0.272

16
0.046 0.6 0.086 0.268
0.331 0.379 0.049 0.241
0.071 0.095 0.715 0.119
0.271 0.675 0.024 0.03
16
0.378 0.404 0.177 0.041
0.035 0.018 0.906 0.041
0.054 0.07 0.177 0.699
0.005 0.052 0.701 0.242
16
0.115 0.022 0.293 0.57
0.04 0.507 0.277 0.176
0.567 0.041 0.136 0.256
0.302 0.444 0.124 0.13

16
0.566 0.261 0.162 0.011
0.186 0.322 0.41 0.082
0.094 0.303 0.075 0.528
0.021 0.941 0.018 0.02
16
0.061 0.682 0.181 0.076
0.148 0.057 0.231 0.564
0.267 0.082 0.136 0.515
0.21 0.19 0.409 0.191
16
0.042 0.673 0.24 0.045
0.04 0.0 0.006 0.954
0.088 0.747 0.023 0.142
0.002 0.305 0.11 0.583
16
0.104 0.022 0.856 0.018
0.166 0.355 0.365 0.114
0.006 0.006 0.109 0.879
0.241 0.677 0.07 0.012
