V-CREDAL
5
4 4 3 4 3
5
1 0
2 0 1
2 4 2
2 0 3
2 3 4

16
0.026 0.142 0.181 0.651
0.483 0.008 0.223 0.286
0.003 0.014 0.291 0.692
0.067 0.021 0.186 0.726

16
0.26 0.548 0.12 0.072
0.478 0.097 0.27 0.155
0.497 0.046 0.039 0.418
0.192 0.14 0.101 0.567
16
0.028 0.039 0.81 0.123
0.19 0.289 0.071 0.45
0.014 0.939 0.04 0.007
0.063 0.875 0.036 0.026
16
0.049 0.107 0.182 0.662
0.229 0.141 0.6 0.03
0.775 0.051 0.099 0.075
0.027 0.003 0.011 0.959
16
0.012 0.001 0.034 0.953
0.003 0.031 0.265 0.701
0.082 0.361 0.083 0.474
0.357 0.173 0.327 0.143

12
0.01 0.016 0.974
0.309 0.406 0.285
0.729 0.197 0.074
0.806 0.12 0.074
12
0.108 0.065 0.827
0.387 0.556 0.057
0.106 0.812 0.082
0.333 0.184 0.483
12
0.097 0.822 0.081
0.222 0.404 0.374
0.007 0.985 0.008
0.015 0.921 0.064

16
0.434 0.058 0.249 0.259
0.103 0.001 0.839 0.057
0.003 0.986 0.009 0.002
0.014 0.66 0.02 0.306
16
0.333 0.059 0.34 0.268
0.292 0.184 0.199 0.325
0.018 0.032 0.387 0.563
0.096 0.28 0.057 0.567
16
0.059 0.011 0.407 0.523
0.264 0.365 0.195 0.176
0.714 0.009 0.085 0.192
0.002 0.98 0.016 0.002
16
0.368 0.213 0.335 0.084
0.879 0.002 0.089 0.03
0.065 0.006 0.046 0.883
0.056 0.085 0.788 0.071

12
0.243 0.342 0.415
0.104 0.748 0.148
0.037 0.0 0.963
0.294 0.618 0.088
12
0.059 0.003 0.938
0.134 0.375 0.491
0.435 0.479 0.086
0.198 0.018 0.784
12
0.063 0.881 0.056
0.56 0.384 0.056
0.054 0.328 0.618
0.643 0.032 0.325
12
0.127 0.713 0.16
0.472 0.134 0.394
0.139 0.746 0.115
0.509 0.349 0.142
