V-CREDAL
6
4 4 4 2 4 4
6
1 0
1 1
3 1 5 2
2 2 3
3 0 1 4
1 5

24
0.077 0.889 0.021 0.013
0.007 0.142 0.72 0.131
0.754 0.071 0.153 0.022
0.38 0.09 0.461 0.069
0.221 0.703 0.072 0.004
0.001 0.001 0.998 0.0

24
0.006 0.887 0.023 0.084
0.637 0.105 0.061 0.197
0.888 0.0 0.111 0.001
0.112 0.011 0.031 0.846
0.068 0.012 0.38 0.54
0.005 0.123 0.066 0.806

24
0.006 0.113 0.047 0.834
0.082 0.093 0.666 0.159
0.741 0.044 0.001 0.214
0.288 0.011 0.179 0.522
0.006 0.017 0.014 0.963
0.005 0.621 0.143 0.231
24
0.934 0.009 0.004 0.053
0.266 0.105 0.502 0.127
0.477 0.215 0.02 0.288
0.455 0.418 0.123 0.004
0.571 0.42 0.003 0.006
0.208 0.285 0.405 0.102
24
0.12 0.265 0.133 0.482
0.015 0.287 0.183 0.515
0.148 0.002 0.018 0.832
0.029 0.011 0.88 0.08
0.096 0.441 0.007 0.456
0.058 0.312 0.513 0.117
24
0.199 0.171 0.047 0.583
0.049 0.205 0.719 0.027
0.308 0.069 0.012 0.611
0.116 0.03 0.02 0.834
0.437 0.116 0.217 0.23
0.471 0.132 0.238 0.159
24
0.053 0.783 0.013 0.151
0.241 0.346 0.263 0.15
0.05 0.13 0.768 0.052
0.224 0.084 0.471 0.221
0.231 0.405 0.344 0.02
0.18 0.191 0.596 0.033
24
0.111 0.257 0.002 0.63
0.966 0.012 0.01 0.012
0.06 0.182 0.683 0.075
0.567 0.078 0.341 0.014
0.06 0.902 0.02 0.018
0.093 0.041 0.798 0.068
24
0.293 0.599 0.1 0.008
0.082 0.214 0.588 0.116
0.859 0.104 0.025 0.012
0.197 0.46 0.066 0.277
0.001 0.936 0.063 0.0
0.314 0.196 0.258 0.232
24
0.611 0.064 0.219 0.106
0.374 0.097 0.143 0.386
0.492 0.015 0.167 0.326
0.39 0.047 0.172 0.391
0.046 0.069 0.667 0.218
0.089 0.747 0.134 0.03
24
0.192 0.46 0.041 0.307
0.016 0.126 0.548 0.31
0.443 0.489 0.057 0.011
0.822 0.02 0.071 0.087
0.16 0.122 0.048 0.67
0.467 0.057 0.003 0.473
24
0.346 0.539 0.077 0.038
0.002 0.001 0.229 0.768
0.393 0.128 0.045 0.434
0.016 0.091 0.079 0.814
0.482 0.002 0.08 0.436
0.62 0.09 0.159 0.131
24
0.503 0.0 0.496 0.001
0.208 0.058 0.048 0.686
0.898 0.025 0.057 0.02
0.144 0.051 0.053 0.752
0.59 0.076 0.05 0.284
0.057 0.043 0.852 0.048
24
0.055 0.927 0.015 0.003
0.609 0.032 0.291 0.068
0.409 0.167 0.014 0.41
0.06 0.131 0.672 0.137
0.145 0.016 0.007 0.832
0.034 0.116 0.316 0.534
24
0.721 0.065 0.135 0.079
0.437 0.003 0.117 0.443
0.325 0.001 0.392 0.282
0.609 0.236 0.117 0.038
0.018 0.003 0.003 0.976
0.582 0.304 0.114 0.0
24
0.007 0.987 0.006 0.0
0.003 0.005 0.883 0.109
0.466 0.218 0.052 0.264
0.483 0.192 0.173 0.152
0.204 0.0 0.792 0.004
0.058 0.452 0.363 0.127
24
0.074 0.068 0.692 0.166
0.354 0.047 0.122 0.477
0.639 0.242 0.032 0.087
0.101 0.585 0.05 0.264
0.044 0.116 0.089 0.751
0.134 0.576 0.15 0.14
24
0.103 0.062 0.71 0.125
0.354 0.174 0.267 0.205
0.069 0.046 0.384 0.501
0.001 0.783 0.008 0.208
0.123 0.788 0.055 0.034
0.155 0.473 0.339 0.033

4
0.25 0.75
0.869 0.131
4
0.559 0.441
0.567 0.433
4
0.522 0.478
0.92 0.08
4
0.51 0.49
0.343 0.657

24
0.072 0.024 0.149 0.755
0.002 0.94 0.057 0.001
0.097 0.636 0.238 0.029
0.669 0.018 0.174 0.139
0.104 0.829 0.063 0.004
0.277 0.009 0.035 0.679
24
0.048 0.885 0.044 0.023
0.112 0.178 0.009 0.701
0.037 0.012 0.453 0.498
0.001 0.023 0.678 0.298
0.457 0.075 0.33 0.138
0.597 0.172 0.126 0.105
24
0.028 0.01 0.532 0.43
0.57 0.186 0.089 0.155
0.014 0.015 0.966 0.005
0.014 0.001 0.977 0.008
0.016 0.905 0.053 0.026
0.413 0.492 0.029 0.066
24
0.645 0.013 0.188 0.154
0.004 0.898 0.084 0.014
0.313 0.221 0.342 0.124
0.028 0.018 0.417 0.537
0.548 0.213 0.153 0.086
0.297 0.02 0.502 0.181
24
0.078 0.836 0.048 0.038
0.49 0.013 0.445 0.052
0.001 0.025 0.004 0.97
0.317 0.145 0.531 0.007
0.993 0.004 0.001 0.002
0.011 0.381 0.108 0.5
24
0.004 0.619 0.008 0.369
0.436 0.023 0.043 0.498
0.014 0.218 0.648 0.12
0.1 0.007 0.007 0.886
0.269 0.377 0.313 0.041
0.793 0.157 0.007 0.043
24
0.752 0.014 0.232 0.002
0.002 0.011 0.921 0.066
0.104 0.61 0.012 0.274
0.001 0.013 0.003 0.983
0.077 0.003 0.003 0.917
0.021 0.332 0.049 0.598
24
0.943 0.001 0.001 0.055
0.0 0.997 0.003 0.0
0.0 0.001 0.894 0.105
0.014 0.048 0.121 0.817
0.002 0.019 0.975 0.004
0.098 0.005 0.897 0.0
24
0.032 0.051 0.902 0.015
0.032 0.172 0.785 0.011
0.452 0.065 0.412 0.071
0.016 0.801 0.129 0.054
0.061 0.287 0.057 0.595
0.013 0.08 0.329 0.578
24
0.126 0.582 0.001 0.291
0.012 0.174 0.539 0.275
0.877 0.051 0.007 0.065
0.0 0.151 0.011 0.838
0.287 0.047 0.466 0.2
0.934 0.004 0.062 0.0
24
0.458 0.461 0.034 0.047
0.008 0.037 0.789 0.166
0.014 0.018 0.154 0.814
0.14 0.173 0.077 0.61
0.031 0.023 0.928 0.018
0.62 0.074 0.001 0.305
24
0.0 0.056 0.938 0.006
0.004 0.112 0.872 0.012
0.748 0.113 0.126 0.013
0.125 0.42 0.441 0.014
0.13 0.48 0.255 0.135
0.269 0.003 0.187 0.541
24
0.139 0.005 0.02 0.836
0.033 0.37 0.119 0.478
0.917 0.035 0.023 0.025
0.001 0.742 0.245 0.012
0.007 0.972 0.02 0.001
0.143 0.483 0.257 0.117
24
0.434 0.087 0.463 0.016
0.211 0.004 0.756 0.029
0.119 0.801 0.041 0.039
0.638 0.155 0.004 0.203
0.885 0.063 0.049 0.003
0.073 0.376 0.34 0.211
24
0.142 0.082 0.673 0.103
0.158 0.569 0.273 0.0
0.289 0.26 0.113 0.338
0.309 0.171 0.465 0.055
0.062 0.176 0.369 0.393
0.326 0.054 0.116 0.504
24
0.023 0.042 0.491 0.444
0.568 0.122 0.133 0.177
0.342 0.162 0.354 0.142
0.067 0.106 0.104 0.723
0.008 0.035 0.136 0.821
0.341 0.176 0.045 0.438

24
0.355 0.003 0.015 0.627
0.122 0.649 0.039 0.19
0.167 0.036 0.036 0.761
0.262 0.076 0.238 0.424
0.072 0.148 0.001 0.779
0.017 0.278 0.628 0.077
