V-CREDAL
4
3 2 4 3
4
1 0
2 0 1
2 1 2
2 2 3

18
0.587 0.1 0.313
0.021 0.812 0.167
0.731 0.143 0.126
0.669 0.228 0.103
0.015 0.101 0.884
0.102 0.829 0.069

4
0.195 0.805
0.082 0.918
4
0.605 0.395
0.908 0.092
4
0.341 0.659
0.823 0.177

24
0.298 0.326 0.356 0.02
0.005 0.812 0.162 0.021
0.248 0.331 0.017 0.404
0.936 0.008 0.05 0.006
0.286 0.082 0.014 0.618
0.228 0.317 0.214 0.241
24
0.219 0.465 0.239 0.077
0.471 0.025 0.145 0.359
0.023 0.718 0.049 0.21
0.019 0.177 0.675 0.129
0.197 0.003 0.126 0.674
0.582 0.163 0.13 0.125

18
0.132 0.042 0.826
0.886 0.048 0.066
0.021 0.865 0.114
0.715 0.022 0.263
0.111 0.828 0.061
0.063 0.861 0.076
18
0.622 0.338 0.04
0.238 0.057 0.705
0.755 0.104 0.141
0.561 0.02 0.419
0.094 0.573 0.333
0.085 0.284 0.631
18
0.059 0.282 0.659
0.11 0.88 0.01
0.032 0.35 0.618
0.159 0.839 0.002
0.994 0.003 0.003
0.639 0.084 0.277
18
0.012 0.312 0.676
0.043 0.123 0.834
0.103 0.033 0.864
0.042 0.861 0.097
0.518 0.394 0.088
0.781 0.08 0.139
