V-CREDAL 
6 
2 2 2 2 4 2 
6 
1 0 
2 0 1 
2 1 2 
2 2 3 
2 3 4 
2 4 5 

4 
0.561 0.439 
0.359 0.641 

4 
0.312 0.688 
0.101 0.899 
4 
0.135 0.865 
0.533 0.467 

4 
0.772 0.228 
0.796 0.204 
4 
0.092 0.908 
0.688 0.312 

4 
0.453 0.547 
0.158 0.842 
4 
0.065 0.935 
0.444 0.556 

24 
0.021 0.446 0.437 0.096 
0.069 0.229 0.175 0.527 
0.016 0.02 0.822 0.142 
0.362 0.551 0.013 0.074 
0.956 0.025 0.008 0.011 
0.087 0.668 0.023 0.222 
24 
0.039 0.483 0.333 0.145 
0.383 0.494 0.021 0.102 
0.302 0.128 0.52 0.05 
0.016 0.055 0.488 0.441 
0.298 0.095 0.15 0.457 
0.176 0.497 0.077 0.25 

4 
0.753 0.247 
0.169 0.831 
4 
0.51 0.49 
0.405 0.595 
4 
0.953 0.047 
0.78 0.22 
4 
0.479 0.521 
0.793 0.207 
