V-CREDAL
9
2 3 4 4 4 4 3 2 2
9
1 0
2 0 1
2 1 2
2 2 3
2 3 4
2 4 5
2 5 6
2 6 7
2 7 8

4
0.062 0.938
0.833 0.167

18
0.866 0.046 0.088
0.001 0.972 0.027
0.862 0.116 0.022
0.729 0.256 0.015
0.004 0.001 0.995
0.002 0.038 0.96
18
0.968 0.032 0.0
0.003 0.01 0.987
0.017 0.929 0.054
0.538 0.451 0.011
0.733 0.002 0.265
0.834 0.007 0.159

24
0.081 0.034 0.858 0.027
0.003 0.179 0.568 0.25
0.139 0.296 0.052 0.513
0.662 0.197 0.067 0.074
0.131 0.304 0.457 0.108
0.667 0.117 0.038 0.178
24
0.103 0.405 0.025 0.467
0.052 0.032 0.835 0.081
0.271 0.185 0.262 0.282
0.296 0.043 0.087 0.574
0.226 0.32 0.054 0.4
0.301 0.1 0.256 0.343
24
0.556 0.226 0.19 0.028
0.035 0.952 0.004 0.009
0.181 0.001 0.052 0.766
0.678 0.009 0.074 0.239
0.089 0.313 0.475 0.123
0.062 0.0 0.098 0.84

24
0.008 0.021 0.92 0.051
0.048 0.042 0.25 0.66
0.143 0.797 0.052 0.008
0.104 0.19 0.184 0.522
0.028 0.037 0.873 0.062
0.163 0.748 0.079 0.01
24
0.248 0.002 0.001 0.749
0.034 0.616 0.346 0.004
0.003 0.234 0.697 0.066
0.201 0.087 0.606 0.106
0.24 0.626 0.126 0.008
0.044 0.619 0.119 0.218
24
0.073 0.011 0.216 0.7
0.005 0.027 0.941 0.027
0.26 0.161 0.433 0.146
0.994 0.004 0.0 0.002
0.135 0.013 0.201 0.651
0.043 0.001 0.266 0.69
24
0.018 0.866 0.035 0.081
0.197 0.403 0.192 0.208
0.003 0.047 0.944 0.006
0.0 0.986 0.001 0.013
0.064 0.141 0.568 0.227
0.128 0.541 0.018 0.313

24
0.089 0.078 0.685 0.148
0.133 0.366 0.186 0.315
0.604 0.304 0.003 0.089
0.02 0.126 0.009 0.845
0.038 0.172 0.528 0.262
0.197 0.024 0.05 0.729
24
0.08 0.688 0.042 0.19
0.798 0.114 0.071 0.017
0.791 0.171 0.0 0.038
0.236 0.011 0.678 0.075
0.1 0.188 0.034 0.678
0.226 0.071 0.343 0.36
24
0.004 0.024 0.022 0.95
0.98 0.006 0.002 0.012
0.01 0.034 0.936 0.02
0.029 0.402 0.139 0.43
0.099 0.299 0.578 0.024
0.281 0.007 0.072 0.64
24
0.04 0.074 0.117 0.769
0.406 0.035 0.113 0.446
0.173 0.596 0.134 0.097
0.032 0.054 0.217 0.697
0.19 0.214 0.079 0.517
0.017 0.964 0.007 0.012

24
0.091 0.555 0.301 0.053
0.618 0.21 0.018 0.154
0.018 0.973 0.009 0.0
0.739 0.132 0.091 0.038
0.093 0.218 0.666 0.023
0.439 0.008 0.505 0.048
24
0.017 0.001 0.149 0.833
0.014 0.228 0.029 0.729
0.233 0.57 0.157 0.04
0.075 0.191 0.714 0.02
0.359 0.125 0.373 0.143
0.001 0.0 0.819 0.18
24
0.95 0.041 0.007 0.002
0.013 0.725 0.249 0.013
0.105 0.166 0.554 0.175
0.032 0.674 0.273 0.021
0.177 0.127 0.543 0.153
0.036 0.105 0.095 0.764
24
0.21 0.172 0.547 0.071
0.013 0.12 0.729 0.138
0.028 0.001 0.052 0.919
0.068 0.011 0.254 0.667
0.29 0.218 0.08 0.412
0.045 0.144 0.321 0.49

18
0.113 0.097 0.79
0.013 0.892 0.095
0.87 0.018 0.112
0.913 0.084 0.003
0.026 0.588 0.386
0.881 0.027 0.092
18
0.725 0.108 0.167
0.012 0.937 0.051
0.075 0.558 0.367
0.138 0.323 0.539
0.642 0.131 0.227
0.694 0.248 0.058
18
0.311 0.002 0.687
0.004 0.905 0.091
0.008 0.014 0.978
0.951 0.006 0.043
0.367 0.608 0.025
0.053 0.9 0.047
18
0.032 0.768 0.2
0.008 0.078 0.914
0.012 0.558 0.43
0.874 0.009 0.117
0.368 0.55 0.082
0.196 0.728 0.076

4
0.034 0.966
0.923 0.077
4
0.225 0.775
0.294 0.706
4
0.336 0.664
0.7 0.3

4
0.124 0.876
0.15 0.85
4
0.714 0.286
0.716 0.284
