V-CREDAL 
10 
3 4 4 3 2 2 5 5 5 5 
10 
2 5 0 
2 7 1 
1 2 
4 2 6 9 3 
2 9 4 
1 5 
2 0 6 
2 4 7 
2 0 8 
1 9 

12 
0.04073 0.2273 0.73197 
0.05072 0.3605 0.58878 
0.00316 0.22594 0.7709 
0.65332 0.297 0.04968 
12 
0.5746 0.39906 0.02634 
0.21588 0.50245 0.28167 
0.18117 0.02038 0.79845 
0.39258 0.60635 0.00107 

16 
0.43177 0.03703 0.50799 0.02321 
0.22608 0.62414 0.11312 0.03666 
0.40786 0.02564 0.0665 0.5 
0.43416 0.15369 0.17521 0.23694 
16 
0.0036 0.89808 4.7E-4 0.09785 
0.0387 0.03966 0.90164 0.02 
0.05553 0.31542 0.35997 0.26908 
0.07073 0.83925 0.04966 0.04036 
16 
0.10649 0.44105 0.02632 0.42614 
2.1E-4 0.07671 0.24428 0.6788 
0.00497 0.00204 0.00392 0.98907 
8.5E-4 0.11432 0.01775 0.86708 
16 
0.15567 0.00241 0.5774 0.26452 
0.02749 0.77021 0.14075 0.06155 
0.13694 0.00494 0.29661 0.56151 
0.01588 0.97996 0.00255 0.00161 
16 
0.04303 0.0047 0.20383 0.74844 
0.02033 0.08821 0.85788 0.03358 
0.27025 0.07779 0.38061 0.27135 
0.04296 0.72101 0.1957 0.04033 

16 
0.82732 0.10903 0.04913 0.01452 
0.00982 0.74291 0.06487 0.1824 
0.59579 0.1459 0.25458 0.00373 
0.07205 0.58937 0.33366 0.00492 

12 
0.21362 0.25427 0.53211 
0.77532 0.19203 0.03265 
0.28557 0.0771 0.63733 
0.18515 0.54691 0.26794 
12 
0.09587 0.27238 0.63175 
0.91272 0.01213 0.07515 
0.20211 0.7586 0.03929 
0.11362 0.82869 0.05769 
12 
0.38853 0.14296 0.46851 
0.06868 0.11262 0.8187 
0.00394 0.96547 0.03059 
0.32492 0.54504 0.13004 
12 
0.28561 0.18691 0.52748 
0.01553 0.63333 0.35114 
0.66965 0.1327 0.19765 
0.16547 0.76786 0.06667 
12 
0.43064 0.1099 0.45946 
0.16287 0.66955 0.16758 
0.62016 0.2302 0.14964 
0.03785 0.96035 0.0018 
12 
0.02452 0.04035 0.93513 
0.3759 0.3652 0.2589 
0.05199 0.29407 0.65394 
0.64611 0.21288 0.14101 
12 
0.85145 0.1359 0.01265 
0.01178 0.49473 0.49349 
0.08601 0.08912 0.82487 
0.36855 0.0357 0.59575 
12 
0.04295 0.74351 0.21354 
0.39962 0.59311 0.00727 
0.14728 0.35125 0.50147 
0.69745 0.14812 0.15443 
12 
0.16268 0.56733 0.26999 
0.2679 0.67858 0.05352 
0.02949 0.31861 0.6519 
0.75855 0.22099 0.02046 
12 
0.2114 0.76795 0.02065 
0.07745 0.27988 0.64267 
0.94453 0.04549 0.00998 
0.02914 0.37266 0.5982 
12 
0.56586 0.19663 0.23751 
0.62829 0.02008 0.35163 
0.57314 0.1183 0.30856 
0.58513 0.25865 0.15622 
12 
0.93141 6.4E-4 0.06795 
0.00868 0.8077 0.18362 
0.05229 0.04565 0.90206 
0.99118 0.00237 0.00645 
12 
0.17766 0.00283 0.81951 
0.75889 0.17972 0.06139 
0.00997 0.73583 0.2542 
0.64494 0.02327 0.33179 
12 
0.58422 0.19862 0.21716 
0.1338 0.86039 0.00581 
0.07007 0.39639 0.53354 
0.61708 0.11597 0.26695 
12 
0.7469 0.23486 0.01824 
0.06071 0.33862 0.60067 
0.99744 3.6E-4 0.0022 
0.04308 0.23716 0.71976 
12 
0.60835 0.0061 0.38555 
0.09627 0.59394 0.30979 
0.50584 0.28325 0.21091 
0.3257 0.44923 0.22507 
12 
0.81975 0.0058 0.17445 
0.01776 0.30555 0.67669 
0.75419 0.13961 0.1062 
0.47796 0.27795 0.24409 
12 
0.11361 0.65204 0.23435 
0.00134 0.53564 0.46302 
0.0399 0.67788 0.28222 
0.1571 0.7569 0.086 
12 
0.14258 0.07228 0.78514 
0.13073 0.25724 0.61203 
0.85066 0.14409 0.00525 
0.15069 0.48224 0.36707 
12 
0.17625 0.31792 0.50583 
0.09149 0.89826 0.01025 
0.25882 0.63602 0.10516 
0.27316 0.13592 0.59092 
12 
0.84245 0.06884 0.08871 
0.1224 0.20588 0.67172 
0.88926 0.09958 0.01116 
0.15088 0.73986 0.10926 
12 
0.26614 0.57473 0.15913 
0.8777 0.06408 0.05822 
0.98404 0.007 0.00896 
0.5058 0.4778 0.0164 
12 
0.1987 0.19699 0.60431 
0.38475 0.58012 0.03513 
0.96952 0.01715 0.01333 
0.21991 0.11038 0.66971 
12 
0.62098 0.11698 0.26204 
0.02917 0.30032 0.67051 
0.10252 0.71324 0.18424 
0.43133 0.12088 0.44779 
12 
0.1095 0.20331 0.68719 
0.051 0.00585 0.94315 
0.35401 0.03717 0.60882 
0.44841 0.43482 0.11677 
12 
0.06887 0.21202 0.71911 
0.64905 0.09149 0.25946 
0.03703 0.02154 0.94143 
0.13888 0.36393 0.49719 
12 
0.85218 0.09066 0.05716 
0.58296 0.119 0.29804 
0.22301 0.6875 0.08949 
0.28799 0.2846 0.42741 
12 
0.1033 0.04479 0.85191 
0.07516 0.25481 0.67003 
0.25295 0.23159 0.51546 
0.22826 0.76431 0.00743 
12 
0.42258 1.8E-4 0.57724 
0.02893 0.02992 0.94115 
0.14985 0.526 0.32415 
0.02645 0.34785 0.6257 
12 
0.19763 0.59752 0.20485 
0.64675 0.22849 0.12476 
0.11604 0.24887 0.63509 
0.17028 0.1885 0.64122 
12 
0.59521 0.23737 0.16742 
0.07223 0.49851 0.42926 
0.19487 0.60748 0.19765 
0.02382 0.05729 0.91889 
12 
0.28027 0.35705 0.36268 
0.67267 0.06231 0.26502 
0.48327 0.51078 0.00595 
0.18661 0.76774 0.04565 
12 
0.05498 0.65494 0.29008 
0.12279 0.16639 0.71082 
0.9928 0.00594 0.00126 
0.33005 0.55704 0.11291 
12 
0.07883 0.00479 0.91638 
0.73874 0.07656 0.1847 
0.05417 0.67605 0.26978 
0.22441 8.7E-4 0.77472 
12 
0.53816 0.07075 0.39109 
0.71781 0.1409 0.14129 
0.01559 0.41205 0.57236 
0.40668 0.02461 0.56871 
12 
0.01636 0.02144 0.9622 
0.45289 0.46946 0.07765 
0.99438 0.00433 0.00129 
0.0561 0.35307 0.59083 
12 
0.02922 0.00721 0.96357 
0.07623 0.3603 0.56347 
0.13145 0.79367 0.07488 
0.03558 0.74291 0.22151 
12 
0.06738 0.79749 0.13513 
0.86902 0.08173 0.04925 
0.05751 0.05718 0.88531 
0.46091 0.00961 0.52948 
12 
0.04594 0.51545 0.43861 
0.27667 0.56694 0.15639 
0.67585 0.32385 3.0E-4 
0.27698 0.26562 0.4574 
12 
0.86687 0.06582 0.06731 
0.12459 0.17219 0.70322 
0.03614 0.94988 0.01398 
0.01146 0.92159 0.06695 
12 
0.44916 0.20878 0.34206 
0.31278 0.63801 0.04921 
0.13838 0.76358 0.09804 
0.59441 0.1002 0.30539 
12 
0.11909 0.73995 0.14096 
0.08749 0.90537 0.00714 
0.40709 0.09892 0.49399 
0.27183 0.37922 0.34895 
12 
0.42525 0.02841 0.54634 
0.11319 0.81759 0.06922 
0.63599 0.22209 0.14192 
0.11591 0.77944 0.10465 
12 
8.2E-4 0.01214 0.98704 
0.28552 0.42936 0.28512 
0.66523 0.13417 0.2006 
0.14289 0.51032 0.34679 
12 
0.12622 0.24792 0.62586 
0.12384 0.87081 0.00535 
0.79001 0.14849 0.0615 
0.06801 0.7376 0.19439 
12 
0.43365 0.07277 0.49358 
0.70289 0.17374 0.12337 
0.09375 0.05103 0.85522 
0.21196 0.71382 0.07422 
12 
0.07787 0.4387 0.48343 
0.80849 0.18221 0.0093 
0.51188 0.19298 0.29514 
0.80079 0.14676 0.05245 
12 
0.07517 0.09225 0.83258 
0.13508 0.17746 0.68746 
0.8212 0.03758 0.14122 
0.00851 0.18749 0.804 
12 
0.20851 0.02062 0.77087 
0.77344 0.07901 0.14755 
0.0059 0.84792 0.14618 
0.06747 0.21669 0.71584 
12 
0.28745 0.4011 0.31145 
0.83709 0.02738 0.13553 
0.87696 0.05253 0.07051 
0.07561 0.17644 0.74795 
12 
0.08757 0.25443 0.658 
0.05049 0.93959 0.00992 
0.5338 0.12669 0.33951 
0.93462 0.03986 0.02552 
12 
0.65837 0.10966 0.23197 
0.20196 0.20844 0.5896 
0.00272 0.00691 0.99037 
0.41251 0.26828 0.31921 
12 
0.26294 0.30751 0.42955 
0.14039 0.50697 0.35264 
0.58639 0.25314 0.16047 
0.13782 0.34202 0.52016 
12 
0.92823 0.05262 0.01915 
0.47604 0.44556 0.0784 
0.42454 0.3438 0.23166 
0.0496 0.67065 0.27975 
12 
0.20621 0.72106 0.07273 
0.13097 0.22401 0.64502 
0.26906 0.36522 0.36572 
0.02691 0.94735 0.02574 
12 
0.20704 0.7278 0.06516 
0.75563 0.04833 0.19604 
0.21149 0.16572 0.62279 
0.01633 0.56732 0.41635 
12 
0.64434 0.31723 0.03843 
0.01808 0.08098 0.90094 
0.05599 0.7866 0.15741 
0.36102 0.02942 0.60956 
12 
0.11076 0.06468 0.82456 
0.24631 0.61523 0.13846 
0.90485 0.02951 0.06564 
0.00207 0.14311 0.85482 
12 
0.42986 0.56812 0.00202 
0.41646 0.21918 0.36436 
0.01715 0.77565 0.2072 
0.1231 0.30068 0.57622 
12 
0.3476 0.05476 0.59764 
0.03747 0.74395 0.21858 
0.02257 0.45359 0.52384 
0.41242 0.27603 0.31155 
12 
0.90777 0.01875 0.07348 
0.37934 0.42371 0.19695 
0.06906 0.22558 0.70536 
0.40274 0.03408 0.56318 
12 
0.30549 0.31803 0.37648 
0.37 0.56534 0.06466 
0.29095 0.2542 0.45485 
0.37822 0.24308 0.3787 
12 
0.8111 0.00809 0.18081 
0.13063 0.80544 0.06393 
0.42299 0.01329 0.56372 
0.12172 0.72378 0.1545 
12 
0.11641 0.87391 0.00968 
0.13174 0.02479 0.84347 
0.51565 0.48171 0.00264 
0.83598 0.07662 0.0874 
12 
0.46019 0.33307 0.20674 
0.65866 0.02431 0.31703 
0.29008 0.51697 0.19295 
0.00848 0.62875 0.36277 
12 
0.6762 0.0314 0.2924 
0.04079 0.95669 0.00252 
0.0043 0.99506 6.4E-4 
0.13978 0.45772 0.4025 
12 
0.08841 0.7059 0.20569 
0.98039 0.01809 0.00152 
0.14008 0.03776 0.82216 
0.24821 0.00871 0.74308 
12 
0.17698 0.07284 0.75018 
0.52428 0.39007 0.08565 
0.24249 0.72191 0.0356 
0.49013 0.32254 0.18733 
12 
0.25717 0.55149 0.19134 
0.06965 0.09059 0.83976 
0.51146 0.13417 0.35437 
0.05434 0.70309 0.24257 
12 
0.13656 0.34286 0.52058 
0.8027 0.17468 0.02262 
0.01911 0.79804 0.18285 
0.86957 0.07056 0.05987 
12 
0.08489 0.81065 0.10446 
0.57438 0.35081 0.07481 
0.12101 0.86605 0.01294 
0.1191 0.06426 0.81664 
12 
0.18554 0.10013 0.71433 
0.87212 0.12511 0.00277 
0.07075 0.80951 0.11974 
0.34119 0.03164 0.62717 
12 
0.38252 0.52925 0.08823 
0.37663 0.31337 0.31 
0.08174 0.81823 0.10003 
0.73248 0.00748 0.26004 
12 
0.6591 0.18734 0.15356 
0.33772 0.17394 0.48834 
0.88362 0.08497 0.03141 
0.54357 0.00404 0.45239 
12 
0.02277 0.63017 0.34706 
0.64764 0.26893 0.08343 
0.51325 0.0988 0.38795 
0.14141 0.82475 0.03384 
12 
0.22037 0.35807 0.42156 
0.183 0.74481 0.07219 
0.1664 0.05128 0.78232 
0.06583 0.4754 0.45877 
12 
0.08001 0.84034 0.07965 
0.20948 0.27087 0.51965 
0.94342 0.04983 0.00675 
0.92587 0.02165 0.05248 
12 
0.01812 0.91988 0.062 
0.14644 0.32514 0.52842 
0.83079 0.04337 0.12584 
0.79974 0.10282 0.09744 
12 
0.11309 0.2125 0.67441 
0.05452 0.75904 0.18644 
0.60323 0.36871 0.02806 
0.32941 0.06109 0.6095 
12 
0.66184 0.10144 0.23672 
0.09554 0.66126 0.2432 
0.01979 0.18993 0.79028 
0.075 0.13926 0.78574 
12 
0.28468 0.43526 0.28006 
0.88343 0.0021 0.11447 
0.108 0.1974 0.6946 
0.89356 0.01512 0.09132 
12 
0.25523 0.02692 0.71785 
0.0343 0.44591 0.51979 
0.4873 0.04837 0.46433 
0.19994 0.47806 0.322 
12 
0.38356 0.39133 0.22511 
0.65466 0.11291 0.23243 
0.31113 0.36674 0.32213 
0.53545 0.18494 0.27961 
12 
0.15884 0.38204 0.45912 
0.15649 0.02457 0.81894 
0.646 0.26074 0.09326 
0.65213 0.14084 0.20703 
12 
0.06632 0.12928 0.8044 
0.49412 9.5E-4 0.50493 
0.10901 0.62711 0.26388 
0.41894 0.30712 0.27394 
12 
0.07542 0.11768 0.8069 
0.22888 0.74687 0.02425 
0.95997 0.02981 0.01022 
0.12003 0.80577 0.0742 
12 
0.42858 0.13277 0.43865 
0.42353 0.37735 0.19912 
0.02272 0.93278 0.0445 
0.2101 0.75565 0.03425 
12 
0.25804 0.03578 0.70618 
0.50894 0.32193 0.16913 
0.39961 0.49881 0.10158 
0.2127 0.21424 0.57306 
12 
0.99516 0.0032 0.00164 
0.20019 0.76564 0.03417 
0.13188 0.0932 0.77492 
0.12205 0.2049 0.67305 
12 
0.43231 0.05518 0.51251 
0.15654 0.75684 0.08662 
0.0577 0.35008 0.59222 
0.10985 0.80225 0.0879 
12 
0.35435 0.42818 0.21747 
0.6159 0.13524 0.24886 
0.72181 0.25916 0.01903 
0.32462 0.13798 0.5374 
12 
0.03383 0.87181 0.09436 
0.33743 0.60757 0.055 
0.16433 0.06827 0.7674 
0.42128 0.27356 0.30516 
12 
0.02563 0.09405 0.88032 
0.08095 0.11574 0.80331 
0.11338 0.56294 0.32368 
0.16268 0.26482 0.5725 
12 
0.26215 0.17289 0.56496 
0.02512 0.0109 0.96398 
0.24154 0.59019 0.16827 
0.20572 0.69637 0.09791 
12 
0.12919 0.77414 0.09667 
0.32148 0.57782 0.1007 
0.02694 0.00417 0.96889 
0.57849 0.04751 0.374 
12 
0.05302 0.25401 0.69297 
0.24835 0.27129 0.48036 
0.26869 0.7275 0.00381 
0.06749 0.13891 0.7936 
12 
0.55593 0.15958 0.28449 
0.07439 0.09899 0.82662 
0.28704 0.68781 0.02515 
0.18277 0.03358 0.78365 
12 
0.88609 0.0917 0.02221 
0.78715 0.09038 0.12247 
2.9E-4 0.9801 0.01961 
0.1556 0.58326 0.26114 
12 
0.54134 0.42208 0.03658 
0.03746 0.21891 0.74363 
0.61589 0.03933 0.34478 
0.32892 0.63627 0.03481 
12 
0.22486 0.72761 0.04753 
0.01723 0.78836 0.19441 
0.59965 0.30877 0.09158 
0.12354 0.212 0.66446 

4 
0.10645 0.89355 
0.7484 0.2516 
4 
0.63923 0.36077 
0.75536 0.24464 
4 
0.01249 0.98751 
0.03177 0.96823 
4 
0.87591 0.12409 
0.56755 0.43245 
4 
0.35878 0.64122 
0.44783 0.55217 

4 
0.3744 0.6256 
0.69083 0.30917 

20 
0.12374 0.60752 0.02459 0.00581 0.23834 
0.52335 4.5E-4 0.03943 0.04001 0.39676 
0.87166 0.08463 0.00626 0.03347 0.00398 
0.15276 0.09365 0.13179 0.44501 0.17679 
20 
3.1E-4 0.0136 0.1013 0.83619 0.0486 
0.09585 0.01767 0.56802 0.07028 0.24818 
0.00488 0.57464 0.0783 0.3236 0.01858 
0.07618 0.22721 0.3118 0.29765 0.08716 
20 
0.39984 0.51476 0.08236 0.00264 4.0E-4 
0.0252 0.19656 0.08569 0.08736 0.60519 
0.01673 0.00203 0.46044 0.01226 0.50854 
0.06205 0.18538 0.10055 0.36437 0.28765 

20 
0.23384 0.72257 3.0E-5 0.04334 2.2E-4 
0.45625 0.04495 0.00166 0.49678 3.6E-4 
0.27473 0.00492 0.0105 0.00669 0.70316 
0.68456 0.00772 0.14546 0.00693 0.15533 
20 
0.48143 0.07029 0.01186 0.10573 0.33069 
0.0169 0.0772 0.0692 0.76345 0.07325 
0.70791 0.03092 0.08485 0.07588 0.10044 
0.68278 0.04789 0.04876 0.213 0.00757 

20 
0.2879 0.09095 0.01059 0.09672 0.51384 
0.02492 0.02331 4.8E-4 0.32255 0.62874 
0.07021 0.0132 0.02596 0.69301 0.19762 
0.0999 0.0047 0.13046 0.4881 0.27684 
20 
0.04814 0.27106 0.67566 0.00321 0.00193 
0.18915 0.17437 0.11647 0.06565 0.45436 
0.76567 0.06637 0.0232 0.0223 0.12246 
0.15505 0.35019 0.19194 0.05699 0.24583 
20 
0.83558 0.0525 0.02695 0.02795 0.05702 
0.00692 0.70656 0.07554 0.17049 0.04049 
0.87549 0.00406 0.05497 0.03024 0.03524 
0.00124 0.00187 6.7E-4 3.3E-4 0.99589 

20 
0.02541 0.00838 0.01948 0.13193 0.8148 
3.9E-4 0.45622 0.01483 1.4E-4 0.52842 
0.02178 0.00105 0.17008 0.00752 0.79957 
0.00486 0.98196 9.4E-4 0.01188 3.6E-4 
